fips: 8057
T_interval_start: 619
T_interval_end: 650
sigma: 0.9900000000000001
gamma: 0.04
rmse: 50.990187299122084
mae: 36.345074721534324
