fips: 8057
T_interval_start: 742
T_interval_end: 770
sigma: 0.9
gamma: 0.04
rmse: 0.5931505481566891
mae: 0.5714481519492287
