fips: 8057
T_interval_start: 619
T_interval_end: 650
sigma: 0.9900000000000001
gamma: 0.04
rmse: 0.6374768766613265
mae: 0.5493193379724252
