fips: 8057
T_interval_start: 650
T_interval_end: 680
sigma: 0.9500000000000001
gamma: 0.1
rmse: 1.953182767036004
mae: 1.7220879823004216
