fips: 8057
T_interval_start: 619
T_interval_end: 650
sigma: 0.9
gamma: 0.04
rmse: 1.2236907066174108
mae: 0.9740489790691317
