fips: 8057
T_interval_start: 377
T_interval_end: 405
sigma: 0.2
gamma: 0.1
rmse: 0.5859271281926213
mae: 0.5084051367707788
