fips: 8057
T_interval_start: 984
T_interval_end: 1015
sigma: 0.9500000000000001
gamma: 0.1
rmse: 0.1458702714026599
mae: 0.12685515781000267
