fips: 8057
T_interval_start: 315
T_interval_end: 346
sigma: 0.9500000000000001
gamma: 0.1
rmse: 0.5647168548581178
mae: 0.4945658388516454
