fips: 8057
T_interval_start: 770
T_interval_end: 801
sigma: 0.9500000000000001
gamma: 0.05
rmse: 0.44630527860747277
mae: 0.37735212653339406
