fips: 8057
T_interval_start: 405
T_interval_end: 436
sigma: 0.9500000000000001
gamma: 0.05
rmse: 0.18767028250222217
mae: 0.13883351291994947
