fips: 8057
T_interval_start: 193
T_interval_end: 224
sigma: 0.9500000000000001
gamma: 0.15000000000000002
rmse: 0.19176507911793145
mae: 0.14992779615028226
