fips: 8057
T_interval_start: 497
T_interval_end: 527
sigma: 0.9500000000000001
gamma: 0.05
rmse: 0.354059415903528
mae: 0.31035536538841196
