fips: 8057
T_interval_start: 801
T_interval_end: 831
sigma: 0.9500000000000001
gamma: 0.05
rmse: 0.09100096993844478
mae: 0.07620632537261283
