fips: 8057
T_interval_start: 346
T_interval_end: 377
sigma: 0.9500000000000001
gamma: 0.05
rmse: 0.45763710204098884
mae: 0.3239620109028215
