fips: 8057
T_interval_start: 466
T_interval_end: 497
sigma: 0.25
gamma: 0.05
rmse: 0.5277526235114214
mae: 0.42121660172295416
