fips: 8057
T_interval_start: 619
T_interval_end: 650
sigma: 0.9900000000000001
gamma: 0.03
rmse: 0.6898910922353128
mae: 0.6185119999447494
