fips: 8057
T_interval_start: 527
T_interval_end: 558
sigma: 0.9500000000000001
gamma: 0.05
rmse: 0.1382211515287393
mae: 0.10448987330231908
