fips: 8057
T_interval_start: 650
T_interval_end: 680
sigma: 0.9500000000000001
gamma: 0.05
rmse: 0.9428590539065371
mae: 0.7908099697809239
