fips: 8057
T_interval_start: 254
T_interval_end: 285
sigma: 0.3
gamma: 0.1
rmse: 0.05241484868110907
mae: 0.03677946827465339
