fips: 8057
T_interval_start: 558
T_interval_end: 589
sigma: 0.3
gamma: 0.05
rmse: 0.27481662345718877
mae: 0.23809494132026707
