fips: 8057
T_interval_start: 923
T_interval_end: 954
sigma: 0.9500000000000001
gamma: 0.05
rmse: 0.8818009371258241
mae: 0.7153140030825511
