fips: 8109
T_interval_start: 315
T_interval_end: 346
sigma: 0.9000000000000001
gamma: 0.15000000000000002
rmse: 2.0574015087996043
