fips: 8109
T_interval_start: 589
T_interval_end: 619
sigma: 0.9500000000000001
gamma: 0.05
rmse: 28.828225074995004
