fips: 8109
T_interval_start: 801
T_interval_end: 831
sigma: 0.9000000000000001
gamma: 0.05
rmse: 4.360565019027046
