fips: 8109
T_interval_start: 619
T_interval_end: 650
sigma: 0.8500000000000001
gamma: 0.05
rmse: 4.0539533188568315
