fips: 8109
T_interval_start: 954
T_interval_end: 984
sigma: 0.9500000000000001
gamma: 0.05
rmse: 2.5407894307659205
