fips: 8109
T_interval_start: 923
T_interval_end: 954
sigma: 0.7500000000000001
gamma: 0.1
rmse: 1.782321352648912
