fips: 8109
T_interval_start: 680
T_interval_end: 711
sigma: 0.8500000000000001
gamma: 0.05
rmse: 1.7855131598014666
