fips: 8109
T_interval_start: 132
T_interval_end: 162
sigma: 0.9500000000000001
gamma: 0.15000000000000002
rmse: 11.61463189474632
