fips: 8109
T_interval_start: 377
T_interval_end: 405
sigma: 0.9900000000000001
gamma: 0.04
rmse: 68.17969991240761
mae: 68.1571385190579
