fips: 8109
T_interval_start: 619
T_interval_end: 650
sigma: 0.9900000000000001
gamma: 0.04
rmse: 205.59565195982287
mae: 205.29425024841277
