fips: 8109
T_interval_start: 527
T_interval_end: 558
sigma: 0.9900000000000001
gamma: 0.04
rmse: 113.47732930028594
mae: 112.66584881492763
