fips: 8109
T_interval_start: 497
T_interval_end: 527
sigma: 0.9900000000000001
gamma: 0.04
rmse: 112.4929307596283
mae: 112.04043120238917
