fips: 8109
T_interval_start: 770
T_interval_end: 801
sigma: 0.9900000000000001
gamma: 0.04
rmse: 5.201243946758669
mae: 4.813433753904342
