fips: 8109
T_interval_start: 1015
T_interval_end: 1045
sigma: 0.9
gamma: 0.03
rmse: 3.402028617549218
mae: 3.056919574965892
