fips: 8109
T_interval_start: 405
T_interval_end: 436
sigma: 0.9900000000000001
gamma: 0.04
rmse: 78.6100877385528
mae: 78.5941022510247
