fips: 8109
T_interval_start: 132
T_interval_end: 162
sigma: 0.9900000000000001
gamma: 0.04
rmse: 18.01945751439641
mae: 14.97981717262261
