fips: 8109
T_interval_start: 315
T_interval_end: 346
sigma: 0.9900000000000001
gamma: 0.04
rmse: 84.23709478242691
mae: 82.32520698197528
