fips: 8109
T_interval_start: 254
T_interval_end: 285
sigma: 0.9
gamma: 0.04
rmse: 49.5094182031154
mae: 49.423753454296616
