fips: 8109
T_interval_start: 1045
T_interval_end: 1076
sigma: 0.9900000000000001
gamma: 0.03
rmse: 0.37764630076739486
mae: 0.3612660168714559
