fips: 8109
T_interval_start: 801
T_interval_end: 831
sigma: 0.9900000000000001
gamma: 0.04
rmse: 1.2675290372784682
mae: 1.0082520220085185
