fips: 8109
T_interval_start: 954
T_interval_end: 984
sigma: 0.9900000000000001
gamma: 0.03
rmse: 3.7339188029894563
mae: 3.7052571746552965
