fips: 8109
T_interval_start: 923
T_interval_end: 954
sigma: 0.9900000000000001
gamma: 0.03
rmse: 7.589714717017875
mae: 7.069130149188434
