fips: 8109
T_interval_start: 101
T_interval_end: 132
sigma: 0.9900000000000001
gamma: 0.01
rmse: 1.2711020076203758
mae: 1.2135091434611507
