fips: 8109
T_interval_start: 285
T_interval_end: 315
sigma: 0.9
gamma: 0.04
rmse: 109.39993591392339
mae: 106.45632802552733
