fips: 8109
T_interval_start: 862
T_interval_end: 892
sigma: 0.9
gamma: 0.04
rmse: 18.94538093688849
mae: 16.30624845260098
