fips: 8109
T_interval_start: 680
T_interval_end: 711
sigma: 0.9900000000000001
gamma: 0.04
rmse: 62.661774510813956
mae: 60.43358685329252
