fips: 8109
T_interval_start: 346
T_interval_end: 377
sigma: 0.9900000000000001
gamma: 0.04
rmse: 61.4913051372512
mae: 60.79578637126107
