fips: 8109
T_interval_start: 742
T_interval_end: 770
sigma: 0.9
gamma: 0.04
rmse: 5.437465435956797
mae: 5.127857620415289
