fips: 8109
T_interval_start: 650
T_interval_end: 680
sigma: 0.9900000000000001
gamma: 0.04
rmse: 49.0293175434335
mae: 48.4861516304203
