fips: 8109
T_interval_start: 315
T_interval_end: 346
sigma: 0.9900000000000001
gamma: 0.04
rmse: 70.68669594703589
mae: 70.03199410655843
