fips: 8109
T_interval_start: 923
T_interval_end: 954
sigma: 0.9
gamma: 0.04
rmse: 15.71002881431502
mae: 15.325981046105394
