fips: 8109
T_interval_start: 101
T_interval_end: 132
sigma: 0.9900000000000001
gamma: 0.01
rmse: 3.888208463569104
mae: 2.8248173231004916
