fips: 8109
T_interval_start: 285
T_interval_end: 315
sigma: 0.9
gamma: 0.04
rmse: 62.95244832754425
mae: 60.17166199316966
