fips: 8109
T_interval_start: 254
T_interval_end: 285
sigma: 0.9
gamma: 0.04
rmse: 24.338843972213734
mae: 24.29312785855695
