fips: 8109
T_interval_start: 466
T_interval_end: 497
sigma: 0.9900000000000001
gamma: 0.04
rmse: 57.92140802243725
mae: 57.80328070506826
