fips: 8109
T_interval_start: 742
T_interval_end: 770
sigma: 0.9
gamma: 0.04
rmse: 10.872065662556231
mae: 10.289655976902242
