fips: 8109
T_interval_start: 589
T_interval_end: 619
sigma: 0.9900000000000001
gamma: 0.04
rmse: 52.584817197249095
mae: 52.193464328429215
