fips: 8109
T_interval_start: 954
T_interval_end: 984
sigma: 0.9
gamma: 0.04
rmse: 11.894627336855734
mae: 11.831369144284983
