fips: 8109
T_interval_start: 619
T_interval_end: 650
sigma: 0.9900000000000001
gamma: 0.04
rmse: 71.62046984048946
mae: 71.54621678630396
