fips: 8109
T_interval_start: 862
T_interval_end: 892
sigma: 0.9
gamma: 0.04
rmse: 14.494749614928873
mae: 12.037437440723897
