fips: 8109
T_interval_start: 770
T_interval_end: 801
sigma: 0.9800000000000001
gamma: 0.04
rmse: 4.082787189890659
mae: 3.4351690326369604
