fips: 8109
T_interval_start: 405
T_interval_end: 436
sigma: 0.9900000000000001
gamma: 0.04
rmse: 50.71687763027973
mae: 50.69151437083196
