fips: 8109
T_interval_start: 801
T_interval_end: 831
sigma: 0.9900000000000001
gamma: 0.04
rmse: 1.7459928976250725
mae: 1.4448968566458538
