fips: 8109
T_interval_start: 892
T_interval_end: 923
sigma: 0.9
gamma: 0.04
rmse: 27.47220491194467
mae: 27.23667963501909
