fips: 8109
T_interval_start: 680
T_interval_end: 711
sigma: 0.9900000000000001
gamma: 0.04
rmse: 27.640953810431505
mae: 26.937569286508214
