fips: 8109
T_interval_start: 346
T_interval_end: 377
sigma: 0.9900000000000001
gamma: 0.04
rmse: 50.283179695169224
mae: 50.052640208878366
