fips: 8109
T_interval_start: 162
T_interval_end: 193
sigma: 0.15000000000000002
gamma: 0.1
rmse: 2.14482868441175
mae: 1.9314168272473784
