fips: 8109
T_interval_start: 193
T_interval_end: 224
sigma: 0.3
gamma: 0.05
rmse: 1.1781368193430044
mae: 0.915546946950168
