fips: 8109
T_interval_start: 132
T_interval_end: 162
sigma: 0.9900000000000001
gamma: 0.04
rmse: 11.832679661051746
mae: 8.74005820910308
