fips: 8109
T_interval_start: 711
T_interval_end: 742
sigma: 0.9900000000000001
gamma: 0.04
rmse: 13.022470291850558
mae: 11.869598330701807
