fips: 8109
T_interval_start: 162
T_interval_end: 193
sigma: 0.05
gamma: 0.5
rmse: 0.5276335429562405
mae: 0.4691682848542099
