fips: 8109
T_interval_start: 405
T_interval_end: 436
sigma: 0.9900000000000001
gamma: 0.04
rmse: 55.51943369763536
mae: 55.490037653524006
