fips: 8109
T_interval_start: 285
T_interval_end: 315
sigma: 0.9
gamma: 0.04
rmse: 81.86895370679295
mae: 79.98879087059385
