fips: 8109
T_interval_start: 1045
T_interval_end: 1076
sigma: 0.9900000000000001
gamma: 0.03
rmse: 8.27219757488731
mae: 8.27216706412583
