fips: 8109
T_interval_start: 346
T_interval_end: 377
sigma: 0.9900000000000001
gamma: 0.04
rmse: 49.58564915953322
mae: 49.18723319316753
