fips: 8109
T_interval_start: 650
T_interval_end: 680
sigma: 0.9900000000000001
gamma: 0.04
rmse: 62.20204565459163
mae: 61.46450901625084
