fips: 8109
T_interval_start: 770
T_interval_end: 801
sigma: 0.93
gamma: 0.04
rmse: 4.066960430289893
mae: 3.3756545033821337
