fips: 8109
T_interval_start: 954
T_interval_end: 984
sigma: 0.9
gamma: 0.04
rmse: 12.66256433207559
mae: 12.610363609671325
