fips: 8109
T_interval_start: 589
T_interval_end: 619
sigma: 0.9900000000000001
gamma: 0.04
rmse: 77.09911581360359
mae: 75.62694990311469
