fips: 8109
T_interval_start: 1015
T_interval_end: 1045
sigma: 0.9900000000000001
gamma: 0.03
rmse: 8.631763757544537
mae: 8.378405348909569
