fips: 8109
T_interval_start: 527
T_interval_end: 558
sigma: 0.9900000000000001
gamma: 0.04
rmse: 62.981281304183476
mae: 62.471050457721475
