fips: 8109
T_interval_start: 315
T_interval_end: 346
sigma: 0.9900000000000001
gamma: 0.04
rmse: 63.938402277742554
mae: 62.907370919080606
