fips: 8109
T_interval_start: 193
T_interval_end: 224
sigma: 0.9500000000000001
gamma: 0.05
rmse: 0.21056724748888156
mae: 0.14993222114781057
