fips: 8109
T_interval_start: 436
T_interval_end: 466
sigma: 0.9900000000000001
gamma: 0.04
rmse: 54.23641655146563
mae: 54.12095535734608
