fips: 8109
T_interval_start: 101
T_interval_end: 132
sigma: 0.9900000000000001
gamma: 0.01
rmse: 1.2699988602349026
mae: 1.099807342749142
