fips: 8109
T_interval_start: 923
T_interval_end: 954
sigma: 0.9
gamma: 0.04
rmse: 16.992411313885395
mae: 16.595106884983892
