fips: 8109
T_interval_start: 71
T_interval_end: 101
sigma: 0.9500000000000001
gamma: 0.1
rmse: 0.20761586761812045
mae: 0.15703475266999042
