fips: 8109
T_interval_start: 862
T_interval_end: 892
sigma: 0.9
gamma: 0.04
rmse: 15.553633520380247
mae: 13.290943128107026
