fips: 8109
T_interval_start: 680
T_interval_end: 711
sigma: 0.9900000000000001
gamma: 0.04
rmse: 32.550116142513225
mae: 31.57095438461237
