fips: 8109
T_interval_start: 742
T_interval_end: 770
sigma: 0.9
gamma: 0.04
rmse: 15.241358297806931
mae: 14.924222903815911
