fips: 8033
T_interval_start: 619
T_interval_end: 650
sigma: 0.9
gamma: 0.01
rmse: 48.45949415812013
mae: 47.62073732717394
