fips: 8033
T_interval_start: 466
T_interval_end: 497
sigma: 0.9
gamma: 0.04
rmse: 13.900117418533242
mae: 13.28847549744048
