fips: 8033
T_interval_start: 742
T_interval_end: 770
sigma: 0.9
gamma: 0.01
rmse: 36.07809273659301
mae: 35.42857142857143
