fips: 8033
T_interval_start: 315
T_interval_end: 346
sigma: 0.9
gamma: 0.04
rmse: 5.963253369573875
mae: 5.112926658946391
