fips: 8033
T_interval_start: 650
T_interval_end: 680
sigma: 0.9
gamma: 0.01
rmse: 26.446952423994087
mae: 26.338095238095235
