fips: 8033
T_interval_start: 589
T_interval_end: 619
sigma: 0.9
gamma: 0.04
rmse: 18.68720730235347
mae: 18.664151175339093
