fips: 8033
T_interval_start: 711
T_interval_end: 742
sigma: 0.9900000000000001
gamma: 0.04
rmse: 37.87439544023357
mae: 37.602076255493614
