fips: 8033
T_interval_start: 497
T_interval_end: 527
sigma: 0.9900000000000001
gamma: 0.04
rmse: 19.493824202862147
mae: 19.485157279288195
