fips: 8033
T_interval_start: 742
T_interval_end: 770
sigma: 0.9900000000000001
gamma: 0.04
rmse: 42.69136340225941
mae: 42.660319990052066
