fips: 8033
T_interval_start: 650
T_interval_end: 680
sigma: 0.9900000000000001
gamma: 0.04
rmse: 31.830086170975225
mae: 31.825716951869282
