fips: 8033
T_interval_start: 466
T_interval_end: 497
sigma: 0.9900000000000001
gamma: 0.01
rmse: 29.546608311140957
mae: 29.437558321844257
