fips: 8033
T_interval_start: 315
T_interval_end: 346
sigma: 0.9900000000000001
gamma: 0.04
rmse: 105.51318751659879
mae: 53.178013790059765
