fips: 8033
T_interval_start: 711
T_interval_end: 742
sigma: 0.9
gamma: 0.01
rmse: 29.45878328336803
mae: 28.86530612244899
