fips: 8033
T_interval_start: 346
T_interval_end: 377
sigma: 0.05
gamma: 0.1
rmse: 2.2458566250157306
mae: 1.8830507090053104
