fips: 8033
T_interval_start: 405
T_interval_end: 436
sigma: 0.05
gamma: 0.1
rmse: 1.7870435504831637
mae: 1.6535971909631357
