fips: 8033
T_interval_start: 619
T_interval_end: 650
sigma: 0.9900000000000001
gamma: 0.04
rmse: 2.8219311163446466
mae: 2.171544365154349
