fips: 8033
T_interval_start: 650
T_interval_end: 680
sigma: 0.9900000000000001
gamma: 0.04
rmse: 11.312404827337854
mae: 11.247194879612508
