fips: 8033
T_interval_start: 315
T_interval_end: 346
sigma: 0.9
gamma: 0.04
rmse: 2.2508790301482544
mae: 1.8266741334533638
