fips: 8033
T_interval_start: 466
T_interval_end: 497
sigma: 0.9
gamma: 0.04
rmse: 2.544560522893162
mae: 2.4570775396429436
