fips: 8033
T_interval_start: 742
T_interval_end: 770
sigma: 0.9900000000000001
gamma: 0.04
rmse: 23.197410694731964
mae: 23.186154188151658
