fips: 8033
T_interval_start: 377
T_interval_end: 405
sigma: 0.05
gamma: 0.05
rmse: 0.9407710327192457
mae: 0.7326120680794778
