fips: 8033
T_interval_start: 497
T_interval_end: 527
sigma: 0.9900000000000001
gamma: 0.04
rmse: 4.674151883404144
mae: 4.501449423734028
