fips: 8033
T_interval_start: 527
T_interval_end: 558
sigma: 0.1
gamma: 0.1
rmse: 1.2150774282503713
mae: 0.9474295081511653
