fips: 8033
T_interval_start: 650
T_interval_end: 680
sigma: 0.9900000000000001
gamma: 0.04
rmse: 15.663076601563064
mae: 15.628997121416575
