fips: 8033
T_interval_start: 619
T_interval_end: 650
sigma: 0.9900000000000001
gamma: 0.04
rmse: 9.136992131076997
mae: 8.999595517277795
