fips: 8033
T_interval_start: 742
T_interval_end: 770
sigma: 0.9900000000000001
gamma: 0.04
rmse: 25.468377010773562
mae: 25.460149091834904
