fips: 8033
T_interval_start: 589
T_interval_end: 619
sigma: 0.9
gamma: 0.04
rmse: 5.696852290233221
mae: 5.6954759326277795
