fips: 8033
T_interval_start: 466
T_interval_end: 497
sigma: 0.9
gamma: 0.04
rmse: 4.672348767292052
mae: 4.569540689082111
