fips: 8019
T_interval_start: 742
T_interval_end: 770
sigma: 0.9500000000000001
gamma: 0.15000000000000002
rmse: 12.212053515794585
