fips: 8019
T_interval_start: 984
T_interval_end: 1015
sigma: 0.8500000000000001
gamma: 0.05
rmse: 0.5045912023033112
