fips: 8019
T_interval_start: 436
T_interval_end: 466
sigma: 0.9500000000000001
gamma: 0.05
rmse: 1.1988376764707163
