fips: 8019
T_interval_start: 619
T_interval_end: 650
sigma: 0.9000000000000001
gamma: 0.05
rmse: 4.210089306770501
