fips: 8019
T_interval_start: 892
T_interval_end: 923
sigma: 0.9000000000000001
gamma: 0.05
rmse: 3.9875131672301607
