fips: 8019
T_interval_start: 1045
T_interval_end: 1076
sigma: 0.9000000000000001
gamma: 0.05
rmse: 0.6100711218968029
