fips: 8019
T_interval_start: 711
T_interval_end: 742
sigma: 0.9000000000000001
gamma: 0.05
rmse: 35.0153113077619
