fips: 8019
T_interval_start: 285
T_interval_end: 315
sigma: 0.7500000000000001
gamma: 0.05
rmse: 4.300503235717221
