fips: 8019
T_interval_start: 862
T_interval_end: 892
sigma: 0.9500000000000001
gamma: 0.1
rmse: 4.4848292412896855
