fips: 8019
T_interval_start: 650
T_interval_end: 680
sigma: 0.9900000000000001
gamma: 0.04
rmse: 21.597271217944073
mae: 21.31344314800932
