fips: 8019
T_interval_start: 497
T_interval_end: 527
sigma: 0.9900000000000001
gamma: 0.04
rmse: 19.07737422595882
mae: 19.076309176023763
