fips: 8019
T_interval_start: 1015
T_interval_end: 1045
sigma: 0.9900000000000001
gamma: 0.04
rmse: 8.081222042093803
mae: 8.023715003384522
