fips: 8019
T_interval_start: 770
T_interval_end: 801
sigma: 0.9900000000000001
gamma: 0.04
rmse: 60.263542419827196
mae: 59.935407868283214
