fips: 8019
T_interval_start: 742
T_interval_end: 770
sigma: 0.9900000000000001
gamma: 0.04
rmse: 57.7986381387795
mae: 52.02052404316148
