fips: 8019
T_interval_start: 254
T_interval_end: 285
sigma: 0.9
gamma: 0.04
rmse: 3.2228555867561512
mae: 2.7916395159772276
