fips: 8019
T_interval_start: 377
T_interval_end: 405
sigma: 0.9900000000000001
gamma: 0.04
rmse: 14.545443234729051
mae: 14.537794036306785
