fips: 8019
T_interval_start: 466
T_interval_end: 497
sigma: 0.9900000000000001
gamma: 0.04
rmse: 18.784627095244357
mae: 18.754926245343427
