fips: 8019
T_interval_start: 619
T_interval_end: 650
sigma: 0.9900000000000001
gamma: 0.04
rmse: 36.241770554846134
mae: 35.787311368030814
