fips: 8019
T_interval_start: 558
T_interval_end: 589
sigma: 0.91
gamma: 0.04
rmse: 24.1517890761274
mae: 23.91494993146115
