fips: 8019
T_interval_start: 862
T_interval_end: 892
sigma: 0.9900000000000001
gamma: 0.04
rmse: 47.309078444062536
mae: 47.05806408737164
