fips: 8019
T_interval_start: 315
T_interval_end: 346
sigma: 0.9
gamma: 0.04
rmse: 5.229394005301125
mae: 4.955472739551387
