fips: 8019
T_interval_start: 801
T_interval_end: 831
sigma: 0.9900000000000001
gamma: 0.04
rmse: 66.18904263235301
mae: 66.01692968146665
