fips: 8019
T_interval_start: 346
T_interval_end: 377
sigma: 0.9900000000000001
gamma: 0.04
rmse: 4.773487945045112
mae: 3.4899220281460663
