fips: 8019
T_interval_start: 1045
T_interval_end: 1076
sigma: 0.9900000000000001
gamma: 0.04
rmse: 9.459012203832838
mae: 9.445098831021717
