fips: 8019
T_interval_start: 711
T_interval_end: 742
sigma: 0.9
gamma: 0.04
rmse: 37.330924391011756
mae: 31.23520620459177
