fips: 8019
T_interval_start: 405
T_interval_end: 436
sigma: 0.9
gamma: 0.04
rmse: 16.35791933526954
mae: 16.254987184364364
