fips: 8019
T_interval_start: 954
T_interval_end: 984
sigma: 0.9900000000000001
gamma: 0.04
rmse: 8.618674464654417
mae: 8.59626466998564
