fips: 8019
T_interval_start: 589
T_interval_end: 619
sigma: 0.9900000000000001
gamma: 0.04
rmse: 47.05732923254639
mae: 45.92955342066479
