fips: 8019
T_interval_start: 285
T_interval_end: 315
sigma: 0.9
gamma: 0.04
rmse: 2.013721187923801
mae: 1.8601605834861572
