fips: 8019
T_interval_start: 680
T_interval_end: 711
sigma: 0.9900000000000001
gamma: 0.04
rmse: 18.425672605384197
mae: 17.501359399275334
