fips: 8019
T_interval_start: 770
T_interval_end: 801
sigma: 0.9900000000000001
gamma: 0.04
rmse: 49.91380322849331
mae: 49.66428501408101
