fips: 8019
T_interval_start: 892
T_interval_end: 923
sigma: 0.9900000000000001
gamma: 0.04
rmse: 19.307999435050455
mae: 18.442691238618515
