fips: 8019
T_interval_start: 254
T_interval_end: 285
sigma: 0.9
gamma: 0.04
rmse: 2.4977072760697068
mae: 2.3531358278289662
