fips: 8019
T_interval_start: 831
T_interval_end: 862
sigma: 0.9900000000000001
gamma: 0.04
rmse: 32.57934199501462
mae: 32.44979133245632
