fips: 8019
T_interval_start: 436
T_interval_end: 466
sigma: 0.9500000000000001
gamma: 0.04
rmse: 23.86299246142858
mae: 23.822359600509632
