fips: 8019
T_interval_start: 862
T_interval_end: 892
sigma: 0.9900000000000001
gamma: 0.04
rmse: 31.85097522448526
mae: 31.743973747760872
