fips: 8019
T_interval_start: 405
T_interval_end: 436
sigma: 0.9
gamma: 0.04
rmse: 20.017858108712154
mae: 19.99154051312483
