fips: 8019
T_interval_start: 650
T_interval_end: 680
sigma: 0.9900000000000001
gamma: 0.04
rmse: 17.70307670221452
mae: 17.511034470196627
