fips: 8019
T_interval_start: 711
T_interval_end: 742
sigma: 0.9
gamma: 0.04
rmse: 60.62946052503797
mae: 50.08695550473831
