fips: 8019
T_interval_start: 527
T_interval_end: 558
sigma: 0.05
gamma: 0.05
rmse: 6.4289401244584345
mae: 4.34036798943504
