fips: 8019
T_interval_start: 558
T_interval_end: 589
sigma: 0.9
gamma: 0.04
rmse: 22.11923156740346
mae: 21.707182649106162
