fips: 8019
T_interval_start: 984
T_interval_end: 1015
sigma: 0.05
gamma: 0.05
rmse: 1.0180688763354409
mae: 0.8107223161125466
