fips: 8019
T_interval_start: 285
T_interval_end: 315
sigma: 0.9
gamma: 0.04
rmse: 11.150531695206436
mae: 9.353979510951715
