fips: 8019
T_interval_start: 315
T_interval_end: 346
sigma: 0.9
gamma: 0.04
rmse: 22.380516198784687
mae: 22.258580207681387
