fips: 8019
T_interval_start: 923
T_interval_end: 954
sigma: 0.9900000000000001
gamma: 0.04
rmse: 9.644978800805283
mae: 9.621359671511877
