fips: 8019
T_interval_start: 680
T_interval_end: 711
sigma: 0.9900000000000001
gamma: 0.04
rmse: 10.89855736472503
mae: 10.52852897588078
