fips: 8019
T_interval_start: 377
T_interval_end: 405
sigma: 0.9900000000000001
gamma: 0.04
rmse: 10.366042053691134
mae: 10.332075409719547
