fips: 8019
T_interval_start: 193
T_interval_end: 224
sigma: 0.9500000000000001
gamma: 0.1
rmse: 0.17670879022103964
mae: 0.15278826491197026
