fips: 8019
T_interval_start: 466
T_interval_end: 497
sigma: 0.9900000000000001
gamma: 0.04
rmse: 10.44552759298332
mae: 10.42314543550711
