fips: 8019
T_interval_start: 162
T_interval_end: 193
sigma: 0.9500000000000001
gamma: 0.2
rmse: 0.15147143573975952
mae: 0.12492513394779359
