fips: 8019
T_interval_start: 285
T_interval_end: 315
sigma: 0.9900000000000001
gamma: 0.03
rmse: 1.2997547126962714
mae: 1.0173717913267513
