fips: 8019
T_interval_start: 831
T_interval_end: 862
sigma: 0.9900000000000001
gamma: 0.04
rmse: 35.40668671844862
mae: 35.30165451667289
