fips: 8019
T_interval_start: 436
T_interval_end: 466
sigma: 0.9700000000000001
gamma: 0.04
rmse: 14.189866777952687
mae: 14.167402739643624
