fips: 8019
T_interval_start: 770
T_interval_end: 801
sigma: 0.9900000000000001
gamma: 0.04
rmse: 47.22315981585806
mae: 47.00619560137287
