fips: 8019
T_interval_start: 650
T_interval_end: 680
sigma: 0.9900000000000001
gamma: 0.04
rmse: 3.8084936264313423
mae: 2.9510807511976793
