fips: 8019
T_interval_start: 680
T_interval_end: 711
sigma: 0.9900000000000001
gamma: 0.04
rmse: 2.422777438024205
mae: 1.9274600394465824
