fips: 8019
T_interval_start: 254
T_interval_end: 285
sigma: 0.9
gamma: 0.04
rmse: 0.42766782003646314
mae: 0.34681635915834746
