fips: 8019
T_interval_start: 1045
T_interval_end: 1076
sigma: 0.9900000000000001
gamma: 0.04
rmse: 4.202511117541321
mae: 4.1735796813560695
