fips: 8019
T_interval_start: 405
T_interval_end: 436
sigma: 0.9
gamma: 0.04
rmse: 11.99577253582845
mae: 11.955409483419066
