fips: 8019
T_interval_start: 558
T_interval_end: 589
sigma: 0.9
gamma: 0.04
rmse: 10.884771699738014
mae: 10.803768169434198
