fips: 8019
T_interval_start: 589
T_interval_end: 619
sigma: 0.9900000000000001
gamma: 0.04
rmse: 16.904704696507174
mae: 16.63982325359296
