fips: 8019
T_interval_start: 619
T_interval_end: 650
sigma: 0.9900000000000001
gamma: 0.04
rmse: 11.728093848688083
mae: 11.337018444457907
