fips: 8019
T_interval_start: 346
T_interval_end: 377
sigma: 0.9900000000000001
gamma: 0.04
rmse: 2.9252131354380317
mae: 2.4718719211641225
