fips: 8019
T_interval_start: 801
T_interval_end: 831
sigma: 0.9900000000000001
gamma: 0.04
rmse: 50.76709983321119
mae: 50.56147671038068
