fips: 8019
T_interval_start: 132
T_interval_end: 162
sigma: 0.9500000000000001
gamma: 0.1
rmse: 0.11147688677183408
mae: 0.09096529099775133
