fips: 8103
T_interval_start: 346
T_interval_end: 377
sigma: 0.9500000000000001
gamma: 0.05
rmse: 19.067693615478564
