fips: 8103
T_interval_start: 862
T_interval_end: 892
sigma: 0.9500000000000001
gamma: 0.1
rmse: 3.4026920099872293
