fips: 8103
T_interval_start: 954
T_interval_end: 984
sigma: 0.9000000000000001
gamma: 0.05
rmse: 4.487414129274915
