fips: 8103
T_interval_start: 742
T_interval_end: 770
sigma: 0.9000000000000001
gamma: 0.05
rmse: 42.82043758385114
