fips: 8103
T_interval_start: 650
T_interval_end: 680
sigma: 0.9000000000000001
gamma: 0.05
rmse: 7.698652939788636
