fips: 8103
T_interval_start: 589
T_interval_end: 619
sigma: 0.9000000000000001
gamma: 0.05
rmse: 6.066570813457588
