fips: 8103
T_interval_start: 377
T_interval_end: 405
sigma: 0.9900000000000001
gamma: 0.04
rmse: 39.06980035465345
mae: 38.74239087158587
