fips: 8103
T_interval_start: 892
T_interval_end: 923
sigma: 0.9
gamma: 0.04
rmse: 29.27437501428678
mae: 26.337817120052087
