fips: 8103
T_interval_start: 315
T_interval_end: 346
sigma: 0.9
gamma: 0.04
rmse: 16.643929507177848
mae: 15.904878036272647
