fips: 8103
T_interval_start: 954
T_interval_end: 984
sigma: 0.9900000000000001
gamma: 0.03
rmse: 13.674357184345169
mae: 11.996736727806411
