fips: 8103
T_interval_start: 346
T_interval_end: 377
sigma: 0.9
gamma: 0.04
rmse: 21.025984864999344
mae: 20.639232514612555
