fips: 8103
T_interval_start: 436
T_interval_end: 466
sigma: 0.9900000000000001
gamma: 0.04
rmse: 17.106528626472482
mae: 16.90991050669467
