fips: 8103
T_interval_start: 1045
T_interval_end: 1076
sigma: 0.9900000000000001
gamma: 0.03
rmse: 13.222670845907148
mae: 11.649448833179486
