fips: 8103
T_interval_start: 650
T_interval_end: 680
sigma: 0.9
gamma: 0.04
rmse: 49.1207124816933
mae: 48.52005625729318
