fips: 8103
T_interval_start: 711
T_interval_end: 742
sigma: 0.9900000000000001
gamma: 0.03
rmse: 17.157643294266613
mae: 15.40404649679066
