fips: 8103
T_interval_start: 527
T_interval_end: 558
sigma: 0.9900000000000001
gamma: 0.04
rmse: 19.049592856337103
mae: 18.940364221351434
