fips: 8103
T_interval_start: 770
T_interval_end: 801
sigma: 0.9900000000000001
gamma: 0.03
rmse: 41.37762936412499
mae: 36.84035008932716
