fips: 8103
T_interval_start: 619
T_interval_end: 650
sigma: 0.9
gamma: 0.04
rmse: 20.30948208929634
mae: 14.67127679394786
