fips: 8103
T_interval_start: 497
T_interval_end: 527
sigma: 0.9900000000000001
gamma: 0.04
rmse: 12.291840736368316
mae: 12.268812132037088
