fips: 8103
T_interval_start: 589
T_interval_end: 619
sigma: 0.9900000000000001
gamma: 0.04
rmse: 3.9926440906559573
mae: 3.191364384526905
