fips: 8103
T_interval_start: 405
T_interval_end: 436
sigma: 0.9900000000000001
gamma: 0.04
rmse: 25.515385259653392
mae: 25.196738101505392
