fips: 8103
T_interval_start: 558
T_interval_end: 589
sigma: 0.9900000000000001
gamma: 0.04
rmse: 13.570633574062956
mae: 13.036908013361952
