fips: 8103
T_interval_start: 1015
T_interval_end: 1045
sigma: 0.9900000000000001
gamma: 0.03
rmse: 6.750303284329844
mae: 5.706782310380743
