fips: 8103
T_interval_start: 862
T_interval_end: 892
sigma: 0.9
gamma: 0.04
rmse: 24.39516690298331
mae: 24.237365385016176
