fips: 8103
T_interval_start: 377
T_interval_end: 405
sigma: 0.9
gamma: 0.04
rmse: 6.194101146573788
mae: 4.829998083688738
