fips: 8103
T_interval_start: 954
T_interval_end: 984
sigma: 0.9900000000000001
gamma: 0.03
rmse: 4.411715481684442
mae: 3.981708287339752
