fips: 8103
T_interval_start: 770
T_interval_end: 801
sigma: 0.9
gamma: 0.03
rmse: 47.148607065601766
mae: 40.66343496642393
