fips: 8103
T_interval_start: 619
T_interval_end: 650
sigma: 0.9900000000000001
gamma: 0.03
rmse: 12.940826190036738
mae: 11.822041254233726
