fips: 8103
T_interval_start: 527
T_interval_end: 558
sigma: 0.9900000000000001
gamma: 0.03
rmse: 10.13518789074115
mae: 10.084300346865371
