fips: 8103
T_interval_start: 711
T_interval_end: 742
sigma: 0.9
gamma: 0.03
rmse: 6.472771259576564
mae: 5.1993407300091
