fips: 8103
T_interval_start: 285
T_interval_end: 315
sigma: 0.9600000000000001
gamma: 0.01
rmse: 0.963506142753659
mae: 0.7784656317236858
