fips: 8103
T_interval_start: 650
T_interval_end: 680
sigma: 0.9
gamma: 0.03
rmse: 10.38798086934953
mae: 9.322905408851746
