fips: 8103
T_interval_start: 497
T_interval_end: 527
sigma: 0.9
gamma: 0.04
rmse: 3.4820575545773504
mae: 3.343356414179626
