fips: 8103
T_interval_start: 831
T_interval_end: 862
sigma: 0.9
gamma: 0.04
rmse: 11.448734913264019
mae: 10.501387464238224
