fips: 8103
T_interval_start: 1015
T_interval_end: 1045
sigma: 0.9
gamma: 0.03
rmse: 9.118922737542864
mae: 7.51189174913584
