fips: 8103
T_interval_start: 466
T_interval_end: 497
sigma: 0.9
gamma: 0.04
rmse: 1.8645430495584039
mae: 1.7583383607251044
