fips: 8103
T_interval_start: 1076
T_interval_end: 1107
sigma: 0.9900000000000001
gamma: 0.03
rmse: 2.590661925397489
mae: 2.552269481162499
