fips: 8103
T_interval_start: 589
T_interval_end: 619
sigma: 0.9900000000000001
gamma: 0.03
rmse: 15.035189223337365
mae: 14.97820560703756
