fips: 8103
T_interval_start: 1107
T_interval_end: 1135
sigma: 0.9900000000000001
gamma: 0.03
rmse: 0.6884492329058337
mae: 0.515897194159153
