fips: 8103
T_interval_start: 346
T_interval_end: 377
sigma: 0.9900000000000001
gamma: 0.04
rmse: 9.945833022908408
mae: 9.126173177499284
