fips: 8103
T_interval_start: 558
T_interval_end: 589
sigma: 0.9
gamma: 0.04
rmse: 9.03743609473592
mae: 8.516794567980805
