fips: 8103
T_interval_start: 801
T_interval_end: 831
sigma: 0.2
gamma: 0.05
rmse: 1.6783551873894458
mae: 1.3682226414784355
