fips: 8103
T_interval_start: 923
T_interval_end: 954
sigma: 0.9900000000000001
gamma: 0.03
rmse: 18.16143498754362
mae: 18.10001769393927
