fips: 8103
T_interval_start: 742
T_interval_end: 770
sigma: 0.9
gamma: 0.03
rmse: 38.951286117880414
mae: 35.55245348254128
