fips: 8103
T_interval_start: 527
T_interval_end: 558
sigma: 0.9900000000000001
gamma: 0.04
rmse: 2.9517894832868614
mae: 2.7053916222933023
