fips: 8103
T_interval_start: 831
T_interval_end: 862
sigma: 0.9
gamma: 0.04
rmse: 5.4893089411894405
mae: 4.626828950562203
