fips: 8103
T_interval_start: 466
T_interval_end: 497
sigma: 0.9900000000000001
gamma: 0.04
rmse: 6.616014683508372
mae: 6.603228346451583
