fips: 8103
T_interval_start: 315
T_interval_end: 346
sigma: 0.9
gamma: 0.04
rmse: 7.151642102875288
mae: 6.974770835810943
