fips: 8103
T_interval_start: 285
T_interval_end: 315
sigma: 0.9
gamma: 0.04
rmse: 0.8481627041790726
mae: 0.6234828077081034
