fips: 8103
T_interval_start: 497
T_interval_end: 527
sigma: 0.9900000000000001
gamma: 0.04
rmse: 4.976428846597399
mae: 4.97315077790454
