fips: 8103
T_interval_start: 589
T_interval_end: 619
sigma: 0.9
gamma: 0.04
rmse: 13.143365026882716
mae: 11.642481328932616
