fips: 8103
T_interval_start: 346
T_interval_end: 377
sigma: 0.9
gamma: 0.04
rmse: 14.490052294299248
mae: 14.275678095007544
