fips: 8103
T_interval_start: 680
T_interval_end: 711
sigma: 0.9900000000000001
gamma: 0.03
rmse: 17.849129290750035
mae: 17.467500499816534
