fips: 8103
T_interval_start: 132
T_interval_end: 162
sigma: 0.9500000000000001
gamma: 0.05
rmse: 0.09817599141308171
mae: 0.0711813285924276
