fips: 8103
T_interval_start: 1015
T_interval_end: 1045
sigma: 0.9900000000000001
gamma: 0.03
rmse: 8.115619934761106
mae: 6.393679730625547
