fips: 8103
T_interval_start: 892
T_interval_end: 923
sigma: 0.9900000000000001
gamma: 0.03
rmse: 31.9066359027179
mae: 31.276908372574734
