fips: 8103
T_interval_start: 862
T_interval_end: 892
sigma: 0.9
gamma: 0.04
rmse: 16.90311434727291
mae: 16.509984695406143
