fips: 8103
T_interval_start: 650
T_interval_end: 680
sigma: 0.9900000000000001
gamma: 0.03
rmse: 19.680465882180897
mae: 19.410593019940713
