fips: 8103
T_interval_start: 193
T_interval_end: 224
sigma: 0.9500000000000001
gamma: 0.1
rmse: 0.7548872572856765
mae: 0.5942735668849338
