fips: 8103
T_interval_start: 984
T_interval_end: 1015
sigma: 0.9900000000000001
gamma: 0.03
rmse: 7.2551779331770865
mae: 6.432868240798416
