fips: 8103
T_interval_start: 224
T_interval_end: 254
sigma: 0.6000000000000001
gamma: 0.1
rmse: 0.3608129797166969
mae: 0.3017679708816881
