fips: 8103
T_interval_start: 1045
T_interval_end: 1076
sigma: 0.9900000000000001
gamma: 0.03
rmse: 11.443064791827654
mae: 10.183327403569729
