fips: 8097
T_interval_start: 162
T_interval_end: 193
sigma: 0.9000000000000001
gamma: 0.05
rmse: 3.40681520210356
