fips: 8097
T_interval_start: 984
T_interval_end: 1015
sigma: 0.9500000000000001
gamma: 0.15000000000000002
rmse: 9.304061836945282
