fips: 8097
T_interval_start: 193
T_interval_end: 224
sigma: 0.9500000000000001
gamma: 0.1
rmse: 2.5538597611204215
