fips: 8097
T_interval_start: 742
T_interval_end: 770
sigma: 0.35000000000000003
gamma: 0.15000000000000002
rmse: 44.32859160866128
