fips: 8097
T_interval_start: 558
T_interval_end: 589
sigma: 0.9000000000000001
gamma: 0.05
rmse: 4.257082539856089
