fips: 8097
T_interval_start: 466
T_interval_end: 497
sigma: 0.25
gamma: 0.15000000000000002
rmse: 3.012782439972857
