fips: 8097
T_interval_start: 1076
T_interval_end: 1107
sigma: 0.8500000000000001
gamma: 0.05
rmse: 3.705539394690589
