fips: 8097
T_interval_start: 193
T_interval_end: 224
sigma: 0.9900000000000001
gamma: 0.04
rmse: 5.196559992607424
mae: 4.7653987961269655
