fips: 8097
T_interval_start: 466
T_interval_end: 497
sigma: 0.9900000000000001
gamma: 0.04
rmse: 122.11133852833653
mae: 121.34191464355594
