fips: 8097
T_interval_start: 770
T_interval_end: 801
sigma: 0.9
gamma: 0.04
rmse: 10.559047400258956
mae: 7.81543759587347
