fips: 8097
T_interval_start: 923
T_interval_end: 954
sigma: 0.9900000000000001
gamma: 0.02
rmse: 82.7894184272317
mae: 75.87511233312752
