fips: 8097
T_interval_start: 285
T_interval_end: 315
sigma: 0.9
gamma: 0.04
rmse: 28.236090836472407
mae: 27.39745239178204
