fips: 8097
T_interval_start: 619
T_interval_end: 650
sigma: 0.9900000000000001
gamma: 0.04
rmse: 100.80636406015061
mae: 98.45360982360492
