fips: 8097
T_interval_start: 558
T_interval_end: 589
sigma: 0.9900000000000001
gamma: 0.04
rmse: 162.6513264380657
mae: 162.1451563689413
