fips: 8097
T_interval_start: 527
T_interval_end: 558
sigma: 0.9900000000000001
gamma: 0.04
rmse: 107.48575660264204
mae: 107.31810973754833
