fips: 8097
T_interval_start: 405
T_interval_end: 436
sigma: 0.9900000000000001
gamma: 0.04
rmse: 132.00041168938876
mae: 130.8899026821417
