fips: 8097
T_interval_start: 862
T_interval_end: 892
sigma: 0.9
gamma: 0.03
rmse: 144.5026547119419
mae: 119.42590335348194
