fips: 8097
T_interval_start: 1015
T_interval_end: 1045
sigma: 0.9
gamma: 0.03
rmse: 17.70059535020204
mae: 16.852946694478106
