fips: 8097
T_interval_start: 954
T_interval_end: 984
sigma: 0.9
gamma: 0.03
rmse: 31.65465488682505
mae: 28.105286343135727
