fips: 8097
T_interval_start: 589
T_interval_end: 619
sigma: 0.9900000000000001
gamma: 0.04
rmse: 159.3205000370565
mae: 159.14962975394337
