fips: 8097
T_interval_start: 346
T_interval_end: 377
sigma: 0.9900000000000001
gamma: 0.04
rmse: 50.78764378310367
mae: 48.05982822418971
