fips: 8097
T_interval_start: 831
T_interval_end: 862
sigma: 0.9900000000000001
gamma: 0.03
rmse: 37.673583561385755
mae: 35.30803255863996
