fips: 8097
T_interval_start: 680
T_interval_end: 711
sigma: 0.9900000000000001
gamma: 0.03
rmse: 121.12856298580533
mae: 89.25410199346771
