fips: 8097
T_interval_start: 224
T_interval_end: 254
sigma: 0.92
gamma: 0.04
rmse: 60.03345016701382
mae: 60.01261498781856
