fips: 8097
T_interval_start: 1076
T_interval_end: 1107
sigma: 0.9
gamma: 0.02
rmse: 29.50096496375144
mae: 29.356690204828972
