fips: 8097
T_interval_start: 132
T_interval_end: 162
sigma: 0.9
gamma: 0.04
rmse: 38.298040933233835
mae: 38.17943428454476
