fips: 8097
T_interval_start: 377
T_interval_end: 405
sigma: 0.9900000000000001
gamma: 0.04
rmse: 402.17762483046556
mae: 395.05827314309647
