fips: 8097
T_interval_start: 162
T_interval_end: 193
sigma: 0.9
gamma: 0.04
rmse: 70.2864867272951
mae: 68.77217351107004
