fips: 8097
T_interval_start: 466
T_interval_end: 497
sigma: 0.9900000000000001
gamma: 0.04
rmse: 107.74047353207622
mae: 107.1449024217284
