fips: 8097
T_interval_start: 742
T_interval_end: 770
sigma: 0.9900000000000001
gamma: 0.02
rmse: 262.34719421716073
mae: 250.14374433681522
