fips: 8097
T_interval_start: 589
T_interval_end: 619
sigma: 0.9900000000000001
gamma: 0.04
rmse: 50.20834624034714
mae: 47.43317389282341
