fips: 8097
T_interval_start: 650
T_interval_end: 680
sigma: 0.9
gamma: 0.04
rmse: 41.80812559478288
mae: 39.48610603331152
