fips: 8097
T_interval_start: 558
T_interval_end: 589
sigma: 0.9900000000000001
gamma: 0.04
rmse: 92.97713768715946
mae: 92.66613936657014
