fips: 8097
T_interval_start: 254
T_interval_end: 285
sigma: 0.9
gamma: 0.04
rmse: 93.13027281342947
mae: 88.50810417884117
