fips: 8097
T_interval_start: 436
T_interval_end: 466
sigma: 0.9900000000000001
gamma: 0.04
rmse: 123.60718552954624
mae: 123.09527593715353
