fips: 8097
T_interval_start: 619
T_interval_end: 650
sigma: 0.9900000000000001
gamma: 0.04
rmse: 10.67331840078263
mae: 9.199562976787252
