fips: 8097
T_interval_start: 346
T_interval_end: 377
sigma: 0.9900000000000001
gamma: 0.04
rmse: 572.7376745321848
mae: 571.1403023357187
