fips: 8097
T_interval_start: 497
T_interval_end: 527
sigma: 0.05
gamma: 0.1
rmse: 2.556734224987688
mae: 2.2770872290495956
