fips: 8097
T_interval_start: 527
T_interval_end: 558
sigma: 0.9900000000000001
gamma: 0.04
rmse: 87.03994990945046
mae: 87.01580320196099
