fips: 8097
T_interval_start: 923
T_interval_end: 954
sigma: 0.9
gamma: 0.02
rmse: 72.52025469419944
mae: 54.20542557151061
