fips: 8097
T_interval_start: 315
T_interval_end: 346
sigma: 0.9900000000000001
gamma: 0.04
rmse: 566.2752182182514
mae: 562.0682223910551
