fips: 8097
T_interval_start: 954
T_interval_end: 984
sigma: 0.9
gamma: 0.03
rmse: 23.848925316765758
mae: 19.727875567251896
