fips: 8097
T_interval_start: 619
T_interval_end: 650
sigma: 0.9900000000000001
gamma: 0.04
rmse: 88.34088836257209
mae: 85.99656163124985
