fips: 8097
T_interval_start: 801
T_interval_end: 831
sigma: 0.9
gamma: 0.04
rmse: 61.17180771749778
mae: 58.63494477136969
