fips: 8097
T_interval_start: 101
T_interval_end: 132
sigma: 0.9
gamma: 0.04
rmse: 2.2975760800372704
mae: 2.2975760800372704
