fips: 8097
T_interval_start: 770
T_interval_end: 801
sigma: 0.9
gamma: 0.04
rmse: 13.167978280913413
mae: 10.993399187204902
