fips: 8097
T_interval_start: 315
T_interval_end: 346
sigma: 0.9
gamma: 0.04
rmse: 76.13174595588157
mae: 75.21016031138734
