fips: 8097
T_interval_start: 193
T_interval_end: 224
sigma: 0.9900000000000001
gamma: 0.04
rmse: 6.352044421240744
mae: 6.14749243580332
