fips: 8097
T_interval_start: 466
T_interval_end: 497
sigma: 0.9900000000000001
gamma: 0.04
rmse: 111.07010777145354
mae: 110.44658189781374
