fips: 8097
T_interval_start: 742
T_interval_end: 770
sigma: 0.9
gamma: 0.04
rmse: 236.11572070609492
mae: 134.4593430328969
