fips: 8097
T_interval_start: 405
T_interval_end: 436
sigma: 0.9900000000000001
gamma: 0.04
rmse: 152.5625164245003
mae: 151.96852130422394
