fips: 8097
T_interval_start: 162
T_interval_end: 193
sigma: 0.9
gamma: 0.04
rmse: 5.102517130560144
mae: 4.80428416435517
