fips: 8097
T_interval_start: 71
T_interval_end: 101
sigma: 0.9
gamma: 0.04
rmse: 1.1601134044390862
mae: 0.9089540516999363
