fips: 8097
T_interval_start: 711
T_interval_end: 742
sigma: 0.9
gamma: 0.03
rmse: 262.5660831519392
mae: 236.6930808183994
