fips: 8097
T_interval_start: 650
T_interval_end: 680
sigma: 0.9900000000000001
gamma: 0.04
rmse: 35.73454329942832
mae: 33.59454749776225
