fips: 8097
T_interval_start: 527
T_interval_end: 558
sigma: 0.9900000000000001
gamma: 0.04
rmse: 100.02713479426643
mae: 99.77772584964569
