fips: 8097
T_interval_start: 224
T_interval_end: 254
sigma: 0.9
gamma: 0.04
rmse: 10.66016347066734
mae: 10.65796378845183
