fips: 8097
T_interval_start: 132
T_interval_end: 162
sigma: 0.9
gamma: 0.04
rmse: 1.7436583364234688
mae: 1.7316542855688106
