fips: 8097
T_interval_start: 377
T_interval_end: 405
sigma: 0.9900000000000001
gamma: 0.04
rmse: 158.50663576731122
mae: 156.08143336399752
