fips: 8097
T_interval_start: 1045
T_interval_end: 1076
sigma: 0.9
gamma: 0.03
rmse: 27.531128479834635
mae: 27.442047411553702
