fips: 8097
T_interval_start: 680
T_interval_end: 711
sigma: 0.9400000000000001
gamma: 0.04
rmse: 63.873264226655515
mae: 37.51756022769273
