fips: 8097
T_interval_start: 254
T_interval_end: 285
sigma: 0.9
gamma: 0.04
rmse: 14.481135993162942
mae: 13.941372441782606
