fips: 8097
T_interval_start: 346
T_interval_end: 377
sigma: 0.9900000000000001
gamma: 0.04
rmse: 74.68668487451157
mae: 74.08006342950696
