fips: 8097
T_interval_start: 436
T_interval_end: 466
sigma: 0.9900000000000001
gamma: 0.04
rmse: 134.63280531790807
mae: 134.04669656789298
