fips: 8097
T_interval_start: 984
T_interval_end: 1015
sigma: 0.9
gamma: 0.03
rmse: 32.84638612071101
mae: 29.884542993601624
