fips: 8097
T_interval_start: 285
T_interval_end: 315
sigma: 0.9
gamma: 0.04
rmse: 36.639310599065084
mae: 35.416894055712966
