"fips","county","state","days_from_start","datetime","log_rolled_cases.x","t0.hat","tau.hat","predicted.grf.future","predicted.grf.future.0","predicted.grf.future.last","Predicted_Double_Days"
1001,"Autauga","Alabama",87,"2020-04-17",3.03082359336526,-26.1123557438527,0.028235658769695,3.39145149080764,3.23580217870351,3.22847320475312,24.5486456049643
1003,"Baldwin","Alabama",87,"2020-04-17",4.42227703729518,8.91155508865159,0.0605058301987286,5.14834699967992,4.83524581246845,4.84581784868628,11.4558742237456
1015,"Calhoun","Alabama",87,"2020-04-17",4.08717607274349,-62.407736121814,0.0286317630637432,4.47822924197625,4.29685911149743,4.28759841418969,24.2090289381336
1017,"Chambers","Alabama",87,"2020-04-17",5.35050311971861,-37.6553218005694,0.0447159644820173,5.88709469350282,5.67163717716401,5.66351487109273,15.5011121551163
1021,"Chilton","Alabama",87,"2020-04-17",3.500827222611,-16.2521917500506,0.0356310343846268,3.92839963522652,3.75967312529398,3.75024446330339,19.4534678134129
1031,"Coffee","Alabama",87,"2020-04-17",3.64133850934494,53.0528886684057,0.121981674003569,4.99479718583841,4.47236095349504,4.49521022736993,5.68238783589461
1043,"Cullman","Alabama",87,"2020-04-17",3.630038954091,21.2336009152022,0.0592353330320987,4.3103418833346,4.03736085182945,4.04468628531569,11.7015832456676
1049,"DeKalb","Alabama",87,"2020-04-17",3.35240721749272,40.1523313165047,0.079041902220123,4.25622216286241,3.90678089378399,3.90570053303358,8.76936360450444
1051,"Elmore","Alabama",87,"2020-04-17",3.5715427474094,33.8891204038587,0.0730895426237257,4.39347669639181,4.07688550085769,4.08316954577548,9.48353424686696
1055,"Etowah","Alabama",87,"2020-04-17",4.38023932409979,-35.7962954920857,0.0376313203226905,4.88440597236127,4.6448559844352,4.64365856635862,18.4194222954755
1069,"Houston","Alabama",87,"2020-04-17",3.91202300542815,31.6272268324841,0.0767097357678999,4.7845989487913,4.4423192826323,4.44899115580345,9.03597403408084
1071,"Jackson","Alabama",87,"2020-04-17",3.27444567602301,-2.47614038922161,0.0386650134815936,3.73025126880137,3.55079576463819,3.54510077039417,17.9269866513797
1073,"Jefferson","Alabama",87,"2020-04-17",6.25903501596389,-170.607756723035,0.0247776833821712,6.55636721654994,6.4705592446878,6.43247879963909,27.974656462787
1081,"Lee","Alabama",87,"2020-04-17",5.48063892334199,-78.0847173351203,0.0342358659500823,5.89146931474298,5.7255383140694,5.72028998499257,20.2462289568078
1083,"Limestone","Alabama",87,"2020-04-17",3.5179216559703,-136.643298928706,0.0162897648637032,3.75712510693743,3.68157619514752,3.63195001001622,42.5510856884382
1089,"Madison","Alabama",87,"2020-04-17",5.15081122943945,-153.52759215786,0.0218692475996068,5.41324220063473,5.32493705283907,5.3038959626367,31.6950630058443
1091,"Marengo","Alabama",87,"2020-04-17",3.11668488397166,30.5596744965152,0.060936535034613,3.86583361765035,3.55221742531784,3.54324062921395,11.3749030883726
1093,"Marion","Alabama",87,"2020-04-17",3.9810158769151,-1.93868107782993,0.0471179458453573,4.5204335795002,4.31435580619583,4.3108414978326,14.710895564821
1095,"Marshall","Alabama",87,"2020-04-17",4.65396035015752,11.7738871314238,0.0662710800876466,5.44921331120928,5.11659278386821,5.11785791077105,10.4592709164122
1097,"Mobile","Alabama",87,"2020-04-17",6.2483191557645,-25.4021092393021,0.0581768756686394,6.94644166378817,6.64956389628659,6.65555728544498,11.9144792942807
1101,"Montgomery","Alabama",87,"2020-04-17",5.03973166858389,24.8560895076323,0.0881936784717772,6.09805581024522,5.64719185038352,5.65708741788633,7.85937487324286
1103,"Morgan","Alabama",87,"2020-04-17",3.67810735713203,-79.1494526522934,0.0232329036755095,4.02276455493793,3.85672417801534,3.8407376828606,29.834720198604
1107,"Pickens","Alabama",87,"2020-04-17",3.2470467018349,39.3916383054639,0.076206795396484,4.16152824659271,3.78770819351982,3.78049426961029,9.09560856028235
1109,"Pike","Alabama",87,"2020-04-17",3.14168618617707,34.6368530546882,0.0655190439578787,3.8894166341879,3.60868012400015,3.60031949388222,10.5793237918056
1111,"Randolph","Alabama",87,"2020-04-17",3.72741311811618,45.6391737338684,0.101015627678764,4.88519922033695,4.43055937613589,4.43452251186753,6.86178165188652
1113,"Russell","Alabama",87,"2020-04-17",3.36729582998647,36.2000636404026,0.0735148902104605,4.2491559756474,3.88395598768801,3.88190006145969,9.42866375200431
1115,"St. Clair","Alabama",87,"2020-04-17",3.74106520728451,-26.1493762622728,0.0344484042653158,4.13895428570831,3.98216626533587,3.98220403714172,20.1213146252419
1117,"Shelby","Alabama",87,"2020-04-17",5.31109255803676,-141.211783413912,0.0237541164282914,5.58724808852012,5.4876357570365,5.4773713730348,29.1800868557838
1119,"Sumter","Alabama",87,"2020-04-17",3.25809653802148,45.165277263152,0.0882076561542221,4.30759643155866,3.87774491259522,3.87555013110103,7.85812945021516
1121,"Talladega","Alabama",87,"2020-04-17",3.57954279007647,-20.7146506619867,0.0346751695655731,3.97774996335987,3.82865943276247,3.82226897703548,19.9897272095283
1123,"Tallapoosa","Alabama",87,"2020-04-17",4.79814903725603,37.9491652557788,0.108922999192098,6.1052250275612,5.54019944468523,5.56061003160071,6.36364391084664
1125,"Tuscaloosa","Alabama",87,"2020-04-17",4.74617359345131,-5.04534296901231,0.0541650269629608,5.36479367247225,5.12072849992876,5.12532878219204,12.7969507157069
1127,"Walker","Alabama",87,"2020-04-17",4.35119917087862,-95.3399612723766,0.0245359203851162,4.64563021550001,4.55847565553515,4.52295061357443,28.2503028083029
1131,"Wilcox","Alabama",87,"2020-04-17",3.500827222611,44.3968462009857,0.0930992980355486,4.61801879903758,4.15547050990109,4.15252230885984,7.44524604573578
2020,"Anchorage","Alaska",87,"2020-04-17",4.78391392143417,-134.386797554582,0.022225340722119,5.07597439208419,4.95090573110689,4.939491306489,31.1872465410672
2090,"Fairbanks North Star Borough","Alaska",87,"2020-04-17",4.24440525679783,-524.615226818345,0.00702114228801958,4.3433855290271,4.31481675181754,4.29355325281397,98.7228505171711
4001,"Apache","Arizona",87,"2020-04-17",4.55086484113055,38.362340803151,0.104287556319225,5.80231551696125,5.2617100910755,5.28087773536513,6.64649940054415
4005,"Coconino","Arizona",87,"2020-04-17",5.52146091786225,-51.7834100873586,0.0412716413362226,6.01672061389692,5.81437712019627,5.81036240721581,16.7947568383135
4013,"Maricopa","Arizona",87,"2020-04-17",7.5784377205402,-145.362863374705,0.0333319065746043,7.97842059943545,7.81648995622542,7.81176106656243,20.7953055133083
4015,"Mohave","Arizona",87,"2020-04-17",3.72397077392521,30.4609295573285,0.0716692439017914,4.55379713684893,4.22215518176086,4.22565548123775,9.67147332417469
4017,"Navajo","Arizona",87,"2020-04-17",5.84891300312408,-31.6593488262505,0.0514600256250389,6.46643331062455,6.21509252060535,6.20913318249935,13.4696236960807
4019,"Pima","Arizona",87,"2020-04-17",6.49180684085913,-57.5933591940865,0.0465051265929715,7.04986835997479,6.81776083212935,6.81734272700993,14.9047477416114
4021,"Pinal","Arizona",87,"2020-04-17",5.06259503302697,-25.4208707252966,0.0471285979981801,5.62813820900513,5.39430862080036,5.39249521901423,14.7075705622882
4025,"Yavapai","Arizona",87,"2020-04-17",4.14991441337691,-111.798858880973,0.0218012404164698,4.48667039989922,4.31754464972329,4.3025230962922,31.7939331578724
5007,"Benton","Arkansas",87,"2020-04-17",3.91487607441055,-578.164049926207,0.0061233704347745,4.11590947063643,3.98360980082359,3.95773966745397,113.197002850518
5019,"Clark","Arkansas",87,"2020-04-17",3.05803615689015,-720.87454219538,0.00387614345024078,3.15857061949858,3.17884919935338,3.08516916104184,178.823923690669
5023,"Cleburne","Arkansas",87,"2020-04-17",3.70657903121334,1790.85738200318,-0.00223901838513749,3.79929487526139,3.83223545462896,3.69090590251738,-309.576368448347
5031,"Craighead","Arkansas",87,"2020-04-17",3.52636052461616,-47.051548058013,0.0273252090167174,3.85426303281677,3.71942889474474,3.71763698773318,25.3665829284556
5035,"Crittenden","Arkansas",87,"2020-04-17",4.69134788222914,-21.4234106011081,0.0453605992585481,5.23567507333172,5.01138810476284,5.00887207703898,15.2808206216395
5045,"Faulkner","Arkansas",87,"2020-04-17",3.85014760171006,2848.34486857751,-0.00143214399049178,3.94461845127514,3.90056585350422,3.84012259377662,-483.992660767252
5051,"Garland","Arkansas",87,"2020-04-17",4.44433051801004,-49.8978108571239,0.0336952561162997,4.84867359140564,4.67628129619465,4.68019731082414,20.5710613436959
5069,"Jefferson","Arkansas",87,"2020-04-17",4.41366371961706,-34.6637719740325,0.0378397505015522,4.868605030086,4.6847446386863,4.67854197312792,18.3179638177454
5079,"Lincoln","Arkansas",87,"2020-04-17",3.86223234092513,52.7769400170779,0.12603962974319,5.19573921712882,4.59579637761773,4.74450974912746,5.49943840657303
5085,"Lonoke","Arkansas",87,"2020-04-17",3.35739475900376,-847.074466140614,0.00362430291355548,3.4107389295061,3.39135197165433,3.38276487939865,191.249792606314
5091,"Miller","Arkansas",87,"2020-04-17",3.27983652465789,8.98100645068912,0.0448603245288578,3.81397964173896,3.58912217974938,3.59385879635989,15.4512297411949
5115,"Pope","Arkansas",87,"2020-04-17",3.3722098447889,-43.6290031998924,0.0275388682662097,3.79014698873159,3.56770562179886,3.56498192265237,25.1697772711466
5119,"Pulaski","Arkansas",87,"2020-04-17",5.53338948872752,-79.4423174617911,0.0342747154260662,5.94468607384031,5.77370513105491,5.77331249670998,20.2232803961606
5123,"St. Francis","Arkansas",87,"2020-04-17",3.83483336673702,40.9349612612004,0.0930497578347098,4.9376890041348,4.47524171589065,4.48618167157999,7.44920993551887
5125,"Saline","Arkansas",87,"2020-04-17",3.45225255246244,-123.163851937739,0.0170770311523053,3.70851386469539,3.57977782997963,3.57179177052858,40.5894428825454
5141,"Van Buren","Arkansas",87,"2020-04-17",3.0513021247088,-463.085505086354,0.0056750695834939,3.1614990053209,3.17466422284647,3.09102761179326,122.138974749487
5143,"Washington","Arkansas",87,"2020-04-17",3.58747933967221,-303.214224877079,0.00931294616863374,3.69923469369582,3.67377086477332,3.65266996285265,74.4283460903579
5145,"White","Arkansas",87,"2020-04-17",3.26357600378611,-1002.8987691567,0.00304215921850463,3.33694070235645,3.31486908752268,3.28487111831564,227.847108180177
6001,"Alameda","California",87,"2020-04-17",6.70511438999445,-149.223863216482,0.0289983667633683,7.05309479115487,6.90582656479297,6.90810295733803,23.902973095559
6013,"Contra Costa","California",87,"2020-04-17",6.23188653422247,-192.450761085374,0.0227067562486515,6.50436760920629,6.39996955319972,6.39083382796303,30.5260325591909
6017,"El Dorado","California",87,"2020-04-17",3.43858491373377,837.391722765322,-0.00459573549686287,3.41643172838663,3.42449573842991,3.40641476525573,-150.823993468097
6019,"Fresno","California",87,"2020-04-17",5.4380793089232,-6.55428317053586,0.0614095571012716,6.17499399413846,5.86721602154321,5.8679462086321,11.2872851275716
6023,"Humboldt","California",87,"2020-04-17",3.8286413964891,-1653.52944976971,0.0022060365480961,3.85511383506625,3.87385651870652,3.84408365232577,314.204758374543
6025,"Imperial","California",87,"2020-04-17",4.67682617489452,17.7389767224811,0.0727785823561677,5.55016916316853,5.17734850898393,5.18627625138769,9.52405444183818
6029,"Kern","California",87,"2020-04-17",6.16030275356465,-35.7136868738907,0.052332935253012,6.78829797660079,6.52981401493455,6.52663330033573,13.2449513333967
6037,"Los Angeles","California",87,"2020-04-17",9.15143926405602,-179.156316729183,0.0350419985190172,9.57194324628422,9.40137665262068,9.39673325368914,19.7804694325233
6039,"Madera","California",87,"2020-04-17",3.32708940950844,-86.2810003389194,0.0198610780630303,3.58057502101246,3.50124550614346,3.46611695594965,34.899776253847
6041,"Marin","California",87,"2020-04-17",4.83854691358233,4273.84557243812,-0.0011542760414163,4.82469560108533,4.83720007008416,4.83046698129242,-600.503827238283
6047,"Merced","California",87,"2020-04-17",4.29045944114839,-2.65816027280421,0.0507373183511898,4.9041758490016,4.65235088722908,4.64562066960672,13.661486319836
6051,"Mono","California",87,"2020-04-17",3.04452243772342,-976.461806209259,0.00288590837521281,3.08925469188473,3.09445695476131,3.06472379634991,240.183363586112
6053,"Monterey","California",87,"2020-04-17",4.42399083377291,-43.6130502252013,0.035245898402458,4.8502955870898,4.67465111636753,4.67071212259012,19.6660380917289
6055,"Napa","California",87,"2020-04-17",3.55125807623789,-58.127898514868,0.0253721048359277,3.8598049895886,3.72933736330358,3.72886281008938,27.3192620416114
6057,"Nevada","California",87,"2020-04-17",3.43858491373377,704.256158635542,-0.00557902160737361,3.4046322950605,3.41662944954582,3.39953176248215,-124.241709271001
6059,"Orange","California",87,"2020-04-17",7.0929299047585,-191.198538753896,0.0259625470074274,7.40448046884763,7.28145423780358,7.27466773381049,26.6979653560819
6061,"Placer","California",87,"2020-04-17",4.67815507874458,5434.46248015885,-0.000879324202960141,4.69599791380422,4.68954205868827,4.67199980932386,-788.272605515175
6065,"Riverside","California",87,"2020-04-17",7.53933096100792,-37.3485070458634,0.0631707186593519,8.29737958492014,7.96388139590989,7.98152599162338,10.9726024219819
6067,"Sacramento","California",87,"2020-04-17",6.57825865609735,-103.878023763397,0.0353901904211698,7.00294094115139,6.82579930871995,6.82598998904554,19.5858562022689
6069,"San Benito","California",87,"2020-04-17",3.48343547989913,-50.4537467050205,0.0262097572979972,3.78609764192495,3.67093968078879,3.66690378098511,26.446150289721
6071,"San Bernardino","California",87,"2020-04-17",6.8452717876807,-70.6470056925994,0.0448437999594025,7.38339738719353,7.16747429805118,7.15917838739652,15.4569233915827
6073,"San Diego","California",87,"2020-04-17",7.44625165467314,-196.042153922519,0.0267810170135142,7.76762385883531,7.64147724933407,7.63371877376774,25.8820335392853
6075,"San Francisco","California",87,"2020-04-17",6.72262979485545,-201.729915980663,0.0236937644436254,7.00695496817896,6.89343912245795,6.88848614596083,29.2544134221116
6077,"San Joaquin","California",87,"2020-04-17",5.62762111369064,-44.8291153299791,0.0443716815263508,6.16008129200685,5.94329162942959,5.9382228843751,15.6213863598636
6079,"San Luis Obispo","California",87,"2020-04-17",4.43759648582869,1046.1890450636,-0.00460241330115503,4.38236752621483,4.43563548047166,4.4053795927206,-150.605157599816
6081,"San Mateo","California",87,"2020-04-17",6.37112332743709,-215.934449688766,0.0213843123347858,6.62773507545452,6.52916432057817,6.52081351378059,32.4138167133112
6083,"Santa Barbara","California",87,"2020-04-17",5.67724291942159,-56.3066291139127,0.0410482343167056,6.16982173122206,5.9611325760731,5.96458055963853,16.8861631224379
6085,"Santa Clara","California",87,"2020-04-17",7.21901435939039,-250.813024312773,0.0216909009925226,7.47930517130066,7.38908226307891,7.37085066633805,31.9556656866808
6087,"Santa Cruz","California",87,"2020-04-17",4.25662536813261,-816.487113300034,0.00473754748968913,4.31347593800888,4.31852690014966,4.28978820056043,146.309283879163
6089,"Shasta","California",87,"2020-04-17",3.11668488397166,-382.93872653501,0.00666617942130353,3.1793591240504,3.17001431934209,3.16334813992078,103.979676626286
6095,"Solano","California",87,"2020-04-17",4.78391392143417,-77.999178214712,0.0298996155781148,5.14270930837155,4.99401788511742,4.99321123048097,23.1824780070851
6097,"Sonoma","California",87,"2020-04-17",4.89463638023338,-464.929474014703,0.0089493008016273,5.00202798985291,4.96943420636393,4.95728148584477,77.4526631660326
6099,"Stanislaus","California",87,"2020-04-17",5.02294022928664,5.84337925174433,0.0659553979671779,5.81440500489277,5.4743746758542,5.48462801505688,10.5093320929529
6101,"Sutter","California",87,"2020-04-17",3.12926366617852,-51.8573764737158,0.0237811357619528,3.46865407180369,3.31324313926054,3.29573161651219,29.1469334138744
6107,"Tulare","California",87,"2020-04-17",5.66246432532547,6.391938333911,0.0748923355598355,6.56117235204349,6.17562876681049,6.18671067424432,9.25524855619108
6111,"Ventura","California",87,"2020-04-17",5.73887379446747,-121.056607778855,0.0282624331079024,6.0780229917623,5.93888887407621,5.93671082622279,24.525389513125
6113,"Yolo","California",87,"2020-04-17",4.59511985013459,-3.94917843937451,0.0530629931710834,5.19747658664176,4.95248449266563,4.96656080233217,13.0627229852099
8001,"Adams","Colorado",87,"2020-04-17",6.5506720884568,-41.2398006918382,0.0531538679199652,7.18851850349638,6.91768720517467,6.92274916389656,13.0403902422234
8005,"Arapahoe","Colorado",87,"2020-04-17",7.03652535450495,-83.1530010103315,0.0426061004732501,7.54779856018395,7.327019092834,7.3347680578177,16.2687308357434
8013,"Boulder","Colorado",87,"2020-04-17",5.50996653843651,-158.84563931224,0.0228775848056489,5.7844975561043,5.67077706955605,5.67010963207605,30.298092497456
8014,"Broomfield","Colorado",87,"2020-04-17",4.4188406077966,-53.0178325231068,0.0329021306312655,4.83719993080078,4.6470278015175,4.64915552221546,21.0669390480529
8015,"Chaffee","Colorado",87,"2020-04-17",3.32194801000801,-96.823407613155,0.0185863622703253,3.54671298355606,3.45505417715392,3.45205254590029,37.2933213330621
8031,"Denver","Colorado",87,"2020-04-17",7.12838137845759,-108.373923895169,0.0374441059605563,7.57771064998427,7.3903437141942,7.39049012018148,18.5115163729669
8035,"Douglas","Colorado",87,"2020-04-17",5.60159153375965,-214.999164811556,0.0188606305923918,5.82791910086835,5.74293755545202,5.73361594790639,36.7510077229101
8037,"Eagle","Colorado",87,"2020-04-17",5.9100220506633,-431.029393693726,0.0115198507596458,6.04826025977905,6.01755986034526,5.99066100598082,60.1698055835974
8041,"El Paso","Colorado",87,"2020-04-17",6.34813949104671,-178.973946181735,0.0243248017050179,6.64003711150692,6.53369716003471,6.51841310298184,28.4954915137893
8045,"Garfield","Colorado",87,"2020-04-17",3.91487607441055,-137.763057525738,0.0178968200605571,4.14782173722267,4.05805063489501,4.04015381483445,38.7301866037966
8051,"Gunnison","Colorado",87,"2020-04-17",4.26468992796934,2391.3357224157,-0.00184671716917289,4.24252932193927,4.31407813483325,4.25176290778513,-375.340194010539
8059,"Jefferson","Colorado",87,"2020-04-17",6.60549121369066,-198.446912527521,0.0235534460128615,6.888132565845,6.77242938287159,6.77036533578069,29.4286950699888
8067,"La Plata","Colorado",87,"2020-04-17",3.79388276312392,-168.555910275276,0.0151418609880554,3.97558509498059,3.90856601574687,3.89987579004031,45.7768817919231
8069,"Larimer","Colorado",87,"2020-04-17",5.1102651350451,-258.628035214178,0.0150024795575969,5.29029488973626,5.23801364887754,5.21528249194828,46.2021746404548
8077,"Mesa","Colorado",87,"2020-04-17",3.44316158076119,-550.699049250269,0.00547045923539594,3.52679986802211,3.5094995766829,3.48145479540896,126.707311165948
8085,"Montrose","Colorado",87,"2020-04-17",4.09196077086683,15.4031366314154,0.0614437462049768,4.82928572532655,4.51434738056986,4.52206699430167,11.2810045508554
8087,"Morgan","Colorado",87,"2020-04-17",4.48542093287817,42.0117405770734,0.110853290252176,5.76306961151509,5.23063174387108,5.2613939646434,6.25283362345974
8097,"Pitkin","Colorado",87,"2020-04-17",3.46126162240481,10612.219081445,-0.000333934380444494,3.51239497234177,3.48949768482432,3.4589240817417,-2075.69876344362
8101,"Pueblo","Colorado",87,"2020-04-17",4.12713438504509,9.88813342959415,0.0573365838641064,4.8226870915806,4.52649767790034,4.52849047209383,12.0890910104232
8107,"Routt","Colorado",87,"2020-04-17",3.59142411796322,-119.503286446958,0.018091419239632,3.86257746415115,3.72028212272399,3.71806405264064,38.3135878605644
8117,"Summit","Colorado",87,"2020-04-17",4.18531634042783,-37.9992212856848,0.0348778625026554,4.60385069045969,4.42668252101106,4.42946137794642,19.873556772786
8123,"Weld","Colorado",87,"2020-04-17",6.67888105295894,-76.825382987648,0.0420517232656594,7.18350173214685,6.97142251936675,6.97324311581856,16.4832051276716
9001,"Fairfield","Connecticut",87,"2020-04-17",8.68326437560854,-88.6481667229571,0.0508840179320859,9.29387259079357,9.05434076252406,9.03945250113314,13.6220999977847
9003,"Hartford","Connecticut",87,"2020-04-17",7.75190533307861,-19.347693975844,0.0764882261152016,8.66976404646103,8.28193446439588,8.28732291588502,9.06214218533414
9005,"Litchfield","Connecticut",87,"2020-04-17",6.10861246048198,-17.8695422815156,0.0611659202688926,6.84260350370869,6.53703720792357,6.53677390236423,11.33224477802
9007,"Middlesex","Connecticut",87,"2020-04-17",5.84230140879176,-4.06068605611525,0.0678858335498549,6.65693141139002,6.31363731951988,6.31750224364075,10.2104834589812
9009,"New Haven","Connecticut",87,"2020-04-17",8.1610487189975,-23.3481965941032,0.0774673794411618,9.09065727229144,8.69545496702716,8.70332037508563,8.94760072639873
9011,"New London","Connecticut",87,"2020-04-17",5.41292074928704,11.7474246381081,0.0770494280302676,6.33751388565025,5.94773300181831,5.95226674549891,8.99613661359892
9013,"Tolland","Connecticut",87,"2020-04-17",5.25898236114936,-4.50897481424078,0.0609770908791423,6.0067907096591,5.68789104569221,5.68582199730336,11.3673376438009
9015,"Windham","Connecticut",87,"2020-04-17",4.378448813326,12.8986615531047,0.0633627207769768,5.13880146264972,4.82819216570186,4.82198785876484,10.9393531726593
10001,"Kent","Delaware",87,"2020-04-17",5.73565021350423,-6.21022279524569,0.0650225113569645,6.5159203497878,6.18956828162622,6.19080779300298,10.6601108769033
10003,"New Castle","Delaware",87,"2020-04-17",6.79154243849527,-52.3206421031348,0.0505621647734572,7.39828841577676,7.1499017207772,7.14547759190947,13.7088113941636
10005,"Sussex","Delaware",87,"2020-04-17",6.37672694789863,16.1568847930628,0.0968472850632496,7.53889436865763,7.03708751494752,7.05465794334138,7.15711524703311
11001,"District of Columbia","District of Columbia",87,"2020-04-17",7.5847730776122,-68.5966481462179,0.0503648200074677,8.18915091770181,7.94133752830039,7.93732681766447,13.762526709262
12001,"Alachua","Florida",87,"2020-04-17",5.04618627836057,-166.8779284163,0.0202757484782651,5.28949526009975,5.21571830627877,5.18811651770843,34.1860218528048
12005,"Bay","Florida",87,"2020-04-17",3.630038954091,-63.1541001379547,0.0251368247785235,3.95035507839431,3.81586608018841,3.80599672754066,27.5749696577492
12007,"Bradford","Florida",87,"2020-04-17",3.46126162240481,36.5576793263397,0.0760347203904025,4.3676107909976,3.99024378285749,3.99350466513763,9.11619293134717
12009,"Brevard","Florida",87,"2020-04-17",5.03787981620282,-9.09456969791448,0.0553038433894502,5.70152593687622,5.41025794871997,5.42500671992897,12.5334359798251
12011,"Broward","Florida",87,"2020-04-17",7.99410217816319,-146.075485946294,0.0350502472678961,8.41470514537794,8.24515358537199,8.23945390903846,19.7758142834794
12015,"Charlotte","Florida",87,"2020-04-17",4.77551555173533,-74.1198603156416,0.0305887767391044,5.14258087260458,4.99088380736415,4.98963698890906,22.6601797931276
12017,"Citrus","Florida",87,"2020-04-17",4.19397440317094,-70.5449992227561,0.027567585897798,4.53610840012644,4.39272773616842,4.38694750445553,25.143557478325
12019,"Clay","Florida",87,"2020-04-17",5.10681090017701,-30.6493664504924,0.0453336850538025,5.65081512082264,5.41982479016157,5.42414669555363,15.2898927086406
12021,"Collier","Florida",87,"2020-04-17",5.85220247977447,-106.718298926692,0.0312651461508371,6.27548695109044,6.07358962966537,6.07105850283033,22.1699645098696
12023,"Columbia","Florida",87,"2020-04-17",3.33729357968267,16.3004354613846,0.0502352612975773,3.90325792730532,3.69241390415526,3.68894040876571,13.7980208056243
12031,"Duval","Florida",87,"2020-04-17",6.51619307604296,-123.264509310712,0.0317453470057958,6.89713724011251,6.74186420946824,6.73841050508353,21.8346071452108
12033,"Escambia","Florida",87,"2020-04-17",5.48361069373115,-62.7203734781892,0.0378910761625251,5.93830360768145,5.74616455786332,5.74884822686883,18.2931510730085
12035,"Flagler","Florida",87,"2020-04-17",3.79066214842388,-106.496971309758,0.0208124481332808,4.17283281626423,3.94743718359813,3.93634928535685,33.3044520337589
12039,"Gadsden","Florida",87,"2020-04-17",3.48343547989913,52.813195521243,0.117094521719632,4.82274917160006,4.26896068393226,4.30309713193656,5.91955260058705
12051,"Hendry","Florida",87,"2020-04-17",3.16003532484527,50.1487194215792,0.0973559060812115,4.26918115353359,3.83688340553984,3.84152666741375,7.11972399477995
12053,"Hernando","Florida",87,"2020-04-17",4.21529717263976,-48.6815190294783,0.0324452423096499,4.62933645802035,4.44487827890503,4.44241386880731,21.3636000602094
12055,"Highlands","Florida",87,"2020-04-17",4.07268306544092,-25.8360278934354,0.0377673690787793,4.52589149438627,4.34016508426211,4.33705464899238,18.3530703214752
12057,"Hillsborough","Florida",87,"2020-04-17",6.60665018619822,-136.76587725499,0.0301996374804724,6.96904583596389,6.82540142275838,6.81804764856153,22.9521689128932
12061,"Indian River","Florida",87,"2020-04-17",4.22787595484662,-135.815011298579,0.0194949049475162,4.48022180077817,4.38383519442675,4.36434028947923,35.55529931672
12069,"Lake","Florida",87,"2020-04-17",5.06440171825191,-91.7558966397156,0.0291466466243329,5.4141614777439,5.27475327094034,5.26842824462224,23.7813697573454
12071,"Lee","Florida",87,"2020-04-17",6.43294009273918,-133.751667330933,0.0298164096357687,6.7907370083684,6.64964556729425,6.64165496018956,23.2471712398405
12073,"Leon","Florida",87,"2020-04-17",4.9406214934752,6.48078872983141,0.0654220483818378,5.72568607405725,5.38540118169931,5.39857583214807,10.5950088342445
12081,"Manatee","Florida",87,"2020-04-17",5.52942908751142,-22.6415980673328,0.052841596359733,6.16352824382822,5.88777449740618,5.89932026202955,13.1174534516551
12083,"Marion","Florida",87,"2020-04-17",4.59511985013459,-30.5515268872542,0.0408268104149102,5.08504157511351,4.88049137491982,4.88090752303896,16.977745102194
12085,"Martin","Florida",87,"2020-04-17",4.85870437100731,-112.868775010376,0.0249332114431807,5.15790290832548,5.03347744996239,5.03323685110957,27.8001565157192
12086,"Miami-Dade","Florida",87,"2020-04-17",8.91099049465672,-133.821634598229,0.0412886804015052,9.40645465947478,9.20255626494811,9.20001125746726,16.7878259566434
12087,"Monroe","Florida",87,"2020-04-17",4.07753744390572,-144.916072524574,0.0181387465314494,4.33363808181263,4.2250657970216,4.20450866962587,38.2136207349362
12089,"Nassau","Florida",87,"2020-04-17",3.53888678443534,-65.3466685807046,0.0240174197253535,3.82709582113958,3.71006101377313,3.70700872251281,28.8601851691936
12091,"Okaloosa","Florida",87,"2020-04-17",4.52178857704904,-46.2959236666568,0.0352449902367726,4.94472845989031,4.76738085477235,4.76850350870645,19.6665448310085
12095,"Orange","Florida",87,"2020-04-17",6.89148070648939,-144.628685768956,0.0304086867163636,7.25638494708575,7.11168976731437,7.10434151350394,22.7943806658032
12097,"Osceola","Florida",87,"2020-04-17",5.77986129253264,-97.8225939962549,0.0321420193318589,6.16556552451495,6.012426186457,6.00485542785565,21.5651410511381
12099,"Palm Beach","Florida",87,"2020-04-17",7.41989432554494,-103.521583834321,0.03999477673806,7.89983164640166,7.69494542739,7.69985776271136,17.3309426153223
12101,"Pasco","Florida",87,"2020-04-17",5.08406276265107,-72.5085987374446,0.0329047237771561,5.47891944797694,5.31766210143717,5.31439582909116,21.0652788108544
12103,"Pinellas","Florida",87,"2020-04-17",6.12123889085479,-119.001533700494,0.0304536924577693,6.48668320034802,6.33784405505522,6.33441473805917,22.7606941759573
12105,"Polk","Florida",87,"2020-04-17",5.58403322154627,-68.5368640492511,0.0370941247966966,6.02916271910663,5.84860454994083,5.84369209512315,18.6861715799714
12107,"Putnam","Florida",87,"2020-04-17",3.70657903121334,0.860213542261632,0.0457976975954549,4.26558777429674,4.0335995380964,4.02716291438152,15.134978764276
12109,"St. Johns","Florida",87,"2020-04-17",5.06169046489654,-323.369131303957,0.012520747303167,5.22577342519916,5.17176197231128,5.14933569601871,55.359888972811
12111,"St. Lucie","Florida",87,"2020-04-17",5.09375020080676,-67.296863341573,0.0341182666989653,5.50316940119434,5.33644491724504,5.33257806769952,20.3160139017545
12113,"Santa Rosa","Florida",87,"2020-04-17",4.69787958409236,-109.081133427508,0.0245857845817867,4.9929089990738,4.87616849560694,4.86998007616487,28.1930063388513
12115,"Sarasota","Florida",87,"2020-04-17",5.40332067555802,-111.512755708412,0.027922297193162,5.73838824187596,5.60393384233031,5.59877675591015,24.8241459420356
12117,"Seminole","Florida",87,"2020-04-17",5.53789653861052,-105.602615334292,0.0295192928347105,5.89212805262705,5.74669874879858,5.74453158845349,23.4811580494538
12119,"Sumter","Florida",87,"2020-04-17",4.63749907310345,-262.171505073099,0.0134743841507695,4.79919168291268,4.75766543811216,4.73181976215884,51.4418449707299
12121,"Suwannee","Florida",87,"2020-04-17",4.32318613465095,7.27320764498424,0.0573534679233757,4.97408230343066,4.72752569275389,4.72466041011458,12.0855321510112
12127,"Volusia","Florida",87,"2020-04-17",5.34982492369397,-63.9761790435898,0.0366486159505275,5.7896083151003,5.60498645570895,5.60636523534766,18.9133248986983
12131,"Walton","Florida",87,"2020-04-17",3.06472514504094,-250.205675165852,0.00932965690440841,3.21132085384765,3.19132213920693,3.1300327433718,74.2950343900023
13009,"Baldwin","Georgia",87,"2020-04-17",4.30019661642625,51.070295913259,0.136601873171906,5.86427799296445,5.23594971176678,5.25640972862959,5.07421431686854
13013,"Barrow","Georgia",87,"2020-04-17",4.16555719044736,15.8946595516524,0.063013928408737,4.9217243313522,4.6032065922506,4.60665468930852,10.9999042761448
13015,"Bartow","Georgia",87,"2020-04-17",5.07695793702733,-109.170917464487,0.0267611303869397,5.43708341310131,5.31656530276209,5.26428584973591,25.9012668948477
13021,"Bibb","Georgia",87,"2020-04-17",4.67549550270882,47.5587672522618,0.133877687483175,6.21744484413509,5.56286300054649,5.61263931509105,5.17746604076243
13029,"Bryan","Georgia",87,"2020-04-17",3.35240721749272,-33.7723768702444,0.0289568833958556,3.69988981824299,3.5890498261706,3.55510540126371,23.9372162771892
13033,"Burke","Georgia",87,"2020-04-17",3.38680864421006,24.7185563755338,0.059663561089175,4.13357764403457,3.8095129988886,3.80445357183428,11.6175965347416
13035,"Butts","Georgia",87,"2020-04-17",3.46573590279973,19.6612796992718,0.0557666161789998,4.14561888224873,3.86619879539854,3.85610221605273,12.4294287165475
13037,"Calhoun","Georgia",87,"2020-04-17",3.95945169899926,11.5698981720413,0.056251575339741,4.63682308323793,4.36203560814608,4.35321272637745,12.3222714452629
13039,"Camden","Georgia",87,"2020-04-17",3.11668488397166,4.50283475368051,0.0410578346032392,3.67455980814215,3.40643304861687,3.40408972619433,16.882214740698
13045,"Carroll","Georgia",87,"2020-04-17",5.32926217039746,-91.3562329024612,0.0307416819180419,5.69816235341396,5.56894343448275,5.54445394382375,22.5474709681758
13051,"Chatham","Georgia",87,"2020-04-17",5.03137119257543,-64.9456797061659,0.0342396673562381,5.44224720085029,5.28169140066514,5.2710488640691,20.2439811505254
13057,"Cherokee","Georgia",87,"2020-04-17",5.27079933765415,-28.5016420679865,0.0476988326961809,5.84318533000832,5.60271838942636,5.60469116652742,14.531743050715
13059,"Clarke","Georgia",87,"2020-04-17",4.3640081291712,-68.7106210720897,0.0289562082494754,4.7114826281649,4.59018831936247,4.56670158691753,23.9377744001583
13063,"Clayton","Georgia",87,"2020-04-17",6.00388706710654,-33.4338597919542,0.0520114901981733,6.62802494948462,6.36933525587318,6.36796749849375,13.3268087093626
13067,"Cobb","Georgia",87,"2020-04-17",6.68853260241116,-38.1750734550873,0.0556565717840884,7.35641146382022,7.07461582771016,7.07812860489978,12.4540042324006
13069,"Coffee","Georgia",87,"2020-04-17",4.13630876132113,0.0399977819728149,0.0504674066542588,4.74191764117224,4.4957000241009,4.48958060790094,13.734551198728
13071,"Colquitt","Georgia",87,"2020-04-17",4.52023457518231,-18.226433686242,0.0451002236529025,5.06143725901714,4.8429969128525,4.83593614075263,15.3690408698303
13073,"Columbia","Georgia",87,"2020-04-17",4.27666611901606,-26.8057928140918,0.039305500271693,4.74833212227638,4.55679797620082,4.55180462091791,17.6348647331461
13077,"Coweta","Georgia",87,"2020-04-17",4.77551555173533,-12.0461661054458,0.0507784181907103,5.38485657002385,5.12981528632825,5.1309644790703,13.6504287698894
13081,"Crisp","Georgia",87,"2020-04-17",4.44768060489532,23.6713715266256,0.0762521033205088,5.36270584474143,4.97765472378585,4.98144532813888,9.09020407799709
13085,"Dawson","Georgia",87,"2020-04-17",3.48343547989913,27.9511999983589,0.0643200124331192,4.24825963729816,3.93462596543149,3.93367556693096,10.7765399032018
13087,"Decatur","Georgia",87,"2020-04-17",3.75787232560089,40.2452307489635,0.0889961906102269,4.78396969047401,4.37918748221457,4.38084565987248,7.78850393266488
13089,"DeKalb","Georgia",87,"2020-04-17",6.93091361412529,-40.0232737179654,0.056799931709297,7.61251279463685,7.32415612956528,7.32851313609037,12.2033101044467
13093,"Dooly","Georgia",87,"2020-04-17",3.97834564835922,38.4551074970332,0.0904551266137001,5.02432028410022,4.61254160091689,4.61153153465512,7.66288442135642
13095,"Dougherty","Georgia",87,"2020-04-17",7.07617107346016,-103.960746236842,0.0380519610544467,7.53279460611352,7.35972853177532,7.34253480084129,18.2158070531018
13097,"Douglas","Georgia",87,"2020-04-17",5.18017712424381,-30.8143460299175,0.0459177161995875,5.73118971863886,5.50145808046398,5.50160113764092,15.0954193267603
13099,"Early","Georgia",87,"2020-04-17",4.89996972620873,-4.22598825262603,0.0568270636905052,5.58189449049479,5.29880359598263,5.29775917204227,12.1974836555871
13103,"Effingham","Georgia",87,"2020-04-17",3.0513021247088,-22.0646200649934,0.0295597552631545,3.43084176383222,3.2673016354705,3.25822041155088,23.4490162178012
13113,"Fayette","Georgia",87,"2020-04-17",4.64301632847821,-16.6922111334282,0.0470454180239312,5.20756134476539,4.97003915075381,4.97233425464573,14.733574695996
13115,"Floyd","Georgia",87,"2020-04-17",4.65938777189289,-81.4994365716327,0.0284978827425592,5.0013623648036,4.87921861477181,4.8588729510908,24.322760635294
13117,"Forsyth","Georgia",87,"2020-04-17",4.97771847908311,-13.8411841704397,0.0519371554323761,5.60096434427162,5.3386015450694,5.34127856710974,13.3458826304503
13121,"Fulton","Georgia",87,"2020-04-17",7.37668690526653,-86.4254537141527,0.0437979339974708,7.90226211323618,7.68536535085158,7.68327244324882,15.8260245928489
13127,"Glynn","Georgia",87,"2020-04-17",3.57555076880693,-20.2562587938863,0.0354529953145514,4.05072660767783,3.82665153961778,3.82372173600879,19.5511599065213
13129,"Gordon","Georgia",87,"2020-04-17",3.64133850934494,34.1582602206585,0.0752380223535207,4.50237415519166,4.16538236640083,4.16800466581959,9.21272461552826
13133,"Greene","Georgia",87,"2020-04-17",3.45225255246244,29.2405607854257,0.0658308088677043,4.26316626531435,3.91827440158763,3.91306821453637,10.5292216893904
13135,"Gwinnett","Georgia",87,"2020-04-17",6.66659322216525,-39.3665843640976,0.0549293963993054,7.32574597895691,7.04974660052284,7.05109899696039,12.6188748829709
13137,"Habersham","Georgia",87,"2020-04-17",3.56751859710967,59.6735048072115,0.150964787495443,5.18209205224267,4.50883222306872,4.62427210957777,4.59144938405499
13139,"Hall","Georgia",87,"2020-04-17",5.94840791478631,24.1043243731704,0.101912709945924,7.12325771663148,6.63877014002606,6.66179688440778,6.80138111259858
13145,"Harris","Georgia",87,"2020-04-17",3.23023958351852,44.9952119340669,0.0864057732442915,4.23429660550957,3.82674040188348,3.83507999622856,8.02200078228845
13151,"Henry","Georgia",87,"2020-04-17",5.6693881907705,-56.4889474283263,0.0409374776547034,6.16063792262694,5.95922350478504,5.95595053435342,16.931848767197
13153,"Houston","Georgia",87,"2020-04-17",4.90103299053006,-22.1187958107148,0.0471625408260221,5.47645744809136,5.23044603961166,5.23117077631221,14.6969855402171
13157,"Jackson","Georgia",87,"2020-04-17",3.51367536508885,34.2381733087394,0.0734771276124948,4.39112736614956,4.02180422538511,4.02801525837631,9.43350948904098
13167,"Johnson","Georgia",87,"2020-04-17",3.13549421592915,53.9398649975027,0.1100085317443,4.40695663310317,3.89700273515899,3.90555393813925,6.30084930295289
13175,"Laurens","Georgia",87,"2020-04-17",3.43858491373377,-21.686302994427,0.0335282422817948,3.87875839548227,3.6882918042209,3.67328260970633,20.6735317269021
13177,"Lee","Georgia",87,"2020-04-17",5.46383180502561,-101.170264882655,0.0298292509896513,5.82178281690142,5.69456543760573,5.67263656195317,23.2371634406918
13185,"Lowndes","Georgia",87,"2020-04-17",4.10382330617665,-12.1498476411077,0.0435882097421986,4.62688182308303,4.41406270328644,4.40894077437204,15.9021713591714
13189,"McDuffie","Georgia",87,"2020-04-17",3.35739475900376,40.5471384035224,0.0803775394671586,4.29640949260344,3.92285684039516,3.92003753527387,8.62364268867869
13193,"Macon","Georgia",87,"2020-04-17",3.53472877428668,50.3274509615708,0.110315203443119,4.81774613205391,4.29790364419906,4.30693519838851,6.28333320272892
13199,"Meriwether","Georgia",87,"2020-04-17",3.30636327899132,48.2988962231303,0.097062647021049,4.43587010436663,3.98388262161086,3.98580180813866,7.14123508716622
13205,"Mitchell","Georgia",87,"2020-04-17",5.0998664278242,-5.3034583186479,0.0584153998712199,5.80085122627884,5.50982623191404,5.50877422692274,11.8658295943883
13215,"Muscogee","Georgia",87,"2020-04-17",5.15494175988874,-12.4271953613701,0.0541787758164313,5.76609515825521,5.53590646619802,5.53419319060376,12.7937032558371
13217,"Newton","Georgia",87,"2020-04-17",4.54632968596516,-7.31332789289494,0.0516262544809261,5.2304276481081,4.9048515365285,4.90771346733164,13.426253512465
13219,"Oconee","Georgia",87,"2020-04-17",3.64133850934494,-49.8075746659907,0.0276832056808165,3.981054667938,3.84770952856898,3.83512094911066,25.0385446162498
13223,"Paulding","Georgia",87,"2020-04-17",4.62777001790533,15.7906199859214,0.0698959878029562,5.4665218715408,5.10852330930535,5.11704193252602,9.91683789510202
13225,"Peach","Georgia",87,"2020-04-17",3.11033565629299,26.6714310729164,0.0566541889302435,3.81444546439792,3.51795865648289,3.50691497880469,12.2347030934181
13229,"Pierce","Georgia",87,"2020-04-17",3.83483336673702,-31.2132971275572,0.0338998191634684,4.24470812948583,4.09047950703728,4.0721321008813,20.4469285578639
13231,"Pike","Georgia",87,"2020-04-17",3.09751496786393,47.7629009265602,0.089307520889941,4.1293206913915,3.71730990844238,3.72266761409352,7.76135283627626
13243,"Randolph","Georgia",87,"2020-04-17",4.81681935787657,-13.5807382635329,0.0503831842842092,5.42026016136285,5.17737548035365,5.16950164786603,13.7575103758813
13245,"Richmond","Georgia",87,"2020-04-17",5.12140969959817,22.4378273431704,0.0859842660392095,6.15322089206868,5.71644289028341,5.72329956187264,8.06132578074068
13247,"Rockdale","Georgia",87,"2020-04-17",4.59078144853599,-69.8832718258484,0.0302257213276249,4.95349010446749,4.80912573247799,4.80236149782936,22.9323619127806
13255,"Spalding","Georgia",87,"2020-04-17",4.46590811865458,24.724550850965,0.0775615805589966,5.37311332993355,5.00430340093935,5.00883918256756,8.93673356788686
13257,"Stephens","Georgia",87,"2020-04-17",3.09104245335832,46.5414401492643,0.0860898919307904,4.08570228874079,3.69863604399227,3.69367169687385,8.05143513383873
13261,"Sumter","Georgia",87,"2020-04-17",5.56779909878439,-28.5284038486699,0.0503743735086191,6.17229158088782,5.9244559059312,5.92041971334472,13.7599166457395
13273,"Terrell","Georgia",87,"2020-04-17",4.81450454202811,-17.7311452619851,0.0482864398809621,5.39509922852388,5.16060152512768,5.15250962119484,14.354903411159
13275,"Thomas","Georgia",87,"2020-04-17",4.53719720240189,9.81505991667432,0.0628551772317666,5.29145932918309,4.97692619694596,4.97718344302426,11.0276863591379
13277,"Tift","Georgia",87,"2020-04-17",4.20041910861358,-15.1894217400054,0.0432188918651071,4.71904581099486,4.50908856862991,4.50295135166933,16.0380599929162
13285,"Troup","Georgia",87,"2020-04-17",4.13858926401986,-10.4071721615339,0.0444952712158036,4.64562544220255,4.45742419971739,4.45005616253049,15.5779965290729
13287,"Turner","Georgia",87,"2020-04-17",3.72741311811618,34.706229334262,0.0794111707815662,4.70858774861994,4.28780117619559,4.28329131358714,8.72858533299506
13293,"Upson","Georgia",87,"2020-04-17",4.74244456489145,46.6503824464167,0.134158299101901,6.35234415411427,5.66259751477356,5.68155265860476,5.16663661659468
13297,"Walton","Georgia",87,"2020-04-17",3.89763426797605,23.9287649621933,0.0671181569573737,4.70305215146453,4.36247622973369,4.36746136667767,10.3272677913394
13299,"Ware","Georgia",87,"2020-04-17",4.14765962098982,11.2677580595739,0.0586388824559409,4.85132621046111,4.55868234311697,4.55813179818141,11.820606933987
13303,"Washington","Georgia",87,"2020-04-17",3.06472514504094,-5.73478061625327,0.0353441389922915,3.52503994846655,3.34078926882848,3.31213411798698,19.6113754733457
13313,"Whitfield","Georgia",87,"2020-04-17",3.32194801000801,33.3350136327112,0.0673193201378427,4.08392563841738,3.79665109912422,3.79318325097291,10.296407912924
13315,"Wilcox","Georgia",87,"2020-04-17",3.26357600378611,59.3276497948774,0.138256297599301,4.79367076842661,4.17077552583535,4.23137008698122,5.01349444904744
13321,"Worth","Georgia",87,"2020-04-17",4.57618264911484,-8.1033957814459,0.0506165237062897,5.16811895306424,4.93291273694728,4.93049831505887,13.6940890010946
15001,"Hawaii","Hawaii",87,"2020-04-17",3.58747933967221,-4.28303052676502,0.0412786605527047,4.05699185520545,3.88148736065953,3.87642996354114,16.7919009793191
15003,"Honolulu","Hawaii",87,"2020-04-17",5.73657229747919,-103.838080812567,0.0308686587398899,6.10699620235787,5.99360876893171,5.95265290865842,22.4547229732476
15009,"Maui","Hawaii",87,"2020-04-17",4.37665509087197,-9.97645317593398,0.047147763953683,4.90225727108011,4.70414896912031,4.70668943854775,14.7015918133653
16001,"Ada","Idaho",87,"2020-04-17",6.27503101922608,-175.021611121319,0.0244144101029082,6.56800394046098,6.4633287273907,6.44593188994644,28.3909042912889
16013,"Blaine","Idaho",87,"2020-04-17",6.06178986382871,-127.427960124365,0.0291847420890876,6.46231790754237,6.3094805666431,6.26608305845232,23.7503274294522
16019,"Bonneville","Idaho",87,"2020-04-17",3.09751496786393,13.6893821060311,0.045201504027093,3.63016071815256,3.41291415692554,3.41392549605358,15.3346043561844
16027,"Canyon","Idaho",87,"2020-04-17",5.08935845022578,-73.8605388500167,0.0325645252801628,5.46629876092311,5.33211219612724,5.31731012718692,21.2853457741694
16053,"Jerome","Idaho",87,"2020-04-17",3.60316593583991,14.6175129072743,0.05339050012412,4.23827068697713,3.98247206248237,3.97689943670875,12.9825938874621
16055,"Kootenai","Idaho",87,"2020-04-17",3.73084365321297,-158.032441496927,0.0155430808850092,3.91736062383308,3.86879395234882,3.83964521940803,44.59522444025
16069,"Nez Perce","Idaho",87,"2020-04-17",3.20158432775814,-21.2672881939788,0.0314630568356247,3.62666123973549,3.42378811804644,3.42182572560751,22.0305097556546
16083,"Twin Falls","Idaho",87,"2020-04-17",4.51867815463465,-7.00111495428704,0.0507710286208835,5.12793049808525,4.87043296187792,4.87407535498084,13.6524155485563
17001,"Adams","Illinois",87,"2020-04-17",3.25809653802148,-14.0376563088191,0.0341080350488713,3.68495216797912,3.50310386390949,3.49685278336358,20.3221082529901
17019,"Champaign","Illinois",87,"2020-04-17",4.45101950616083,-81.5377227775316,0.0272170813593618,4.77762448247317,4.66038790736521,4.64153907567636,25.4673589503573
17021,"Christian","Illinois",87,"2020-04-17",3.16607763930123,-29.4023654897569,0.0282732087892102,3.48898084457433,3.39226330961491,3.3639901008257,24.5160422266774
17027,"Clinton","Illinois",87,"2020-04-17",3.55942138687705,-2.73895213296382,0.0419563806498196,4.0588162993553,3.86201156981472,3.85311605142579,16.5206619309029
17031,"Cook","Illinois",87,"2020-04-17",9.63821907492125,-110.414833566166,0.0500908318568223,10.2393090572031,9.98838738008003,9.98885489791901,13.8378053401311
17037,"DeKalb","Illinois",87,"2020-04-17",3.57555076880693,7.79459140481965,0.0476265764795394,4.1056684854083,3.91156601471252,3.90893680416371,14.5537897492532
17043,"DuPage","Illinois",87,"2020-04-17",7.09470894810266,-58.8944150509513,0.0503547918882166,7.69896645076126,7.44599825109407,7.44719249132018,13.7652675061923
17063,"Grundy","Illinois",87,"2020-04-17",3.07136968775961,20.1891664861792,0.0496898280310822,3.6676476241326,3.42142177476935,3.41919848397719,13.9494783545309
17073,"Henry","Illinois",87,"2020-04-17",3.17805383034795,13.036294163803,0.0463639140009765,3.75379429458979,3.50640552793696,3.50260122835479,14.9501437809014
17077,"Jackson","Illinois",87,"2020-04-17",3.55125807623789,20.2967371991689,0.0572257760370495,4.21772641024017,3.95431376976288,3.95183850849724,12.1124994462492
17089,"Kane","Illinois",87,"2020-04-17",6.04973345523196,-32.3071297928391,0.0529252502988746,6.68483645881846,6.42198401726785,6.42021020732408,13.0967199332203
17091,"Kankakee","Illinois",87,"2020-04-17",5.38972383287189,-15.8320890618521,0.0550915746004806,6.05082272807766,5.77758362735413,5.77536485507525,12.5817275252448
17093,"Kendall","Illinois",87,"2020-04-17",4.69134788222914,-35.8387012258694,0.0398116054693858,5.16908714786177,4.97381281342865,4.97002912051484,17.4106814429516
17097,"Lake","Illinois",87,"2020-04-17",7.32175528954014,-60.7702267130384,0.0512834885683591,7.93715715236045,7.68008360374407,7.68073970951865,13.5159912071115
17111,"McHenry","Illinois",87,"2020-04-17",5.49423653160737,-30.9007895764109,0.0486642879312096,6.07820798678189,5.83605167511599,5.83488654712584,14.2434464784475
17113,"McLean","Illinois",87,"2020-04-17",4.29825675160842,-102.466234427273,0.0241368142989294,4.742069016381,4.48940763079128,4.46721445170093,28.7174260851272
17115,"Macon","Illinois",87,"2020-04-17",3.69953674858792,48.2011179351067,0.107858018092915,4.93977665039055,4.43841491355025,4.45454287523833,6.42647800150405
17119,"Madison","Illinois",87,"2020-04-17",4.83287474862987,-0.0278946074174542,0.0586296933065972,5.51282662309793,5.24214055178272,5.24328260177605,11.8224596014039
17133,"Monroe","Illinois",87,"2020-04-17",3.84098723231139,-25.4001395577201,0.0357346863358739,4.26672653555469,4.10515844441652,4.09113003666251,19.3970411281909
17141,"Ogle","Illinois",87,"2020-04-17",3.26357600378611,54.9374663726374,0.117626844791859,4.59480258016257,4.06400881149979,4.08696391732913,5.89276352508196
17143,"Peoria","Illinois",87,"2020-04-17",3.29053181377464,33.3535683105554,0.067641791997842,4.10223331774874,3.76570818196558,3.76402435775953,10.2473213687488
17157,"Randolph","Illinois",87,"2020-04-17",3.75453342433537,7.25765939453558,0.0502330191150165,4.35732965371557,4.11194581468467,4.10616455814049,13.7986366890048
17161,"Rock Island","Illinois",87,"2020-04-17",4.78986986518701,32.2246407262656,0.0962297396759231,5.94462674129809,5.4559295457477,5.46347804291847,7.20304536720442
17163,"St. Clair","Illinois",87,"2020-04-17",5.34165049125441,-7.27662117652188,0.0598325790208015,6.05964143950403,5.76041298183975,5.76047854440002,11.584778592261
17167,"Sangamon","Illinois",87,"2020-04-17",3.80029304148484,-1.00084298663323,0.0461947495546187,4.38854014924518,4.12743032203784,4.12365628836717,15.0048909723041
17195,"Whiteside","Illinois",87,"2020-04-17",3.31158522297247,2.57281416437103,0.0416446749487778,3.80745543560627,3.60760307561323,3.60309794761391,16.6443172245312
17197,"Will","Illinois",87,"2020-04-17",7.18862850950458,-63.8498976844724,0.04928785431894,7.78008276133186,7.53509541701421,7.53364348973716,14.0632451977847
17201,"Winnebago","Illinois",87,"2020-04-17",4.6388812433304,27.1226480112955,0.0839605370749485,5.615058391122,5.22254913773014,5.22660500285504,8.25563061776509
18003,"Allen","Indiana",87,"2020-04-17",5.1793729424554,27.4692063897992,0.0949806998863579,6.3191413410917,5.82695123967518,5.84423784165991,7.29776871921642
18005,"Bartholomew","Indiana",87,"2020-04-17",4.71849887129509,-3.23415358202838,0.0552687677199571,5.37401184877176,5.10424061800044,5.10538024533479,12.541390176674
18011,"Boone","Indiana",87,"2020-04-17",4.78749174278205,-2.59997352424119,0.0565897546222074,5.46656879824854,5.17884083338342,5.1836200251375,12.2486337887024
18017,"Cass","Indiana",87,"2020-04-17",3.48343547989913,55.9313681650118,0.131100662765796,4.99082286415402,4.38100981230157,4.4011401192597,5.28713711995656
18019,"Clark","Indiana",87,"2020-04-17",4.82258306259331,-27.3292053282019,0.044110656874493,5.35191094508723,5.13080754676184,5.13135766071476,15.7138258569157
18029,"Dearborn","Indiana",87,"2020-04-17",4.08717607274349,-65.3954111168915,0.0277293305251014,4.41992803904471,4.30660975540676,4.2812813864192,24.9968956132024
18031,"Decatur","Indiana",87,"2020-04-17",4.96583715119636,-49.3113868840302,0.0378172622270909,5.41964429792145,5.23289256065218,5.230557986786,18.3288567109281
18035,"Delaware","Indiana",87,"2020-04-17",4.26669594669621,10.3018752635795,0.0595091707402614,4.98080599557935,4.6850213108832,4.68326014187804,11.6477371796242
18039,"Elkhart","Indiana",87,"2020-04-17",4.57471097850338,32.9526803999349,0.0932713758021,5.69396748812858,5.22512988126688,5.22761060911808,7.43151019912734
18043,"Floyd","Indiana",87,"2020-04-17",4.70307440096946,-32.6313468198872,0.0410950997856985,5.20392783356066,4.99085127452637,4.99074009946935,16.8669058884039
18047,"Franklin","Indiana",87,"2020-04-17",4.22160634183303,-67.9878512160221,0.028146321902784,4.55936220466644,4.42558968383585,4.41863059515252,24.6265633909127
18053,"Grant","Indiana",87,"2020-04-17",3.65989191724069,9.95265593910993,0.0506432711519297,4.25643243487518,4.01991765117566,4.0143948153042,13.6868564133724
18055,"Greene","Indiana",87,"2020-04-17",3.30636327899132,52.4496635509384,0.109951525029461,4.56852285806152,4.05169586359713,4.07602395419755,6.30411611275259
18057,"Hamilton","Indiana",87,"2020-04-17",6.16781593691543,-107.796453918717,0.0324970030238652,6.55777997320181,6.40538714866602,6.39529495808249,21.3295724547556
18059,"Hancock","Indiana",87,"2020-04-17",4.78032325330343,-81.5696370131179,0.02922500373905,5.13102329817203,4.99597396471016,4.98489827947678,23.7176079342557
18061,"Harrison","Indiana",87,"2020-04-17",4.05054193956371,-25.8747970131548,0.0375857233036813,4.5055809516214,4.31835498099258,4.31364200268948,18.4417677680306
18063,"Hendricks","Indiana",87,"2020-04-17",5.8406416573734,-49.1851115275748,0.0445221381402394,6.37490731505627,6.15180054534844,6.15229662435508,15.5685959730104
18065,"Henry","Indiana",87,"2020-04-17",3.14784005175145,6.70363488812814,0.0415569576217015,3.62777134548264,3.4427913172666,3.43873875510336,16.6794496091306
18067,"Howard","Indiana",87,"2020-04-17",3.89182029811063,-4.31559684818329,0.0443275982046756,4.35809427433914,4.20476838734747,4.20211348554336,15.6369216612966
18071,"Jackson","Indiana",87,"2020-04-17",4.26468992796934,-19.2261935144796,0.0419484601167047,4.74966446280844,4.56346363578026,4.55832914878627,16.5237812933191
18079,"Jennings","Indiana",87,"2020-04-17",4.05302641289137,-25.5421616231028,0.0376877900882799,4.50527989395073,4.32173891077462,4.31684094350933,18.3918234244119
18081,"Johnson","Indiana",87,"2020-04-17",5.76474317444589,-77.8868034068411,0.0360551530933868,6.19740501156653,6.02178250164484,6.0171292460996,19.2246356232247
18089,"Lake","Indiana",87,"2020-04-17",6.726747144985,-13.2534263055019,0.0706194769667457,7.57418086858595,7.2157891368529,7.22108348375222,9.81524092689534
18091,"LaPorte","Indiana",87,"2020-04-17",4.05550472890584,54.3531928833634,0.141900054574625,5.62588409356036,4.91613803512888,5.04880511092821,4.88475626480764
18093,"Lawrence","Indiana",87,"2020-04-17",4.27069595202955,-39.2889099289917,0.0352109352333187,4.69322717482937,4.52198595671173,4.51717249866278,19.685565747315
18095,"Madison","Indiana",87,"2020-04-17",5.6073764565451,-21.5743530678825,0.0541386577898298,6.25704035002306,5.9882812375232,5.98634706107391,12.8031836927098
18097,"Marion","Indiana",87,"2020-04-17",8.00240735539861,-104.814769887658,0.0428360528464152,8.51643998955559,8.31352750023532,8.30225972532352,16.1813970826201
18105,"Monroe","Indiana",87,"2020-04-17",4.49024021931412,-1.62399545203253,0.0536955953257431,5.13458736322304,4.86716124843463,4.86610938659432,12.9088275556865
18107,"Montgomery","Indiana",87,"2020-04-17",3.12299405316492,-26.9943454892006,0.0287471886880251,3.47824727996214,3.33392336769842,3.3242243739811,24.1118249190288
18109,"Morgan","Indiana",87,"2020-04-17",4.62497281328427,-71.8418729372582,0.0299283976679311,4.96338152326076,4.84316777452195,4.83447159695979,23.1601834568867
18111,"Newton","Indiana",87,"2020-04-17",3.25809653802148,52.4207067287627,0.107618542926976,4.47470295778397,3.98394239658073,4.01142633851031,6.44077834272741
18127,"Porter","Indiana",87,"2020-04-17",4.85425991924688,1.2458163113627,0.0601115595194842,5.57559863348069,5.27194928510241,5.27504083588327,11.5310131046471
18133,"Putnam","Indiana",87,"2020-04-17",3.61477148196022,17.0033164917911,0.0560741087481906,4.31752040428932,4.00801425686257,4.00729024319755,12.3612696845995
18137,"Ripley","Indiana",87,"2020-04-17",4.39621126966584,-48.5511953764178,0.0336742322197071,4.80030205630232,4.68823446555426,4.63193089520379,20.5839045130269
18141,"St. Joseph","Indiana",87,"2020-04-17",5.47825513198671,23.7410658027547,0.0940328759437852,6.60664964331213,6.12090569081905,6.13648526359321,7.37132809778489
18145,"Shelby","Indiana",87,"2020-04-17",4.42570169817654,4.95441983794343,0.0574426422497901,5.11501340517402,4.82536579809592,4.82780019392507,12.0667704933521
18157,"Tippecanoe","Indiana",87,"2020-04-17",3.78093759853188,-53.968635495978,0.028182871142049,4.17018098724797,3.98997983745595,3.97821769652622,24.5946261850435
18163,"Vanderburgh","Indiana",87,"2020-04-17",4.11321304652649,-6.87096889852105,0.0465241702263036,4.69293812792697,4.43999836879792,4.43888223811062,14.8986468149422
18167,"Vigo","Indiana",87,"2020-04-17",3.74106520728451,-34.3726176763726,0.0321472978951823,4.1268327820267,3.98114915708667,3.96609629255079,21.5616000704004
18173,"Warrick","Indiana",87,"2020-04-17",3.72397077392521,18.7698840022908,0.0587449571089807,4.41938993758907,4.12985157411254,4.13518547368807,11.7992626886092
18175,"Washington","Indiana",87,"2020-04-17",3.18988828799495,-37.0179895974293,0.0273044617128572,3.57737568065853,3.40242425957062,3.38101951998495,25.3858577345092
19013,"Black Hawk","Iowa",87,"2020-04-17",4.34008794545355,51.0311381006712,0.14014360487518,6.02181120395571,5.25745760032257,5.32109317957981,4.94597795723396
19031,"Cedar","Iowa",87,"2020-04-17",3.02390315052069,-19.0556550055992,0.0304399066089267,3.44140357998148,3.27434284623667,3.23698249678318,22.7710022065795
19045,"Clinton","Iowa",87,"2020-04-17",3.54302757710137,30.3402008398805,0.0685838434276479,4.36603369823315,4.02771061584727,4.02311448109491,10.106566589421
19049,"Dallas","Iowa",87,"2020-04-17",3.48343547989913,-24.5125666163821,0.0331335821824729,3.92674586563969,3.72183589027675,3.71537055517644,20.9197779081855
19061,"Dubuque","Iowa",87,"2020-04-17",3.45676723281697,-27.4723328012698,0.0320043375455235,3.88764154141401,3.69919628112538,3.68079759563563,21.6579136991666
19103,"Johnson","Iowa",87,"2020-04-17",5.21182533519459,-58.7644122986323,0.0370251631792962,5.65612729334614,5.48118998667541,5.47100147744966,18.7209757105822
19113,"Linn","Iowa",87,"2020-04-17",5.56232862562335,-53.1466624663941,0.0411577209833539,6.0562212774236,5.85414539300658,5.85043267250683,16.8412430037195
19115,"Louisa","Iowa",87,"2020-04-17",4.8283137373023,44.456959088665,0.128607422843165,6.37160281142028,5.71889578937665,5.72856569720445,5.38963587976745
19127,"Marshall","Iowa",87,"2020-04-17",3.77767495289707,56.7358003927612,0.145367628189222,5.41700831327403,4.74248381559024,4.79524835022162,4.76823615542307
19139,"Muscatine","Iowa",87,"2020-04-17",4.77551555173533,33.2693048071525,0.0979981002289552,5.95149275448279,5.46081097672616,5.46150225333802,7.0730675282534
19153,"Polk","Iowa",87,"2020-04-17",5.3025939233153,11.3972012282707,0.0751045853077224,6.20384894700797,5.82042000846731,5.82832602046936,9.22909270745516
19163,"Scott","Iowa",87,"2020-04-17",4.83967749595261,-2.75935932973921,0.057099033478118,5.52486589769003,5.23951073185433,5.23937073029944,12.1393855261242
19171,"Tama","Iowa",87,"2020-04-17",4.60517018598809,19.3750102381137,0.0735356636942846,5.48759815031951,5.1239522897754,5.11991983184808,9.42600019823876
19183,"Washington","Iowa",87,"2020-04-17",4.50456027308886,-0.308732573885756,0.0547276106948345,5.16129160142687,4.89050567103858,4.8876535479527,12.6654018284297
20031,"Coffey","Kansas",87,"2020-04-17",3.73084365321297,-25.7220759167843,0.0346339747118785,4.14645134975551,3.98013588680092,3.97328147619612,20.0135036860847
20045,"Douglas","Kansas",87,"2020-04-17",3.53472877428668,-96.4754564538803,0.0198051252789489,3.77239027763407,3.72998374964099,3.67336465123932,34.9983739459957
20091,"Johnson","Kansas",87,"2020-04-17",5.65499231048677,-77.867375790062,0.0353730226854597,6.07946858271229,5.91163251663085,5.90260346928499,19.5953618870368
20103,"Leavenworth","Kansas",87,"2020-04-17",4.46590811865458,11.5934631297878,0.0632412327353415,5.21149097712259,4.90214113154857,4.90859674780197,10.9603679526726
20111,"Lyon","Kansas",87,"2020-04-17",3.46573590279973,39.0016955991789,0.0803565209014797,4.41947239713053,4.02481818694611,4.02823154911009,8.62589834382914
20161,"Riley","Kansas",87,"2020-04-17",3.07136968775961,10.7736573980171,0.0431880198856192,3.59438093930179,3.37632775245021,3.37368582695894,16.0495244374644
20173,"Sedgwick","Kansas",87,"2020-04-17",5.3025939233153,-48.1673949833733,0.0407367292246466,5.79143467401106,5.59669317145132,5.58775102788783,17.0152880153318
20177,"Shawnee","Kansas",87,"2020-04-17",4.36944785246702,-6.13486842772595,0.0495768352573209,4.96436987555487,4.71600574574097,4.71648569926827,13.9812712320638
20209,"Wyandotte","Kansas",87,"2020-04-17",5.81028519489281,-51.7206725654445,0.0434509121396259,6.33169614056832,6.12570180473776,6.11444157987019,15.9524195564083
21001,"Adair","Kentucky",87,"2020-04-17",3.68171096463532,50.4889131931807,0.115048099931566,5.00586786308201,4.4634123765539,4.48704766415628,6.02484683338749
21015,"Boone","Kentucky",87,"2020-04-17",4.10382330617665,8.15207472438761,0.055490956898623,4.76378352130522,4.49197893344024,4.49226000446701,12.491173684863
21019,"Boyd","Kentucky",87,"2020-04-17",3.24147565678544,7.33452338624007,0.0433515961538718,3.75708674264254,3.54839709698911,3.54493682986254,15.9889656219276
21029,"Bullitt","Kentucky",87,"2020-04-17",3.44316158076119,16.5087083979539,0.0530329525336983,4.10959198930628,3.81589155091559,3.81439224849708,13.0701223945528
21031,"Butler","Kentucky",87,"2020-04-17",3.54715129428524,57.0663548269352,0.138755506686783,5.12474664977847,4.45743872916345,4.51843984109272,4.99545709652162
21037,"Campbell","Kentucky",87,"2020-04-17",3.90052862600241,-10.3531793752251,0.0426562156693613,4.45131172521315,4.20348206628002,4.19912213568794,16.2496173109377
21047,"Christian","Kentucky",87,"2020-04-17",4.2257904483556,2.98576048192495,0.053481378472154,4.86756699002145,4.6044336882363,4.60016009766068,12.9605331867211
21059,"Daviess","Kentucky",87,"2020-04-17",4.44265125649032,-53.5150257601322,0.0327834587461468,4.83605276144408,4.6828279686453,4.67213546771335,21.1431986456101
21067,"Fayette","Kentucky",87,"2020-04-17",5.21415905854081,-125.605588074882,0.025115697062355,5.51554742328907,5.40414702600093,5.3899689379773,27.5981661523891
21093,"Hardin","Kentucky",87,"2020-04-17",3.18398856586776,29.9393644267526,0.061145631581495,3.9170280216382,3.61215910581688,3.61200798693822,11.3360049218907
21101,"Henderson","Kentucky",87,"2020-04-17",3.08452777233712,-7.37000341875793,0.0350743546752184,3.55548745333762,3.34531998244269,3.33004825506365,19.7622219133709
21107,"Hopkins","Kentucky",87,"2020-04-17",4.58058471051548,-8.25390965680005,0.0506759057408222,5.18180948739855,4.93800673907984,4.93531605070124,13.6780422653912
21111,"Jefferson","Kentucky",87,"2020-04-17",6.25355404855685,-110.337921759041,0.0325133701735181,6.64371449063907,6.49647655159184,6.48114763977148,21.3188352010493
21113,"Jessamine","Kentucky",87,"2020-04-17",3.27983652465789,-35.4362005477419,0.0281660963211785,3.64571249207508,3.49977444659244,3.47699919890614,24.6092739531945
21117,"Kenton","Kentucky",87,"2020-04-17",4.5776521570942,-18.0863283234357,0.0456975362681751,5.12206905372678,4.89817978329866,4.89753491097143,15.1681520966956
21145,"McCracken","Kentucky",87,"2020-04-17",3.14784005175145,12.3160801202158,0.0449641900328118,3.67285129609958,3.46365937845671,3.46258938198113,15.4155380104509
21177,"Muhlenberg","Kentucky",87,"2020-04-17",3.84710345932883,29.8819694541266,0.0735181722408777,4.71384041341738,4.36582033082409,4.36173066501497,9.42824283347104
21199,"Pulaski","Kentucky",87,"2020-04-17",3.36235754834589,-32.5285826518949,0.0296536226978169,3.75203085044883,3.60943882637144,3.56993290723061,23.3747892331204
21209,"Scott","Kentucky",87,"2020-04-17",3.2188758248682,-5.38934746628525,0.0371867079263635,3.69596263522061,3.48148222927867,3.47918278035274,18.6396489286576
21227,"Warren","Kentucky",87,"2020-04-17",3.97834564835922,43.5356642613483,0.102417916793041,5.1684521386973,4.68157567526946,4.69527106591051,6.76783127663698
22001,"Acadia","Louisiana",87,"2020-04-17",4.62777001790533,-81.2298601921032,0.0283512465945812,4.9679849770403,4.836256715512,4.8262287440674,24.4485609564846
22003,"Allen","Louisiana",87,"2020-04-17",4.29241447598419,-63.6446572694441,0.0294718292895783,4.64607642745913,4.51442291453668,4.49871728101124,23.5189737884731
22005,"Ascension","Louisiana",87,"2020-04-17",5.99929098335745,-164.041066261025,0.0243832912713555,6.29189047861372,6.20071551227078,6.16997402225694,28.42713778243
22007,"Assumption","Louisiana",87,"2020-04-17",4.80284939843637,-49.7329135767662,0.0364589931857656,5.24035731666556,5.06114518276549,5.05806235073673,19.0116928634926
22009,"Avoyelles","Louisiana",87,"2020-04-17",4.11787505963229,-64.0952480648219,0.0283007502333064,4.47421412855515,4.33258502173555,4.31598031126544,24.4921839472721
22011,"Beauregard","Louisiana",87,"2020-04-17",3.33729357968267,-27.5505274961606,0.0305200584367659,3.70972920220254,3.5557456904666,3.55093398874003,22.7112009630017
22013,"Bienville","Louisiana",87,"2020-04-17",3.67449071666184,41.8111365524453,0.0906875882187404,4.73288215793592,4.28492209262697,4.30930383419302,7.64324197141575
22015,"Bossier","Louisiana",87,"2020-04-17",5.24250258744164,-128.600001562582,0.024893174494511,5.54122068137577,5.42104443121722,5.41675480890322,27.8448689102623
22017,"Caddo","Louisiana",87,"2020-04-17",6.9482114923269,-152.338017655997,0.0296503809404359,7.30401606361213,7.16251754287773,7.15576415890995,23.3773448628669
22019,"Calcasieu","Louisiana",87,"2020-04-17",5.60000800215401,-79.9770992252948,0.0345728379439919,6.01488205748191,5.84055561565154,5.84201786776195,20.0488945015982
22025,"Catahoula","Louisiana",87,"2020-04-17",3.02390315052069,-1.50763166082512,0.0365916169366088,3.49477867225564,3.28846520904686,3.28004446907695,18.9427863152577
22027,"Claiborne","Louisiana",87,"2020-04-17",3.73426245996176,-25.6831540021535,0.0351452179165713,4.20629052834825,3.99473381003688,3.98027898537776,19.7223753799267
22031,"De Soto","Louisiana",87,"2020-04-17",4.82945594188108,-55.5690606089073,0.0351056837962328,5.25072414743587,5.07899450762589,5.07519572845471,19.7445856512366
22033,"East Baton Rouge","Louisiana",87,"2020-04-17",7.13215518361105,-156.611150966648,0.0298902844846843,7.49083859742726,7.34385312004067,7.34138717500384,23.1897150699624
22037,"East Feliciana","Louisiana",87,"2020-04-17",4.34380542185368,-22.8175521481153,0.0414415842846201,4.84110443326912,4.63559776748113,4.63389651184602,16.7258851833323
22039,"Evangeline","Louisiana",87,"2020-04-17",3.60704943586631,-33.4457835346806,0.0319047049397353,4.06612011948736,3.84271697919009,3.83038237044446,21.7255474347507
22041,"Franklin","Louisiana",87,"2020-04-17",3.97029191355212,24.6576665361781,0.0692384085844193,4.80115281656515,4.44863877699344,4.45496077364306,10.0110212630728
22045,"Iberia","Louisiana",87,"2020-04-17",4.9894602969598,-24.2796373022183,0.0469465310911035,5.55281867005304,5.3141487517163,5.31808601459753,14.7646091084949
22047,"Iberville","Louisiana",87,"2020-04-17",5.47167025335923,-73.6058152902594,0.0351636617381725,5.8936341942173,5.72063006791664,5.71781588552644,19.7120307242487
22051,"Jefferson","Louisiana",87,"2020-04-17",8.50030858825779,-237.091261398286,0.0266391143117135,8.81997795999835,8.70146561704814,8.68678238843978,26.019903381516
22053,"Jefferson Davis","Louisiana",87,"2020-04-17",3.81928095372953,13.3843693026561,0.0558794419816967,4.50475645837011,4.20490786145446,4.21043704760141,12.4043325412409
22055,"Lafayette","Louisiana",87,"2020-04-17",5.87050683463649,-152.731556249898,0.0250094487866245,6.17062022007598,6.05473809590834,6.04557297614286,27.7154121417763
22057,"Lafourche","Louisiana",87,"2020-04-17",6.17170059741092,-123.704914513751,0.0300026891044373,6.53173286666417,6.38390053956951,6.38171942114198,23.102835154114
22061,"Lincoln","Louisiana",87,"2020-04-17",3.68530163276605,-7.24421990632451,0.0412945694033108,4.18083646560578,3.97543338668203,3.97436361858923,16.785431851588
22063,"Livingston","Louisiana",87,"2020-04-17",4.80869395043265,-77.6227019149092,0.0301253762324863,5.17019846522248,5.02012650297142,5.01957158406005,23.0087476820448
22067,"Morehouse","Louisiana",87,"2020-04-17",3.45676723281697,-33.4295828439364,0.0300051222368684,3.82354020982546,3.67862589162872,3.66680308847505,23.1009617320689
22069,"Natchitoches","Louisiana",87,"2020-04-17",3.71008166176454,10.4698636632475,0.0516186096980229,4.31170950558946,4.06915754940857,4.0714119296507,13.428241957987
22071,"Orleans","Louisiana",87,"2020-04-17",8.53873100707983,-206.099760172545,0.0296381052242665,8.89438826977103,8.78294102093746,8.7461977436497,23.3870274538476
22073,"Ouachita","Louisiana",87,"2020-04-17",5.97308233910993,-60.8262366600262,0.0418206239889093,6.47492982697684,6.26110999291994,6.2658267070323,16.5742907313809
22075,"Plaquemines","Louisiana",87,"2020-04-17",4.91580119142541,-103.723944724964,0.0264683221041053,5.23342105667467,5.11702135527127,5.10107944615415,26.1878020765221
22077,"Pointe Coupee","Louisiana",87,"2020-04-17",3.92055790787798,19.2495879831679,0.0620615709149327,4.63912799630306,4.34967507272467,4.35498890428251,11.1687018285444
22079,"Rapides","Louisiana",87,"2020-04-17",5.11884887873649,-106.596995527952,0.0271417307810602,5.44454964810921,5.32307932014906,5.30884099420391,25.5380611557621
22087,"St. Bernard","Louisiana",87,"2020-04-17",5.88808619265415,-125.556813653645,0.0283685516702899,6.22850881269763,6.10027271816608,6.08666605434618,24.4336471109264
22089,"St. Charles","Louisiana",87,"2020-04-17",6.06610809010375,-139.386942825127,0.0274004781523875,6.3949138279324,6.25945853649651,6.25791143717046,25.2969009046124
22093,"St. James","Louisiana",87,"2020-04-17",5.29330482472449,-110.144528695121,0.0275948460639944,5.63333684414856,5.51836159412213,5.48646874717245,25.1187188706358
22095,"St. John the Baptist","Louisiana",87,"2020-04-17",6.31639079273214,-138.106136280524,0.0286970227158134,6.6607550653219,6.52484218316616,6.51726995174283,24.1539753940393
22097,"St. Landry","Louisiana",87,"2020-04-17",4.71466500078438,-78.1829669173146,0.0296040784503617,5.09731806043621,4.93471221169525,4.92189354993691,23.4139083816499
22099,"St. Martin","Louisiana",87,"2020-04-17",5.11456621694449,-58.8602173915965,0.0363095152886625,5.55028040040844,5.36832492799243,5.36873282396513,19.0899596166292
22101,"St. Mary","Louisiana",87,"2020-04-17",4.81102224019224,-47.2523585470555,0.0372083755954666,5.25577081056436,5.07077001009367,5.07148086936051,18.6287944439154
22103,"St. Tammany","Louisiana",87,"2020-04-17",6.75410447419653,-201.358434219543,0.0238359041360439,7.04013532382906,6.93525108759108,6.92095580314884,29.0799617502988
22105,"Tangipahoa","Louisiana",87,"2020-04-17",5.93791306583684,-59.5150649685961,0.0419595826575392,6.44142805772731,6.22613627275012,6.23163014443961,16.5194012108555
22109,"Terrebonne","Louisiana",87,"2020-04-17",5.54014246880783,-116.939678261535,0.0278483534165794,5.87432270980678,5.74481901056318,5.73508094272389,24.8900597529505
22111,"Union","Louisiana",87,"2020-04-17",3.99426110366512,24.5168446793498,0.0694857664194754,4.82809030069882,4.47360715789858,4.48066146860145,9.97538368326425
22113,"Vermilion","Louisiana",87,"2020-04-17",3.27444567602301,-20.6855289428707,0.0317819490661078,3.64492963948195,3.50130229436376,3.49691931948576,21.8094610597408
22117,"Washington","Louisiana",87,"2020-04-17",5.07695793702733,-43.2981403337447,0.0405190206614745,5.56318618496502,5.36110476770543,5.36059108165765,17.1067111012135
22119,"Webster","Louisiana",87,"2020-04-17",4.14991441337691,-57.2443014949031,0.0298031184675002,4.50755183498691,4.36555933278509,4.35853624264941,23.2575386805851
22121,"West Baton Rouge","Louisiana",87,"2020-04-17",4.25053397873921,-40.6813808774142,0.0346469362207981,4.66629721338879,4.49458014474571,4.4930625322848,20.0060165823222
22125,"West Feliciana","Louisiana",87,"2020-04-17",3.89763426797605,11.5609980079577,0.0552506876593992,4.55481155001491,4.28299273358658,4.28438908159184,12.5454941815919
23001,"Androscoggin","Maine",87,"2020-04-17",3.26357600378611,0.284934411596606,0.0400863136290198,3.7566915109409,3.55093009255068,3.54418019918925,17.2913674970141
23005,"Cumberland","Maine",87,"2020-04-17",5.54907608489522,-119.85919708993,0.0274898353153712,5.87895410867967,5.75330817125049,5.74150493210282,25.2146719908637
23011,"Kennebec","Maine",87,"2020-04-17",4.21106883653024,45.1601762583787,0.112233112574316,5.48144543610312,4.96566990758201,4.99670062455045,6.17595970263209
23019,"Penobscot","Maine",87,"2020-04-17",3.47903986842609,-34.3946297890767,0.0297363749811263,3.81799085697088,3.70362690264874,3.68719449329397,23.3097403768915
23027,"Waldo","Maine",87,"2020-04-17",3.45225255246244,43.6716568771078,0.089089472354282,4.48372553328373,4.06512299632698,4.07587885894241,7.78034892611675
23031,"York","Maine",87,"2020-04-17",4.94266231051005,-98.6914271206629,0.027415531293581,5.28273785023131,5.15276990575378,5.13457102956512,25.2830110471811
24003,"Anne Arundel","Maryland",87,"2020-04-17",6.63763242290246,-12.5229210086029,0.0702224640550237,7.48030199156274,7.12543372763662,7.12918967128763,9.87073281872907
24005,"Baltimore","Maryland",87,"2020-04-17",7.21176757033756,-50.3967242462682,0.0544708912655808,7.86541826552453,7.60048750889651,7.59306380919663,12.7250934298175
24009,"Calvert","Maryland",87,"2020-04-17",4.54632968596516,-9.21040756264454,0.0498444180598873,5.14446270268381,4.90331561756796,4.89524061238437,13.9062147285407
24013,"Carroll","Maryland",87,"2020-04-17",5.52942908751142,-31.7926127911624,0.0485921621086185,6.11253503281484,5.87708452994677,5.86957422227175,14.2645881656911
24015,"Cecil","Maryland",87,"2020-04-17",4.4724547868809,34.4829450671393,0.0941231478508141,5.60193256109067,5.12423972049848,5.1313168218366,7.36425838263069
24017,"Charles","Maryland",87,"2020-04-17",5.64947712979866,-13.7836709002463,0.0589816309679997,6.35725670141466,6.06496995451268,6.06234854657466,11.7519161336181
24021,"Frederick","Maryland",87,"2020-04-17",6.0671019613136,-0.614865347369722,0.0734383810444202,6.94836253384664,6.57539377411546,6.58117062862454,9.43848667007905
24025,"Harford","Maryland",87,"2020-04-17",4.96284463025991,9.27081021108219,0.0682373149579088,5.78169240975481,5.44053489989665,5.44050583496527,10.1578906055653
24027,"Howard","Maryland",87,"2020-04-17",5.94129843675862,-29.4767894148485,0.0532962822839178,6.58085382416563,6.31998569092071,6.31437241274604,13.0055446807235
24031,"Montgomery","Maryland",87,"2020-04-17",7.48781374543969,-35.2350185411064,0.0638701118370551,8.25425508748435,7.93469990010219,7.93490452829908,10.8524497706893
24033,"Prince George's","Maryland",87,"2020-04-17",7.75668446110143,-26.4163587993246,0.071545332706283,8.61522845357683,8.2540548025588,8.25750179004541,9.68822359671652
24037,"St. Mary's","Maryland",87,"2020-04-17",4.50771484983738,-13.517188954732,0.0471927084451124,5.07402735117873,4.84509047567294,4.83806380895317,14.687590591799
24043,"Washington","Maryland",87,"2020-04-17",4.5417738694293,21.5749106279485,0.0751637095886534,5.44373838449314,5.06721779536381,5.06791983654987,9.22183304088257
24045,"Wicomico","Maryland",87,"2020-04-17",4.14086457785699,52.9476367472982,0.14032213233244,5.76055514890501,5.08746355364473,5.12311950418407,4.93968534427482
24510,"Baltimore city","Maryland",87,"2020-04-17",6.85781445305531,-7.77468522512698,0.0763891784845365,7.77448459486975,7.38713162186807,7.39253870244707,9.07389232756652
25001,"Barnstable","Massachusetts",87,"2020-04-17",6.19090071462022,-106.271460195323,0.0328828421907252,6.58549482090892,6.44011730370455,6.4210806099553,21.0792965078746
25003,"Berkshire","Massachusetts",87,"2020-04-17",5.77941988886182,-98.0439267386913,0.0321000546563831,6.16462054473842,6.03666172978371,6.0041202714565,21.593333344126
25005,"Bristol","Massachusetts",87,"2020-04-17",7.25053411772876,-49.7653801077988,0.0550260934381779,7.91084723898689,7.63988709319659,7.63571677179601,12.5966998064055
25009,"Essex","Massachusetts",87,"2020-04-17",8.18275887682059,-43.86565080021,0.0650118505310818,8.96290108319357,8.63317911032786,8.63784183053816,10.6618589518315
25011,"Franklin","Massachusetts",87,"2020-04-17",5.0058620153436,-69.2026300166478,0.0331069771391704,5.40314574101364,5.2484624388217,5.23761085531779,20.9365892164117
25013,"Hampden","Massachusetts",87,"2020-04-17",7.48957177689775,-44.4410390185876,0.0592337095220859,8.20037629116278,7.90694502507527,7.90420774355235,11.701903969082
25015,"Hampshire","Massachusetts",87,"2020-04-17",5.41610040220442,-61.4264878086447,0.0377622047709236,5.8692468594555,5.68724779433071,5.68043583560089,18.3555802624549
25017,"Middlesex","Massachusetts",87,"2020-04-17",8.70804965066003,-55.1423814488271,0.0634964156132094,9.47000663801854,9.14566132667598,9.1525245599525,10.9163198247642
25021,"Norfolk","Massachusetts",87,"2020-04-17",7.95160963170102,-61.3017199951843,0.055488584728559,8.61747264844373,8.34162991415592,8.34002972480093,12.4917076899818
25023,"Plymouth","Massachusetts",87,"2020-04-17",7.67925142595306,-61.7866134278814,0.0534072765390272,8.32013874442139,8.05452436128529,8.05310236172625,12.9785157656079
25025,"Suffolk","Massachusetts",87,"2020-04-17",8.6658102214588,-61.250551610212,0.0604940792482158,9.39173917243739,9.08983674355334,9.08926877619631,11.4580995226965
25027,"Worcester","Massachusetts",87,"2020-04-17",7.69335140706538,-43.7006674252908,0.0612037435015042,8.42779632908343,8.12016055551879,8.12177761157591,11.3252415768148
26005,"Allegan","Michigan",87,"2020-04-17",3.12299405316492,29.4970958756401,0.0597032726001271,3.85103446843652,3.54235132584196,3.54091696136581,11.6098691139164
26017,"Bay","Michigan",87,"2020-04-17",4.07753744390572,-1.39807280816886,0.0488924660559581,4.66424703657722,4.42411534429348,4.41978470629743,14.1769731918744
26021,"Berrien","Michigan",87,"2020-04-17",4.70695288029804,5.36915537104645,0.0614237374400491,5.44403772957863,5.13852428460751,5.13691904237838,11.2846793348658
26023,"Branch","Michigan",87,"2020-04-17",4.16998197642772,55.39058572825,0.151917249441706,5.8654360187196,5.14996083287904,5.23340272251966,4.56266278587359
26025,"Calhoun","Michigan",87,"2020-04-17",4.52798054729696,32.4861591916333,0.0908154120123327,5.58640479747287,5.16073568394311,5.16368843138329,7.63248401566263
26037,"Clinton","Michigan",87,"2020-04-17",4.53413441287134,-88.9218157328315,0.0265275347879446,4.85246483032667,4.73556044604402,4.71982715638695,26.1293477174119
26045,"Eaton","Michigan",87,"2020-04-17",4.31748811353631,-42.2266954491262,0.0347549139734175,4.73454708121732,4.56457717928255,4.56077251135023,19.9438612073707
26049,"Genesee","Michigan",87,"2020-04-17",6.92643682992772,-64.3787012540312,0.0473186110451091,7.49426016246903,7.26098635935872,7.25766710724348,14.6485107075346
26059,"Hillsdale","Michigan",87,"2020-04-17",4.3603651378927,-45.8996124238293,0.0340920903141088,4.76947022166201,4.61468513361934,4.59900977009146,20.3316128220243
26065,"Ingham","Michigan",87,"2020-04-17",5.52602192918981,-71.6750748594185,0.0359591295741681,5.95753148407983,5.78834798669575,5.77773583620899,19.2759721597344
26073,"Isabella","Michigan",87,"2020-04-17",3.71357206670431,-14.16991304876,0.038614697143601,4.17694843242752,4.00136209742724,3.98387494670952,17.9503461591906
26075,"Jackson","Michigan",87,"2020-04-17",5.61729044330276,37.2698600879054,0.123873158164123,7.02734159400371,6.44386139167761,6.48440255045162,5.59562047850251
26077,"Kalamazoo","Michigan",87,"2020-04-17",4.57323713888508,7.73897496093053,0.0615832751632374,5.31223644084393,5.00038105114328,5.00432006502774,11.2554452279882
26081,"Kent","Michigan",87,"2020-04-17",5.73887379446747,-7.42983933608625,0.0641718003417205,6.50893539856812,6.17980109084619,6.18807639685951,10.8014295511249
26087,"Lapeer","Michigan",87,"2020-04-17",4.76583024600086,9.26703276296495,0.0655250353044051,5.55213066965372,5.21947230312051,5.2245054931317,10.5783564608526
26091,"Lenawee","Michigan",87,"2020-04-17",4.00733318523247,18.9911063668359,0.0635994849959284,4.77052700518361,4.45452994273789,4.45252958020397,10.8986288270152
26093,"Livingston","Michigan",87,"2020-04-17",5.43559174545139,-61.2238925705252,0.0379517107648421,5.8910122746295,5.70048272639527,5.70125372080529,18.2639245133072
26099,"Macomb","Michigan",87,"2020-04-17",8.15059158981351,-111.007492272732,0.0422294051585116,8.65734445171565,8.44817664930054,8.44619742592309,16.4138513900009
26103,"Marquette","Michigan",87,"2020-04-17",3.21314515015922,12.2021417092186,0.0465502042221991,3.80770700837438,3.54448529713903,3.53899657971461,14.8903144925279
26111,"Midland","Michigan",87,"2020-04-17",3.41538201665411,8.81710068247467,0.0464068438084105,3.95306950377595,3.74346459525618,3.74022992331298,14.9363137778037
26115,"Monroe","Michigan",87,"2020-04-17",5.24927717112339,-67.9155679730394,0.0350148903285842,5.6694558550664,5.50586579634187,5.49438140342348,19.7957832812087
26117,"Montcalm","Michigan",87,"2020-04-17",3.0513021247088,-7.78587896190158,0.0341567472945318,3.47667454585347,3.31095045100928,3.29039935577052,20.2931261159903
26121,"Muskegon","Michigan",87,"2020-04-17",4.43421238784445,39.3350146985622,0.102740263485565,5.61629499330427,5.13367954671185,5.15339423224341,6.7465972642491
26125,"Oakland","Michigan",87,"2020-04-17",8.50927622045639,-155.231233958204,0.0358691226213305,8.93970569191236,8.77292083939692,8.7603600788057,19.324341659468
26137,"Otsego","Michigan",87,"2020-04-17",3.500827222611,9.83158412288669,0.0489014873966384,4.11596072820967,3.84797913199008,3.84313763438747,14.1743578255167
26139,"Ottawa","Michigan",87,"2020-04-17",4.14313472639153,-51.5327547607415,0.0310271044270376,4.51545997951598,4.36841477646474,4.36032445738079,22.3400537484872
26145,"Saginaw","Michigan",87,"2020-04-17",5.71514623330651,-15.7749171383268,0.0584520693095656,6.4165710650213,6.12460686762596,6.12431071847347,11.8583856610618
26147,"St. Clair","Michigan",87,"2020-04-17",5.32370660055286,-50.0428257892177,0.040318029917439,5.80752295956213,5.61225323135095,5.60593280997493,17.1919903323484
26149,"St. Joseph","Michigan",87,"2020-04-17",3.07797037179096,-6.52469638370413,0.0350287592867687,3.52125539200028,3.3382662311843,3.32317168679834,19.7879455245726
26151,"Sanilac","Michigan",87,"2020-04-17",3.17208366336144,-4.787411914824,0.0365500432997659,3.61068418295863,3.44635662516701,3.4279339664598,18.9643326787628
26155,"Shiawassee","Michigan",87,"2020-04-17",4.10382330617665,43.3571043375161,0.10474692984852,5.30468783928412,4.81364370937666,4.83705181511629,6.61735080505311
26157,"Tuscola","Michigan",87,"2020-04-17",3.81928095372953,-6.61352434994389,0.0431004294406213,4.33648610701699,4.12899306944323,4.12098395981388,16.0821409335348
26159,"Van Buren","Michigan",87,"2020-04-17",3.14168618617707,11.4917191037055,0.0444384826275137,3.66654280723601,3.45945371921433,3.45275556456967,15.5979038791659
26161,"Washtenaw","Michigan",87,"2020-04-17",6.63181354210096,-76.0038515594608,0.0419724802696043,7.13548330533621,6.92725759180327,6.92562090398819,16.5143250079007
26163,"Wayne","Michigan",87,"2020-04-17",9.34055376612676,-150.493125785179,0.0401756126534139,9.82266111796773,9.64373377515154,9.62178305470066,17.2529336774419
27003,"Anoka","Minnesota",87,"2020-04-17",4.18531634042783,2.15065135189826,0.0524151594382145,4.8142982536864,4.54875715753909,4.55222245649533,13.2241738456793
27017,"Carlton","Minnesota",87,"2020-04-17",3.26357600378611,34.7133892033309,0.0687239386658085,4.07440940409395,3.73378007519423,3.74464357444677,10.0859641344276
27027,"Clay","Minnesota",87,"2020-04-17",3.63381967693091,-1.56640476839277,0.0433932149845303,4.14693354741351,3.93856983783946,3.93757218182262,15.9736304582883
27037,"Dakota","Minnesota",87,"2020-04-17",4.4274096405217,-73.9889701807307,0.0284263009126671,4.77530501636652,4.64280273581902,4.62639374691037,24.3840091149907
27047,"Freeborn","Minnesota",87,"2020-04-17",3.25258688221051,4.71990696568901,0.0420726815834357,3.75625292597208,3.54972660282671,3.54709565329456,16.474994092909
27053,"Hennepin","Minnesota",87,"2020-04-17",6.28226674689601,-8.5346170156501,0.0693907695639784,7.11495598166375,6.75505562039336,6.76800213384386,9.98904011175237
27091,"Martin","Minnesota",87,"2020-04-17",3.42006586596654,-98.1205863063475,0.0192943500001193,3.7068418344228,3.602072197298,3.55512631596738,35.9248785554143
27109,"Olmsted","Minnesota",87,"2020-04-17",4.89356628917353,-71.8779581314558,0.0318016066017267,5.27518556839425,5.12084779793598,5.11617753538562,21.795979971726
27123,"Ramsey","Minnesota",87,"2020-04-17",4.90844435319971,-31.3847023382154,0.0434724292545487,5.45077760200071,5.21969985643523,5.21275135798155,15.9445237463333
27137,"St. Louis","Minnesota",87,"2020-04-17",3.66356164612965,-31.5800609304909,0.0323034355796052,4.05666740835101,3.89976599398178,3.88968569518689,21.4573827248754
27163,"Washington","Minnesota",87,"2020-04-17",4.32696685749085,-84.4057611724339,0.02600250632553,4.63899693339721,4.52169136561385,4.50898440176956,26.6569372922099
27169,"Winona","Minnesota",87,"2020-04-17",3.65620867182439,38.4321739210217,0.0825743446314285,4.58847682106483,4.21594281854084,4.23422908424439,8.39421958059511
28001,"Adams","Mississippi",87,"2020-04-17",4.07995582477,23.1936941442489,0.0693795633886258,4.91251058543351,4.56496372751853,4.56561276849038,9.99065353982295
28007,"Attala","Mississippi",87,"2020-04-17",3.04452243772342,27.7042272046867,0.0562784009085896,3.73102007991941,3.44595948082271,3.43847124408355,12.3163979318778
28011,"Bolivar","Mississippi",87,"2020-04-17",4.19612725653204,-44.6577956910907,0.0332020413461899,4.60372186550714,4.43780337975556,4.42854154595537,20.8766434970869
28013,"Calhoun","Mississippi",87,"2020-04-17",3.16607763930123,47.2149736603802,0.0901133483882036,4.21595537789344,3.78563193214657,3.79687107801866,7.69194789626397
28017,"Chickasaw","Mississippi",87,"2020-04-17",3.32194801000801,25.8781668803239,0.0591917231734782,4.03224868808975,3.73710978917394,3.73629007222236,11.7102044576145
28027,"Coahoma","Mississippi",87,"2020-04-17",3.46573590279973,-17.4672941847779,0.0354992776945967,3.95700843013073,3.78050178302325,3.71423084666191,19.525669973433
28029,"Copiah","Mississippi",87,"2020-04-17",3.3722098447889,-8.08312113287183,0.0379055679031787,3.86951867987049,3.65565176071815,3.63754882011115,18.2861573880237
28033,"DeSoto","Mississippi",87,"2020-04-17",5.10247625966657,-125.76310322428,0.0245591068889573,5.39718554233406,5.29197436985116,5.27439000788927,28.2236314086653
28035,"Forrest","Mississippi",87,"2020-04-17",4.6291656915443,7.99108578447901,0.0625487583571856,5.37975079183053,5.05876809133881,5.0670070000446,11.0817096736232
28045,"Hancock","Mississippi",87,"2020-04-17",3.6959969218828,-25.2262973176826,0.0344359385744587,4.10566945089187,3.93904915472532,3.93704849190401,20.1285984716576
28047,"Harrison","Mississippi",87,"2020-04-17",4.62777001790533,-65.7962199613774,0.0313118293493208,5.00351197009718,4.85851788976507,4.84695282335058,22.1369110321553
28049,"Hinds","Mississippi",87,"2020-04-17",5.50475064715623,-57.672616352293,0.0394118102096099,5.97769236967155,5.7857628118145,5.7806333186235,17.5872962158671
28051,"Holmes","Mississippi",87,"2020-04-17",3.75787232560089,-13.1773837318157,0.0396381112697107,4.24830906195819,4.04451800827387,4.03533910448886,17.4868871991288
28059,"Jackson","Mississippi",87,"2020-04-17",5.04985600724954,-40.3930807600078,0.0412593259021844,5.54496791807575,5.33593662256107,5.33867128856483,16.7997698799836
28067,"Jones","Mississippi",87,"2020-04-17",3.68530163276605,46.598288237738,0.10347861413189,4.90506344063817,4.39534751016479,4.40965193168928,6.69845828894159
28071,"Lafayette","Mississippi",87,"2020-04-17",3.3322045101752,-42.3225169526186,0.0269260786295227,3.67063081044064,3.54249803854462,3.52068706058186,25.7425966141225
28073,"Lamar","Mississippi",87,"2020-04-17",3.75453342433537,34.211705443886,0.0777599501649481,4.64913480513066,4.28929755865235,4.29885307549001,8.91393550394012
28075,"Lauderdale","Mississippi",87,"2020-04-17",5.04893983677776,-10.6215067527401,0.0545115277627288,5.7030781699305,5.42846655706348,5.43052053111686,12.7156073037797
28079,"Leake","Mississippi",87,"2020-04-17",3.58747933967221,53.4256270737626,0.122612996614553,4.97494545024236,4.42406555367761,4.44577031597408,5.6531297635513
28081,"Lee","Mississippi",87,"2020-04-17",3.61091791264422,-45.0546706397166,0.0284954375556491,3.9624236840354,3.86554966017158,3.81038597553376,24.3248477657621
28083,"Leflore","Mississippi",87,"2020-04-17",3.78743112784243,17.9127337314168,0.058867415422447,4.47906071179102,4.19835244149576,4.19950303579956,11.7747173981693
28085,"Lincoln","Mississippi",87,"2020-04-17",4.12019794104844,42.1200119213775,0.103314924089886,5.35997703012707,4.82864423284442,4.84340240967764,6.7090711885622
28087,"Lowndes","Mississippi",87,"2020-04-17",3.05803615689015,-19.6707570731496,0.0301639691353199,3.42876120794293,3.27900822573559,3.26918394083739,22.9793094353859
28089,"Madison","Mississippi",87,"2020-04-17",4.58350868920691,-106.028761458804,0.0243766360723018,4.87602832207453,4.76677421243537,4.75414514171302,28.4348988311615
28091,"Marion","Mississippi",87,"2020-04-17",3.28519846779927,49.9711553836027,0.101443077220606,4.46642148435527,3.98362828112629,3.99530000834351,6.83286824050666
28093,"Marshall","Mississippi",87,"2020-04-17",3.43398720448515,-45.1014812039215,0.0270176804546885,3.75819936994141,3.64086932270986,3.62311096766797,25.6553178842435
28095,"Monroe","Mississippi",87,"2020-04-17",3.69953674858792,46.8864543652899,0.10396551124467,4.89818385846174,4.41524302841347,4.42729532730061,6.66708769342467
28099,"Neshoba","Mississippi",87,"2020-04-17",3.55125807623789,46.947641778079,0.0999530322235682,4.70302587755054,4.24278583854974,4.25092930180287,6.93472889356233
28105,"Oktibbeha","Mississippi",87,"2020-04-17",3.54715129428524,-60.1572272680047,0.0253206815870385,3.90336606599387,3.76604364026897,3.72439606539451,27.3747441662377
28107,"Panola","Mississippi",87,"2020-04-17",3.12926366617852,-27.3424889259936,0.02911293198031,3.53263562642398,3.3558975090074,3.33305419004069,23.8089101100755
28109,"Pearl River","Mississippi",87,"2020-04-17",4.44265125649032,-5.97677890580708,0.0503240157382946,5.03123299511984,4.79527605505423,4.79491936665838,13.7736857917817
28113,"Pike","Mississippi",87,"2020-04-17",4.11787505963229,40.0338552783719,0.0968684359444698,5.22761603313702,4.79004267812372,4.79595411124358,7.15555251617043
28121,"Rankin","Mississippi",87,"2020-04-17",4.57618264911484,-78.7500466697082,0.0286627098509631,4.95148446443418,4.78016651993825,4.77682161807158,24.1828907372711
28123,"Scott","Mississippi",87,"2020-04-17",4.24440525679783,34.9987948403009,0.090304179273198,5.32805540807621,4.86783316720797,4.87653451171022,7.67569326401784
28129,"Smith","Mississippi",87,"2020-04-17",3.3964241029095,46.1168170140531,0.0938316228646858,4.49295676749811,4.04648984892182,4.0532454629623,7.38713835909595
28133,"Sunflower","Mississippi",87,"2020-04-17",3.63381967693091,-18.2421936453934,0.0362504006026199,4.06882448416235,3.89705264068727,3.88757248114925,19.1210902234788
28137,"Tate","Mississippi",87,"2020-04-17",3.16003532484527,-6.83815603711553,0.035454386714059,3.57515497967251,3.4497127330137,3.40821603184368,19.5503926256067
28139,"Tippah","Mississippi",87,"2020-04-17",3.58351893845611,-48.7248401478313,0.0279124931087455,3.98380611707315,3.84954382799241,3.77890639021733,24.8328652642916
28143,"Tunica","Mississippi",87,"2020-04-17",3.03082359336526,12.6974366835872,0.0440918650449495,3.58478164955573,3.34846719391359,3.33946664867991,15.7205230455395
28151,"Washington","Mississippi",87,"2020-04-17",4.00992722040952,-26.2329522859358,0.0369845419340119,4.44676066566925,4.2768922123872,4.2688190139476,18.7415375265878
28157,"Wilkinson","Mississippi",87,"2020-04-17",3.81299162482197,-16.2135029535618,0.038802049989979,4.2765098511748,4.10429916304375,4.08460597475182,17.8636742321335
28163,"Yazoo","Mississippi",87,"2020-04-17",4.16998197642772,8.14766250210975,0.0559193760125271,4.80080914209891,4.56523006773251,4.56141760851541,12.3954741627422
29019,"Boone","Missouri",87,"2020-04-17",4.24645234041956,-198.851740620995,0.0151650540322572,4.44111246995795,4.37996804577144,4.35260771864536,45.7068718044506
29021,"Buchanan","Missouri",87,"2020-04-17",3.15395627876888,18.4285273567501,0.0492875323698913,3.72473140414454,3.49824611715335,3.49896900535812,14.0633370597262
29029,"Camden","Missouri",87,"2020-04-17",3.30636327899132,-23.1145573983259,0.0316975983295213,3.7122501989518,3.53341731129406,3.52824646729797,21.8674983938575
29031,"Cape Girardeau","Missouri",87,"2020-04-17",3.3770998300831,-63.7818457052642,0.0230978506154408,3.64442150192872,3.54714035326942,3.53878478439119,30.0091637139856
29037,"Cass","Missouri",87,"2020-04-17",3.5305534028762,32.1220430729886,0.0696762627929396,4.31142478793665,4.00512749964057,4.01828724242678,9.94811077367633
29047,"Clay","Missouri",87,"2020-04-17",3.88008995832514,-32.5568120648689,0.0333996994758935,4.22695948959376,4.11734519751721,4.11388785465639,20.7530963283136
29051,"Cole","Missouri",87,"2020-04-17",3.52636052461616,-92.448863661701,0.0202142934645572,3.76893204619085,3.68386433979628,3.66786057886806,34.2899533825051
29071,"Franklin","Missouri",87,"2020-04-17",4.41539232851768,-40.5067813548477,0.0360349686380254,4.84694764772367,4.67030638377808,4.66763710898386,19.235404018876
29077,"Greene","Missouri",87,"2020-04-17",4.08477511120595,-175.752743097771,0.0159520404640398,4.30310667318138,4.22907835370328,4.19643939445423,43.4519447291076
29095,"Jackson","Missouri",87,"2020-04-17",5.40909177204994,-59.8987453184089,0.0381193770241759,5.86652429634005,5.68419382509367,5.67592741121917,18.1835915135848
29099,"Jefferson","Missouri",87,"2020-04-17",4.91998092582813,-1.88604848821323,0.0585378265715909,5.61296087703819,5.32144832557621,5.32974571182927,11.8410132585335
29101,"Johnson","Missouri",87,"2020-04-17",3.66356164612965,-80.0022252031656,0.0228007128012909,3.96737476364292,3.83120693295686,3.82316663573869,30.400241720544
29107,"Lafayette","Missouri",87,"2020-04-17",3.30111392310517,-48.5844985851844,0.0254523061490642,3.62910431010092,3.50998172818383,3.47928006614862,27.2331778700309
29113,"Lincoln","Missouri",87,"2020-04-17",3.31158522297247,-27.4655426648337,0.0302523071859427,3.67461290920378,3.52721692528681,3.52335137327407,22.9122088540086
29157,"Perry","Missouri",87,"2020-04-17",3.5715427474094,-45.5965526544161,0.0281949990861542,3.93592467452154,3.78090805417864,3.76890774101248,24.5840469241346
29165,"Platte","Missouri",87,"2020-04-17",3.21314515015922,-51.6262090800643,0.0243109662133713,3.54031384872679,3.41336355457517,3.38332191365282,28.5117084395727
29183,"St. Charles","Missouri",87,"2020-04-17",5.8857071272973,-66.055849095423,0.0397532901486649,6.36274660908128,6.16405212907207,6.16398015833795,17.4362217056196
29187,"St. Francois","Missouri",87,"2020-04-17",3.07797037179096,-42.7790218450106,0.0251211714187703,3.43604925426024,3.2656945163911,3.25381857172235,27.5921520141386
29189,"St. Louis","Missouri",87,"2020-04-17",7.4714443923052,-107.18308199054,0.0394931952354958,7.94536273513115,7.75205760649445,7.74789675895367,17.5510534517844
29195,"Saline","Missouri",87,"2020-04-17",3.55942138687705,51.6007119371739,0.114935707820378,4.87319218458102,4.33486767921713,4.3639713416197,6.03073834672162
29201,"Scott","Missouri",87,"2020-04-17",3.2470467018349,57.0861894818738,0.127714939093251,4.71444506202229,4.09968988453697,4.14105127548766,5.42729915138466
29510,"St. Louis city","Missouri",87,"2020-04-17",6.45878601113378,-82.4051223030561,0.0392857954828681,6.9302155569282,6.74791524092508,6.73378657951386,17.6437099475869
30029,"Flathead","Montana",87,"2020-04-17",3.48343547989913,-356.864503548442,0.00806166999218331,3.6347208387971,3.5523052144364,3.53986716984441,85.9805947442687
30031,"Gallatin","Montana",87,"2020-04-17",4.80519131988145,-1056.08341115716,0.00426241361483336,4.90213118991028,4.87151436046732,4.83502821518528,162.618470002012
30063,"Missoula","Montana",87,"2020-04-17",3.24147565678544,-47.3986304104957,0.0251268559540111,3.55290301841898,3.41415999779131,3.41736364846352,27.5859097464717
30101,"Toole","Montana",87,"2020-04-17",3.23023958351852,23.2445028036475,0.0552987331015164,3.91268935492619,3.61447352817357,3.61733071522913,12.5345942245635
30111,"Yellowstone","Montana",87,"2020-04-17",3.98898404656427,-132.212496886865,0.0186868003530869,4.22718776669815,4.1305102797398,4.11979164903588,37.0928766542658
31001,"Adams","Nebraska",87,"2020-04-17",4.12943588203337,42.2203704135965,0.101925340032906,5.27765635237209,4.83307191482638,4.84291326226371,6.80053831889271
31019,"Buffalo","Nebraska",87,"2020-04-17",3.64133850934494,13.9086846267803,0.0540930020226804,4.3323796844827,4.02022335585365,4.0199895235037,12.8139898811554
31055,"Douglas","Nebraska",87,"2020-04-17",5.38318358719128,-39.5725507531682,0.044279597276205,5.91453875450574,5.71753899484709,5.69314076812472,15.65387273593
31067,"Gage","Nebraska",87,"2020-04-17",3.25809653802148,-14.7230075357354,0.0337411577021414,3.66844014311435,3.51697596345203,3.49428464193647,20.5430764017903
31079,"Hall","Nebraska",87,"2020-04-17",5.51859968558121,43.9969385273898,0.145214608290404,7.26117498506605,6.51018401655674,6.53510194361403,4.77326068444694
31109,"Lancaster","Nebraska",87,"2020-04-17",4.00992722040952,-13.02705970925,0.0421242767555761,4.50843748352802,4.31801009095971,4.30479715769855,16.4548149890358
31153,"Sarpy","Nebraska",87,"2020-04-17",3.68887945411394,-26.6415532796483,0.0339545905112254,4.09633454024865,3.94612744075164,3.92656158769252,20.4139461004776
32003,"Clark","Nevada",87,"2020-04-17",7.73942139367765,-114.14378157514,0.0394578983413389,8.21291617377372,8.03511029658899,8.01562668206702,17.5667536715648
32031,"Washoe","Nevada",87,"2020-04-17",6.16451708851971,-50.111726196569,0.0466613923380846,6.72445379657672,6.49170295056017,6.4911468348863,14.8548327820515
33003,"Carroll","New Hampshire",87,"2020-04-17",3.13549421592915,-81.7620002152665,0.0188895968921525,3.3200733330248,3.28038044131574,3.26772139417422,36.6946517978849
33005,"Cheshire","New Hampshire",87,"2020-04-17",3.05803615689015,15.9222930115708,0.0462732528119903,3.61290947445609,3.37303576381877,3.38194892657408,14.9794349529786
33009,"Grafton","New Hampshire",87,"2020-04-17",3.25809653802148,-1350.1428239533,0.00233741901359101,3.37556689504947,3.34578876161717,3.27445847111662,296.543827413748
33011,"Hillsborough","New Hampshire",87,"2020-04-17",6.03102860790412,-39.3968171573513,0.0496802860991558,6.62719204109399,6.37415571395522,6.37879061059821,13.9521575857375
33013,"Merrimack","New Hampshire",87,"2020-04-17",4.30406509320417,-48.1336575243423,0.0330741883005868,4.70095535281121,4.53528945843424,4.53558441130828,20.957345173839
33015,"Rockingham","New Hampshire",87,"2020-04-17",5.83814685358462,-64.8596928924705,0.0397532279865195,6.31518558942285,6.1158189330106,6.11641944949026,17.4362489706495
33017,"Strafford","New Hampshire",87,"2020-04-17",4.16111273868694,-0.477626278298152,0.0501300208592859,4.7361653760669,4.50721918674339,4.51202288470194,13.8269876748226
34001,"Atlantic","New Jersey",87,"2020-04-17",5.66840199739669,4.73651280226984,0.0733645633012953,6.54877675701223,6.17737029575956,6.18195394050576,9.44798345917105
34003,"Bergen","New Jersey",87,"2020-04-17",9.20011686095557,-142.988118509738,0.0408915676165245,9.69081567235386,9.4975731120844,9.48635783427124,16.9508585990194
34005,"Burlington","New Jersey",87,"2020-04-17",7.06451479772587,-68.5590660973157,0.046921882426925,7.62757738684897,7.39467171313045,7.39296797471435,14.77236514625
34007,"Camden","New Jersey",87,"2020-04-17",7.28285935838924,-33.064770965767,0.0632935632449655,8.04238211732883,7.72085292011086,7.725914301104,10.9513060258158
34009,"Cape May","New Jersey",87,"2020-04-17",5.09287339233323,-6.37969828528069,0.0576249239490946,5.78437247972236,5.49237058416819,5.49624785997689,12.0286003530741
34011,"Cumberland","New Jersey",87,"2020-04-17",5.29114887706943,20.5289354036842,0.085813799610452,6.30483121443482,5.88658471554269,5.89184547434259,8.07733935225403
34013,"Essex","New Jersey",87,"2020-04-17",8.98076546950208,-93.7254539701905,0.051106799081171,9.59404705847613,9.342782284432,9.33851306307028,13.562719501549
34015,"Gloucester","New Jersey",87,"2020-04-17",6.33733129233011,-48.4986268193844,0.0485624366078675,6.92008053162452,6.67741962424968,6.67726834858518,14.2733196473846
34017,"Hudson","New Jersey",87,"2020-04-17",8.99323214283876,-90.0798150505465,0.0522619816867952,9.6203759230803,9.35962263732315,9.35906601464633,13.2629333635674
34019,"Hunterdon","New Jersey",87,"2020-04-17",5.77499510288147,-82.8374189366139,0.0350344911982768,6.19540899726079,6.02784742136607,6.02023654126941,19.7847080648923
34021,"Mercer","New Jersey",87,"2020-04-17",7.44683510957613,-41.5369837128035,0.0602802082887858,8.17019760904156,7.86454380982605,7.86879656759763,11.4987522478235
34023,"Middlesex","New Jersey",87,"2020-04-17",8.71440336070394,-103.465115782773,0.0469867517884642,9.27824438216551,9.04698479230132,9.04331062322319,14.7519705912108
34025,"Monmouth","New Jersey",87,"2020-04-17",8.23921625238531,-132.212569152892,0.0384628048903361,8.70076991106934,8.52941177459503,8.50845588661766,18.021233306729
34027,"Morris","New Jersey",87,"2020-04-17",8.07908682087801,-115.842901972312,0.0408358689664221,8.56911724847507,8.37145071689111,8.36493790364296,16.9739789578103
34029,"Ocean","New Jersey",87,"2020-04-17",8.21790112591931,-119.227665663311,0.0408388235227521,8.70796700819234,8.51333408862966,8.50377289057857,16.9727509455256
34031,"Passaic","New Jersey",87,"2020-04-17",8.73969653784302,-82.0019997911048,0.0532901827354245,9.37917873066811,9.11376362885932,9.11272781699099,13.0070332841846
34033,"Salem","New Jersey",87,"2020-04-17",4.32885187218663,36.8042317666751,0.0957800263475724,5.4782121883575,4.98784655261361,4.99931205661964,7.23686562837862
34035,"Somerset","New Jersey",87,"2020-04-17",7.51253952025283,-88.8254606221601,0.0439778677773884,8.04027393358149,7.82351120722397,7.82038459469455,15.7612730127933
34037,"Sussex","New Jersey",87,"2020-04-17",6.23497079294108,-67.3897080872558,0.0417362807168707,6.73580616154353,6.53149750247714,6.52712475795918,16.6077850889996
34039,"Union","New Jersey",87,"2020-04-17",8.84010450520216,-86.1333218989108,0.0525779447248251,9.47103984190006,9.20869412465481,9.20815011827593,13.1832308050008
34041,"Warren","New Jersey",87,"2020-04-17",6.06312053601442,-33.4327034305668,0.0525251541012501,6.69342238522942,6.42971617266736,6.43079661472317,13.1964806656978
35001,"Bernalillo","New Mexico",87,"2020-04-17",6.05711851732942,-105.170972099991,0.0323614204134901,6.4454555622913,6.29163494333534,6.28364846022385,21.4189356246861
35006,"Cibola","New Mexico",87,"2020-04-17",3.30636327899132,13.5563353773858,0.0483078060945743,3.88605695212621,3.65548805731026,3.64451792165334,14.3485543351512
35013,"Doña Ana","New Mexico",87,"2020-04-17",3.8098320645316,-31.4718371825757,0.0335844148285302,4.21389822923742,4.06255808175216,4.04492296833131,20.6389536366467
35031,"McKinley","New Mexico",87,"2020-04-17",5.35860579740484,37.2305968751133,0.119693483124104,6.79492759489409,6.17170692353364,6.19646017927357,5.79101854560666
35043,"Sandoval","New Mexico",87,"2020-04-17",5.51285254332565,-7.87742512188011,0.0613374552714415,6.24890200658295,5.93311735269332,5.94221473022574,11.3005532670455
35045,"San Juan","New Mexico",87,"2020-04-17",5.22728159343128,4.46253021535984,0.0674162002958057,6.03627599698095,5.69756354629866,5.69919499550192,10.2816115046322
35049,"Santa Fe","New Mexico",87,"2020-04-17",4.15888308335967,-167.650178325504,0.0166588428306154,4.35878919732705,4.30765801254056,4.27549498317398,41.6083630542507
36001,"Albany","New York",87,"2020-04-17",6.00494470866467,-139.378128300237,0.0271252844839336,6.33044812247187,6.19877717243194,6.19482170005221,25.5535451055084
36003,"Allegany","New York",87,"2020-04-17",3.23023958351852,-43.7689304098493,0.0258520187487913,3.56160497195635,3.41996130014955,3.41120371476006,26.8121103924371
36007,"Broome","New York",87,"2020-04-17",4.93138592244212,-14.4676004757783,0.0511196080147171,5.54482121861872,5.28524410568292,5.28922317854514,13.559321119215
36009,"Cattaraugus","New York",87,"2020-04-17",3.3770998300831,31.0041566229759,0.0660245437697547,4.15927181835893,3.82403321616237,3.83927163647138,10.4983259403827
36011,"Cayuga","New York",87,"2020-04-17",3.44771739729705,-19.3154571918903,0.0344859884915582,3.90779555263518,3.69126992458657,3.68911931673796,20.0993856020575
36013,"Chautauqua","New York",87,"2020-04-17",3.12926366617852,-21.9069991764502,0.030154667544436,3.49513702623908,3.34518319854971,3.34034633898957,22.9863976957637
36015,"Chemung","New York",87,"2020-04-17",4.15216413311093,-103.044684078717,0.0224387107026788,4.42142866154308,4.32037426347842,4.30923510802968,30.8906866238618
36017,"Chenango","New York",87,"2020-04-17",4.18095903505887,-50.0781607312568,0.0316551882000082,4.56082129345897,4.40315591897698,4.40254535245893,21.896795437778
36019,"Clinton","New York",87,"2020-04-17",3.64507683145554,-175.57325538429,0.0144270234796199,3.88913968490672,3.78263414516972,3.74606599581288,48.0450580495075
36021,"Columbia","New York",87,"2020-04-17",4.38559170083838,-66.2467372179348,0.0295830571595731,4.74058838675326,4.59702959516928,4.59267310095539,23.4305459649103
36025,"Delaware","New York",87,"2020-04-17",3.69953674858792,-82.7769424863914,0.0223757867878231,3.95552317407876,3.86788574841652,3.85616725610268,30.9775556557035
36027,"Dutchess","New York",87,"2020-04-17",7.52201384754862,-155.337257364657,0.0316933545582834,7.90233410224802,7.74535164722916,7.7438673294566,21.8704264733246
36029,"Erie","New York",87,"2020-04-17",7.38593964031807,-123.732982629284,0.0359006103247286,7.81674696421481,7.63579241352542,7.63724391259117,19.3073926679876
36035,"Fulton","New York",87,"2020-04-17",3.09104245335832,19.7829042078335,0.0492918150433054,3.65829535883876,3.43203099299947,3.43608515866146,14.0621151797916
36037,"Genesee","New York",87,"2020-04-17",4.28653786749521,-45.6999768650937,0.0333526436427655,4.65936354528405,4.5254687626555,4.52000637299457,20.7823759934633
36039,"Greene","New York",87,"2020-04-17",4.02789946281395,35.3006505536228,0.0857506231973426,5.03350579630543,4.60656289345672,4.62815382519535,8.0832902982497
36043,"Herkimer","New York",87,"2020-04-17",3.57954279007647,-69.9252080074735,0.0236926967825665,3.88383024834021,3.75301976183319,3.74539166755444,29.2557317101182
36045,"Jefferson","New York",87,"2020-04-17",3.8098320645316,-86.5291525731762,0.0226126174202434,4.08223666033798,3.97478370248587,3.9681203864733,30.6531158104423
36051,"Livingston","New York",87,"2020-04-17",3.35739475900376,-79.5069351744808,0.0206941087740002,3.5905713895441,3.50790975183122,3.50225352042176,33.4949037008449
36053,"Madison","New York",87,"2020-04-17",4.59656181145149,-326.743762999931,0.0112455827526652,4.73150880448347,4.69083992372653,4.67528089072015,61.6372842390644
36055,"Monroe","New York",87,"2020-04-17",6.66094091429146,-155.558140482106,0.0280392029537426,6.99741134973637,6.86269440952336,6.85721533496766,24.7206449378557
36057,"Montgomery","New York",87,"2020-04-17",3.31678003984957,-60.0692669125071,0.0234891575915697,3.6189572905255,3.50469330058213,3.48120414299056,29.5092396505831
36059,"Nassau","New York",87,"2020-04-17",10.0517412876747,-268.050570815689,0.0287151118315622,10.3963226296534,10.2597026366801,10.2527470704956,24.1387595711214
36063,"Niagara","New York",87,"2020-04-17",5.24174701505964,-43.4201058706934,0.041793514514043,5.74326918922816,5.53205556976115,5.53430161665794,16.5850416893521
36065,"Oneida","New York",87,"2020-04-17",5.37989735354046,-30.0547975481657,0.0480113076035674,5.95603304478327,5.7126598705471,5.71597650676543,14.4371652253946
36067,"Onondaga","New York",87,"2020-04-17",5.95657728810754,-162.127929992365,0.0243994093109045,6.24937019983839,6.13949333854189,6.12737315328387,28.4083590601584
36069,"Ontario","New York",87,"2020-04-17",3.99162605602711,-106.063171869237,0.0215232181871118,4.30600329934722,4.14785401608539,4.14228858333689,32.2046254669762
36071,"Orange","New York",87,"2020-04-17",8.53284154338404,-204.599846948199,0.0297726660856393,8.89011353641171,8.74676614556475,8.74125020598351,23.2813271934112
36073,"Orleans","New York",87,"2020-04-17",3.35739475900376,7.98338954635436,0.0450856554896766,3.87811526530278,3.67746528376698,3.6729943474315,15.3740069437087
36075,"Oswego","New York",87,"2020-04-17",3.67449071666184,-66.3618753592389,0.024887028289935,3.99093052869241,3.85530489814387,3.84869991469139,27.8517455955267
36077,"Otsego","New York",87,"2020-04-17",3.75118333745009,-191.27435891881,0.0137268031742582,3.91590497554119,3.86099776284416,3.8472709596699,50.495892726123
36079,"Putnam","New York",87,"2020-04-17",6.19060810305998,-194.286092301936,0.0224065136666186,6.4594862670594,6.37015282395317,6.34745369872631,30.9350749908318
36083,"Rensselaer","New York",87,"2020-04-17",4.55987391107292,-29.2905365948061,0.0409727012789489,5.05154632642031,4.84020974452107,4.84668282002556,16.917292707671
36087,"Rockland","New York",87,"2020-04-17",8.93898149124338,-241.925899308239,0.0275957603585667,9.27013061554618,9.14614448906996,9.13215181375335,25.1178866446696
36089,"St. Lawrence","New York",87,"2020-04-17",4.48542093287817,-75.8998685713328,0.0285658499741687,4.85333415623967,4.68784510876888,4.68538188269735,24.2648890611251
36091,"Saratoga","New York",87,"2020-04-17",5.10334469220053,-378.727094236277,0.011076719290104,5.23626532368178,5.19628933245919,5.18088172723126,62.5769383881748
36093,"Schenectady","New York",87,"2020-04-17",5.19691725210631,-120.309969677486,0.0256878949682559,5.50517199172538,5.38808895637077,5.3767325168841,26.9834169524793
36101,"Steuben","New York",87,"2020-04-17",4.89570532742228,-78.0151922696337,0.030595253225536,5.26284836612871,5.11229647625987,5.10987210000103,22.6553830246261
36103,"Suffolk","New York",87,"2020-04-17",9.95159040573154,-250.201323966723,0.0299565043477322,10.3110684579043,10.1651316927074,10.1612859361657,23.1384534228013
36105,"Sullivan","New York",87,"2020-04-17",5.94691537719581,-38.8012979866156,0.0492289029696909,6.5376622128321,6.28626439025933,6.29151769798365,14.0800858590471
36107,"Tioga","New York",87,"2020-04-17",3.10394585819422,34.5880981765817,0.064880854434634,3.85469495388997,3.54987042884233,3.55811183923666,10.6833855164203
36109,"Tompkins","New York",87,"2020-04-17",4.58642414316704,-465.704801022789,0.00837389800966197,4.68691091928298,4.65777263261329,4.64504142923467,82.7747340318903
36111,"Ulster","New York",87,"2020-04-17",6.46836398835308,-84.2076989121392,0.0389173547957751,6.93537224590238,6.73875151030742,6.74078547192351,17.810747523755
36113,"Warren","New York",87,"2020-04-17",4.16998197642772,29.3159224231422,0.0791507067831713,5.11979045782578,4.69364866481179,4.72403692390992,8.75730879395406
36115,"Washington","New York",87,"2020-04-17",3.61861025826738,29.6519276712343,0.0692535656544335,4.45633345175641,4.09705610233684,4.10338521784841,10.0088302170413
36117,"Wayne","New York",87,"2020-04-17",3.71008166176454,-113.475865897944,0.0190589944053227,3.9542813673884,3.85905098645592,3.8434946226018,36.3685074783571
36119,"Westchester","New York",87,"2020-04-17",9.76174293166659,-269.967945813297,0.0277347498480579,10.0945599298433,9.98975853669456,9.95588618060299,24.9920112623076
36121,"Wyoming","New York",87,"2020-04-17",3.36729582998647,-65.4179011124219,0.0228418380982005,3.64139788716488,3.55003053477207,3.52718869667387,30.3455079919576
37001,"Alamance","North Carolina",87,"2020-04-17",3.66721795733276,-0.85445165633164,0.0440393500508957,4.17732840037895,3.97855868352962,3.97549340768903,15.7392690800133
37019,"Brunswick","North Carolina",87,"2020-04-17",3.33729357968267,-146.086534463511,0.0149708612701054,3.59430220027361,3.47217410765356,3.44208960857341,46.2997531039885
37021,"Buncombe","North Carolina",87,"2020-04-17",3.49216915986788,-193.526203569132,0.0128269090992904,3.68807247684531,3.63316867567052,3.58195752356291,54.0385197395912
37023,"Burke","North Carolina",87,"2020-04-17",4.09196077086683,-4.51454399282479,0.0473665102929006,4.66629016203655,4.42698336059447,4.42352634291713,14.6336974430611
37025,"Cabarrus","North Carolina",87,"2020-04-17",5.07428055925661,14.0878018742318,0.0747182494352403,5.97089955247949,5.58623305635517,5.59730830530329,9.27681236912153
37035,"Catawba","North Carolina",87,"2020-04-17",3.49216915986788,-20.4455912142139,0.0338870664242633,3.87822535144015,3.73235815379892,3.72937862483772,20.4546233622527
37037,"Chatham","North Carolina",87,"2020-04-17",4.17658266045907,42.7380851389618,0.106377457015061,5.4531121446398,4.90404606901186,4.9212248595645,6.51592170004411
37045,"Cleveland","North Carolina",87,"2020-04-17",3.65620867182439,-16.6972931019765,0.0369701750178509,4.09249829998241,3.92200528326526,3.91499989694935,18.7488206432688
37047,"Columbus","North Carolina",87,"2020-04-17",3.630038954091,48.8155550643198,0.109389774670841,4.9427162501411,4.38452916366912,4.39576737678689,6.33648970066586
37049,"Craven","North Carolina",87,"2020-04-17",3.26902560855367,22.5534058743961,0.0546470710719347,3.90434710702955,3.65605239344368,3.65155510605721,12.6840682760019
37051,"Cumberland","North Carolina",87,"2020-04-17",4.44265125649032,-41.4413833939612,0.0362231563998827,4.90611441369594,4.70690320568421,4.6962133512895,19.1354716002107
37057,"Davidson","North Carolina",87,"2020-04-17",4.45101950616083,-73.0868889721122,0.0289941972730749,4.84455022060178,4.66616596602905,4.65397888707235,23.9064104459146
37059,"Davie","North Carolina",87,"2020-04-17",3.0513021247088,-49.8756860379887,0.0231716441189868,3.33383619424735,3.22989559067531,3.21350363354171,29.913595125172
37063,"Durham","North Carolina",87,"2020-04-17",5.56013202946281,-76.2190605276742,0.0351419861230328,5.9818358629392,5.80886284842515,5.80612593232404,19.7241891261701
37065,"Edgecombe","North Carolina",87,"2020-04-17",3.45225255246244,52.8705253052174,0.114918579959355,4.72654082639863,4.24643804918328,4.25668261217792,6.03163718873922
37067,"Forsyth","North Carolina",87,"2020-04-17",4.66881545114845,-65.9144161574437,0.0315643030100518,5.04758708726907,4.92667748155545,4.88976557221881,21.9598443323526
37069,"Franklin","North Carolina",87,"2020-04-17",4.02535169073515,41.3676301411383,0.0977081547633872,5.1426117397335,4.71068581990382,4.70930877407886,7.09405660395992
37071,"Gaston","North Carolina",87,"2020-04-17",4.43928424994241,-20.2688584630516,0.0435381430008546,4.97505390030875,4.74451641367268,4.74405125094839,15.9204580807762
37077,"Granville","North Carolina",87,"2020-04-17",4.56285898791637,-38.9034089706334,0.037829360292228,5.02765094201542,4.83523437549108,4.82766450996197,18.3229950283445
37081,"Guilford","North Carolina",87,"2020-04-17",4.87519732320115,-88.0985090484515,0.0287087172117701,5.22781460095696,5.09058894903102,5.07615834368354,24.1441362721622
37083,"Halifax","North Carolina",87,"2020-04-17",3.16003532484527,40.1354133225433,0.0747356033981673,4.02560238713261,3.68892728054366,3.68318454863244,9.27465824912231
37085,"Harnett","North Carolina",87,"2020-04-17",3.65620867182439,18.1919949823781,0.0573001564743272,4.34381054951632,4.06156718763453,4.05730976714468,12.0967764000872
37089,"Henderson","North Carolina",87,"2020-04-17",4.51085950651685,16.8774410174995,0.0690485743125235,5.32520274507516,4.98660098234464,4.99419952670451,10.0385444226939
37097,"Iredell","North Carolina",87,"2020-04-17",4.15888308335967,-107.517162878597,0.0219446250681993,4.42221858417806,4.33220544610385,4.31249545883706,31.5861938130996
37101,"Johnston","North Carolina",87,"2020-04-17",4.59367580656236,-14.5158945277264,0.0475950187172821,5.16481603116975,4.92860384053463,4.92684093758333,14.5634396044109
37119,"Mecklenburg","North Carolina",87,"2020-04-17",6.8207958486952,-165.794787802946,0.0275259859546332,7.1511076801508,7.03129492220531,7.01347775037763,25.1815568642065
37125,"Moore","North Carolina",87,"2020-04-17",4.16111273868694,-41.0310291319989,0.03373011695205,4.554612404778,4.40843019963626,4.39722355735129,20.5498006883672
37127,"Nash","North Carolina",87,"2020-04-17",3.64133850934494,32.2097723615807,0.0735750817943397,4.54622105258757,4.15611925146439,4.15636408190532,9.42095018660612
37129,"New Hanover","North Carolina",87,"2020-04-17",3.9262076404201,-60.7537709837404,0.0275033549962564,4.25624790037518,4.14623448039015,4.11873112539389,25.2022773459562
37131,"Northampton","North Carolina",87,"2020-04-17",4.14991441337691,-24.910086410514,0.03881686520617,4.61571679585095,4.43536250059654,4.4216324698201,17.8568562112988
37133,"Onslow","North Carolina",87,"2020-04-17",3.31678003984957,-41.9297447947839,0.0271969784806594,3.69687834406526,3.51868975095045,3.50715888921419,25.4861833660259
37135,"Orange","North Carolina",87,"2020-04-17",5.00872871582568,-17.8712060585389,0.0501518797408919,5.61055127271638,5.356035552917,5.35979187401192,13.820961131289
37147,"Pitt","North Carolina",87,"2020-04-17",4.19181690503092,-33.3887919073651,0.036327764904551,4.62775008388553,4.44950520259608,4.44611125936278,19.0803695845629
37151,"Randolph","North Carolina",87,"2020-04-17",4.01251454397447,4.92923020406859,0.0528954047262019,4.71143441763015,4.38804973279483,4.38278237705788,13.1041095941666
37159,"Rowan","North Carolina",87,"2020-04-17",5.17534230418923,32.6269431768831,0.104821184613509,6.43319651955134,5.89481528225639,5.9090905964838,6.61266310923386
37161,"Rutherford","North Carolina",87,"2020-04-17",3.8098320645316,40.3073063195523,0.0907272498593846,4.87139043516937,4.44286832995571,4.44492281354729,7.63990070937048
37179,"Union","North Carolina",87,"2020-04-17",4.63334106295479,-81.513750840911,0.0283360942986547,4.97337419453865,4.8418092712305,4.83169372304537,24.4616344530182
37181,"Vance","North Carolina",87,"2020-04-17",3.04452243772342,32.1065043683063,0.0612440405373258,3.79060775546425,3.4856845978526,3.4732307214847,11.3177898531613
37183,"Wake","North Carolina",87,"2020-04-17",6.09775320333863,-78.9183293626683,0.0378934657567559,6.5524747924197,6.3626046443154,6.36300746363592,18.2919974913186
37191,"Wayne","North Carolina",87,"2020-04-17",4.60659773797928,51.8835203748256,0.147840229011098,6.22650999292702,5.47903494848863,5.64147934105697,4.68848827681343
37195,"Wilson","North Carolina",87,"2020-04-17",4.26066577766961,38.9482737576521,0.0989662006509416,5.44826018548091,4.95284234389447,4.9534291822262,7.00387784921347
38015,"Burleigh","North Dakota",87,"2020-04-17",3.56751859710967,-223.839735281631,0.0120082394513632,3.81669564841973,3.67560870568738,3.65157627326921,57.7226314787766
38017,"Cass","North Dakota",87,"2020-04-17",4.84306159393686,17.556241640037,0.0751517558439874,5.74488266406471,5.34241250556311,5.36912388484477,9.22329987870005
38061,"Mountrail","North Dakota",87,"2020-04-17",3.26357600378611,16.9102677844229,0.0499522833524999,3.85080814720085,3.61276341697922,3.61324198725361,13.8761861128267
38089,"Stark","North Dakota",87,"2020-04-17",3.50512830451039,-45.6805609808076,0.0274857958630612,3.83923138515636,3.70332184680362,3.69752887555182,25.218377667262
39003,"Allen","Ohio",87,"2020-04-17",3.8098320645316,51.933446176923,0.124522741544067,5.23824260936062,4.6670428809638,4.68149125534007,5.5664304525021
39007,"Ashtabula","Ohio",87,"2020-04-17",3.500827222611,55.0118218800662,0.126523985793255,4.9329396945514,4.36459910383876,4.38649512316379,5.47838559000642
39013,"Belmont","Ohio",87,"2020-04-17",3.9756682705885,15.7153469088091,0.0604136573277098,4.72946220586984,4.40386716649966,4.39856387188247,11.4733524044078
39017,"Butler","Ohio",87,"2020-04-17",4.7349445297349,-34.5582575730945,0.0403793768218286,5.19110232610168,5.01961166688658,5.0176001674877,17.1658711727626
39025,"Clermont","Ohio",87,"2020-04-17",3.79709303875417,27.7915312634267,0.0697799352207983,4.62002265950634,4.27528981284702,4.28555258529976,9.93333081159623
39029,"Columbiana","Ohio",87,"2020-04-17",4.76947323727937,15.5549039295149,0.0713682333155404,5.59848791881836,5.26882545061668,5.26905087048815,9.71226480408074
39035,"Cuyahoga","Ohio",87,"2020-04-17",6.99380190503491,-121.001643346747,0.0344519472341847,7.40722527184513,7.25289691950423,7.2349655356742,20.1192453897693
39037,"Darke","Ohio",87,"2020-04-17",3.8859723282282,0.920477033085455,0.0479998297435744,4.46780125502502,4.22498587025998,4.22197113643322,14.4406174826638
39041,"Delaware","Ohio",87,"2020-04-17",4.5493554068817,-67.7244029390356,0.0303848625713612,4.91397375773803,4.76486747761993,4.76204944488123,22.8122532702604
39045,"Fairfield","Ohio",87,"2020-04-17",4.45600704767187,-59.5075623128329,0.0314895329609375,4.83388144320312,4.68103093446028,4.67643377839843,22.0119866947467
39049,"Franklin","Ohio",87,"2020-04-17",6.92881761671154,-61.431001805744,0.0483076707927871,7.50850966622499,7.26198856945398,7.26697131226105,14.348594523076
39055,"Geauga","Ohio",87,"2020-04-17",4.26669594669621,23.4554088970069,0.0728794217588801,5.14124900780277,4.76399440912991,4.77685189900837,9.51087651124905
39057,"Greene","Ohio",87,"2020-04-17",3.34739467566918,7.22327174266913,0.0444480082743699,3.85705273560459,3.66194734518628,3.65853073358977,15.59456109442
39061,"Hamilton","Ohio",87,"2020-04-17",6.31406551071296,-92.0488484920341,0.0362775483171435,6.74939609051868,6.57728202807527,6.56800834893297,19.1067812659321
39081,"Jefferson","Ohio",87,"2020-04-17",3.16607763930123,-4.03780636405162,0.0361708071092335,3.54610658340649,3.43720650862532,3.41927328906586,19.1631659881596
39085,"Lake","Ohio",87,"2020-04-17",4.71338377062832,-80.5158842093117,0.0290026036135504,5.06141501399092,4.93897370920644,4.91640199592317,23.899481225751
39089,"Licking","Ohio",87,"2020-04-17",4.44096917030733,-67.4542833715037,0.0297145660206222,4.7975439625548,4.66170736193789,4.64897113245169,23.3268485253627
39093,"Lorain","Ohio",87,"2020-04-17",5.14666356691937,-25.4637588702414,0.0478920858624886,5.72136859726923,5.48125943511928,5.48190816795679,14.4731048580795
39095,"Lucas","Ohio",87,"2020-04-17",6.31768028356201,-37.4092709027198,0.0529077871073251,6.95257372884991,6.68666055945022,6.68803479331329,13.1010427473346
39097,"Madison","Ohio",87,"2020-04-17",3.16607763930123,-19.2434209139454,0.0313603893855306,3.55135777521086,3.41091843992951,3.38560036499994,22.1026331031386
39099,"Mahoning","Ohio",87,"2020-04-17",6.08221891037645,-41.2697561389227,0.0493407231496581,6.67430758817235,6.42918140125319,6.42760397242406,14.0481763604786
39101,"Marion","Ohio",87,"2020-04-17",5.10421237121375,48.9977132831703,0.154662384913189,6.96016099017202,5.93907730381354,6.18684906560608,4.48167911641219
39103,"Medina","Ohio",87,"2020-04-17",4.63749907310345,-94.2748590276267,0.0263083408415981,4.95319916320263,4.83683912037147,4.82165745899464,26.3470503416908
39109,"Miami","Ohio",87,"2020-04-17",4.68345310438213,-47.0949118612154,0.0365220695451221,5.15307818345819,4.97958484058605,4.93910759119798,18.9788582408666
39113,"Montgomery","Ohio",87,"2020-04-17",5.27884325671266,-45.1762192374335,0.0415081002436253,5.77694045963616,5.57532239131401,5.56939995841804,16.6990822632601
39129,"Pickaway","Ohio",87,"2020-04-17",4.86423230105983,50.1889934762397,0.152910355018997,6.6991565612878,5.82845302614007,5.93460478619281,4.53302969883125
39133,"Portage","Ohio",87,"2020-04-17",4.99140393216837,-43.0262154259172,0.0399228586993899,5.47047823656105,5.2772199781244,5.2708639430641,17.3621630098983
39139,"Richland","Ohio",87,"2020-04-17",3.6959969218828,33.5398699009656,0.0752960463026266,4.55240875539972,4.22861225354346,4.22306924600119,9.20562519012059
39149,"Shelby","Ohio",87,"2020-04-17",3.29583686600433,-24.334850747557,0.031106634494401,3.68099895015375,3.52329875197822,3.51358330746514,22.28293712342
39151,"Stark","Ohio",87,"2020-04-17",5.08935845022578,-1.65515661169284,0.0608373548787836,5.81940670877118,5.50869789177684,5.51521993437727,11.393447034984
39153,"Summit","Ohio",87,"2020-04-17",5.52545293913178,-81.9044546911707,0.033711426266863,5.92999005433414,5.76978275940371,5.76143292299982,20.5611941504024
39155,"Trumbull","Ohio",87,"2020-04-17",5.19454289404584,-25.9254732280197,0.0481308326818365,5.77211288622788,5.53585789089414,5.5314587228187,14.4013128786264
39157,"Tuscarawas","Ohio",87,"2020-04-17",3.25809653802148,-19.5819597929032,0.0321540469752823,3.65211967072563,3.4987080325877,3.48317486684846,21.557074326998
39165,"Warren","Ohio",87,"2020-04-17",4.33261127511053,-65.2423699530976,0.0297700439953104,4.74065235942122,4.54991779078981,4.5410015830777,23.2833777695839
39167,"Washington","Ohio",87,"2020-04-17",3.79388276312392,21.3137799335742,0.0629647373973169,4.57666875888608,4.23456155239151,4.23463592490514,11.008497918225
39169,"Wayne","Ohio",87,"2020-04-17",4.00992722040952,36.8131973503612,0.0886209707950942,5.06794996747845,4.62952567423873,4.63027401597518,7.82148033745435
39173,"Wood","Ohio",87,"2020-04-17",4.07268306544092,-7.92443943958027,0.0452900578621603,4.61616375978684,4.39021992571123,4.38971347047604,15.3046212188452
40001,"Adair","Oklahoma",87,"2020-04-17",3.35739475900376,21.9290959969233,0.0553292262114438,3.98762735084948,3.74899708868287,3.74469934248387,12.5276861438662
40017,"Canadian","Oklahoma",87,"2020-04-17",4.05797691805123,-27.5119362039453,0.0370551106912585,4.50263824634633,4.32179257626522,4.31736269289004,18.7058456344988
40027,"Cleveland","Oklahoma",87,"2020-04-17",5.55848141010592,-88.8167220781405,0.0325406162961211,5.94896880565937,5.79653370486577,5.78626572417877,21.3009850290565
40031,"Comanche","Oklahoma",87,"2020-04-17",3.97298370521783,-10.994952001553,0.0428511051393205,4.49914972731646,4.27463447383889,4.27294144119307,16.1757130488546
40037,"Creek","Oklahoma",87,"2020-04-17",4.01251454397447,-42.1145861580008,0.0327535620722958,4.45823754667093,4.27712368714633,4.24178947848054,21.1624976553691
40041,"Delaware","Oklahoma",87,"2020-04-17",4.11321304652649,44.8880465756139,0.1095453282681,5.37998505976201,4.86004162047938,4.88003034440319,6.32749192976578
40055,"Greer","Oklahoma",87,"2020-04-17",3.91202300542815,-27.6570044073006,0.0359198100114578,4.36989648487332,4.17625906809895,4.16346167550835,19.2970725718996
40071,"Kay","Oklahoma",87,"2020-04-17",3.67449071666184,-55.3443994053439,0.0268450242499034,4.00915402362372,3.90363964811317,3.86240588641116,25.8203223847875
40101,"Muskogee","Oklahoma",87,"2020-04-17",3.11033565629299,-22.2066467192295,0.0300277185048773,3.48942047608075,3.35055740433201,3.32052968582713,23.0835779430715
40109,"Oklahoma","Oklahoma",87,"2020-04-17",6.06908674529299,-90.6272369405774,0.0351571794396624,6.49097289856894,6.33301041348209,6.31518700137063,19.7156652384342
40113,"Osage","Oklahoma",87,"2020-04-17",4.01766919456313,-30.6150272040052,0.0361003431023477,4.49864523777298,4.27248173915336,4.27037159627956,19.2005704376496
40115,"Ottawa","Oklahoma",87,"2020-04-17",3.06472514504094,31.3440124126282,0.0602618511840504,3.77576579977991,3.49201171801835,3.48655810332929,11.502255024376
40117,"Pawnee","Oklahoma",87,"2020-04-17",3.12299405316492,-17.5491237045275,0.0316396792045349,3.52937848955822,3.41919507293751,3.34447180759666,21.9075287103606
40119,"Payne","Oklahoma",87,"2020-04-17",3.32194801000801,-26.6023214744692,0.0310353826376511,3.74293919394916,3.54939698420638,3.53919568847157,22.334094883014
40125,"Pottawatomie","Oklahoma",87,"2020-04-17",3.32708940950844,-11.8902221967765,0.0358607873572321,3.79730674140866,3.58272316486219,3.57811492100906,19.3288332923387
40131,"Rogers","Oklahoma",87,"2020-04-17",3.3322045101752,22.959731611713,0.0560248018262254,3.98001695813564,3.72264409063281,3.72437812295878,12.3721487263786
40143,"Tulsa","Oklahoma",87,"2020-04-17",5.82515693701009,-88.272216737217,0.0342108480680681,6.23568711382691,6.08182927452498,6.06463287348657,20.261034721525
40145,"Wagoner","Oklahoma",87,"2020-04-17",4.4724547868809,2.9057215503026,0.056545869998995,5.15100522686884,4.86429907744475,4.86827587687386,12.2581398176784
40147,"Washington","Oklahoma",87,"2020-04-17",4.71081637512308,26.3421361794573,0.0846388282222282,5.72648231378982,5.29081571421576,5.30328817267868,8.18947042532317
41003,"Benton","Oregon",87,"2020-04-17",3.01693448120459,-78.0392098216066,0.019105508232142,3.28689653949791,3.15569380717999,3.15067303882958,36.2799655543229
41005,"Clackamas","Oregon",87,"2020-04-17",4.80167637777401,-105.438629761836,0.0256173254353979,5.10908428299878,4.98045415521851,4.98099765582179,27.0577497369089
41017,"Deschutes","Oregon",87,"2020-04-17",3.81928095372953,-158.677313572825,0.0158688864232061,4.009707590808,3.94309232511051,3.93036315869197,43.6796358657095
41029,"Jackson","Oregon",87,"2020-04-17",3.78093759853188,-115.368803831607,0.0191567133464402,4.01081815868916,3.92765533432362,3.91503459195696,36.1829906845033
41035,"Klamath","Oregon",87,"2020-04-17",3.23587340123677,-26.4156122859427,0.0301720229323299,3.633182615302,3.44875762890111,3.44707756176308,22.9731755843665
41039,"Lane","Oregon",87,"2020-04-17",3.61861025826738,-44.4363115355283,0.0286801704633735,3.97037701315963,3.82086548167021,3.81937145151099,24.1681680883013
41043,"Linn","Oregon",87,"2020-04-17",3.46126162240481,-221.668869347364,0.0113977911685052,3.59792785121943,3.55691823214777,3.54104616058435,60.8141674393256
41047,"Marion","Oregon",87,"2020-04-17",5.55406639189681,-103.701691528515,0.0299085395840025,5.91296886690484,5.77828845090637,5.76342616898483,23.1755609000279
41051,"Multnomah","Oregon",87,"2020-04-17",5.95768614055899,-78.9987246850052,0.0370045548634949,6.40174079892093,6.21146808545264,6.21671802460345,18.7314016643864
41053,"Polk","Oregon",87,"2020-04-17",3.31678003984957,-381.53045247342,0.0073730105384186,3.5060910374255,3.39118859448255,3.3683911136185,94.0114186665214
41067,"Washington","Oregon",87,"2020-04-17",5.68114726796362,-294.903714722123,0.0150732058243366,5.86202573785566,5.80949617528492,5.78665970873398,45.985385500463
41071,"Yamhill","Oregon",87,"2020-04-17",3.25809653802148,-98.4032191137997,0.0180902883369835,3.48062971073246,3.39176900853077,3.38472855638036,38.3159830096729
42001,"Adams","Pennsylvania",87,"2020-04-17",3.97298370521783,16.5549857061121,0.060536378850345,4.68824072536518,4.39631403623091,4.39673835717024,11.4500932121082
42003,"Allegheny","Pennsylvania",87,"2020-04-17",6.72176987563486,-142.453173744463,0.0299473149053687,7.08113765449928,6.95374904915242,6.93140107997244,23.1455535412854
42005,"Armstrong","Pennsylvania",87,"2020-04-17",3.34739467566918,15.1223208687962,0.0503981993107882,3.97529299402681,3.70429951759148,3.7001820708447,13.7534116305534
42007,"Beaver","Pennsylvania",87,"2020-04-17",5.02575845567047,-62.4621609478468,0.0347894453654535,5.44323180005591,5.27745647759415,5.26928457322864,19.9240652812549
42011,"Berks","Pennsylvania",87,"2020-04-17",7.1068403023461,-3.39026747429504,0.0832277554873038,8.10557336819375,7.67664950802038,7.68943459075723,8.32831759671427
42017,"Bucks","Pennsylvania",87,"2020-04-17",7.19700754660343,-60.1817048557195,0.0506183798675552,7.80442810501409,7.54901590519013,7.55133620567632,13.6935868428343
42019,"Butler","Pennsylvania",87,"2020-04-17",4.92518114555524,-102.61014480314,0.0266788217451822,5.24532700649743,5.12292922351608,5.11193289777152,25.9811766494193
42025,"Carbon","Pennsylvania",87,"2020-04-17",4.66613088577778,-34.0755801515215,0.0401990744279439,5.14851977891311,4.95632158365319,4.94752440677339,17.2428641809253
42027,"Centre","Pennsylvania",87,"2020-04-17",4.20041910861358,-81.4362072130223,0.025700664376889,4.50882708113625,4.39957971818605,4.3803237592518,26.9700102065551
42029,"Chester","Pennsylvania",87,"2020-04-17",6.40073194116588,-42.1758804939033,0.0515456940245343,7.01928026946029,6.76100491828464,6.76155179933762,13.4472373236458
42037,"Columbia","Pennsylvania",87,"2020-04-17",4.83287474862987,29.8225149192119,0.0926237579512882,5.94435984404533,5.47593459334521,5.48124105428889,7.48347071951538
42041,"Cumberland","Pennsylvania",87,"2020-04-17",4.7349445297349,8.54324239139066,0.0644589372561681,5.50845177680892,5.1804573937118,5.18615709052808,10.753313815977
42043,"Dauphin","Pennsylvania",87,"2020-04-17",5.53338948872752,-13.2630598253508,0.0580853638217383,6.23041385458838,5.94054855516325,5.93998703547969,11.9332502192323
42045,"Delaware","Pennsylvania",87,"2020-04-17",7.48308370896222,-48.2512958735125,0.0574511267529274,8.17249722999735,7.87950333956836,7.88524159623271,12.0649884473262
42049,"Erie","Pennsylvania",87,"2020-04-17",3.67449071666184,-11.6439834565818,0.0391805863651336,4.13919321777735,3.95478320026601,3.94875482121778,17.6910874712373
42051,"Fayette","Pennsylvania",87,"2020-04-17",4.01251454397447,-40.1901980715699,0.0328382685951965,4.40657376711683,4.25169019532584,4.24238242414085,21.1079088579395
42055,"Franklin","Pennsylvania",87,"2020-04-17",4.24440525679783,9.32122926107098,0.0583995190568681,4.94519948548025,4.65468404639628,4.65320189019591,11.869056316799
42059,"Greene","Pennsylvania",87,"2020-04-17",3.11668488397166,-12.8184160955731,0.032687373388211,3.49161345165329,3.37818387107735,3.34549649768914,21.2053496109276
42063,"Indiana","Pennsylvania",87,"2020-04-17",3.74782198974739,21.3672936964625,0.0618118869869533,4.48956463359083,4.17979672866168,4.18050519865606,11.2138168618966
42067,"Juniata","Pennsylvania",87,"2020-04-17",3.8255309740747,44.3745529890362,0.10099458219609,5.01190128716648,4.52847319662584,4.53249304944733,6.86321152568501
42069,"Lackawanna","Pennsylvania",87,"2020-04-17",6.17735117006643,-15.0895164241986,0.0636253160750813,6.94085496296741,6.61856752130261,6.622728382592,10.894204120605
42071,"Lancaster","Pennsylvania",87,"2020-04-17",6.75660010813468,-32.6381398691714,0.0589385008850067,7.46386211875476,7.16589324657496,7.16916961432973,11.7605159641289
42073,"Lawrence","Pennsylvania",87,"2020-04-17",3.95124371858143,-13.8881302904054,0.0410171716205581,4.42526595594269,4.24301344737501,4.23836391992534,16.8989511751838
42075,"Lebanon","Pennsylvania",87,"2020-04-17",5.77188606195827,13.7087729832307,0.0845187048775819,6.78611052048925,6.35339255844224,6.36351699610134,8.20110982017424
42077,"Lehigh","Pennsylvania",87,"2020-04-17",7.5018710789359,-86.7390237233552,0.0444584241001364,8.03537216813754,7.81993159760055,7.81308004763685,15.5909075634064
42079,"Luzerne","Pennsylvania",87,"2020-04-17",7.31217221890629,-97.6498851106741,0.0407023484284535,7.80060040004773,7.60798715547951,7.59708865790546,17.0296606294931
42081,"Lycoming","Pennsylvania",87,"2020-04-17",3.30111392310517,33.8684430885947,0.0680563014701995,4.09233136503506,3.77468999528012,3.77750803339657,10.184908165535
42085,"Mercer","Pennsylvania",87,"2020-04-17",3.78743112784243,18.3814104427006,0.0600625058918783,4.54184198082082,4.211343700348,4.20786866908558,11.5404305942166
42089,"Monroe","Pennsylvania",87,"2020-04-17",6.69350067508517,-102.166088799202,0.0363449140866707,7.12963964412522,6.96188769002401,6.94791507369187,19.071366599107
42091,"Montgomery","Pennsylvania",87,"2020-04-17",7.70821820534819,-103.013280555053,0.0416630534966084,8.20817484730749,8.00493159184666,7.99985957982445,16.6369750267193
42093,"Montour","Pennsylvania",87,"2020-04-17",3.64133850934494,17.5577737050466,0.0566491558937898,4.33038759425117,4.03671218560643,4.03788260060147,12.2357900947282
42095,"Northampton","Pennsylvania",87,"2020-04-17",7.05432628511446,-89.2878170091704,0.0411840515472083,7.54853490368096,7.34736250617793,7.34261464594492,16.8304757429076
42097,"Northumberland","Pennsylvania",87,"2020-04-17",3.85922481986117,41.2251331625481,0.0946471471076996,4.99499058515357,4.51837729255516,4.52175484961507,7.32348730777071
42101,"Philadelphia","Pennsylvania",87,"2020-04-17",8.85767777595624,-77.5627786163965,0.0555121805521506,9.52382394258205,9.24591088282082,9.2462630398213,12.4863980060875
42103,"Pike","Pennsylvania",87,"2020-04-17",5.48716519984327,-21.5264544115779,0.0530025415342497,6.12319569825427,5.85774233582824,5.85818299058302,13.0776215723927
42107,"Schuylkill","Pennsylvania",87,"2020-04-17",5.31741946842152,-19.2038161734377,0.0525416893302602,5.94791974038464,5.68671783408711,5.68521129373334,13.1923276429702
42109,"Snyder","Pennsylvania",87,"2020-04-17",3.10394585819422,46.6106250643895,0.0872254527746808,4.13355968546774,3.71473810340204,3.71452402761699,7.9466160221658
42115,"Susquehanna","Pennsylvania",87,"2020-04-17",3.60316593583991,52.0214111316291,0.117722114771501,4.94180825670803,4.39854415098898,4.42722073924042,5.88799463809619
42125,"Washington","Pennsylvania",87,"2020-04-17",4.13858926401986,-74.7787246116287,0.0264694779960316,4.46748473730578,4.35034508798811,4.32387560999208,26.1866584850621
42127,"Wayne","Pennsylvania",87,"2020-04-17",4.20469261939097,5.10824635179732,0.0546832712208438,4.8608918740411,4.5918749727315,4.58747551793688,12.6756714637755
42129,"Westmoreland","Pennsylvania",87,"2020-04-17",5.40396355568302,-108.10404138533,0.0284263475742185,5.74507972657364,5.61517702719612,5.60294798870255,24.3839690888956
42133,"York","Pennsylvania",87,"2020-04-17",5.84767665431627,-22.4420523136559,0.0559896758515888,6.51955276453534,6.2356908285333,6.23960438527739,12.3799105820377
44001,"Bristol","Rhode Island",87,"2020-04-17",3.81614123372486,14.7060769805923,0.0567085564713514,4.49664391138108,4.22149110822487,4.21310112902432,12.2229734574555
44003,"Kent","Rhode Island",87,"2020-04-17",5.40138955168785,16.4597299173396,0.0824132940690591,6.39034908051656,5.96615862155035,5.97828261017126,8.41062341203247
44005,"Newport","Rhode Island",87,"2020-04-17",4.43928424994241,14.18736694204,0.0651852236956117,5.2026043396189,4.89453975425601,4.89558081581169,10.6335016014773
44007,"Providence","Rhode Island",87,"2020-04-17",7.50917869798747,18.0758189764468,0.11747008061348,8.91881966534923,8.30575418323815,8.33146926228183,5.90062743585456
44009,"Washington","Rhode Island",87,"2020-04-17",4.94977254869255,13.7841378772439,0.0722575116338203,5.79619859055197,5.4499805154694,5.45557513012929,9.59273527259851
45003,"Aiken","South Carolina",87,"2020-04-17",4.01509519056796,-22.0627836680838,0.0385833921507848,4.47809589637738,4.2870127855655,4.28517893562345,17.9649103389124
45007,"Anderson","South Carolina",87,"2020-04-17",4.59222967471236,-106.501284194357,0.024361795169403,4.8845712167452,4.77401387014337,4.76276224089818,28.4522210181989
45013,"Beaufort","South Carolina",87,"2020-04-17",5.20086203039732,-164.605342591994,0.0210898189622846,5.45393985794474,5.36484497734977,5.34849076313331,32.8664357811472
45015,"Berkeley","South Carolina",87,"2020-04-17",4.53566698022112,12.0280491822882,0.06446217239677,5.28409002531088,4.97501568814969,4.98690218699851,10.7527741431605
45019,"Charleston","South Carolina",87,"2020-04-17",5.79257797343933,-207.163509864997,0.0200321886262334,6.03296423695413,5.95196364281246,5.93280329382296,34.601670016836
45025,"Chesterfield","South Carolina",87,"2020-04-17",3.2188758248682,4.4588956944643,0.0419096706090146,3.75263818741242,3.51926593073988,3.5122435191313,16.5390748838492
45027,"Clarendon","South Carolina",87,"2020-04-17",4.47895887485008,-31.9605884521152,0.0393027004834402,4.95059128065136,4.75875212187756,4.75407777823416,17.6361209798292
45031,"Darlington","South Carolina",87,"2020-04-17",3.65620867182439,-2.66728313873742,0.0430947237916348,4.16584986655164,3.9595292722933,3.95787173836583,16.0842701744962
45035,"Dorchester","South Carolina",87,"2020-04-17",4.28260085453587,-59.5942887646211,0.0302455762298085,4.64554776929357,4.49453317727547,4.49431988814453,22.9173078169631
45039,"Fairfield","South Carolina",87,"2020-04-17",3.05803615689015,1.24680089055683,0.0380929143934639,3.53323967339593,3.33556690851297,3.3246865576444,18.1962234078598
45041,"Florence","South Carolina",87,"2020-04-17",4.43251603459627,27.620701847571,0.080712470768687,5.35763716177388,4.98578771160305,4.99750332997708,8.58785729093126
45043,"Georgetown","South Carolina",87,"2020-04-17",3.44316158076119,-64.9829225660404,0.0234255893177941,3.72426865257472,3.6167729731712,3.60714070598575,29.5893166723208
45045,"Greenville","South Carolina",87,"2020-04-17",5.85670791438736,-64.0840764345737,0.0400913505245069,6.33780412068144,6.13784196415926,6.13734736805891,17.2891950880088
45051,"Horry","South Carolina",87,"2020-04-17",4.89142266563028,-67.0687040394045,0.0327587874724186,5.27641544408474,5.12298951111621,5.12073417793721,21.1591219956949
45055,"Kershaw","South Carolina",87,"2020-04-17",4.88927443709199,-120.3543730867,0.0241619410666116,5.17921772989133,5.10595041426894,5.05840802455827,28.6875619243098
45057,"Lancaster","South Carolina",87,"2020-04-17",4.12482757894718,-70.0449704049235,0.0271933041569495,4.46092477563886,4.3237254531247,4.31518070804583,25.4896270258061
45061,"Lee","South Carolina",87,"2020-04-17",3.43858491373377,23.0264252554066,0.0585888537582595,4.15826039141188,3.85067684980035,3.84870689004159,11.8307004847698
45063,"Lexington","South Carolina",87,"2020-04-17",5.34096626269539,-61.5724863441397,0.0372004859614482,5.78737209423277,5.60019781100689,5.60136966442553,18.6327453162378
45075,"Orangeburg","South Carolina",87,"2020-04-17",3.46573590279973,-82.3389422533917,0.0214861861064625,3.78885133107312,3.66839705031818,3.61613920554497,32.2601310965776
45077,"Pickens","South Carolina",87,"2020-04-17",3.40594798442075,-66.2801125457816,0.0234232123193833,3.7542751067345,3.57901362920107,3.56991047065643,29.5923194098509
45079,"Richland","South Carolina",87,"2020-04-17",6.20973912131069,-88.4767297314344,0.0364257287847637,6.64684786672785,6.46964628452943,6.46471922280404,19.0290545634842
45083,"Spartanburg","South Carolina",87,"2020-04-17",5.21338175574225,-61.275515465844,0.0363871087030574,5.65002706017894,5.46805337916823,5.46809151666365,19.0492513768126
45085,"Sumter","South Carolina",87,"2020-04-17",5.02763287046483,-62.9957849704602,0.0346743380953391,5.4437249276089,5.28229932414998,5.2703532371322,19.9902065514299
45087,"Union","South Carolina",87,"2020-04-17",3.11033565629299,-31.4175171498041,0.0276160688951949,3.46353879427327,3.31844351902549,3.30364813855935,25.0994152422813
45091,"York","South Carolina",87,"2020-04-17",4.86863274820464,-132.27883714153,0.0227210153515484,5.14128493242322,5.04158052717406,5.02767985566548,30.5068752357807
46083,"Lincoln","South Dakota",87,"2020-04-17",4.04555439805267,38.3624735513936,0.092708151155572,5.15805221191953,4.69015789445412,4.69451145614167,7.47665843747424
46099,"Minnehaha","South Dakota",87,"2020-04-17",6.66459121949458,31.9104388255216,0.133053495842769,8.26123316960781,7.5727712093292,7.59596569039396,5.20953753352747
46135,"Yankton","South Dakota",87,"2020-04-17",3.07797037179096,16.1289617877597,0.0468755731445823,3.65024954756243,3.42630670986546,3.40609938380304,14.7869590505489
47003,"Bedford","Tennessee",87,"2020-04-17",3.35739475900376,56.5103211462495,0.127491686291924,4.77962237560733,4.20392205620315,4.24983656304723,5.43680298472806
47009,"Blount","Tennessee",87,"2020-04-17",3.79066214842388,-332.104371029596,0.00915388103486828,3.9005087208423,3.87352408976379,3.85473931566796,75.7216723616639
47011,"Bradley","Tennessee",87,"2020-04-17",3.43398720448515,-85.4374912674163,0.0205090698534218,3.68009604272621,3.58880043789972,3.5775506934591,33.7971046719263
47035,"Cumberland","Tennessee",87,"2020-04-17",3.81614123372486,-25.0584269519465,0.0357900116377264,4.26110248617956,4.06399504599888,4.06667131518894,19.3670565848405
47037,"Davidson","Tennessee",87,"2020-04-17",7.12413313738215,-167.846810163775,0.0285140047724134,7.46630119465111,7.33424968210558,7.32373117078904,24.3090083659714
47043,"Dickson","Tennessee",87,"2020-04-17",3.40594798442075,-22.805629044202,0.0324977581403026,3.79592108210438,3.63708189520552,3.63343229140287,21.3290768417754
47047,"Fayette","Tennessee",87,"2020-04-17",3.54302757710137,10.4503576355127,0.0494479173056906,4.13135580655919,3.88339519294445,3.8891629982412,14.017722450773
47051,"Franklin","Tennessee",87,"2020-04-17",3.06472514504094,-37.8277917007145,0.025501400146401,3.36179326657633,3.24853363889463,3.24323494606575,27.1807499423818
47053,"Gibson","Tennessee",87,"2020-04-17",3.04452243772342,19.4372543062359,0.0488418344676473,3.6417812826281,3.38646694929517,3.38641527899695,14.1916696642319
47059,"Greene","Tennessee",87,"2020-04-17",3.17208366336144,-111.000876060706,0.0164355920455185,3.36931076790766,3.3213730243591,3.28713280768007,42.1735449894515
47061,"Grundy","Tennessee",87,"2020-04-17",3.11668488397166,4.36848186378905,0.0399733018391905,3.58286772876364,3.40431418705064,3.39649799684599,17.3402533357995
47065,"Hamilton","Tennessee",87,"2020-04-17",4.58350868920691,-258.482387505723,0.0135226987362693,4.76651313608082,4.71192218306865,4.6781675803608,51.2580509318641
47073,"Hawkins","Tennessee",87,"2020-04-17",3.18398856586776,-24.0070382678818,0.0299511537579337,3.5344469476797,3.39964455490874,3.3936466421733,23.1425869654967
47093,"Knox","Tennessee",87,"2020-04-17",5.11542421785513,-180.17198444055,0.0195117118588051,5.34956476016079,5.26635882991554,5.25200620086677,35.5246728516621
47111,"Macon","Tennessee",87,"2020-04-17",3.31158522297247,23.087131763645,0.0562115768949931,3.98612414571239,3.70227949737045,3.70506626123742,12.3310395980314
47113,"Madison","Tennessee",87,"2020-04-17",4.2257904483556,-2.35607615657379,0.0498517422923677,4.80351827686127,4.57100098732498,4.57475264440217,13.9041716234272
47115,"Marion","Tennessee",87,"2020-04-17",3.22457384598284,-32.3237830589644,0.028313160238291,3.57662551165557,3.42808960966447,3.42276596765088,24.481448723005
47119,"Maury","Tennessee",87,"2020-04-17",3.3722098447889,-296.909822099691,0.00889976888459142,3.479007071404,3.46762225398623,3.43450822698104,77.8837281673711
47125,"Montgomery","Tennessee",87,"2020-04-17",4.54784369079637,-67.9564099335772,0.0303277712023836,4.91177694522497,4.76130032425372,4.76013808921306,22.8551968403622
47141,"Putnam","Tennessee",87,"2020-04-17",4.42399083377291,-182.308753113505,0.0167379656619736,4.62484642171659,4.55960542347233,4.54115659340673,41.4116741877826
47147,"Robertson","Tennessee",87,"2020-04-17",4.41539232851768,-81.1370021834592,0.0270655477875722,4.74017890196855,4.60743996439171,4.60485116303069,25.6099446425474
47149,"Rutherford","Tennessee",87,"2020-04-17",5.50823092909137,-98.4240642032855,0.03052935845013,5.87458323049293,5.72487379094303,5.72193643824228,22.7042825577946
47157,"Shelby","Tennessee",87,"2020-04-17",7.15416882866333,-77.6034052526025,0.0448246628406237,7.69206478275081,7.46438343220626,7.4679414685477,15.463522459153
47163,"Sullivan","Tennessee",87,"2020-04-17",3.68887945411394,-51.7396243016697,0.0276091562786921,4.02374806334268,3.88443489635919,3.88214354806478,25.1056994847356
47165,"Sumner","Tennessee",87,"2020-04-17",6.08580022626673,-153.775143757122,0.0258118821572467,6.39554281215369,6.27789241589124,6.26648340136746,26.8538023045849
47167,"Tipton","Tennessee",87,"2020-04-17",3.81928095372953,-87.0717658136516,0.0225897028717325,4.09035738819032,3.98738011274418,3.97740887383166,30.6842097258088
47179,"Washington","Tennessee",87,"2020-04-17",3.63758615972639,-110.664999089065,0.0188803683955321,3.86415058047278,3.78108190125526,3.76974873849511,36.7125877016242
47187,"Williamson","Tennessee",87,"2020-04-17",5.58671346973348,-201.58444209439,0.0197003524892736,5.82311769960476,5.74324505226617,5.7246159371584,35.1845065177057
47189,"Wilson","Tennessee",87,"2020-04-17",4.96484063890662,-80.3978187804948,0.0305038054815507,5.31979714048694,5.17747609925754,5.17836727727747,22.723301883733
48021,"Bastrop","Texas",87,"2020-04-17",3.50512830451039,33.4732567429065,0.0723189235306168,4.37722891716702,4.01253859273008,4.01136076922471,9.58458929862937
48027,"Bell","Texas",87,"2020-04-17",4.57176112385696,-31.6476302589042,0.0402275094820885,5.05449123764202,4.86207071574549,4.85335369023158,17.2306759599068
48029,"Bexar","Texas",87,"2020-04-17",6.64935457778108,-65.4440656233289,0.0450974717067826,7.19052423826247,6.96723689102284,6.96503687972856,15.3699787222372
48037,"Bowie","Texas",87,"2020-04-17",3.98898404656427,42.0735925199166,0.0999084139627164,5.18788501411687,4.67344009299878,4.68834294430328,6.93782588540153
48039,"Brazoria","Texas",87,"2020-04-17",5.4812339843533,-36.132109719947,0.0463991881406972,6.03802424204166,5.80740772180778,5.80602830133818,14.9387782057329
48041,"Brazos","Texas",87,"2020-04-17",4.89570532742228,-67.5056857540554,0.0327459474382531,5.28865669668132,5.13169742052504,5.12492695949005,21.1674187124061
48061,"Cameron","Texas",87,"2020-04-17",5.36263264848388,13.2879455348419,0.078045005206519,6.29917271096211,5.90320329836481,5.90894768492951,8.8813778502003
48071,"Chambers","Texas",87,"2020-04-17",3.41538201665411,9.05616793799602,0.0465589383237802,3.95489463796039,3.74468135137914,3.74129458492057,14.8875211831434
48085,"Collin","Texas",87,"2020-04-17",6.05208916892442,-128.043315074233,0.0288135290893952,6.39785151799716,6.26735578567096,6.25378387255019,24.056309742879
48091,"Comal","Texas",87,"2020-04-17",3.630038954091,-112.904922261184,0.0185756131315963,3.84338579094677,3.78619106477916,3.76006824601217,37.3149018365877
48099,"Coryell","Texas",87,"2020-04-17",3.86822038276975,53.4966800084192,0.135711221847572,5.49675504494061,4.78522652336849,4.81819893570275,5.10751558436689
48113,"Dallas","Texas",87,"2020-04-17",7.4613940564517,-98.6184746960372,0.0413102484062524,7.95711703732673,7.75796599660719,7.75056579529547,16.7790610635746
48121,"Denton","Texas",87,"2020-04-17",6.16721695516647,-112.406665137532,0.0317232793989008,6.54789630795328,6.39520901260925,6.38927991095878,21.8497959130909
48129,"Donley","Texas",87,"2020-04-17",3.13549421592915,-20.3946725767651,0.0310883404629646,3.55634052821583,3.37170077686864,3.3531125991699,22.2960495876481
48135,"Ector","Texas",87,"2020-04-17",3.85014760171006,17.6271950858253,0.0598101575167228,4.56786949191073,4.26914340855766,4.26881870432712,11.5891214693113
48139,"Ellis","Texas",87,"2020-04-17",4.30019661642625,3.45842695228642,0.0546885918133818,4.9515911305479,4.68396107492661,4.68301675911992,12.6744382617352
48141,"El Paso","Texas",87,"2020-04-17",5.80857139841507,10.6125031894079,0.0813667891147183,6.78497286779169,6.36466711842712,6.3781389222181,8.51879726484823
48157,"Fort Bend","Texas",87,"2020-04-17",6.30887877709341,-75.0580655212025,0.0401690849569373,6.79090779657666,6.5923411115138,6.59006237179197,17.2557373737297
48167,"Galveston","Texas",87,"2020-04-17",5.9288289761165,-82.6260546358602,0.0360139164437282,6.36099597344124,6.18839999799194,6.1809263912226,19.2466482128649
48183,"Gregg","Texas",87,"2020-04-17",3.74106520728451,-42.3638670069083,0.0304160969572186,4.14765660034338,3.96037910673838,3.95397788598504,22.7888272954575
48187,"Guadalupe","Texas",87,"2020-04-17",3.88008995832514,-98.4309126517167,0.0215045742511696,4.13814484933918,4.05800892223756,4.03062197808333,32.2325460836429
48199,"Hardin","Texas",87,"2020-04-17",4.15440880296475,25.7503226438603,0.0731732752416574,4.99405242633512,4.66534202670326,4.66662172965635,9.47268218172279
48201,"Harris","Texas",87,"2020-04-17",8.25434309466564,-110.235778364381,0.0429386411046732,8.76960678792172,8.55878608777402,8.55491358239835,16.1427367687355
48203,"Harrison","Texas",87,"2020-04-17",3.20738144544247,58.7137644929896,0.13210055784879,4.66133139485984,4.08762805615558,4.132085350384,5.24711774005803
48209,"Hays","Texas",87,"2020-04-17",4.5493554068817,-1.98743869392742,0.0541670930513879,5.19936052349835,4.92357696372522,4.92852505824141,12.7964626032703
48215,"Hidalgo","Texas",87,"2020-04-17",5.32440273702371,-2.95100454709302,0.0626761598101186,6.07651665474513,5.76187642089789,5.76313585569454,11.0591839490466
48245,"Jefferson","Texas",87,"2020-04-17",4.83059684331687,3.18086467054734,0.0612871077959136,5.56604213686783,5.25490982276442,5.25960659788826,11.3098366930306
48251,"Johnson","Texas",87,"2020-04-17",3.58747933967221,11.041979990442,0.0505577711890633,4.19417259394097,3.94334895394785,3.94138373799565,13.710002720806
48257,"Kaufman","Texas",87,"2020-04-17",3.4106761256167,23.7579896285975,0.0586286744440568,4.11819595836102,3.82143661304517,3.8210768467251,11.8226650548162
48303,"Lubbock","Texas",87,"2020-04-17",5.75890177387728,-7.07575901310995,0.0646517283454155,6.53472251402227,6.20273534228491,6.21146387229519,10.7212474948336
48309,"McLennan","Texas",87,"2020-04-17",3.98367899433458,-100.15074213618,0.0222593233737469,4.32166415246218,4.19574378155311,4.13949425795081,31.139633892801
48321,"Matagorda","Texas",87,"2020-04-17",3.81614123372486,-5.44235391664805,0.0441900514624736,4.39436273712619,4.18216180818889,4.12547159396217,15.6855934225053
48329,"Midland","Texas",87,"2020-04-17",3.51367536508885,-19.6278056295953,0.034531906037511,3.92378470724975,3.75969072819922,3.75539870735143,20.0726591751697
48339,"Montgomery","Texas",87,"2020-04-17",5.66296048013595,-26.9663850935996,0.0519697930262768,6.28659799645127,6.0220854827157,6.02674903131989,13.3375012713535
48341,"Moore","Texas",87,"2020-04-17",3.71357206670431,56.0514903218964,0.143113115657581,5.43092945459528,4.65003322977104,4.71536387630738,4.8433518994751
48347,"Nacogdoches","Texas",87,"2020-04-17",4.01509519056796,45.722842500072,0.110678329485322,5.34323514439183,4.77724693399321,4.78984349696522,6.26271812904321
48355,"Nueces","Texas",87,"2020-04-17",4.34565899050301,-76.8943061875475,0.027622685909016,4.72055974345783,4.56106943272568,4.53901779186612,25.0934026778947
48361,"Orange","Texas",87,"2020-04-17",3.7744016275521,17.0691285607095,0.0585232604550259,4.50224542627371,4.18870262269733,4.18406445073728,11.8439604213886
48375,"Potter","Texas",87,"2020-04-17",4.35487564560793,14.6206867208091,0.0646322355284803,5.13046247194969,4.80947236021203,4.80730129430729,10.7244809790698
48381,"Randall","Texas",87,"2020-04-17",4.28260085453587,13.2770343657081,0.0623168807546179,5.03040342359128,4.7138322186767,4.71881901981819,11.1229440910131
48397,"Rockwall","Texas",87,"2020-04-17",3.27983652465789,34.1823984993904,0.067691968798452,4.0491712143775,3.74312007814576,3.75368030624705,10.2397255222956
48419,"Shelby","Texas",87,"2020-04-17",3.73766961828337,38.7674350150469,0.085917882817596,4.74546504609245,4.34723497978146,4.33909479800654,8.06755424864809
48423,"Smith","Texas",87,"2020-04-17",4.52178857704904,-91.286214405558,0.0260943352739317,4.83492060033622,4.7196141887083,4.70444892396656,26.5631284830007
48439,"Tarrant","Texas",87,"2020-04-17",6.76569784684226,-30.5443577279785,0.0601158332894401,7.48708784631554,7.178666132629,7.18650867986834,11.5301933389602
48441,"Taylor","Texas",87,"2020-04-17",4.26468992796934,24.9577778839628,0.0743307920522349,5.13196305493137,4.77996267684571,4.78500547233498,9.32516876818488
48451,"Tom Green","Texas",87,"2020-04-17",3.61091791264422,-34.9709527309615,0.0312094382262769,4.02511098224102,3.83319444426632,3.82938398022816,22.2095372410885
48453,"Travis","Texas",87,"2020-04-17",6.68371847169071,-52.2627692830444,0.049780877508943,7.28108900179803,7.02647734287421,7.03218461425331,13.9239646877543
48469,"Victoria","Texas",87,"2020-04-17",4.41539232851768,-62.2934860801758,0.0306829152620256,4.79553978940461,4.63814725124407,4.63017273535186,22.5906558956545
48471,"Walker","Texas",87,"2020-04-17",3.59142411796322,57.1285803520138,0.139646092103276,5.14894966414121,4.50879666747221,4.56894676268615,4.96359883846463
48477,"Washington","Texas",87,"2020-04-17",3.69244452027843,-4.57523240852186,0.0433802323685298,4.2762164876635,3.9995536688913,3.99610614685814,15.9784109654237
48479,"Webb","Texas",87,"2020-04-17",5.36464000947911,-11.959601021695,0.0570951765561503,6.04978212815291,5.76785397048596,5.76430624537216,12.1402055719763
48481,"Wharton","Texas",87,"2020-04-17",3.3770998300831,24.2581864577395,0.0584862099561775,4.07893434955723,3.78983768965743,3.78650329977634,11.8514634659915
48485,"Wichita","Texas",87,"2020-04-17",3.92902058179672,-71.3255582726879,0.0257949051280932,4.26455709089303,4.14377148045772,4.10958491769337,26.8714762515269
48491,"Williamson","Texas",87,"2020-04-17",4.71338377062832,-80.2617620931024,0.0290480253007722,5.06196007423759,4.92373208463532,4.91671994773372,23.8621101910676
49005,"Cache","Utah",87,"2020-04-17",3.47019025314911,-28.8487193370509,0.0316069460416099,3.88287284336704,3.69601714909407,3.69143887544038,21.9302168468739
49011,"Davis","Utah",87,"2020-04-17",5.2164873483004,-129.262050203846,0.0246920227426887,5.51279162121266,5.40154286901831,5.38933150749922,28.0717050920904
49035,"Salt Lake","Utah",87,"2020-04-17",7.02845469279128,-93.5757055131441,0.0400309067376358,7.50882557364291,7.31063529007422,7.30867103995473,17.3153005277362
49043,"Summit","Utah",87,"2020-04-17",5.47167025335923,-292.72593020675,0.0146017924362488,5.64689176259422,5.62504526858136,5.57388280041297,47.4700064109398
49045,"Tooele","Utah",87,"2020-04-17",3.47019025314911,-20.2526426472032,0.0338717773283659,3.86994007092343,3.7095591323607,3.70729269444767,20.4638562021801
49049,"Utah","Utah",87,"2020-04-17",5.80384325721913,-63.2834437805595,0.0399484146726686,6.28322423329115,6.08029008229024,6.08348215992781,17.3510560115962
49051,"Wasatch","Utah",87,"2020-04-17",4.51085950651685,-211.199567963515,0.0155550047371021,4.74738072543399,4.65242058519378,4.61974453967656,44.5610395030377
49053,"Washington","Utah",87,"2020-04-17",3.53472877428668,-63.5174435497686,0.0242867760829313,3.82559088064901,3.72484761153965,3.7047362068672,28.5401066898742
49057,"Weber","Utah",87,"2020-04-17",4.52488935472729,-64.3519992022936,0.0309178513405396,4.89590357081377,4.75032205581586,4.74131431411107,22.41899583918
50001,"Addison","Vermont",87,"2020-04-17",3.91487607441055,-525.440724684474,0.00653580459992218,4.04854353777192,3.9813070185961,3.96062670661001,106.053840803043
50003,"Bennington","Vermont",87,"2020-04-17",3.23023958351852,-329.29879095349,0.00796524052299907,3.37167668303925,3.32181846220547,3.28599626717951,87.0215002997752
50007,"Chittenden","Vermont",87,"2020-04-17",5.8111409929767,-489.313288218494,0.0101715488031048,5.93319957861396,5.9014553207772,5.88234183459843,68.1456869526463
50011,"Franklin","Vermont",87,"2020-04-17",4.4014790606007,-79.8916235908193,0.027304573005235,4.74803653133438,4.591494548733,4.59261107163734,25.3857542627402
50015,"Lamoille","Vermont",87,"2020-04-17",3.01693448120459,-310.91591620456,0.00782896435041046,3.17007227287929,3.09345530816854,3.07173723165746,88.5362545460569
50021,"Rutland","Vermont",87,"2020-04-17",3.55534806148941,-117.108359308403,0.017856347537787,3.76962423194285,3.69000207458754,3.68034249425392,38.8179709816428
50023,"Washington","Vermont",87,"2020-04-17",3.23587340123677,-111.505835900224,0.0167223556136326,3.43654166860036,3.36965224614583,3.3529298905322,41.450331315456
50025,"Windham","Vermont",87,"2020-04-17",3.94296780927757,-57.1126444212648,0.0284791091107707,4.30355348849029,4.13985587831432,4.14232157305297,24.3387943725318
51003,"Albemarle","Virginia",87,"2020-04-17",3.86822038276975,-59.2474740566672,0.0275713896572867,4.22524582121131,4.0737536226635,4.06122011037076,25.1400886634946
51013,"Arlington","Virginia",87,"2020-04-17",5.92501944769983,-30.2345787482142,0.0527913902629951,6.55851613085577,6.2976630565722,6.2945591795408,13.1299285187762
51023,"Botetourt","Virginia",87,"2020-04-17",3.09751496786393,-29.3637709307569,0.0280950898142628,3.46591622412575,3.31580317187242,3.29418059656377,24.6714705360387
51041,"Chesterfield","Virginia",87,"2020-04-17",5.43994092906989,-1.66332127202388,0.0650218141756816,6.22020269917807,5.89214056297663,5.89509362829966,10.6602251774634
51047,"Culpeper","Virginia",87,"2020-04-17",3.10394585819422,52.9064438965323,0.105029418134696,4.31603228663269,3.83596761863156,3.83915178513709,6.5995527050432
51059,"Fairfax","Virginia",87,"2020-04-17",7.05568255189039,-19.3140137893497,0.0696417236667816,7.89138323589177,7.53720972989601,7.54317461755786,9.95304458396927
51061,"Fauquier","Virginia",87,"2020-04-17",3.34235688163922,13.5390141036934,0.0492326331292168,3.96130619984795,3.6949749881389,3.68698531354374,14.0790190673064
51065,"Fluvanna","Virginia",87,"2020-04-17",3.71008166176454,54.2859010905344,0.133869828273485,5.31651960104636,4.60568740047456,4.64717045967894,5.17776999865796
51069,"Frederick","Virginia",87,"2020-04-17",4.22787595484662,-36.4992235686199,0.0356785118714163,4.65601809730362,4.49225064062012,4.47762553794653,19.4275810341534
51075,"Goochland","Virginia",87,"2020-04-17",3.58747933967221,46.095100774282,0.0985375498939352,4.72043139761812,4.27611225365041,4.27724218892976,7.03434560029188
51085,"Hanover","Virginia",87,"2020-04-17",3.88303546855489,44.9866151739141,0.103529751508776,5.0743435516487,4.59275488038977,4.60774372911632,6.69514965947916
51087,"Henrico","Virginia",87,"2020-04-17",6.04939647123551,-24.9969611096578,0.0565380213465659,6.7278527273943,6.444839572882,6.44516262066147,12.2598415022539
51093,"Isle of Wight","Virginia",87,"2020-04-17",3.86822038276975,51.1142044949861,0.123716804040161,5.30569355860021,4.72057808553426,4.73423801105088,5.60269226106856
51095,"James City","Virginia",87,"2020-04-17",4.57471097850338,-142.678431576596,0.0203611488045473,4.81904476415795,4.76948692841566,4.71723902013521,34.0426361603497
51107,"Loudoun","Virginia",87,"2020-04-17",5.78118433572453,-50.897450353315,0.0435010929130314,6.30319745068091,6.09649139687836,6.08569198611575,15.9340176106772
51109,"Louisa","Virginia",87,"2020-04-17",3.26357600378611,19.2468560695181,0.0517676414390508,3.86979395143494,3.63301695638061,3.62594949385947,13.3895839426262
51117,"Mecklenburg","Virginia",87,"2020-04-17",4.02023659006838,-17.0209967806605,0.0405998396377844,4.50743466572179,4.31905982076739,4.30443546753287,17.0726580879119
51121,"Montgomery","Virginia",87,"2020-04-17",3.5179216559703,42.1879848232681,0.0873208621233653,4.52426983358112,4.11863276295346,4.12916769083386,7.93793331518738
51149,"Prince George","Virginia",87,"2020-04-17",3.27444567602301,-23.8995597485098,0.0312344956303511,3.68253328378515,3.52432164106582,3.49308714543547,22.1917199740662
51153,"Prince William","Virginia",87,"2020-04-17",6.16241214111793,5.49631213599762,0.0798928937038769,7.07081572691984,6.71514577956142,6.72166239704507,8.67595537506873
51165,"Rockingham","Virginia",87,"2020-04-17",4.04054185622913,47.5857466908198,0.11512102684803,5.3432565013374,4.83299122021239,4.84638904416534,6.02103021088373
51171,"Shenandoah","Virginia",87,"2020-04-17",3.09751496786393,52.6200911988726,0.104005743846934,4.30374819517954,3.82777822432946,3.82555517479247,6.66450866002224
51177,"Spotsylvania","Virginia",87,"2020-04-17",3.99688922607139,20.2905749922211,0.0645758158521536,4.75984625587045,4.44843215954156,4.44891993703647,10.7338509225637
51179,"Stafford","Virginia",87,"2020-04-17",4.51399430532222,32.2957514689198,0.0899608518193639,5.55096675872971,5.13680476904006,5.14372026805777,7.70498685307854
51191,"Washington","Virginia",87,"2020-04-17",3.26902560855367,25.7147783440793,0.0577661533758717,3.94457458748131,3.67527437716619,3.67338868218477,11.9991922614232
51199,"York","Virginia",87,"2020-04-17",3.32708940950844,-6.62295655455003,0.0380320712977195,3.82689945786998,3.60537049348693,3.59331390859248,18.2253334332992
51510,"Alexandria city","Virginia",87,"2020-04-17",5.47347043386338,13.3721136140747,0.0797557774558815,6.43053976333396,6.02646542089227,6.03176087605455,8.6908710901022
51540,"Charlottesville city","Virginia",87,"2020-04-17",3.43398720448515,-26.8069375531654,0.0321115892911631,3.87930276223044,3.67227473098341,3.65876832952329,21.5855769166397
51550,"Chesapeake city","Virginia",87,"2020-04-17",4.87846352098777,-37.1124690261587,0.0409567827858257,5.36994491441768,5.16846106383638,5.16516100048855,16.9238678776261
51590,"Danville city","Virginia",87,"2020-04-17",3.01693448120459,-14.2115277731388,0.0320840373666053,3.47186270057083,3.27360678013743,3.24152274277083,21.6041133676464
51650,"Hampton city","Virginia",87,"2020-04-17",4.27468002104443,-37.8196901357605,0.0356759395404966,4.70279129553039,4.5298127731218,4.52441159782791,19.4289818148486
51660,"Harrisonburg city","Virginia",87,"2020-04-17",4.69527202068527,49.6812640513002,0.145280187571017,6.43863427153747,5.63142831068442,5.71223333368239,4.77110604101551
51680,"Lynchburg city","Virginia",87,"2020-04-17",3.50512830451039,10.8927978645013,0.0488217852775827,4.05744197767998,3.85183590462547,3.84688080145347,14.1974976256801
51683,"Manassas city","Virginia",87,"2020-04-17",3.88303546855489,48.8113242626873,0.115527452343605,5.22053258271301,4.68209194434973,4.69172763496012,5.9998482308635
51700,"Newport News city","Virginia",87,"2020-04-17",4.4576640488795,-21.4998904148282,0.0432023311230167,4.98986451037355,4.76273660346928,4.76008036674062,16.0442078596694
51710,"Norfolk city","Virginia",87,"2020-04-17",4.54784369079637,-50.4613782744758,0.0343333562585518,4.95984396589899,4.801102995514,4.78817718460623,20.1887393513209
51740,"Portsmouth city","Virginia",87,"2020-04-17",4.00473240353241,-14.9006690531971,0.0413282224226323,4.500671072604,4.30360948459889,4.29402996049084,16.7717636987058
51760,"Richmond city","Virginia",87,"2020-04-17",5.09899496807406,-21.6113077058669,0.0492127266895342,5.68954768834847,5.44630130671156,5.4434840549008,14.0847139995466
51770,"Roanoke city","Virginia",87,"2020-04-17",3.05803615689015,29.3772647201717,0.0581047416948749,3.7548873410507,3.46768767488185,3.46476934875427,11.9292704922408
51800,"Suffolk city","Virginia",87,"2020-04-17",4.00473240353241,37.342997212476,0.0887163027490028,5.02639981214908,4.62175342742017,4.62574652277543,7.81307560258689
51810,"Virginia Beach city","Virginia",87,"2020-04-17",5.46443694876571,-100.636189562017,0.0303382572168302,5.9049227826362,5.69558218409927,5.67680474928352,22.8472972460468
53001,"Adams","Washington",87,"2020-04-17",3.63381967693091,-11.6117761328878,0.0388179759752926,4.09963538863442,3.91759324366865,3.90554550875796,17.856345240698
53005,"Benton","Washington",87,"2020-04-17",5.55351314153691,-111.381589303547,0.0287178999900537,5.89812794141756,5.75860523326299,5.75453844146729,24.1364159914204
53007,"Chelan","Washington",87,"2020-04-17",3.99426110366512,-29.9733896231924,0.0356715208596115,4.42231935398046,4.24209535122294,4.2439617496824,19.4313885098392
53011,"Clark","Washington",87,"2020-04-17",5.43870023412166,-229.821404868529,0.0174417155115273,5.64800082025999,5.57013170136313,5.56079224270235,39.7407686246139
53015,"Cowlitz","Washington",87,"2020-04-17",3.06472514504094,-399.172060170603,0.00634829834113631,3.13080337147582,3.1221560744887,3.10916323342889,109.186295809134
53017,"Douglas","Washington",87,"2020-04-17",3.15395627876888,16.5915874346694,0.0478859804830535,3.70677773332758,3.48060281172836,3.48915814215025,14.4749501538398
53021,"Franklin","Washington",87,"2020-04-17",4.89677313318311,-2.76789576882003,0.0572266443862419,5.53770195916718,5.29522820663858,5.2973596438868,12.1123156528568
53025,"Grant","Washington",87,"2020-04-17",4.63749907310345,-81.1483859118973,0.0284250380240217,4.97859952939171,4.84675512517221,4.8364743392716,24.3850924658104
53029,"Island","Washington",87,"2020-04-17",4.86863274820464,1153.26793749778,-0.00454473860160191,4.81409588498542,4.87208644438689,4.83681957799343,-152.516402222919
53031,"Jefferson","Washington",87,"2020-04-17",3.03769647265303,687.945187179302,-0.00512123567007573,3.04173327865245,3.04355788697651,3.0018478229625,-135.347643657589
53033,"King","Washington",87,"2020-04-17",8.14534245089321,-666.389590437927,0.0108838264921976,8.27594836879958,8.23658981558934,8.22152923633859,63.6859822284791
53035,"Kitsap","Washington",87,"2020-04-17",4.71338377062832,1886.08081476979,-0.00261262341023774,4.68203228970547,4.71027232490992,4.69509540675666,-265.306962283122
53053,"Pierce","Washington",87,"2020-04-17",6.79554596694305,-206.367600039334,0.023565566887598,7.07833276959423,6.96258514282304,6.96050493515624,29.4135585138303
53057,"Skagit","Washington",87,"2020-04-17",5.06349878365332,-868.415384470975,0.00532766921325857,5.12743081421242,5.11690191296268,5.10079246814613,130.103268955768
53061,"Snohomish","Washington",87,"2020-04-17",7.24187781845036,-771.462956523127,0.00848528663499658,7.34370125807032,7.32770190344316,7.30127482489534,81.6881279768606
53063,"Spokane","Washington",87,"2020-04-17",5.52317373586592,-756.095210335428,0.00659015069857684,5.60225554424884,5.58215029310003,5.56930479075596,105.179261031107
53067,"Thurston","Washington",87,"2020-04-17",4.24849524204936,2963.55569993106,-0.0014873357084344,4.26799265984894,4.2567992636994,4.23808389209032,-466.032770294721
53071,"Walla Walla","Washington",87,"2020-04-17",3.11668488397166,-21.7702028765123,0.0299044236271388,3.46204119021902,3.32376316135423,3.32601584936163,23.1787507160279
53073,"Whatcom","Washington",87,"2020-04-17",5.39751608009205,2009.59943847507,-0.00280012328928777,5.3639146006206,5.41194465305685,5.37791521706704,-247.541664758716
53077,"Yakima","Washington",87,"2020-04-17",6.39287382238689,-30.5077865300788,0.0568216122595014,7.07473316950091,6.78327469523025,6.7906251082034,12.1986538747682
54003,"Berkeley","West Virginia",87,"2020-04-17",4.58350868920691,-61.2678939417473,0.0319925739333515,4.96741957640713,4.81132011295189,4.80745670674037,21.6658772752684
54011,"Cabell","West Virginia",87,"2020-04-17",3.25809653802148,25.7008767255852,0.0578711771787417,3.95255066416638,3.65872282487728,3.66319477827267,11.977416295146
54033,"Harrison","West Virginia",87,"2020-04-17",3.29053181377464,-138.319327208961,0.0150857243366571,3.50470532835204,3.42704907368458,3.39613188413124,45.9472256745175
54035,"Jackson","West Virginia",87,"2020-04-17",3.38680864421006,37.0755686830382,0.0744247262112581,4.23658521549645,3.90698303266253,3.90778172768887,9.31339913286902
54037,"Jefferson","West Virginia",87,"2020-04-17",3.9262076404201,-23.743252349198,0.0372492681776843,4.38584998286804,4.18689473342876,4.18695251766389,18.6083435855313
54039,"Kanawha","West Virginia",87,"2020-04-17",4.44096917030733,-59.200869490796,0.0314034143090284,4.81103037712286,4.66661964298991,4.66079307047053,22.0723509150617
54049,"Marion","West Virginia",87,"2020-04-17",3.62243435470578,-19.9533112293077,0.0361269645468047,4.1167872347722,3.87649505604665,3.87532310653341,19.186421811385
54061,"Monongalia","West Virginia",87,"2020-04-17",4.29631311639985,-209.959190429383,0.0148530488019858,4.51472068925974,4.44579124790674,4.40028445801375,46.6669967762627
54069,"Ohio","West Virginia",87,"2020-04-17",3.10394585819422,-105.428848282846,0.0167171758478581,3.33388712588014,3.23768326497708,3.22096608912923,41.4631745737578
54099,"Wayne","West Virginia",87,"2020-04-17",3.84710345932883,53.2985081263047,0.130852211995404,5.325880243186,4.69932950590629,4.76306894329666,5.29717587490451
54107,"Wood","West Virginia",87,"2020-04-17",3.09104245335832,34.5052714887086,0.0649936182167607,3.8667776707727,3.53688342693868,3.54599778087564,10.6648498664627
55009,"Brown","Wisconsin",87,"2020-04-17",4.62497281328427,44.5810280411088,0.123599676077828,6.1081689262182,5.4247032769734,5.49017054582906,5.60800159478968
55021,"Columbia","Wisconsin",87,"2020-04-17",3.02390315052069,-73.4849496081502,0.0196329200560212,3.28821862624356,3.16698026899412,3.16133359091284,35.3053533851356
55025,"Dane","Wisconsin",87,"2020-04-17",5.61521144047493,-267.3369958311,0.0160739100280974,5.8080983608121,5.76897743832219,5.72772881067161,43.1224997121619
55039,"Fond du Lac","Wisconsin",87,"2020-04-17",3.71357206670431,-74.6311205866369,0.0237090308285845,3.99808043664732,3.88211676690711,3.8795352825044,29.2355763325535
55055,"Jefferson","Wisconsin",87,"2020-04-17",3.0513021247088,-63.2787915745844,0.0210338785978318,3.30818300799349,3.21279346650607,3.19853927489362,32.9538452613964
55059,"Kenosha","Wisconsin",87,"2020-04-17",5.19057305953494,-29.920295884975,0.0463774065149855,5.74710193771477,5.51601892514455,5.51521490513984,14.9457943564821
55079,"Milwaukee","Wisconsin",87,"2020-04-17",7.37418108687999,-122.747604338128,0.036015957845846,7.80637258103014,7.65267467702241,7.62629279180091,19.2455573034243
55087,"Outagamie","Wisconsin",87,"2020-04-17",3.30636327899132,-219.066897903254,0.0111054670049969,3.47675410502131,3.40042895901244,3.3841015480263,62.4149511450592
55089,"Ozaukee","Wisconsin",87,"2020-04-17",4.08957128346944,-884.965631886447,0.00427086185254778,4.18102697217915,4.15204195445267,4.11946731643727,162.296792659414
55101,"Racine","Wisconsin",87,"2020-04-17",4.82945594188108,-2.22534115676763,0.0573397017519,5.51753236290388,5.22697799486936,5.23083385414438,12.0884336573477
55105,"Rock","Wisconsin",87,"2020-04-17",4.02279741093005,-57.0994571276753,0.028920295549663,4.36984095752601,4.24387690837177,4.22523947977769,23.9674998953467
55111,"Sauk","Wisconsin",87,"2020-04-17",3.20158432775814,-145.068178008184,0.0142550471721292,3.40792815486163,3.31562470513517,3.30136965796304,48.6246851511762
55117,"Sheboygan","Wisconsin",87,"2020-04-17",3.391627930646,-35.8078707810302,0.028828187417015,3.74212562707921,3.60283534412502,3.59342524256511,24.0440777816934
55127,"Walworth","Wisconsin",87,"2020-04-17",3.83483336673702,43.4992691356211,0.0982980797606332,4.96412487047699,4.49995670478938,4.52291992506145,7.05148241194371
55131,"Washington","Wisconsin",87,"2020-04-17",4.11321304652649,-631.606644126906,0.00576397806884069,4.18238078335258,4.18013487059101,4.15356089300838,120.254999634195
55133,"Waukesha","Wisconsin",87,"2020-04-17",5.27299955856375,-145.467691614365,0.0231813121289474,5.55117530411112,5.44517552438663,5.43526874346638,29.9011193458021
55139,"Winnebago","Wisconsin",87,"2020-04-17",3.18398856586776,5.06459644121886,0.0415598954275341,3.69614607170849,3.46797337934942,3.4749078338605,16.6782705641921
56013,"Fremont","Wyoming",87,"2020-04-17",3.61861025826738,-56.128607375125,0.0265912453472925,3.99210663235929,3.83516431748412,3.80474897569843,26.0667438289242
56021,"Laramie","Wyoming",87,"2020-04-17",4.36218829245422,-72.9320071853271,0.0281555010594825,4.70005430516801,4.57275313826703,4.5592767998706,24.6185347259697
56025,"Natrona","Wyoming",87,"2020-04-17",3.68171096463532,-44.7519033125576,0.0293048889618788,4.06610911982385,3.89433102893572,3.88684518736847,23.6529536577198
56039,"Teton","Wyoming",87,"2020-04-17",4.3640081291712,-55.8676535963574,0.0316536041292756,4.74385137872251,4.5914528450497,4.58558335807613,21.8978912394646
78030,"St. Thomas","Virgin Islands",87,"2020-04-17",3.55942138687705,-28.9738551451616,0.0324183086257731,3.98660438899696,3.81469453049559,3.78634954725746,21.3813493036118
99999,"New York City","New York",87,"2020-04-17",11.5399442896906,-305.258039363145,0.0297991083895077,11.8975335903647,11.756412477723,11.7485380484172,23.2606684569127
