"fips","county","state","days_from_start","datetime","log_rolled_cases.x","t0.hat","tau.hat","predicted.grf.future","predicted.grf.future.0","predicted.grf.future.last","Predicted_Double_Days"
1001,"Autauga","Alabama",551,"2021-07-25",4.87519732320115,473.350688809956,0.0670076314217847,5.67214984433042,5.35056559340239,5.34425074315364,10.3443020720562
1003,"Baldwin","Alabama",551,"2021-07-25",7.19411504900585,469.818937273895,0.0944344275541413,8.32732817965555,7.84686092334026,7.85515604188484,7.33998392866361
1005,"Barbour","Alabama",551,"2021-07-25",4.28260085453587,492.486508957956,0.0801018596315146,5.2477524634203,4.84763742270091,4.84331387195647,8.65332195467831
1007,"Bibb","Alabama",551,"2021-07-25",4.34565899050301,510.005640624368,0.119167830565163,5.71938368615886,5.16652788395793,5.17983380445915,5.81656288675087
1009,"Blount","Alabama",551,"2021-07-25",5.10247625966657,465.830186175065,0.0636458539221353,5.8662265067322,5.55443356944297,5.54799723712152,10.8906886756197
1013,"Butler","Alabama",551,"2021-07-25",4.32129039948605,502.546629159858,0.0984244009885631,5.45796480773767,5.00690291308461,5.01026120640599,7.04243229928815
1015,"Calhoun","Alabama",551,"2021-07-25",5.53282467651256,494.225074247169,0.106312951308288,6.7801005762504,6.26469743440014,6.27701533567057,6.51987525536704
1017,"Chambers","Alabama",551,"2021-07-25",4.42056029867613,505.054996172633,0.106164290181229,5.62086874997491,5.15915421414788,5.16371032994473,6.52900499194881
1019,"Cherokee","Alabama",551,"2021-07-25",3.90916177314711,503.368500587098,0.0909526182376198,4.96887790985046,4.54690189963049,4.54583010081045,7.62097006101629
1021,"Chilton","Alabama",551,"2021-07-25",4.82945594188108,495.14794070495,0.0949707053918889,5.96910440658375,5.49219760873413,5.4942508796243,7.29853671929391
1025,"Clarke","Alabama",551,"2021-07-25",4.4526847854799,500.7541500919,0.0984108994421345,5.63361557878551,5.14032629333771,5.14156108157484,7.04339849030153
1029,"Cleburne","Alabama",551,"2021-07-25",3.53472877428668,518.125570982641,0.125888933004066,5.01974932314169,4.39392010824259,4.41595130531514,5.50602157012131
1031,"Coffee","Alabama",551,"2021-07-25",5.69228809523047,468.533779568347,0.0734809064326649,6.57405897242244,6.20773038483452,6.20665444025912,9.43302436252769
1033,"Colbert","Alabama",551,"2021-07-25",4.67815507874458,500.607111624372,0.103059206984863,5.91486556256294,5.39327619769612,5.39956952763862,6.72571816569242
1035,"Conecuh","Alabama",551,"2021-07-25",3.55125807623789,458.731507769439,0.0410599952526083,4.07596381972044,3.85903336489707,3.83867804300615,16.8813263687826
1037,"Coosa","Alabama",551,"2021-07-25",3.26357600378611,520.537799659603,0.124955737593025,4.68111687539198,4.10998155703719,4.13826616693729,5.5471416832214
1039,"Covington","Alabama",551,"2021-07-25",5.33822465713989,471.584527873369,0.0718587857214214,6.20971089456301,5.8412546052164,5.84123615718984,9.64596289237483
1041,"Crenshaw","Alabama",551,"2021-07-25",3.90629233071916,458.365751172383,0.0446239256327426,4.44607131015777,4.23412715148965,4.21865981014836,15.5330838946036
1043,"Cullman","Alabama",551,"2021-07-25",5.23796056600714,485.493219286707,0.0864226807954091,6.26623036508764,5.83887592317672,5.842919331575,8.02043137496339
1045,"Dale","Alabama",551,"2021-07-25",5.65997985199781,483.279626250508,0.0902414879510131,6.74287770740997,6.28809300038825,6.2916702676549,7.6810256158034
1047,"Dallas","Alabama",551,"2021-07-25",4.04054185622913,475.723325360281,0.0575004939022778,4.73094942842088,4.45426505488334,4.44304531354507,12.0546300304472
1049,"DeKalb","Alabama",551,"2021-07-25",5.28610018260945,489.725537532859,0.0935937491904075,6.39006291625951,5.93533739612799,5.9412564269423,7.40591317855858
1051,"Elmore","Alabama",551,"2021-07-25",5.60264583011456,473.456543133593,0.0772315805191388,6.52942479634423,6.14671467749567,6.14326689374853,8.97491901500288
1053,"Escambia","Alabama",551,"2021-07-25",4.76947323727937,501.703554735036,0.107122606369169,6.0306219461022,5.51230082062691,5.51933148186355,6.47059667472245
1055,"Etowah","Alabama",551,"2021-07-25",5.74984784149945,483.254421952232,0.09163749893454,6.84949782871393,6.3870918016295,6.39131033404123,7.56401242525274
1057,"Fayette","Alabama",551,"2021-07-25",3.59535339610311,500.214265839907,0.0781344939197116,4.51505909437782,4.14722594343751,4.14229485354109,8.87120586295984
1059,"Franklin","Alabama",551,"2021-07-25",4.32318613465095,511.980664570999,0.127080264212497,5.84814930520092,5.1866240901277,5.21274798413843,5.45440462258483
1061,"Geneva","Alabama",551,"2021-07-25",4.4526847854799,505.605407376911,0.110229723741161,5.77544147037383,5.21444906503982,5.22429285166803,6.28820573103836
1063,"Greene","Alabama",551,"2021-07-25",3.20738144544247,521.967098294454,0.129543791374557,4.66783870116318,4.06717392436172,4.11418798506437,5.35067850959997
1065,"Hale","Alabama",551,"2021-07-25",3.53888678443534,510.73156562524,0.0988767861593494,4.6737508777604,4.23417587003599,4.23102428755079,7.01021147110175
1067,"Henry","Alabama",551,"2021-07-25",4.38381075646738,485.929316426156,0.0730165978733135,5.26235612096617,4.89780409799612,4.89492694158057,9.49300844942929
1069,"Houston","Alabama",551,"2021-07-25",6.19440539110467,474.826518396653,0.0870324909160181,7.23879528209688,6.80105315974314,6.8036328275168,7.96423465839668
1071,"Jackson","Alabama",551,"2021-07-25",5.22957956456891,455.879055603619,0.0580284594174638,5.92592107757848,5.64118418488348,5.63577878049116,11.9449523133702
1073,"Jefferson","Alabama",551,"2021-07-25",7.37400185935016,466.943066366518,0.0932745746696553,8.49329675538602,8.01899173660974,8.02692388203775,7.43125533420893
1077,"Lauderdale","Alabama",551,"2021-07-25",5.53112832326438,486.830600724448,0.0934795416378308,6.65288282291835,6.18093431167564,6.1854851147292,7.41496126762598
1079,"Lawrence","Alabama",551,"2021-07-25",3.59535339610311,502.138460534573,0.0823517042213016,4.6002929754034,4.17673528974071,4.17181532565222,8.41691361598624
1081,"Lee","Alabama",551,"2021-07-25",5.89597577992931,474.390416439312,0.0823350100190512,6.88399590015792,6.472384081794,6.47232085006267,8.41862022485405
1083,"Limestone","Alabama",551,"2021-07-25",5.36597601502185,479.669247746525,0.0808972585523589,6.33674311765016,5.93327825102832,5.93225682488836,8.56824066678751
1087,"Macon","Alabama",551,"2021-07-25",3.54715129428524,494.509180070652,0.0682917867412419,4.33590153464159,4.03414614842887,4.02519380147393,10.1497883367188
1089,"Madison","Alabama",551,"2021-07-25",6.55454371835663,464.816700694321,0.080737587341417,7.52339476645363,7.11868849434317,7.11970682974655,8.58518570326875
1091,"Marengo","Alabama",551,"2021-07-25",4.15440880296475,470.801657484691,0.0553642246187515,4.82766862140041,4.55378766112332,4.54195837529601,12.5197667868211
1093,"Marion","Alabama",551,"2021-07-25",4.3640081291712,460.293998726952,0.0508757920466535,4.97087020247767,4.73019247102418,4.72013867349777,13.6243024958574
1095,"Marshall","Alabama",551,"2021-07-25",5.46625018588989,477.395837891525,0.0796781130749295,6.42238754278904,6.02388396147319,6.0239969774144,8.69934231384355
1097,"Mobile","Alabama",551,"2021-07-25",7.86112156766319,460.453902438446,0.0918933977322206,8.96384234044984,8.49828996066082,8.50437535178873,7.54294865208697
1099,"Monroe","Alabama",551,"2021-07-25",4.35303909780063,483.667571084845,0.0698358651116562,5.19106947914051,4.84522478838846,4.84189015358222,9.9253754421416
1101,"Montgomery","Alabama",551,"2021-07-25",6.18738371216732,469.075557520662,0.0804345603652477,7.15259843655029,6.75208894340396,6.75042563472405,8.61752929850567
1103,"Morgan","Alabama",551,"2021-07-25",5.36129216570943,481.768497358977,0.0834682662753918,6.36291136101413,5.94513166071013,5.94557002963717,8.30431985100785
1109,"Pike","Alabama",551,"2021-07-25",4.37485814519527,486.027690595658,0.072947968631645,5.25023376877501,4.88957748316374,4.88549392561678,9.50193944481213
1111,"Randolph","Alabama",551,"2021-07-25",3.80029304148484,514.146851207333,0.117338772315151,5.14567464148516,4.60957112713247,4.6216644476909,5.90723055034422
1113,"Russell","Alabama",551,"2021-07-25",4.42227703729518,479.648594895826,0.0666493351625645,5.22206905924596,4.89720281047172,4.88882238343313,10.3999114000056
1115,"St. Clair","Alabama",551,"2021-07-25",5.50765172258806,488.857237139191,0.0963840641728135,6.66426049266182,6.17503606906553,6.18234017179775,7.19151227444772
1117,"Shelby","Alabama",551,"2021-07-25",6.53378883793334,459.137962096962,0.075220303318544,7.43643247775587,7.06077222642649,7.06033096116315,9.21489478212546
1121,"Talladega","Alabama",551,"2021-07-25",5.29402244226516,492.442700005289,0.0988478217308934,6.48019630303588,5.98135563338209,5.98595719438141,7.0122656060848
1123,"Tallapoosa","Alabama",551,"2021-07-25",5.2477756693398,466.240989517974,0.0660356478113719,6.05936569971109,5.71487258509571,5.7100252040194,10.4965606234362
1125,"Tuscaloosa","Alabama",551,"2021-07-25",5.92844867567457,490.635236222708,0.1070798152327,7.21340645846697,6.66520992027667,6.67800738230347,6.47318244856544
1127,"Walker","Alabama",551,"2021-07-25",5.20870520785835,472.763921763254,0.0711221208626229,6.06217065820983,5.70980475235624,5.70656005389671,9.74587332538642
1129,"Washington","Alabama",551,"2021-07-25",3.76451686831956,514.823764343028,0.11962206961721,5.16483066756738,4.58701551102868,4.60187135564003,5.79447574162537
1133,"Winston","Alabama",551,"2021-07-25",3.9810158769151,512.73334563398,0.117379661739916,5.31338457758109,4.79221979932454,4.80267350909451,5.90517275553054
2020,"Anchorage","Alaska",551,"2021-07-25",6.96251399044126,447.547749286148,0.0707197036122373,7.8111504337881,7.46993508653215,7.45755191572692,9.80133039528186
2050,"Bethel Census Area","Alaska",551,"2021-07-25",3.61861025826738,511.045006381314,0.102193275178886,4.79848458389721,4.33122156651994,4.33396318451958,6.78270834696917
2090,"Fairbanks North Star Borough","Alaska",551,"2021-07-25",4.18965474202643,504.531994519403,0.101033427903514,5.40205587686859,4.90499010785518,4.89688873735103,6.8605727326395
2110,"Juneau City and Borough","Alaska",551,"2021-07-25",4.36763789722178,510.694888265869,0.121809628053631,5.7622180653699,5.20651098942434,5.2203052935972,5.6904137352325
2122,"Kenai Peninsula Borough","Alaska",551,"2021-07-25",5.50707218041015,488.871084258639,0.0963972816382903,6.66383956006964,6.18409900239336,6.18185315187818,7.19052621380786
2150,"Kodiak Island Borough","Alaska",551,"2021-07-25",3.40594798442075,518.132141334667,0.120860163350991,4.81843591074633,4.22497784482941,4.25196912787769,5.73511702567345
2158,"Kusilvak Census Area","Alaska",551,"2021-07-25",4.03044076024262,751.800873085904,-0.019852455472064,3.84742320338504,3.92835642896698,3.89147357193817,-34.914934403723
2170,"Matanuska-Susitna Borough","Alaska",551,"2021-07-25",4.99431232006433,486.493995183157,0.0837818476738216,5.99090520332831,5.58605597281598,5.58078525378108,8.27323817515337
2220,"Sitka City and Borough","Alaska",551,"2021-07-25",5.37593956473304,496.180885706587,0.107909175845059,6.67084967487374,6.12670351430807,6.13130379564845,6.42343132668532
2261,"Valdez-Cordova Census Area","Alaska",551,"2021-07-25",4.53566698022112,502.878420748664,0.10427877625588,5.74801082962088,5.26674624464331,5.26561841401228,6.64705902243323
4001,"Apache","Arizona",551,"2021-07-25",5.06800532575522,443.473024250448,0.0494309452581054,5.66117666885249,5.41272739887976,5.41402194256196,14.0225354166434
4003,"Cochise","Arizona",551,"2021-07-25",4.56731996185699,450.285820792821,0.0479532274718887,5.16524253746964,4.90230397440976,4.90299255416021,14.4546512738123
4005,"Coconino","Arizona",551,"2021-07-25",5.60053612469071,369.06840113077,0.031653679503739,5.98038027873558,5.82863726717384,5.82211188121688,21.8978390957067
4007,"Gila","Arizona",551,"2021-07-25",5.05806398766737,439.129572042197,0.0473289392053758,5.62601125813188,5.388313972984,5.389366562105,14.6453140974099
4009,"Graham","Arizona",551,"2021-07-25",3.72051653905712,506.558181992137,0.0924250658935453,4.75451341906051,4.34644996301467,4.36749200031194,7.49955841371332
4012,"La Paz","Arizona",551,"2021-07-25",3.66356164612965,424.169169088531,0.0304856423807457,4.0799188506851,3.88522364839091,3.87696114279487,22.7368402444334
4013,"Maricopa","Arizona",551,"2021-07-25",9.41277963247495,326.920725776167,0.0429651762624425,9.92836174762426,9.71266376462867,9.71353586631205,16.1327670652628
4015,"Mohave","Arizona",551,"2021-07-25",7.00927987547157,316.075864176263,0.0304851852562576,7.37510209854666,7.22740661679818,7.22267617226537,22.7371811827079
4017,"Navajo","Arizona",551,"2021-07-25",5.80384325721913,308.407016277512,0.0244276710797071,6.09697531017562,5.98538153953491,5.97483695477708,28.3754918059203
4019,"Pima","Arizona",551,"2021-07-25",7.30662727162066,332.307311697594,0.0341922193485663,7.71693390380346,7.5496000619391,7.54597280706062,20.2720734063438
4021,"Pinal","Arizona",551,"2021-07-25",7.16902003811621,360.338166267334,0.038613321294881,7.63237989365478,7.43854746693128,7.43931328718038,17.9509857560954
4023,"Santa Cruz","Arizona",551,"2021-07-25",4.30599373411058,420.396295475801,0.0342823784570859,4.71738227559561,4.55092514667275,4.54597038331018,20.2187599506147
4025,"Yavapai","Arizona",551,"2021-07-25",6.6295519504849,424.254921685532,0.0544543733699094,7.28300443092381,7.00791752965329,7.01073256407427,12.728953390968
4027,"Yuma","Arizona",551,"2021-07-25",4.71849887129509,320.068583814911,0.0208846514175327,4.96911468830548,4.88046098196858,4.86469143121782,33.1893104990034
5001,"Arkansas","Arkansas",551,"2021-07-25",5.32787616878958,448.766262147261,0.0547945218033137,5.98541043042935,5.71281986209515,5.71143782141278,12.649935755403
5003,"Ashley","Arkansas",551,"2021-07-25",3.95398720452718,502.708861826663,0.0901469972065048,4.98433007845632,4.58040079751321,4.58501618497271,7.68907675285194
5005,"Baxter","Arkansas",551,"2021-07-25",6.58558034706175,408.526346704839,0.0479043088563469,7.16043205333791,6.92075388305889,6.92091050905618,14.4694119820937
5007,"Benton","Arkansas",551,"2021-07-25",7.33003068000482,453.962379523749,0.0796416795879271,8.28573083505995,7.87809030343865,7.88752243712031,8.70332198098217
5009,"Boone","Arkansas",551,"2021-07-25",6.14050012626847,427.261380741465,0.0517144309459963,6.76107329762043,6.50178803319588,6.50250114289044,13.4033608778133
5011,"Bradley","Arkansas",551,"2021-07-25",4.55387689160054,447.254642280065,0.0461553062615013,5.11148590260314,4.88167058438149,4.87696403543105,15.0177138167558
5013,"Calhoun","Arkansas",551,"2021-07-25",3.27983652465789,500.641586880058,0.071685147946852,4.11174633049969,3.78086262901729,3.78163256028585,9.66932761405264
5015,"Carroll","Arkansas",551,"2021-07-25",5.37395478075366,434.568285678817,0.0482264390662084,5.95267204954816,5.71368768131925,5.71153985421712,14.3727630316712
5019,"Clark","Arkansas",551,"2021-07-25",4.96882074366325,413.502930423135,0.0375682213877383,5.42849789974308,5.2350197042326,5.23179829337742,18.4503592386244
5021,"Clay","Arkansas",551,"2021-07-25",4.34750912979117,489.862568137059,0.0769366440645904,5.24226534271438,4.88618910454627,4.8860656382433,9.00932434716063
5023,"Cleburne","Arkansas",551,"2021-07-25",5.36997335545447,476.888636326215,0.0775936867841276,6.29372974753713,5.90322779679131,5.91312916294336,8.93303578277368
5025,"Cleveland","Arkansas",551,"2021-07-25",4.22787595484662,474.688143641208,0.0594030336906233,4.9489770101097,4.64299630030191,4.64369719068098,11.6685485150459
5027,"Columbia","Arkansas",551,"2021-07-25",4.61794537747681,462.641089143586,0.0553131385469976,5.27460064789163,5.00536409629235,5.00513734730579,12.531329784713
5029,"Conway","Arkansas",551,"2021-07-25",4.38914410244275,477.874626673062,0.0644534305114639,5.16435518193288,4.8407057268947,4.840318116023,10.7542325530161
5031,"Craighead","Arkansas",551,"2021-07-25",6.6074220889768,465.555212971062,0.082136112643321,7.59305544069665,7.17222478288449,7.18237487748005,8.43900640355311
5033,"Crawford","Arkansas",551,"2021-07-25",5.57919059707049,461.141913663248,0.0657473063313017,6.36815827304611,6.03710039071748,6.0394217413896,10.5425943546214
5035,"Crittenden","Arkansas",551,"2021-07-25",4.69918082045033,492.321167930162,0.0875425309987463,5.74969119243528,5.30836350296047,5.31197853744155,7.91783345366005
5037,"Cross","Arkansas",551,"2021-07-25",4.4724547868809,504.192468533116,0.106977250987027,5.75618179872524,5.19776641900269,5.22129554379009,6.47938860051657
5039,"Dallas","Arkansas",551,"2021-07-25",4.64713438508712,380.911685948088,0.0284304956320179,5.03470853913429,4.85800338504906,4.84614785451125,24.3804114262199
5041,"Desha","Arkansas",551,"2021-07-25",4.07511320029421,476.92748189917,0.0586558365461615,4.75537637010802,4.48948328243767,4.48570405611734,11.8171902639978
5043,"Drew","Arkansas",551,"2021-07-25",4.63472898822964,450.743625073589,0.0486553156343617,5.21859277584198,4.97712121395292,4.97531619767017,14.2460730451089
5045,"Faulkner","Arkansas",551,"2021-07-25",7.05098944706805,432.63454832201,0.0621969863190425,7.79735328289656,7.48546178543188,7.48636835130135,11.144385308388
5047,"Franklin","Arkansas",551,"2021-07-25",4.1155467698727,495.067361977192,0.0808037229100474,5.08519144479327,4.67940539912619,4.68117283024303,8.57815897086292
5049,"Fulton","Arkansas",551,"2021-07-25",4.56285898791637,491.317001635655,0.0834420043596495,5.56416304023216,5.13835816833421,5.14695301843392,8.30693349086344
5051,"Garland","Arkansas",551,"2021-07-25",6.71572964672595,446.670342473026,0.0676105184889242,7.52705586859304,7.18485987566576,7.18900327614842,10.2520613071988
5053,"Grant","Arkansas",551,"2021-07-25",5.1433330059722,463.541201661965,0.0623745811197417,5.8918279794091,5.57684545464106,5.57995507381039,11.1126546762582
5055,"Greene","Arkansas",551,"2021-07-25",5.70282963990093,456.062581567581,0.0634088651786925,6.46373602204524,6.14460829667759,6.14669169615178,10.931392299903
5057,"Hempstead","Arkansas",551,"2021-07-25",4.17877324183889,465.364668405495,0.0517613635912224,4.79493108005664,4.54352679076315,4.54110278697745,13.391207890773
5059,"Hot Spring","Arkansas",551,"2021-07-25",5.82431305510347,430.958997800477,0.0506281494749323,6.43185084880266,6.17780054194261,6.178710101428,13.6909444202211
5061,"Howard","Arkansas",551,"2021-07-25",3.99162605602711,499.859444344481,0.0863549907975874,5.02072714859895,4.59136855238311,4.59611099161022,8.02671824937894
5063,"Independence","Arkansas",551,"2021-07-25",5.79562344022652,434.897361482918,0.0521645886864822,6.42159850446431,6.16123522917303,6.1607755610319,13.2876956957501
5065,"Izard","Arkansas",551,"2021-07-25",5.09287339233323,459.633750644459,0.0589683288360432,5.80049333836575,5.50498175670184,5.50565169418553,11.7545671420872
5067,"Jackson","Arkansas",551,"2021-07-25",4.27069595202955,494.593848789996,0.0827216418311801,5.24506093028756,4.84491319565467,4.84974744484781,8.37927252428733
5069,"Jefferson","Arkansas",551,"2021-07-25",6.44435834878726,434.595634562759,0.0578465513761005,7.13851696530047,6.84820768679921,6.84928420841996,11.9825151901159
5071,"Johnson","Arkansas",551,"2021-07-25",4.79460921055091,487.050384752772,0.0813340204247797,5.77061745564826,5.36020236471057,5.36394735352437,8.52222940584857
5075,"Lawrence","Arkansas",551,"2021-07-25",4.55086484113055,440.458403648961,0.0436204439889254,5.12721661999939,4.86295785723362,4.85620794905303,15.8904201143832
5077,"Lee","Arkansas",551,"2021-07-25",3.70306408910589,473.072796691805,0.0505640888132587,4.29426665073727,4.06072138233046,4.0570127107987,13.7082897532248
5079,"Lincoln","Arkansas",551,"2021-07-25",3.6959969218828,472.283666535958,0.0506157448538474,4.33859606442324,4.05000279028632,4.05030713585973,13.694299719611
5081,"Little River","Arkansas",551,"2021-07-25",3.95672318434605,508.059199406213,0.102848797984194,5.13635131143935,4.66070541714797,4.67666477023541,6.73947770071624
5083,"Logan","Arkansas",551,"2021-07-25",4.64026150579937,493.785321674516,0.0888689091767257,5.70668841592008,5.25424605568381,5.26234387003645,7.79965892437753
5085,"Lonoke","Arkansas",551,"2021-07-25",6.51174532964473,432.357456075817,0.0573002425393525,7.19934824011696,6.91157689419542,6.9128470274202,12.0967582307162
5087,"Madison","Arkansas",551,"2021-07-25",4.91893762891555,444.49673526948,0.0482828782774843,5.48026431508077,5.26036924183869,5.25691777685794,14.3559623056519
5089,"Marion","Arkansas",551,"2021-07-25",5.56287702157897,429.882240513296,0.0479072025344749,6.13776345199267,5.90071051674051,5.89822743932029,14.4685380045129
5091,"Miller","Arkansas",551,"2021-07-25",4.85425991924688,497.01233285725,0.0990914693917067,6.04335755194736,5.53143333374626,5.54790020498883,6.9950237373103
5093,"Mississippi","Arkansas",551,"2021-07-25",4.61086820710273,502.648546074159,0.106360174562779,5.88719030185608,5.3363023293804,5.35538942904218,6.51698047139643
5095,"Monroe","Arkansas",551,"2021-07-25",3.98898404656427,478.607023051238,0.0593396710360345,4.71115313471102,4.40654300101261,4.40436174381651,11.6810081427487
5099,"Nevada","Arkansas",551,"2021-07-25",3.85922481986117,473.844412634363,0.0539878527570265,4.54337945937707,4.23856531182653,4.23713978916036,12.8389470068289
5101,"Newton","Arkansas",551,"2021-07-25",4.47571211875121,414.215801643396,0.0341915936294678,4.9162108805478,4.72121335393106,4.71505327415749,20.2724443929563
5103,"Ouachita","Arkansas",551,"2021-07-25",5.02199905274657,464.626229248233,0.0617152063416886,5.76258152884683,5.45155875926279,5.45400549713839,11.231383991853
5105,"Perry","Arkansas",551,"2021-07-25",5.01727983681492,452.679964545683,0.0537642298611321,5.6624505951485,5.39395697147856,5.39362944584284,12.892348357826
5107,"Phillips","Arkansas",551,"2021-07-25",4.81450454202811,506.600868270667,0.120882370994734,6.2132489105124,5.60317395779538,5.66068113899125,5.73406341103403
5109,"Pike","Arkansas",551,"2021-07-25",3.99688922607139,500.056547493861,0.0867254644934552,5.02517283294937,4.59433234195005,4.60396747752558,7.99242972762924
5111,"Poinsett","Arkansas",551,"2021-07-25",5.09199581439187,464.954211649038,0.0630517433328928,5.86669916531154,5.53298270863287,5.53335801772212,10.9933071461697
5113,"Polk","Arkansas",551,"2021-07-25",3.86822038276975,501.076727134263,0.0863374424428171,4.91460979470233,4.46837449243961,4.47258247986947,8.02834970492703
5115,"Pope","Arkansas",551,"2021-07-25",5.68017260901707,468.10299108372,0.0729190079059631,6.55520070388862,6.18652462500467,6.19060566435881,9.50571326277276
5117,"Prairie","Arkansas",551,"2021-07-25",3.67449071666184,498.597213685411,0.0775163445514803,4.60468685127961,4.21548415251495,4.2171051285222,8.94194875378328
5119,"Pulaski","Arkansas",551,"2021-07-25",8.17381717847823,397.042598511399,0.0548735215356433,8.83229943690595,8.55885447880968,8.55793182922773,12.6317240294066
5121,"Randolph","Arkansas",551,"2021-07-25",4.30983989269805,468.375528610777,0.0555216649539261,4.97609987214516,4.70079868776402,4.69849154737553,12.4842650366329
5123,"St. Francis","Arkansas",551,"2021-07-25",4.76217393479776,476.709329885418,0.0687274914057376,5.58690383166661,5.24116781347504,5.24326637463792,10.0854427592577
5125,"Saline","Arkansas",551,"2021-07-25",7.02350450181087,417.744104518562,0.0547616503354213,7.68064430583592,7.40707796253463,7.40683605415882,12.6575290612014
5127,"Scott","Arkansas",551,"2021-07-25",4.26468992796934,388.265340948044,0.0271496657610754,4.6082392613307,4.4697658935256,4.45473758829687,25.5305971962908
5129,"Searcy","Arkansas",551,"2021-07-25",4.98653774251719,437.398368048974,0.0459158638128559,5.53752810827146,5.30896933311215,5.30794878920718,15.0960283222609
5131,"Sebastian","Arkansas",551,"2021-07-25",6.30497099564534,459.847293738829,0.0731836673421717,7.1831750037514,6.81313467631621,6.81725666704054,9.47133705829638
5133,"Sevier","Arkansas",551,"2021-07-25",4.06535702534885,487.885920548337,0.0695346728318157,4.87535957557533,4.55053848631965,4.55209973517156,9.96836761188866
5135,"Sharp","Arkansas",551,"2021-07-25",4.88927443709199,458.875511793818,0.0561182571944802,5.56269352342575,5.28409353443671,5.28210223745335,12.3515450267426
5137,"Stone","Arkansas",551,"2021-07-25",4.22995712105045,484.188556468772,0.068399531594292,5.04866816383452,4.7038446983126,4.70875384221049,10.1338001065754
5139,"Union","Arkansas",551,"2021-07-25",4.67282883446191,494.665603466206,0.0905474762881545,5.7347697683683,5.29909078880862,5.30666116847899,7.65506901985984
5141,"Van Buren","Arkansas",551,"2021-07-25",4.84643427841549,438.448907450363,0.0450616926664762,5.3871745904132,5.16685376841824,5.16186612708082,15.3821825045559
5143,"Washington","Arkansas",551,"2021-07-25",7.13943373274619,448.834189402316,0.073476809268922,8.02115544397326,7.64914884106182,7.65377139762864,9.43355036040087
5145,"White","Arkansas",551,"2021-07-25",6.59519486240724,423.861327883891,0.0539975975515572,7.24316603302593,6.97383501208257,6.97317804526814,12.8366299981795
5149,"Yell","Arkansas",551,"2021-07-25",4.33822401201549,504.590336180119,0.104139481994176,5.56205472368546,5.05052051093274,5.06720038597472,6.65594995564421
6001,"Alameda","California",551,"2021-07-25",8.46397323016742,394.8746006328,0.0560062918980411,9.13604873294391,8.85947022734662,8.85601727345371,12.3762376881121
6005,"Amador","California",551,"2021-07-25",4.51399430532222,403.59798332718,0.0318547887936449,4.91844363042551,4.73703343397844,4.73697782687773,21.759591157554
6007,"Butte","California",551,"2021-07-25",7.72810134409339,136.364036887846,0.0188657784960583,7.95449068604609,7.86522114629419,7.8601617935658,36.740979477988
6009,"Calaveras","California",551,"2021-07-25",4.14539973302239,479.569206614141,0.0624017796828665,4.89422108921679,4.57917006223293,4.58221219080245,11.1078110926099
6011,"Colusa","California",551,"2021-07-25",3.71008166176454,432.149957993407,0.032969573696266,4.14922223461455,3.94546755420545,3.9408686776384,21.0238441948204
6013,"Contra Costa","California",551,"2021-07-25",8.17458215083562,356.128910874237,0.0430533273310563,8.69122207880829,8.47671334592108,8.47595544215301,16.0997354566821
6015,"Del Norte","California",551,"2021-07-25",4.15888308335967,402.563951955357,0.0290986455208451,4.52297846321211,4.36222504620013,4.36257360200559,23.8205994867838
6017,"El Dorado","California",551,"2021-07-25",7.04962679588166,249.75965488502,0.0237969841452402,7.33519060562454,7.21984296796324,7.21620568489834,29.1275220561336
6019,"Fresno","California",551,"2021-07-25",9.22320018611844,157.397825107767,0.0237342989361195,9.50801177335187,9.39382295071233,9.38934027867128,29.2044514323149
6021,"Glenn","California",551,"2021-07-25",4.39268392914787,4342.43349940228,-0.00115705541262331,4.37879926419639,4.39046976847229,4.38458454125951,-599.061352635153
6023,"Humboldt","California",551,"2021-07-25",5.79649187276047,376.385979498108,0.0341746033471084,6.20658711292577,6.03274915258788,6.03571409619023,20.2825230630978
6025,"Imperial","California",551,"2021-07-25",7.97840891306075,50.0452708947158,0.0160869701302254,8.17145255462346,8.10002812975495,8.09101770397233,43.0874909910852
6029,"Kern","California",551,"2021-07-25",6.97407792191321,428.035165059303,0.0591199735532984,7.68351760455279,7.38242788541221,7.3879177367863,11.7244162826807
6031,"Kings","California",551,"2021-07-25",7.20711885620776,289.53805564445,0.0281020986342366,7.5443440398186,7.40281728399637,7.40383354664742,24.6653173338268
6033,"Lake","California",551,"2021-07-25",5.76563883057383,455.525007673842,0.063726325720913,6.53035473922479,6.20594485958525,6.21172311062022,10.8769362224892
6035,"Lassen","California",551,"2021-07-25",3.84098723231139,1171.44424476269,-0.0062483150471315,3.83299290512694,3.80016108133301,3.79724902698147,-110.933455712698
6037,"Los Angeles","California",551,"2021-07-25",10.163998452232,401.187965114744,0.0701875259213477,11.0062487632882,10.6500199253939,10.6553111336814,9.8756462984133
6039,"Madera","California",551,"2021-07-25",7.06451479772587,118.996580354434,0.0165443986457761,7.26304758147518,7.18754476594186,7.1803255882463,41.8961846483861
6041,"Marin","California",551,"2021-07-25",6.2947387143196,439.223303813667,0.0589523645059668,7.0021670883912,6.70826803106108,6.70740526586137,11.7577502848048
6045,"Mendocino","California",551,"2021-07-25",5.13915414489724,378.456308965011,0.0306735163416209,5.50723634099669,5.35565326577807,5.35386875928859,22.5975780813696
6047,"Merced","California",551,"2021-07-25",6.21088689762034,460.575389678415,0.0727060606333366,7.08335962522038,6.70758148562054,6.7198293220537,9.53355434914224
6053,"Monterey","California",551,"2021-07-25",7.36055825001509,142.14076186793,0.0182255537450602,7.57926489495581,7.49439196088807,7.48813712623051,38.0316115633971
6055,"Napa","California",551,"2021-07-25",5.3061438027975,472.836730473481,0.0725246949341735,6.17644014200758,5.80440695386771,5.81381666733671,9.55739532843364
6057,"Nevada","California",551,"2021-07-25",6.01441348009353,359.183518011278,0.0321942336996616,6.40074428448947,6.24113024385627,6.23977311599116,21.53016552673
6059,"Orange","California",551,"2021-07-25",8.42826829650669,443.263481428528,0.0820377059073037,9.41272076739434,8.99139040116576,9.00253223785782,8.44912924970316
6061,"Placer","California",551,"2021-07-25",7.78702630228578,238.124010078264,0.0252927365471575,8.09053914085167,7.96918242946277,7.96407545811588,27.4049895418629
6065,"Riverside","California",551,"2021-07-25",9.19127404497297,294.168554378246,0.0364977218086501,9.62924670667677,9.44777544516357,9.44675809763352,18.991519092451
6067,"Sacramento","California",551,"2021-07-25",8.61535644020297,326.058369985633,0.0391711038953389,9.08540968694704,8.89001621180716,8.88955416747034,17.6953700976097
6069,"San Benito","California",551,"2021-07-25",5.36597601502185,237.262525374718,0.017380384488584,5.57454062888486,5.4983211422464,5.48763870644194,39.8810038417289
6071,"San Bernardino","California",551,"2021-07-25",8.86879529020568,293.6738335716,0.0351481394725754,9.29057296387659,9.11579253718227,9.11483226651371,19.7207360321527
6073,"San Diego","California",551,"2021-07-25",9.64915735690696,945.240480848569,-0.0241687850300102,9.35913193654684,9.55857490655866,9.47997586169689,-28.6794383623037
6075,"San Francisco","California",551,"2021-07-25",7.99934295271328,422.825447740639,0.0649431461773823,8.77866070684187,8.45523477314184,8.45394497595496,10.6731382964835
6077,"San Joaquin","California",551,"2021-07-25",8.38202781150006,251.564347821804,0.0284681143383654,8.72364518356045,8.58198210633416,8.58130461186862,24.3481943454828
6079,"San Luis Obispo","California",551,"2021-07-25",6.82173042820248,277.562300980691,0.0254127138368586,7.12668299424478,7.00267604409394,6.99961942506049,27.2756064153449
6081,"San Mateo","California",551,"2021-07-25",7.31245819193145,444.225459633293,0.0718495820819597,8.17465317691496,7.81257484857912,7.81540526650517,9.6471985010193
6083,"Santa Barbara","California",551,"2021-07-25",7.45273385139237,262.907886630897,0.0263261797112493,7.76864800792736,7.63783855091595,7.63701710937112,26.329197329902
6085,"Santa Clara","California",551,"2021-07-25",7.53047999524554,482.298624275066,0.118215343225279,8.94906411394889,8.31739171939271,8.3579873978225,5.86342822893163
6087,"Santa Cruz","California",551,"2021-07-25",6.91473089271856,165.541806553244,0.0181747456404465,7.13282784040392,7.05229573369158,7.04195411220168,38.1379301956997
6089,"Shasta","California",551,"2021-07-25",7.61035761831284,114.261175293753,0.0176272254956243,7.82188432426033,7.73819906270522,7.73374819678221,39.3225343791062
6093,"Siskiyou","California",551,"2021-07-25",4.74617359345131,470.893661390197,0.0631927169038147,5.50448619629709,5.1836968139751,5.18852261177801,10.9687827098015
6095,"Solano","California",551,"2021-07-25",6.98127123919667,400.066920596911,0.0478388537249552,7.55533748389613,7.3143221345972,7.31614321527136,14.4892096400371
6097,"Sonoma","California",551,"2021-07-25",7.02718774722716,385.528454500739,0.043790864762747,7.55267812438012,7.33252684724931,7.33372380056639,15.8285794152576
6099,"Stanislaus","California",551,"2021-07-25",7.0498746887932,417.465409868007,0.0548480738263032,7.70805157470884,7.43140609023581,7.43381120557732,12.6375847355197
6101,"Sutter","California",551,"2021-07-25",5.5362087744968,429.329148229016,0.0474515158710245,6.10562696494909,5.86972979426473,5.86836938559397,14.6074823498569
6103,"Tehama","California",551,"2021-07-25",6.53087762772589,108.547941885505,0.0149293562724913,6.71002990299579,6.64530202901037,6.63538312163333,46.428470719607
6105,"Trinity","California",551,"2021-07-25",4.18314006100523,364.033189378283,0.0229824852880778,4.45783937148898,4.34941707275198,4.34401745802177,30.1598009036697
6107,"Tulare","California",551,"2021-07-25",9.20531347254777,-17.0364386680916,0.0163494098078691,9.4015063902422,9.32943893840681,9.31975934120285,42.3958533491728
6109,"Tuolumne","California",551,"2021-07-25",4.89677313318311,471.932648283149,0.0661124371221317,5.69012237864869,5.34802832470228,5.35956019303803,10.4843689135143
6111,"Ventura","California",551,"2021-07-25",8.32260238859096,211.097991493722,0.0248508583920151,8.62081268929514,8.50121434018774,8.49655839733507,27.892283221197
6113,"Yolo","California",551,"2021-07-25",6.59850902861452,405.604310121298,0.0469993703817792,7.16250147319587,6.92585005800153,6.92750462128697,14.7480099186321
6115,"Yuba","California",551,"2021-07-25",5.56888961143336,458.689810421944,0.0637828143352586,6.33428338345646,6.00976992232845,6.01536931178017,10.8673031722399
8001,"Adams","Colorado",551,"2021-07-25",6.84724672185851,311.933968201866,0.0292534831699278,7.19828851989764,7.04857076261938,7.052021104048,23.6945178983845
8003,"Alamosa","Colorado",551,"2021-07-25",3.95124371858143,372.561501359005,0.0230576089715607,4.27576838993734,4.11628650449682,4.11264698138235,30.0615376648496
8005,"Arapahoe","Colorado",551,"2021-07-25",6.90116216351249,259.128923196706,0.0240566676864555,7.18984217574996,7.07063267522815,7.06955883731768,28.8131003676043
8007,"Archuleta","Colorado",551,"2021-07-25",4.36218829245422,942.40888591316,-0.0110042646556864,4.23013711658598,4.2922052068543,4.28515843986441,-62.9889594850632
8013,"Boulder","Colorado",551,"2021-07-25",6.03548143252476,364.111594738392,0.0331823319020472,6.43366941534933,6.26581214974161,6.26775775583909,20.8890436816221
8014,"Broomfield","Colorado",551,"2021-07-25",4.4576640488795,383.455713308222,0.0276642483477568,4.82863649472339,4.65383002137832,4.6513137873138,25.0557026472093
8015,"Chaffee","Colorado",551,"2021-07-25",3.55534806148941,387.249769324102,0.0226259362494024,3.86338383384362,3.7157362642819,3.71372961523523,30.6350717565666
8029,"Delta","Colorado",551,"2021-07-25",4.99817705917421,1924.12504040211,-0.00362679503865328,4.95465551871037,4.97108948173468,4.97278949390364,-191.11837674106
8031,"Denver","Colorado",551,"2021-07-25",6.85299734303291,306.3544782646,0.0285963922605635,7.19615405015967,7.05423117433982,7.05317208885685,24.2389730230357
8035,"Douglas","Colorado",551,"2021-07-25",6.27395459285734,267.376223687623,0.0226213835220594,6.57431190459148,6.43507456729659,6.43230427751176,30.6412373002747
8037,"Eagle","Colorado",551,"2021-07-25",4.62357127135898,447.101173283697,0.0469995469839505,5.21219461671785,4.95070735437498,4.95256810024663,14.7479545025539
8039,"Elbert","Colorado",551,"2021-07-25",3.35240721749272,450.732413160203,0.0353846804664659,3.7956292847351,3.5998574835813,3.60009998075798,19.5889060300217
8041,"El Paso","Colorado",551,"2021-07-25",7.45884502740221,217.531934913865,0.0227079762699191,7.73134074264124,7.61962708384109,7.61780086129164,30.5243925007155
8043,"Fremont","Colorado",551,"2021-07-25",4.13173209429372,129.26827536813,0.0100155435025951,4.29398123899311,4.20956023005413,4.20184089881189,69.2071459107882
8045,"Garfield","Colorado",551,"2021-07-25",5.34438273339128,240.242397330036,0.0174791491257211,5.55413252289993,5.47186161689612,5.46673677727133,39.655659184231
8059,"Jefferson","Colorado",551,"2021-07-25",6.51259404601225,305.501539556405,0.0270795664720676,6.83754884367706,6.70366802168987,6.70215101131672,25.5966867591814
8067,"La Plata","Colorado",551,"2021-07-25",4.62216776235667,953.61149366292,-0.0114228920353861,4.51902738006937,4.55163319219512,4.54220751810897,-60.6805333021356
8069,"Larimer","Colorado",551,"2021-07-25",6.46035148165364,327.417069478266,0.0295556083278483,6.81501878158782,6.66639473286707,6.66724073994858,23.4523063396681
8071,"Las Animas","Colorado",551,"2021-07-25",4.14765962098982,248.656330745123,0.0140592279657041,4.34913316580167,4.25333840158262,4.24607421674975,49.3019376491228
8077,"Mesa","Colorado",551,"2021-07-25",6.67906063453436,1277.70673610488,-0.0091280567814494,6.56952395315697,6.62383341101739,6.61516423706421,-75.9358971088569
8081,"Moffat","Colorado",551,"2021-07-25",4.95482051498986,176.615829928854,0.0134137326838763,5.11578530719638,5.05404135358779,5.048716643777,51.6744441607314
8083,"Montezuma","Colorado",551,"2021-07-25",4.08717607274349,106.367090973,0.00935267204207359,4.22397448153719,4.15959648754254,4.15264477703801,74.1122085155748
8085,"Montrose","Colorado",551,"2021-07-25",5.31811999384422,2034.36437555467,-0.00357313039816766,5.27524242906621,5.2916335873158,5.29310808105705,-193.988772678265
8087,"Morgan","Colorado",551,"2021-07-25",3.00284974132285,619.209749366629,-0.0424141012692905,2.59615650830409,2.73865756163664,2.70595103243782,-16.3423757622282
8093,"Park","Colorado",551,"2021-07-25",3.30111392310517,495.396704151181,0.065235156480074,4.08393580086606,3.74645509782343,3.75776001846569,10.625362426649
8097,"Pitkin","Colorado",551,"2021-07-25",3.35739475900376,389.344824740905,0.021449328595004,3.61754027338032,3.51395151039925,3.50754005916879,32.31556537958
8101,"Pueblo","Colorado",551,"2021-07-25",5.27592567623314,324.731589667868,0.0238440076842138,5.56205376844371,5.44302548952034,5.44283373002264,29.0700787275308
8103,"Rio Blanco","Colorado",551,"2021-07-25",4.04305126783455,1152.43947927935,-0.00676605125669431,4.02200798580672,3.99392286819771,3.99568890903769,-102.444861007245
8105,"Rio Grande","Colorado",551,"2021-07-25",3.5715427474094,772.783891877086,-0.0160160572501871,3.43999110872141,3.45935088167071,3.45943034665809,-43.2782656637824
8107,"Routt","Colorado",551,"2021-07-25",4.63749907310345,382.271477936198,0.028370432455997,4.98549416580329,4.83783166675071,4.83609210029543,24.4320273099477
8117,"Summit","Colorado",551,"2021-07-25",4.35487564560793,486.630059270927,0.0727759991587087,5.19401874645608,4.84287377093928,4.86430763971889,9.52439249990015
8119,"Teller","Colorado",551,"2021-07-25",3.50941096630239,494.7886634615,0.0681326402230314,4.30675525039456,3.9697890008566,3.98633944786361,10.1734965545286
8123,"Weld","Colorado",551,"2021-07-25",6.38832128067955,301.392229917571,0.0261165917931666,6.70172038219755,6.56900079625732,6.57113742323172,26.5404914258876
9001,"Fairfield","Connecticut",551,"2021-07-25",6.29130455429418,428.417890363569,0.0534546869766561,6.92677110839014,6.66902661691309,6.66548736313077,12.9670047616712
9003,"Hartford","Connecticut",551,"2021-07-25",6.53233429222235,452.459231850951,0.0698340886169937,7.37034335562628,7.01409586520234,7.02117291254131,9.92562793167565
9005,"Litchfield","Connecticut",551,"2021-07-25",4.49184150068109,483.587035963091,0.0719696872275573,5.35547774741178,4.99287545230561,4.99562931127399,9.63109897043624
9007,"Middlesex","Connecticut",551,"2021-07-25",4.66209047624078,478.254751239418,0.0685827153207435,5.46914569392889,5.14233752912831,5.14216948348598,10.1067328308347
9009,"New Haven","Connecticut",551,"2021-07-25",6.39000094514163,435.591274953979,0.0578758693434612,7.08451137726316,6.79654029340504,6.79513203054586,11.9764452512411
9011,"New London","Connecticut",551,"2021-07-25",5.25823914298063,473.69418174211,0.0727222133663748,6.13090570337713,5.7627583667745,5.76729463654525,9.53143679865555
9013,"Tolland","Connecticut",551,"2021-07-25",4.29045944114839,491.005569013756,0.0779448040641493,5.22186779661192,4.83038097816198,4.83607306959744,8.89279521428367
9015,"Windham","Connecticut",551,"2021-07-25",4.21106883653024,-11398.7568530169,0.000358054337020237,4.28116864791915,4.22237213987227,4.21357521688938,1935.87148344126
10001,"Kent","Delaware",551,"2021-07-25",5.04342511691925,357.989307669153,0.0267832054191412,5.35692745872173,5.2400240990236,5.23090755485324,25.8799187667273
10003,"New Castle","Delaware",551,"2021-07-25",6.11652264252788,393.658233653057,0.0401500047504906,6.59832269953377,6.40113323309951,6.39757267578131,17.2639376973293
10005,"Sussex","Delaware",551,"2021-07-25",5.42053499927229,448.710263060541,0.0557056283912945,6.08805347293184,5.80961636389984,5.81047439801135,12.4430367375277
11001,"District of Columbia","District of Columbia",551,"2021-07-25",6.32461494599976,449.116476344112,0.0652806040422684,7.10798219450698,6.78127984830204,6.78157917429564,10.6179651786179
12001,"Alachua","Florida",551,"2021-07-25",6.74892700960377,474.281452621252,0.0941029518342376,7.87816243161462,7.40162309946265,7.40764767244343,7.36583887167455
12003,"Baker","Florida",551,"2021-07-25",5.89911426818617,461.197085984812,0.0695626363397092,6.73386590426268,6.39464794430229,6.38605272256414,9.9643604243945
12005,"Bay","Florida",551,"2021-07-25",7.20138392120323,468.560773614469,0.0929940064916342,8.31731199910285,7.84574569137639,7.85234196664467,7.45367585191957
12007,"Bradford","Florida",551,"2021-07-25",5.6757748496693,467.84876657753,0.0726255313078323,6.54728122536329,6.18995262244802,6.18415356882413,9.54412543464853
12009,"Brevard","Florida",551,"2021-07-25",8.13735405808981,439.006136431092,0.0760543996324526,9.05000685367924,8.67343099730771,8.66973485551698,9.11383409651133
12011,"Broward","Florida",551,"2021-07-25",9.17045543827727,422.258051829855,0.0741095123673657,10.0597695866857,9.69273173773984,9.68922202484883,9.35301229785414
12013,"Calhoun","Florida",551,"2021-07-25",4.82143297621008,502.176780426475,0.107114165238984,5.9794575655707,5.5690142187273,5.57123213288297,6.47110658999631
12015,"Charlotte","Florida",551,"2021-07-25",6.07205655443829,478.473149664261,0.089920624525629,7.15110404874584,6.69716518111896,6.70150092611769,7.70843379054141
12017,"Citrus","Florida",551,"2021-07-25",6.03718879165558,476.243125541549,0.0865461481542079,7.07574256950608,6.64226741326153,6.64301182873503,8.00898936975099
12019,"Clay","Florida",551,"2021-07-25",7.4755821613827,452.666392141462,0.0800952875700801,8.43672561222367,8.03499196101636,8.03624917437326,8.65403198600754
12021,"Collier","Florida",551,"2021-07-25",7.36400402781696,439.413902027729,0.0690897234058869,8.1930807086876,7.85819397960397,7.84763209165817,10.0325655740125
12023,"Columbia","Florida",551,"2021-07-25",5.90419339612027,483.386614299615,0.0942960252041435,7.03574569856999,6.55993337059929,6.56426557254927,7.35075714017994
12027,"DeSoto","Florida",551,"2021-07-25",4.05054193956371,489.084396629142,0.0708823543266277,4.88490021676651,4.55604288117729,4.5467184198501,9.77883970058197
12029,"Dixie","Florida",551,"2021-07-25",4.13173209429372,511.944906627959,0.120845759683512,5.56556274583936,4.96627653701936,4.97765241207831,5.73580059718484
12031,"Duval","Florida",551,"2021-07-25",9.24307028517053,424.302704972681,0.0759513207183086,10.1544861337902,9.77871993880219,9.77472953019869,9.12620312595641
12033,"Escambia","Florida",551,"2021-07-25",6.91160500213688,471.741131013613,0.0930744717294832,8.02849866289068,7.55756930479757,7.56312630424326,7.44723196038702
12035,"Flagler","Florida",551,"2021-07-25",6.30444880242198,475.187027657049,0.0890295745797708,7.37280369737923,6.92312349425851,6.92765582448038,7.7855834292332
12037,"Franklin","Florida",551,"2021-07-25",3.45225255246244,515.492760415487,0.111625537259271,4.74489345602978,4.23029787775684,4.23363131327734,6.20957531384582
12039,"Gadsden","Florida",551,"2021-07-25",5.39686904027653,496.584617240108,0.109214352674344,6.70744127236865,6.15255807810741,6.16136950899694,6.34666748084639
12041,"Gilchrist","Florida",551,"2021-07-25",4.49503639157761,495.428241512253,0.0892100374664725,5.58202891903496,5.12387781137236,5.11950665384292,7.7698339810747
12043,"Glades","Florida",551,"2021-07-25",3.10394585819422,480.352845444401,0.0472822604301204,3.67133298335566,3.46278585577808,3.43492168120506,14.6597724866467
12045,"Gulf","Florida",551,"2021-07-25",4.73745079671096,485.156460507681,0.0778628402660408,5.67180487990345,5.2863418162404,5.28249067857325,8.90215638411864
12047,"Hamilton","Florida",551,"2021-07-25",3.69244452027843,517.247238551339,0.126010384600202,5.13527114366609,4.5593411530395,4.57451721247984,5.50071474473411
12049,"Hardee","Florida",551,"2021-07-25",5.29617221020165,459.330445853563,0.0611076434205864,6.02946393124869,5.73438032834576,5.72392571414575,11.3430520596124
12051,"Hendry","Florida",551,"2021-07-25",4.86643494512217,457.370974680401,0.0549141173587136,5.52595410609344,5.26876888075079,5.25083376663317,12.6223858981858
12053,"Hernando","Florida",551,"2021-07-25",6.66495551822356,467.492053407775,0.0848952979606221,7.68369909375103,7.25881034237753,7.25922260394792,8.16472993453012
12055,"Highlands","Florida",551,"2021-07-25",5.62195245640857,462.308445368883,0.0671746687128492,6.42804848096276,6.10191775702548,6.09217513739851,10.3185798135147
12057,"Hillsborough","Florida",551,"2021-07-25",8.88486742081334,440.607533532662,0.0843026804346291,9.89649958602888,9.46918143431824,9.47498618385574,8.22212504971812
12059,"Holmes","Florida",551,"2021-07-25",3.87713574642771,515.293278120945,0.124139467387616,5.30158970793695,4.7307853573843,4.74611201814102,5.58361651734532
12061,"Indian River","Florida",551,"2021-07-25",6.33657285467525,463.588027667245,0.0768889843952532,7.25924066741829,6.87742110960355,6.87479574544202,9.01490878064891
12063,"Jackson","Florida",551,"2021-07-25",5.75619419099574,473.583922547708,0.0794877932291754,6.71004770974585,6.31363414328966,6.31260874359997,8.72017139237337
12065,"Jefferson","Florida",551,"2021-07-25",3.500827222611,517.46458002053,0.121544893525518,4.92687330541684,4.33471669655003,4.35164147728962,5.70280791281801
12067,"Lafayette","Florida",551,"2021-07-25",3.36235754834589,521.370543806898,0.132674235549042,4.85978509899689,4.25128217238729,4.29107719718918,5.22442942815169
12069,"Lake","Florida",551,"2021-07-25",7.52378997836806,447.514579363755,0.0763949621148202,8.4405295237459,8.06298193344649,8.0585547131718,9.07320537076984
12071,"Lee","Florida",551,"2021-07-25",7.84166137388347,443.367744084541,0.0764054273574858,8.7585265021733,8.37947465060978,8.37649936538587,9.07196261486566
12073,"Leon","Florida",551,"2021-07-25",7.05900379241181,464.521465194401,0.0866363614570882,8.09864012989687,7.66462547507291,7.66545832261143,8.00064971453432
12075,"Levy","Florida",551,"2021-07-25",5.25526073422637,497.19195281448,0.10767201388433,6.54732490083834,6.00387474069472,6.00896483141668,6.43757979027472
12077,"Liberty","Florida",551,"2021-07-25",3.89763426797605,501.095206568792,0.0863481645214354,4.91362446525624,4.51006626990101,4.5020714196261,8.02735280363575
12079,"Madison","Florida",551,"2021-07-25",3.79709303875417,513.212348537396,0.114481738789389,5.12736821573203,4.59756487495043,4.5984652102799,6.05465280218288
12081,"Manatee","Florida",551,"2021-07-25",7.26082372732676,462.918028225391,0.0873934931037081,8.30954564457126,7.87003642334217,7.87257817905272,7.93133625792256
12083,"Marion","Florida",551,"2021-07-25",7.29107215386729,462.180090519876,0.0869849681190149,8.33489177129547,7.89726366615535,7.89996693070039,7.96858578612761
12085,"Martin","Florida",551,"2021-07-25",6.73357194540464,454.166310065755,0.0733235477113688,7.61345451794107,7.25154389991451,7.24683677938422,9.45326845460961
12086,"Miami-Dade","Florida",551,"2021-07-25",9.80832093385498,407.299524890125,0.0707158423652481,10.656911042238,10.3078207788613,10.3033318304117,9.80186557037435
12087,"Monroe","Florida",551,"2021-07-25",5.47347043386338,453.38191870333,0.0591807129155796,6.19137263499699,5.90216456948827,5.88773542427244,11.7123830790736
12089,"Nassau","Florida",551,"2021-07-25",6.95613719656497,451.777191073587,0.0738264680900951,7.84205481364611,7.4745133448235,7.47292247319564,9.38887093601788
12091,"Okaloosa","Florida",551,"2021-07-25",6.58912296048926,456.751817626416,0.0738292118141727,7.47507350225934,7.11167552043756,7.10592744318847,9.38852201625271
12093,"Okeechobee","Florida",551,"2021-07-25",4.86091921133686,469.96220823132,0.063927674624279,5.62805130682821,5.3142707954306,5.30841293370681,10.842677832938
12095,"Orange","Florida",551,"2021-07-25",9.06981313683921,424.647688224314,0.0747395167354069,9.96668733766409,9.59700623399161,9.59298975398706,9.27417263097683
12097,"Osceola","Florida",551,"2021-07-25",7.81179990386747,439.212715589445,0.07315290342841,8.68963474500838,8.3299167685315,8.32387022786634,9.47532015920986
12099,"Palm Beach","Florida",551,"2021-07-25",8.73426118096855,431.153761732425,0.076051782911853,9.64688257591079,9.2689158958495,9.26662366135152,9.11414767702855
12101,"Pasco","Florida",551,"2021-07-25",7.68228492867496,460.466900638364,0.0898165153140784,8.7600831124439,8.3064217092608,8.31100053587351,7.71736888406421
12103,"Pinellas","Florida",551,"2021-07-25",8.11841992859765,459.540410042842,0.0938984320029793,9.2452011126334,8.76745820584386,8.7757089526185,7.38188237837616
12105,"Polk","Florida",551,"2021-07-25",8.1691340855431,444.444673205776,0.0804402323680745,9.13441687395999,8.73168883212902,8.73221571211962,8.61692165915528
12107,"Putnam","Florida",551,"2021-07-25",6.13772705408623,482.237834446802,0.0962597019852692,7.29284347790946,6.80692516883795,6.81154496798311,7.20080330880329
12109,"St. Johns","Florida",551,"2021-07-25",7.55545669662304,447.122355789924,0.0764121835323124,8.47240289901079,8.09140342764606,8.09034198134923,9.07116049454122
12111,"St. Lucie","Florida",551,"2021-07-25",7.3397232069563,454.62549715827,0.0803257252153747,8.3036319095408,7.90131971764776,7.90200328346392,8.62920538471869
12113,"Santa Rosa","Florida",551,"2021-07-25",6.37988037683078,468.27314000434,0.0820807681821575,7.36484959501668,6.95401851945032,6.95444575410588,8.44469655817158
12115,"Sarasota","Florida",551,"2021-07-25",7.10249935577465,465.565533909206,0.0883016908169359,8.16211964557788,7.71608052376168,7.7206111914932,7.84976113307903
12117,"Seminole","Florida",551,"2021-07-25",7.88215318083397,437.707968774232,0.0727860867657121,8.75558622202252,8.39893597317231,8.39165578819395,9.523072490366
12119,"Sumter","Florida",551,"2021-07-25",5.80857139841507,464.340511431383,0.0711316161811895,6.66215079258934,6.3125138879239,6.3064927116834,9.7445723543569
12121,"Suwannee","Florida",551,"2021-07-25",4.98751287667541,501.531614814905,0.111700080039359,6.30752314486841,5.76113509077045,5.76941343695092,6.20543136867678
12123,"Taylor","Florida",551,"2021-07-25",4.07753744390572,484.029226667422,0.0656199829003588,4.85396088121009,4.55285932601682,4.53687732420823,10.563050307594
12125,"Union","Florida",551,"2021-07-25",4.75605021694723,490.312809162364,0.0851605307884926,5.76427709931508,5.35544730378298,5.35217393246668,8.13930084913946
12127,"Volusia","Florida",551,"2021-07-25",8.09781749239526,444.879315220566,0.0800807224561259,9.05878616186877,8.65847126347518,8.65838254958814,8.6556059848199
12129,"Wakulla","Florida",551,"2021-07-25",4.86643494512217,490.450184537926,0.087604880495862,5.91769351107252,5.47876133573279,5.4796691085932,7.91219823184036
12131,"Walton","Florida",551,"2021-07-25",5.5362087744968,480.303083410315,0.0842689286176646,6.54743591790878,6.12641537285647,6.12609127482045,8.22541821677613
12133,"Washington","Florida",551,"2021-07-25",4.52798054729696,506.148774265992,0.113208775548084,5.87001377601429,5.31586771602525,5.32044197613355,6.12273365915474
13001,"Appling","Georgia",551,"2021-07-25",3.54715129428524,496.519167876248,0.0713867294788751,4.38891553095442,4.04571868604797,4.04685840063737,9.70974837508227
13003,"Atkinson","Georgia",551,"2021-07-25",3.59926729542425,435.761099570697,0.0328586569924262,4.01660610033781,3.84241204601588,3.82927789437123,21.0948116570837
13005,"Bacon","Georgia",551,"2021-07-25",3.59926729542425,491.961766315592,0.0664690970439177,4.38950176337781,4.06648155063802,4.06455097473167,10.428111880352
13007,"Baker","Georgia",551,"2021-07-25",3.40119738166216,440.386296540228,0.0325690887288268,3.83057114370723,3.63765253991371,3.62918100276395,21.2823633578192
13009,"Baldwin","Georgia",551,"2021-07-25",3.63381967693091,480.298721926285,0.0552833050165092,4.29558345592177,4.02974577980428,4.02080281204647,12.538092293016
13011,"Banks","Georgia",551,"2021-07-25",3.32194801000801,442.755323354275,0.0324881864334409,3.74409054032792,3.5610194145727,3.5493653150421,21.3353608389317
13013,"Barrow","Georgia",551,"2021-07-25",4.80752776954246,465.143292891851,0.0598216465934316,5.55484111645349,5.23093107780755,5.22627929569648,11.5868957147036
13015,"Bartow","Georgia",551,"2021-07-25",5.56177992876459,473.760501051073,0.0769908430939801,6.48567004589236,6.09953743848299,6.10071583042245,9.00298207819135
13017,"Ben Hill","Georgia",551,"2021-07-25",3.76120011569356,484.000909434903,0.0604630909910312,4.47421374609101,4.18676881703414,4.18444175263078,11.4639719736254
13019,"Berrien","Georgia",551,"2021-07-25",4.35303909780063,380.911716697781,0.0263679469598199,4.66945446131847,4.55103152113211,4.53761472651937,26.2874914613633
13021,"Bibb","Georgia",551,"2021-07-25",5.75890177387728,476.336969591889,0.0826679766892074,6.75091749414776,6.33417604212876,6.33757761070173,8.38471205320353
13023,"Bleckley","Georgia",551,"2021-07-25",4.00473240353241,459.482279284862,0.0461423587279499,4.54584001029786,4.33131165893722,4.32772891462806,15.0219277832471
13025,"Brantley","Georgia",551,"2021-07-25",3.99688922607139,489.366094828076,0.0705650450275981,4.84315460887672,4.49072800064088,4.49084454126458,9.82281213437694
13029,"Bryan","Georgia",551,"2021-07-25",4.77551555173533,490.332542115968,0.0859260753437961,5.81439908446649,5.37350023109068,5.3769980791419,8.06678505665033
13031,"Bulloch","Georgia",551,"2021-07-25",4.89356628917353,485.43008815628,0.0808728167250039,5.86893318028687,5.45800477399227,5.45967600624856,8.57083020759485
13033,"Burke","Georgia",551,"2021-07-25",4.28062652023215,483.059818523252,0.0676922649931271,5.07287062315703,4.75683529258478,4.75447237518404,10.239680717292
13035,"Butts","Georgia",551,"2021-07-25",3.68887945411394,421.008615725733,0.0299029360735934,4.09644460658647,3.91008443720001,3.89820000662909,23.1799037677791
13039,"Camden","Georgia",551,"2021-07-25",6.14142277741804,464.94251705093,0.0757662655436363,7.05061796394168,6.66891815828231,6.67178663622349,9.14849340384526
13045,"Carroll","Georgia",551,"2021-07-25",5.28247830251829,471.746491167362,0.0711411270061948,6.13617182659263,5.78173286432357,5.78046619156165,9.74326960689824
13047,"Catoosa","Georgia",551,"2021-07-25",4.79460921055091,462.461792363751,0.0573942073479491,5.4833396987263,5.20159822367504,5.19636866198655,12.076953626309
13049,"Charlton","Georgia",551,"2021-07-25",4.83514747688087,424.116110949712,0.0396538231082877,5.30900805344972,5.11773256438437,5.11272423863888,17.4799584561388
13051,"Chatham","Georgia",551,"2021-07-25",6.53150217234908,455.073712568815,0.0718329358524866,7.39349740257892,7.0332256591167,7.03433272331649,9.64943409779834
13053,"Chattahoochee","Georgia",551,"2021-07-25",5.69421302364005,1929.77843832516,-0.00411497452621965,5.64483332932541,5.68034142240099,5.66540820195651,-168.445072051692
13055,"Chattooga","Georgia",551,"2021-07-25",4.04054185622913,505.253720295039,0.0991634545653294,5.23050331101309,4.73350151891748,4.73468603818644,6.98994587873395
13057,"Cherokee","Georgia",551,"2021-07-25",5.90885903444382,468.653770192341,0.0763949199481047,6.82559807382108,6.44136468762827,6.44362347408055,9.07321037878962
13059,"Clarke","Georgia",551,"2021-07-25",5.17129535410903,472.334150269988,0.0701993579530001,6.01368764954503,5.66320193592598,5.66269085978003,9.87398176809567
13063,"Clayton","Georgia",551,"2021-07-25",6.23160567479076,461.021996688367,0.0733319851248808,7.11158949628933,6.74272646379693,6.74492957066493,9.45218078277234
13067,"Cobb","Georgia",551,"2021-07-25",7.17625453201714,440.842918786694,0.0682431886585031,7.99517279591918,7.65454030063076,7.65395685262666,10.1570163145297
13069,"Coffee","Georgia",551,"2021-07-25",5.1664172956556,441.512915127887,0.0494455109162921,5.7597634266511,5.51867736485329,5.51253587206964,14.0184046582792
13071,"Colquitt","Georgia",551,"2021-07-25",4.66881545114845,463.746346366979,0.056761192298869,5.34994975873488,5.07062348302936,5.06614379724053,12.2116388413807
13073,"Columbia","Georgia",551,"2021-07-25",5.37857983029322,485.292301109334,0.0885979855698363,6.44175565713125,5.99343688891267,5.99876572928207,7.82350948615621
13075,"Cook","Georgia",551,"2021-07-25",4.52488935472729,376.967653631306,0.0267739450307046,4.84695009045489,4.72505106676249,4.71230696994222,25.8888699354928
13077,"Coweta","Georgia",551,"2021-07-25",5.52317373586592,472.06228898943,0.074700361430939,6.41957807303718,6.04557103249995,6.04607626588249,9.27903382637265
13087,"Decatur","Georgia",551,"2021-07-25",4.24849524204936,446.047212718297,0.0426257592120136,4.77207255378366,4.55630324633587,4.54687555653346,16.2612277968433
13089,"DeKalb","Georgia",551,"2021-07-25",6.93049476595163,461.445192347341,0.0819645264219776,7.91406908301536,7.49809452258413,7.50424645090547,8.45667279270813
13091,"Dodge","Georgia",551,"2021-07-25",3.60704943586631,503.673889211323,0.0845209989928566,4.59169715525556,4.19831798402267,4.19869642881631,8.20088722115704
13095,"Dougherty","Georgia",551,"2021-07-25",4.61935482098004,475.170017305912,0.0654268199881851,5.41930236735059,5.08179258438681,5.07734256089734,10.5942361356568
13097,"Douglas","Georgia",551,"2021-07-25",5.63069961791773,468.894515373188,0.073025928637504,6.50701076156778,6.14213802674367,6.14188111838026,9.49179549637339
13103,"Effingham","Georgia",551,"2021-07-25",4.90738894413076,488.291683489791,0.0850378115477104,5.92784268270328,5.50173546859176,5.50265362496473,8.15104678665273
13107,"Emanuel","Georgia",551,"2021-07-25",3.72051653905712,506.634156096611,0.0943911100657931,4.84847902550715,4.38137276364879,4.38125430951767,7.34335235677177
13109,"Evans","Georgia",551,"2021-07-25",3.630038954091,506.018118830221,0.0898375087354758,4.6699227036765,4.25342884417049,4.25890151523933,7.7155654727793
13111,"Fannin","Georgia",551,"2021-07-25",3.95398720452718,494.682681964608,0.0765006996964288,4.84381913260876,4.48617837886848,4.48949210240218,9.06066458621296
13113,"Fayette","Georgia",551,"2021-07-25",5.22035582507832,474.6571528937,0.07329618045312,6.10871236098017,5.73386392043841,5.73342908825016,9.4567981070075
13115,"Floyd","Georgia",551,"2021-07-25",5.51573024315326,494.526437382151,0.107156566645741,6.80160904290215,6.25670722452748,6.26582620967345,6.46854600009244
13117,"Forsyth","Georgia",551,"2021-07-25",5.70092124237517,466.514635073519,0.0717229045579414,6.56159609707047,6.2024315716107,6.20298157428076,9.66423745429866
13119,"Franklin","Georgia",551,"2021-07-25",4.3193910636824,386.781739729311,0.0272723733083832,4.66952831131417,4.52224407967124,4.51029767684108,25.4157264834329
13121,"Fulton","Georgia",551,"2021-07-25",7.45777414299656,436.227498420567,0.0679384548561098,8.27303560126987,7.93368906707531,7.93334332698933,10.2025749927342
13123,"Gilmer","Georgia",551,"2021-07-25",3.49650756146648,461.408561834404,0.0413645141286538,3.99545790870777,3.79217773543404,3.78605916036706,16.7570487690025
13127,"Glynn","Georgia",551,"2021-07-25",5.45471042831582,475.706593905787,0.0775991765288052,6.38590054666148,5.99673297696348,5.99790466401746,8.93240381620088
13129,"Gordon","Georgia",551,"2021-07-25",4.71338377062832,488.073158174331,0.0814706937413753,5.69698831468067,5.28510661288579,5.28367862681795,8.50793271455754
13131,"Grady","Georgia",551,"2021-07-25",4.20255814686233,472.121743996236,0.0566044147355285,4.86108841960097,4.60274973126114,4.59878905001103,12.2454614856195
13135,"Gwinnett","Georgia",551,"2021-07-25",7.18949113625637,430.154416574729,0.062060986044359,7.93422296878868,7.6283005866609,7.62391803856688,11.1688070838015
13137,"Habersham","Georgia",551,"2021-07-25",3.64133850934494,511.090397433551,0.103170468730853,4.83968568475856,4.36425053428216,4.36353179046091,6.71846497439302
13139,"Hall","Georgia",551,"2021-07-25",5.78689738136671,453.147136435356,0.0623233054879116,6.53477704722165,6.22775815256431,6.22316051978209,11.1217974581658
13143,"Haralson","Georgia",551,"2021-07-25",4.00473240353241,461.173793839378,0.0470624808800617,4.5568814761232,4.33867263615411,4.33416976969284,14.7282329277631
13145,"Harris","Georgia",551,"2021-07-25",4.14313472639153,463.81488758293,0.050356795342855,4.74286043033017,4.50194952772354,4.49563229379152,13.764719852418
13147,"Hart","Georgia",551,"2021-07-25",3.78093759853188,505.928191003736,0.0935088370672459,4.86917430322841,4.43337232930402,4.4354994580026,7.41263823077466
13151,"Henry","Georgia",551,"2021-07-25",6.44549303630263,471.376501081861,0.0863735033836087,7.48197507690593,7.04411505962662,7.05010755998789,8.02499786863439
13153,"Houston","Georgia",551,"2021-07-25",5.87332430480376,468.251646026548,0.0755427479121841,6.77983727974997,6.40126778967291,6.40212354018905,9.17556217793011
13155,"Irwin","Georgia",551,"2021-07-25",3.45225255246244,765.509175917688,-0.0159195909759246,3.30346120436077,3.36915083365908,3.34081541563097,-43.5405144270479
13157,"Jackson","Georgia",551,"2021-07-25",5.04710497387765,471.854943262126,0.0680706873247229,5.86395322177433,5.52523238276519,5.52359978515071,10.1827557176464
13161,"Jeff Davis","Georgia",551,"2021-07-25",3.32708940950844,460.33006898992,0.0390527123317835,3.81427571920181,3.6082585646586,3.60045839583092,17.7490150919894
13169,"Jones","Georgia",551,"2021-07-25",3.28519846779927,500.316368414539,0.0720325823459699,4.15510094219431,3.79513648363596,3.78942654422106,9.62268959386718
13171,"Lamar","Georgia",551,"2021-07-25",3.29583686600433,506.070096814571,0.0813948464304457,4.22682649492591,3.86430392160279,3.86560079101745,8.515860781828
13175,"Laurens","Georgia",551,"2021-07-25",5.002987073258,474.057182054882,0.0695411608296269,5.83748100321352,5.49183044122424,5.48977519906539,9.96743759078352
13177,"Lee","Georgia",551,"2021-07-25",4.43421238784445,477.308947287922,0.0643655318302587,5.19372252175635,4.88798221933319,4.88477111065626,10.7689187186067
13179,"Liberty","Georgia",551,"2021-07-25",4.78510795142677,479.829816687146,0.0723151684317186,5.65288997260739,5.29446593894375,5.2913141304488,9.58508699615944
13185,"Lowndes","Georgia",551,"2021-07-25",5.62143552695793,381.247214760944,0.0341204278810901,6.03088066153101,5.87981535820755,5.86027852212556,20.3147270888738
13187,"Lumpkin","Georgia",551,"2021-07-25",3.58351893845611,508.822299712117,0.0945835828068359,4.65140308742872,4.24448051695362,4.24560401810396,7.32840901127134
13189,"McDuffie","Georgia",551,"2021-07-25",3.40119738166216,487.30692929678,0.0578945269679055,4.09274188827164,3.81055089141242,3.8064590704375,11.9725856114897
13195,"Madison","Georgia",551,"2021-07-25",3.63381967693091,502.693248313782,0.0836623941392642,4.62709525813483,4.220557229352,4.21945643590576,8.28505074103108
13197,"Marion","Georgia",551,"2021-07-25",3.03769647265303,480.371499174849,0.0465181676264588,3.61113561397507,3.36787761456566,3.36332364603824,14.9005693028565
13199,"Meriwether","Georgia",551,"2021-07-25",3.20158432775814,508.844638342918,0.0853460274328734,4.19521484445809,3.79945310343465,3.79900651978825,8.12161035972203
13205,"Mitchell","Georgia",551,"2021-07-25",4.04054185622913,496.656651556289,0.0819395758828378,5.02644795471078,4.61496830606196,4.61411888740899,8.45924784320399
13207,"Monroe","Georgia",551,"2021-07-25",3.79066214842388,492.956180213926,0.0716258770164247,4.65882063667579,4.29352355518852,4.29204328753885,9.67732905247356
13209,"Montgomery","Georgia",551,"2021-07-25",3.17805383034795,511.082604954027,0.0889277599158605,4.1722588425259,3.78939245111784,3.80054814975897,7.79449725502779
13211,"Morgan","Georgia",551,"2021-07-25",3.60316593583991,494.597203641568,0.0698769882829844,4.4303964582466,4.09374468055056,4.0923048538208,9.9195342786222
13213,"Murray","Georgia",551,"2021-07-25",3.84710345932883,503.421373342258,0.089134845487484,4.86485745405692,4.47095108950076,4.47104737774122,7.77638842328251
13215,"Muscogee","Georgia",551,"2021-07-25",5.82389084694858,452.770105358236,0.0623628553096212,6.56243669379101,6.26409394526181,6.26043083411593,11.114744139257
13217,"Newton","Georgia",551,"2021-07-25",5.40909177204994,476.668648236364,0.0780179764919425,6.34530748995325,5.95409826342676,5.95521760749354,8.8844547337309
13219,"Oconee","Georgia",551,"2021-07-25",3.67086094861126,503.842035883697,0.0868987922535724,4.70626167261908,4.27870927648469,4.27915249438627,7.97648807980355
13223,"Paulding","Georgia",551,"2021-07-25",5.80427401320253,421.903965299245,0.0468514763110329,6.37630014580795,6.1400029132731,6.13223434737976,14.7945643368493
13225,"Peach","Georgia",551,"2021-07-25",3.54715129428524,508.450587222952,0.093023525547988,4.6092610653535,4.19644075684634,4.19831597312116,7.4513105848947
13227,"Pickens","Georgia",551,"2021-07-25",4.05797691805123,468.436114994238,0.052317865689035,4.68579130631965,4.4284701459218,4.42420197787447,13.2487663904305
13229,"Pierce","Georgia",551,"2021-07-25",4.29825675160842,489.464933948204,0.075649898276523,5.18467077519318,4.82470689138829,4.82780603954408,9.16256593004639
13231,"Pike","Georgia",551,"2021-07-25",3.40594798442075,498.534694131968,0.0720032886973682,4.28169758589322,3.90823081975415,3.90997100530233,9.62660446626628
13233,"Polk","Georgia",551,"2021-07-25",4.14539973302239,502.112171075929,0.0942200550211496,5.26575431623858,4.80430237973291,4.80494011817044,7.35668409877658
13237,"Putnam","Georgia",551,"2021-07-25",4.02023659006838,432.490013266796,0.0358242665544438,4.49630321997501,4.27822018846266,4.27100645594949,19.3485379388448
13241,"Rabun","Georgia",551,"2021-07-25",3.07797037179096,487.176942502737,0.0529267490866711,3.74843419370854,3.45423758605863,3.44845761539766,13.096349058297
13245,"Richmond","Georgia",551,"2021-07-25",5.54517744447956,466.299368589684,0.0695750754587101,6.38007834998408,6.03186798320976,6.03220297269053,9.96257892628948
13247,"Rockdale","Georgia",551,"2021-07-25",5.31250200153999,475.179410033258,0.0750135236664193,6.21266428553702,5.83806875533849,5.83759666720492,9.2402962383467
13255,"Spalding","Georgia",551,"2021-07-25",4.53566698022112,502.945574826411,0.105347289202771,5.79983445065439,5.26505535091735,5.27309800464052,6.57963945541856
13259,"Stewart","Georgia",551,"2021-07-25",4.22370058343614,375.503522726836,0.0247729492772396,4.52097597476302,4.40713153917903,4.39711122837682,27.9800024132282
13261,"Sumter","Georgia",551,"2021-07-25",3.89182029811063,432.377530282016,0.0345137015423044,4.33569642685368,4.14731062324632,4.13341620890676,20.0832466407677
13267,"Tattnall","Georgia",551,"2021-07-25",4.23823874188217,502.383125521311,0.0965857380978972,5.37179687222228,4.90899466610431,4.91433890856745,7.17649618059953
13271,"Telfair","Georgia",551,"2021-07-25",3.67449071666184,427.127332933148,0.0312652050234975,4.09176076781706,3.90263345013104,3.89334715182632,22.1699227636283
13275,"Thomas","Georgia",551,"2021-07-25",5.36797668257815,445.51258462531,0.0534193924937013,6.00900939250257,5.74687471414825,5.74191243003406,12.9755721321929
13277,"Tift","Georgia",551,"2021-07-25",5.00490461938727,500.14334836436,0.109142391362423,6.31461331573634,5.75485821634692,5.76890135892423,6.35085205580891
13279,"Toombs","Georgia",551,"2021-07-25",4.66747406932424,494.642393040806,0.0908818448848821,5.75805620794283,5.29733768606671,5.30364698351841,7.6269048173256
13281,"Towns","Georgia",551,"2021-07-25",3.04452243772342,472.876430765745,0.0417740284255676,3.55595440087756,3.34410913595049,3.33694063670239,16.5927780174465
13283,"Treutlen","Georgia",551,"2021-07-25",3.25809653802148,516.031943678258,0.106167980669715,4.45566379231225,3.95967950165071,4.00127240270948,6.52877803823267
13285,"Troup","Georgia",551,"2021-07-25",5.47586564458934,459.303346251751,0.0634897071867912,6.26622164679245,5.92211148142817,5.92029359489688,10.9174732609911
13287,"Turner","Georgia",551,"2021-07-25",3.18988828799495,-1894.84981993227,0.00134450187540469,3.297861182985,3.21234034276138,3.19929980112278,515.541996065502
13291,"Union","Georgia",551,"2021-07-25",3.47019025314911,466.092398259794,0.0437178366176031,4.01800151679405,3.77911095156967,3.77621510947233,15.8550201516799
13295,"Walker","Georgia",551,"2021-07-25",4.89677313318311,455.068621677141,0.0546728730771047,5.6275541826971,5.28381726303233,5.27948324472284,12.6780822288671
13297,"Walton","Georgia",551,"2021-07-25",4.85759510855303,490.221612415402,0.0868760041895347,5.88831548375941,5.46448127079565,5.46572713787977,7.97858035744516
13299,"Ware","Georgia",551,"2021-07-25",4.55537952148508,486.998825394541,0.0767104180503923,5.44652978605369,5.09264221925322,5.09235244783783,9.03589366576788
13305,"Wayne","Georgia",551,"2021-07-25",3.3964241029095,512.706294173512,0.100488758705818,4.55150827569023,4.09974693565087,4.09984541385023,6.89775841086007
13311,"White","Georgia",551,"2021-07-25",3.16607763930123,516.472253285494,0.105076530146178,4.36359152954966,3.88513467889284,3.90161335032448,6.59659373597194
13313,"Whitfield","Georgia",551,"2021-07-25",4.65123555283134,494.741715204609,0.0904084197508897,5.71908156450305,5.28164538248845,5.28409449108757,7.66684322621537
13321,"Worth","Georgia",551,"2021-07-25",3.20738144544247,513.913823667422,0.0983444709501,4.33563168764018,3.89070162579502,3.89579274209317,7.04815607693541
15001,"Hawaii","Hawaii",551,"2021-07-25",5.72638230657344,472.497309037411,0.0779071110401657,6.66126763905543,6.25087800201197,6.2717320838546,8.89709772709435
15003,"Honolulu","Hawaii",551,"2021-07-25",7.19024532473149,438.743746340862,0.0670380055188408,7.99470139095758,7.65084117749699,7.65951136336338,10.3396151958181
15007,"Kauai","Hawaii",551,"2021-07-25",4.81566261974874,369.519053885377,0.0273863115682254,5.16179791496897,5.01959247206387,5.00736680072632,25.3099866637083
15009,"Maui","Hawaii",551,"2021-07-25",5.1664172956556,471.179531948694,0.0687043517660849,5.96494397749306,5.6398731588239,5.64734775801819,10.0888395384309
16001,"Ada","Idaho",551,"2021-07-25",6.86469864666047,391.505731782153,0.044433354880071,7.39789890522132,7.17673008666926,7.17573213082097,15.5997039258188
16005,"Bannock","Idaho",551,"2021-07-25",4.56285898791637,488.365055287264,0.078825434820353,5.48900479567265,5.10794029304103,5.11463703165884,8.79344569604546
16011,"Bingham","Idaho",551,"2021-07-25",3.30111392310517,509.740425665798,0.0901194879534514,4.3491281278498,3.91084419162256,3.93195033877933,7.69142386736563
16013,"Blaine","Idaho",551,"2021-07-25",3.23587340123677,491.857670162892,0.0597087170639463,3.9492736581941,3.65572356685952,3.65383442068439,11.6088104826906
16017,"Bonner","Idaho",551,"2021-07-25",3.84710345932883,410.538477983295,0.0286184433580034,4.22011921532004,4.05447852093873,4.04743256283485,24.2202963972917
16019,"Bonneville","Idaho",551,"2021-07-25",4.86643494512217,477.811572306258,0.0711380416745798,5.70444771109648,5.36016114234318,5.36440123684423,9.74369218273873
16027,"Canyon","Idaho",551,"2021-07-25",5.96687907163537,395.622394929379,0.0396793064288606,6.4430307487817,6.24702359482079,6.24463421663739,17.468732267351
16031,"Cassia","Idaho",551,"2021-07-25",3.16003532484527,496.755649064108,0.0637944176194916,3.90704770043899,3.60787030881986,3.60659624818171,10.8653265665703
16039,"Elmore","Idaho",551,"2021-07-25",3.65989191724069,480.398346355609,0.0555689136755417,4.31223959244447,4.05160074527064,4.04887431296948,12.4736500088363
16041,"Franklin","Idaho",551,"2021-07-25",3.29583686600433,675.090367428276,-0.026029427270065,3.0477952029995,3.1341214634787,3.11363087511387,-26.6293673452084
16045,"Gem","Idaho",551,"2021-07-25",3.75787232560089,1755.03634287655,-0.00314757073922932,3.7677565666323,3.73601954977973,3.73583933042628,-220.216553649137
16049,"Idaho","Idaho",551,"2021-07-25",3.42006586596654,476.865767764789,0.0494233786697528,4.0099278828405,3.76759687414692,3.76602951665481,14.0246822296702
16051,"Jefferson","Idaho",551,"2021-07-25",3.49650756146648,451.000038905938,0.0365732955540384,3.91334120136375,3.75832226723204,3.75252063034475,18.9522756989671
16053,"Jerome","Idaho",551,"2021-07-25",3.5715427474094,1593.70800386483,-0.00348089411408467,3.60518989456346,3.54770361589425,3.54717648861081,-199.129062201369
16055,"Kootenai","Idaho",551,"2021-07-25",5.77321969185142,414.715047967663,0.0439747252253967,6.30091639455618,6.08189758477674,6.0810427684292,15.7623993557015
16057,"Latah","Idaho",551,"2021-07-25",3.16607763930123,510.244110962129,0.088369726937372,4.22017487392809,3.77168296053992,3.78466572786283,7.84371757820618
16065,"Madison","Idaho",551,"2021-07-25",4.18531634042783,465.176529150128,0.0517473095885349,4.80336488315069,4.54800152274856,4.54754750754757,13.3948447962118
16069,"Nez Perce","Idaho",551,"2021-07-25",3.90341463089155,450.926736107575,0.041160398204714,4.40717817889064,4.1945140295591,4.19153741832455,16.8401475882845
16079,"Shoshone","Idaho",551,"2021-07-25",4.15888308335967,481.080429089657,0.063958238632312,4.91964027177878,4.60362667992533,4.60659075378585,10.837496394245
16083,"Twin Falls","Idaho",551,"2021-07-25",5.51227600828518,412.704203127747,0.0413537121021751,6.00852055351128,5.80430013068078,5.8017519930004,16.7614258871693
16085,"Valley","Idaho",551,"2021-07-25",3.35739475900376,443.384316098506,0.0328141582896412,3.76101719401912,3.58960267582557,3.58709386703125,21.1234179600687
17001,"Adams","Illinois",551,"2021-07-25",6.27932517504636,383.037722359782,0.0385691397769166,6.74814454199327,6.54994223931517,6.54930915348478,17.9715488748025
17005,"Bond","Illinois",551,"2021-07-25",3.12926366617852,473.337808837895,0.0432724380396244,3.66353942136104,3.43722195767532,3.43217073245589,16.0182141788552
17007,"Boone","Illinois",551,"2021-07-25",4.06535702534885,478.80467983396,0.0605005975907746,4.79136419643815,4.49133796595867,4.48886120848427,11.4568650255058
17009,"Brown","Illinois",551,"2021-07-25",3.94296780927757,-799.639406301327,0.0029363065139411,3.98644543230571,3.96922451488199,3.96352195487516,236.060907561591
17011,"Bureau","Illinois",551,"2021-07-25",3.78743112784243,439.867406577132,0.0357594136335255,4.22435227180942,4.04394763466909,4.03774702327711,19.3836282569829
17015,"Carroll","Illinois",551,"2021-07-25",5.53789653861052,475.697664662636,0.0787725829026227,6.48316753344199,6.09098124434331,6.08930461892888,8.79934559739906
17017,"Cass","Illinois",551,"2021-07-25",3.90916177314711,-1988.93405182929,0.00154658607394798,3.9390527358231,3.92724876300213,3.91998787566475,448.178858090027
17019,"Champaign","Illinois",551,"2021-07-25",5.53112832326438,473.546537854977,0.076340428179861,6.44721346142271,6.06114857018439,6.06551132052341,9.07968683286481
17021,"Christian","Illinois",551,"2021-07-25",4.29825675160842,472.258232211897,0.0582879537680666,4.99771219682522,4.70865760417181,4.70627242798489,11.8917741274303
17023,"Clark","Illinois",551,"2021-07-25",3.65620867182439,-5580.41827411923,0.000604063872033714,3.70799671082697,3.66839415710592,3.66043711892863,1147.47332633272
17025,"Clay","Illinois",551,"2021-07-25",3.10394585819422,15660.1413219721,-0.00021050802400864,3.17912192798757,3.10865159210092,3.10247230202616,-3292.7352001152
17027,"Clinton","Illinois",551,"2021-07-25",3.99162605602711,481.804862065526,0.0622956381269961,4.74662473980257,4.4301907377403,4.42769552291608,11.1267369819199
17029,"Coles","Illinois",551,"2021-07-25",3.95124371858143,496.411558556885,0.0790815741374841,4.87051089799583,4.50385360400776,4.50481473754382,8.76496438165105
17031,"Cook","Illinois",551,"2021-07-25",8.17923985851323,426.290078022188,0.0683254965284268,8.99914581685435,8.65178207977379,8.65751833421222,10.1447807301563
17037,"DeKalb","Illinois",551,"2021-07-25",4.33448568990488,469.961184029911,0.0570035926336611,5.01852880150882,4.73665526130144,4.73351083834051,12.159710441665
17039,"De Witt","Illinois",551,"2021-07-25",3.33729357968267,495.796672528252,0.0659392345157363,4.10163979781872,3.8019595521489,3.79886822129282,10.5119082083752
17043,"DuPage","Illinois",551,"2021-07-25",6.51471269087253,447.511795038876,0.0661471360295788,7.30847832322747,6.975803525998,6.97774264307958,10.4788691115817
17047,"Edwards","Illinois",551,"2021-07-25",3.47903986842609,485.567367738866,0.0577364155286379,4.18200055406185,3.88661920330145,3.88319477712656,12.0053725922098
17049,"Effingham","Illinois",551,"2021-07-25",3.27444567602301,508.847850270031,0.0871233923991809,4.28230202818738,3.88097570506121,3.88430942281728,7.95592505608703
17053,"Ford","Illinois",551,"2021-07-25",3.22457384598284,494.763086357474,0.0629299981416742,3.97949885800938,3.66951762443462,3.66508383297456,11.0145749408647
17055,"Franklin","Illinois",551,"2021-07-25",5.28465300435398,476.767074271073,0.0763314990477995,6.20063099292757,5.81544330091961,5.81897349768858,9.08074895955981
17057,"Fulton","Illinois",551,"2021-07-25",3.66721795733276,509.436834997919,0.0994012492829793,4.82723927034234,4.35055805575324,4.36302670231361,6.97322403450552
17061,"Greene","Illinois",551,"2021-07-25",3.86523084392139,496.991561047865,0.0787603620931074,4.80504674260541,4.41427253066312,4.41655337857314,8.80071094315862
17063,"Grundy","Illinois",551,"2021-07-25",3.54302757710137,489.783110688722,0.0633135204839608,4.31905141876168,3.98994364377082,3.9862222204891,10.9478540327818
17065,"Hamilton","Illinois",551,"2021-07-25",3.38680864421006,483.247186524424,0.0542666825646622,4.05658719969448,3.77142704019997,3.7666754221627,12.7729787007713
17067,"Hancock","Illinois",551,"2021-07-25",4.29436569611546,474.047585158118,0.0596834130661558,5.01056665290933,4.71364206219057,4.71214958757855,11.6137322741853
17073,"Henry","Illinois",551,"2021-07-25",3.6959969218828,512.042464009905,0.10787054570318,4.95746448642505,4.43048296273511,4.45109074180506,6.42573165864233
17075,"Iroquois","Illinois",551,"2021-07-25",4.53566698022112,483.647682872801,0.0719928728869393,5.35283691578781,5.03691282010951,5.0396170904297,9.62799722756575
17077,"Jackson","Illinois",551,"2021-07-25",5.39686904027653,478.732795117291,0.0802303150500581,6.35963282087722,5.95434452194045,5.95848124562694,8.63946726530327
17081,"Jefferson","Illinois",551,"2021-07-25",5.03880617106295,385.994360837536,0.0314914286611282,5.41670331499649,5.26636900933503,5.25924617169085,22.0106616317328
17083,"Jersey","Illinois",551,"2021-07-25",3.60704943586631,488.795252190533,0.0628931692941848,4.3525059199422,4.05029664863872,4.0473016209256,11.0210248320883
17087,"Johnson","Illinois",551,"2021-07-25",3.630038954091,503.895429836664,0.0862148441370853,4.66461708373602,4.23274633019805,4.2335428630506,8.03976609245864
17089,"Kane","Illinois",551,"2021-07-25",5.7763245956543,429.10862549602,0.0494161748047339,6.36931869331111,6.12589289577171,6.12223781928744,14.0267267407663
17091,"Kankakee","Illinois",551,"2021-07-25",4.65531996967356,347.182019576465,0.0235685563860533,4.96867545880595,4.82742969441883,4.82029986437593,29.4098276197398
17093,"Kendall","Illinois",551,"2021-07-25",4.68609162834031,413.821971059712,0.0355171207521612,5.12078846368082,4.94081470915131,4.93471147360544,19.5158606858009
17095,"Knox","Illinois",551,"2021-07-25",3.87417278129705,344.121602743029,0.0193842107605644,4.14586392956085,4.02030453000591,4.009862256621,35.7583390482988
17097,"Lake","Illinois",551,"2021-07-25",6.13494627058567,443.714504556548,0.0599786533172474,6.85469011039263,6.55615999428921,6.5547968438064,11.5565645812962
17099,"LaSalle","Illinois",551,"2021-07-25",4.52798054729696,465.569267541475,0.0562966469269923,5.20354031042087,4.92282796229684,4.92205707578591,12.3124061271153
17101,"Lawrence","Illinois",551,"2021-07-25",3.16607763930123,516.548123989818,0.104582954454349,4.33515966082014,3.87436010828782,3.89815832048167,6.62772613545267
17103,"Lee","Illinois",551,"2021-07-25",3.26902560855367,496.938614186448,0.0662746170174289,4.04681995934661,3.7375783815819,3.73294792767567,10.458712728248
17107,"Logan","Illinois",551,"2021-07-25",3.80348283685294,299.144565927326,0.0156638296213085,4.05466741586422,3.92560367845531,3.9131296442021,44.2514504637494
17109,"McDonough","Illinois",551,"2021-07-25",4.3658246600976,-822.174603961446,0.00323492190856038,4.46475706399353,4.3953272277355,4.38846911345752,214.270143191312
17111,"McHenry","Illinois",551,"2021-07-25",5.35523765680072,470.928850854464,0.0714336408482493,6.21980919630658,5.85394742930428,5.85527314273846,9.70337186133965
17113,"McLean","Illinois",551,"2021-07-25",5.18977719797283,477.728041150314,0.0760162339768096,6.10197200569455,5.72097787527783,5.7218908358105,9.11840990138245
17115,"Macon","Illinois",551,"2021-07-25",4.460969837014,490.227157197915,0.0799846235710839,5.42078531986701,5.01653207944064,5.02086220201159,8.66600540970142
17117,"Macoupin","Illinois",551,"2021-07-25",4.7585042059088,411.545798703453,0.0355386932911343,5.20479094107603,5.01043234273483,5.00727505894674,19.5040142551573
17119,"Madison","Illinois",551,"2021-07-25",6.74959657775734,394.032566973126,0.0445517100959683,7.30502954139338,7.06292667238878,7.06145854842912,15.5582620524969
17121,"Marion","Illinois",551,"2021-07-25",4.94266231051005,405.930667475723,0.035287255400131,5.36610937531162,5.19284987874033,5.18967309831097,19.6429893087512
17125,"Mason","Illinois",551,"2021-07-25",4.20255814686233,357.654870327372,0.0225080091033634,4.50937000248603,4.37403847599785,4.36011421058587,30.7955793591876
17127,"Massac","Illinois",551,"2021-07-25",3.48781185449893,503.815652161957,0.0827062612542155,4.48138482818249,4.06759807445447,4.06675568327844,8.38083078655204
17133,"Monroe","Illinois",551,"2021-07-25",4.18095903505887,477.827762223194,0.0613483572507159,4.91843508472085,4.61098479905417,4.61039753581388,11.2985450894344
17135,"Montgomery","Illinois",551,"2021-07-25",3.29583686600433,458.556575138122,0.0376910770730937,3.74812979088146,3.56510462037086,3.55967440551599,18.3902194998497
17137,"Morgan","Illinois",551,"2021-07-25",4.81681935787657,324.508215010266,0.0217471693503208,5.07778539008042,4.97799839953583,4.96904954332881,31.8729839913497
17139,"Moultrie","Illinois",551,"2021-07-25",3.16607763930123,468.408914470341,0.0409945056398845,3.67274226102899,3.4572197112976,3.45303917878042,16.9082946541394
17141,"Ogle","Illinois",551,"2021-07-25",3.66721795733276,424.638959070673,0.0306036526522462,4.0813349739431,3.88616773056291,3.88144352589848,22.6491650665454
17143,"Peoria","Illinois",551,"2021-07-25",4.2257904483556,486.315110851219,0.0708365860270573,5.07791281702771,4.72334113377472,4.721646550545,9.7851579167746
17145,"Perry","Illinois",551,"2021-07-25",3.99688922607139,500.741838792143,0.0878473879837934,5.02997990286524,4.60907143458951,4.61182094195794,7.89035617869277
17147,"Piatt","Illinois",551,"2021-07-25",3.11668488397166,491.447406974858,0.0579209525241698,3.85478958096967,3.5280927652343,3.52213155164085,11.9671233008591
17149,"Pike","Illinois",551,"2021-07-25",4.83741505154865,457.826936426466,0.0548627308102365,5.49576782127149,5.22281576791606,5.22145416722031,12.6342085113746
17153,"Pulaski","Illinois",551,"2021-07-25",3.18398856586776,516.584310338706,0.106503326640894,4.41090872405471,3.90332873783595,3.92951185235402,6.50822093939927
17157,"Randolph","Illinois",551,"2021-07-25",4.5155580272984,460.80228380276,0.0529886058012145,5.15037146835386,4.88817357932057,4.8864782679069,13.0810609201584
17161,"Rock Island","Illinois",551,"2021-07-25",4.252568567437,499.083793023773,0.0904008042762874,5.32607249555918,4.87537056732123,4.88537419737101,7.66748909048989
17163,"St. Clair","Illinois",551,"2021-07-25",6.8567626912575,367.601052681699,0.0384349952414439,7.31798263415483,7.13061062373504,7.12580765794761,18.0342725738791
17165,"Saline","Illinois",551,"2021-07-25",4.06780500698749,474.351145535192,0.057058373544671,4.77286758463683,4.47156217892533,4.46721362180019,12.1480360812823
17167,"Sangamon","Illinois",551,"2021-07-25",5.62453310300206,452.645704437723,0.0602493229596479,6.34752497851783,6.04541970063846,6.04627836371959,11.5046467995032
17169,"Schuyler","Illinois",551,"2021-07-25",3.05803615689015,480.34841647073,0.0468311522714981,3.63651313238221,3.39158369937657,3.38585422279064,14.8009849627766
17177,"Stephenson","Illinois",551,"2021-07-25",3.47019025314911,392.424042900777,0.0227650876390478,3.76935117428304,3.63888793392935,3.62954586662244,30.4478151610989
17179,"Tazewell","Illinois",551,"2021-07-25",4.88280192258637,478.278583522965,0.072101296408089,5.74801747948344,5.38550432169736,5.38751099744299,9.61351896693748
17181,"Union","Illinois",551,"2021-07-25",4.8283137373023,446.978110349256,0.0487600646112899,5.41343451263778,5.17160209268586,5.16963418958133,14.2154688695686
17183,"Vermilion","Illinois",551,"2021-07-25",4.59511985013459,452.117840073796,0.0490445945524215,5.19294760391532,4.94020044721574,4.93843201200154,14.1329984860834
17185,"Wabash","Illinois",551,"2021-07-25",4.31175743882733,409.229816439193,0.0315255659279741,4.69006422996302,4.54070510408685,4.53243640032315,21.9868275209894
17189,"Washington","Illinois",551,"2021-07-25",3.17208366336144,470.179073050297,0.0422828910853544,3.71332268922914,3.47375734461199,3.46806390095892,16.3930886173494
17191,"Wayne","Illinois",551,"2021-07-25",3.50512830451039,501.094745869979,0.0777946265991039,4.42692299657207,4.05172527142168,4.04969069070412,8.90996217684692
17193,"White","Illinois",551,"2021-07-25",3.89182029811063,502.831299148844,0.0899149285935795,4.96048979763222,4.51641246750281,4.52122479826569,7.70892210450402
17195,"Whiteside","Illinois",551,"2021-07-25",3.46573590279973,459.826110926155,0.0405388165130764,3.97985327553974,3.75367879073346,3.74950761839126,17.0983575787507
17197,"Will","Illinois",551,"2021-07-25",6.33175601179619,458.835337281754,0.0723097538127387,7.17057234807963,6.83258152962203,6.83792428848536,9.58580473603873
17199,"Williamson","Illinois",551,"2021-07-25",5.56997893615981,472.879930875741,0.0761757887112264,6.48408840069453,6.09597996855161,6.1032094571384,9.09931084780212
17201,"Winnebago","Illinois",551,"2021-07-25",5.79822647857268,453.1865639302,0.0624718437771461,6.54788860389843,6.23496360269822,6.2355293850127,11.09535334082
17203,"Woodford","Illinois",551,"2021-07-25",3.8255309740747,352.110044563904,0.0199981813512613,4.11742466721416,3.97926640453962,3.96551824353353,34.660510792709
18001,"Adams","Indiana",551,"2021-07-25",3.90629233071916,496.349041871332,0.0780940919800747,4.81457559475992,4.44403368957013,4.45295097457968,8.87579537689993
18003,"Allen","Indiana",551,"2021-07-25",6.65249429778575,425.894380414036,0.0553887013839873,7.3171587143936,7.03849972877606,7.04021520747366,12.5142341892914
18005,"Bartholomew","Indiana",551,"2021-07-25",3.85620822632175,489.270857005926,0.0672614917474663,4.62282468430638,4.32552306182216,4.32703866855401,10.3052602990485
18007,"Benton","Indiana",551,"2021-07-25",3.73766961828337,670.33078487363,-0.0306897988878221,3.44740919668291,3.54191273673985,3.52284102606862,-22.5855888822716
18011,"Boone","Indiana",551,"2021-07-25",4.71338377062832,368.011045747358,0.0264813273970812,5.03115969939329,4.90581630394787,4.89875306240789,26.1749409373015
18017,"Cass","Indiana",551,"2021-07-25",3.8255309740747,300.225629388634,0.0157764476473028,4.06676386276666,3.94549253490795,3.93596610760582,43.9355675026404
18019,"Clark","Indiana",551,"2021-07-25",5.17534230418923,472.617694927807,0.0705257527560328,6.02165133726162,5.6649431508417,5.66902257348146,9.8282847537654
18021,"Clay","Indiana",551,"2021-07-25",3.67810735713203,784.406747597792,-0.0157237858910053,3.55997122350657,3.57727380197785,3.56804085589499,-44.0827155345873
18023,"Clinton","Indiana",551,"2021-07-25",4.21106883653024,351.326381817574,0.0217763142886321,4.50058966470926,4.36818491748,4.36350303655066,31.8303258932018
18027,"Daviess","Indiana",551,"2021-07-25",3.46573590279973,710.624046009706,-0.0213121781086096,3.25275085221549,3.33032979774212,3.31655065603946,-32.523526081078
18029,"Dearborn","Indiana",551,"2021-07-25",4.23823874188217,459.005648928797,0.0487185511437779,4.82286135560751,4.58156531418114,4.57926859988862,14.2275819844136
18033,"DeKalb","Indiana",551,"2021-07-25",4.49344022204479,416.975419624746,0.0347912190691804,4.90641706997471,4.73929958956744,4.73697875552905,19.9230495252742
18035,"Delaware","Indiana",551,"2021-07-25",4.5613675633297,451.859907028825,0.0484131902106857,5.13858050999335,4.89973365597497,4.9002598948045,14.3173209107578
18037,"Dubois","Indiana",551,"2021-07-25",3.42472787907235,511.147893062629,0.096406666390758,4.51685544321521,4.08283855409853,4.09957454380766,7.18982624863786
18039,"Elkhart","Indiana",551,"2021-07-25",5.34096626269539,417.988999737815,0.0417227132961723,5.84163882224946,5.6335266249086,5.6330252557686,16.6131856200142
18043,"Floyd","Indiana",551,"2021-07-25",4.86202479464461,418.669373132553,0.0381842524006896,5.32023582345289,5.13149942598981,5.12931456144944,18.1526974336527
18045,"Fountain","Indiana",551,"2021-07-25",4.33448568990488,783.927481048955,-0.018217675700156,4.11587358150301,4.21644688685297,4.20696196000379,-38.0480579393567
18049,"Fulton","Indiana",551,"2021-07-25",3.43398720448515,860.844076858217,-0.0110760522435319,3.35431681692582,3.35455316281293,3.35645483878043,-62.5807070352815
18051,"Gibson","Indiana",551,"2021-07-25",4.86753445045558,379.709854561991,0.0292713343754343,5.21879046296079,5.07835776146207,5.07243379108362,23.6800677300746
18053,"Grant","Indiana",551,"2021-07-25",4.21106883653024,370.863878052838,0.0242055941750534,4.52974102334631,4.38761915657137,4.38050799575561,28.6358258982261
18055,"Greene","Indiana",551,"2021-07-25",3.73766961828337,428.211450722583,0.0318927168597196,4.13930945373841,3.9652233966423,3.96091863630141,21.7337138008267
18057,"Hamilton","Indiana",551,"2021-07-25",5.93262404708505,416.975427221124,0.0459805750122687,6.48439094723227,6.25513839968389,6.25448807217093,15.0747827832731
18059,"Hancock","Indiana",551,"2021-07-25",4.55237200042112,407.384088621859,0.0329275137276033,4.95940748949922,4.78520868686987,4.78286459651434,21.0506990079508
18061,"Harrison","Indiana",551,"2021-07-25",4.30599373411058,486.031415924104,0.0717125907672531,5.16105361793337,4.80573469113332,4.80798186948135,9.66562737650338
18063,"Hendricks","Indiana",551,"2021-07-25",5.48952787075924,384.538197409359,0.0342328504214247,5.93809194191611,5.73101374540618,5.72915782370921,20.2480124216048
18065,"Henry","Indiana",551,"2021-07-25",3.43858491373377,487.620794694549,0.0589008516944085,4.14539513406667,3.85317283328954,3.85089087559463,11.7680332392502
18067,"Howard","Indiana",551,"2021-07-25",5.26564658425849,363.692284994281,0.0288832899040685,5.61224606310731,5.47054318575766,5.46782961358697,23.9982073670323
18069,"Huntington","Indiana",551,"2021-07-25",4.28260085453587,460.417076084833,0.0501308120185963,4.89191121501625,4.63515300074603,4.63351653866604,13.8267694587277
18071,"Jackson","Indiana",551,"2021-07-25",3.68530163276605,508.457668911123,0.0970578613508635,4.8084727018228,4.34800563821631,4.36470666222209,7.14158720285648
18073,"Jasper","Indiana",551,"2021-07-25",4.4274096405217,2084.3914616963,-0.00287794735654594,4.39287427224315,4.40779321999094,4.40726400902588,-240.847762202241
18077,"Jefferson","Indiana",551,"2021-07-25",3.59142411796322,489.454797839406,0.0633695475437933,4.34367844721466,4.03750978322655,4.03501095076977,10.9381746821046
18081,"Johnson","Indiana",551,"2021-07-25",5.32648824351473,463.730982465165,0.0647447654429484,6.10342542883011,5.77396429201991,5.77970160161537,10.7058412493707
18083,"Knox","Indiana",551,"2021-07-25",4.30791866252016,356.076458490455,0.0227897852604221,4.60179415002646,4.47473275806757,4.46744715934311,30.4148184214663
18085,"Kosciusko","Indiana",551,"2021-07-25",4.31175743882733,487.294354161879,0.073082263375887,5.16732863130373,4.81876461160436,4.82333328245854,9.48447883989106
18087,"LaGrange","Indiana",551,"2021-07-25",3.36729582998647,432.213349512981,0.029530250832224,3.71451134022696,3.57859888829701,3.57400758581204,23.472444731271
18089,"Lake","Indiana",551,"2021-07-25",6.48703148991333,925.879298544503,-0.0170765596197745,6.28211277447604,6.39301489013389,6.36749557257491,-40.5905636728657
18091,"LaPorte","Indiana",551,"2021-07-25",4.33448568990488,388.269934809046,0.027347037977335,4.64161453867255,4.53053374264601,4.52591495574622,25.3463348072439
18093,"Lawrence","Indiana",551,"2021-07-25",4.69657665231195,457.913453136614,0.0533177519104692,5.33638967523758,5.06818188105324,5.06980091568523,13.0003076972164
18095,"Madison","Indiana",551,"2021-07-25",5.41228360367772,404.852926222633,0.0383449933380453,5.87242352373426,5.68071472745802,5.68069855704404,18.076601929468
18097,"Marion","Indiana",551,"2021-07-25",7.15014107651874,404.51313512352,0.0505357234592829,7.75656975803013,7.50289752590019,7.50389114073372,13.715984121973
18099,"Marshall","Indiana",551,"2021-07-25",4.29241447598419,898.4281187933,-0.0122392336278774,4.16657927941001,4.21384356980431,4.20673984058905,-56.6332175391404
18103,"Miami","Indiana",551,"2021-07-25",4.07753744390572,1009.0608168165,-0.00891729140001623,4.0222407426821,4.00619911270559,4.01511640410561,-77.7306863111688
18105,"Monroe","Indiana",551,"2021-07-25",5.33685103055028,359.505407630629,0.0286166529696481,5.68025086618606,5.54284268506505,5.53716760133782,24.2218117295241
18107,"Montgomery","Indiana",551,"2021-07-25",4.72358794080257,358.835941289339,0.0254494303149463,5.06861183339883,4.90407580831199,4.90173395300719,27.2362552710213
18109,"Morgan","Indiana",551,"2021-07-25",4.51399430532222,433.659486242625,0.040181357146641,4.99617059108191,4.79553563626496,4.79526380534871,17.2504671265911
18111,"Newton","Indiana",551,"2021-07-25",3.95398720452718,771.431291803261,-0.0178083094423035,3.80085048910305,3.83587917282079,3.82932903843106,-38.9226828523868
18113,"Noble","Indiana",551,"2021-07-25",4.75605021694723,446.796754322678,0.047942485999069,5.33136004893606,5.09178225912046,5.09164761894071,14.4578898260179
18119,"Owen","Indiana",551,"2021-07-25",4.24235397402728,452.602716859756,0.0454226700326713,4.78742601441933,4.55950861679341,4.56031266425598,15.2599391462761
18121,"Parke","Indiana",551,"2021-07-25",3.42006586596654,499.79695248344,0.0727256860932371,4.23285656335911,3.92416237038512,3.9291456686192,9.53098166267286
18125,"Pike","Indiana",551,"2021-07-25",3.15395627876888,509.063577937335,0.0850172683062654,4.16044092445025,3.73817430334027,3.74907715691274,8.15301637383782
18127,"Porter","Indiana",551,"2021-07-25",4.85425991924688,2314.22666101147,-0.00274527017733694,4.82131667711884,4.84227013964113,4.83504302800552,-252.487782908251
18129,"Posey","Indiana",551,"2021-07-25",3.86822038276975,449.664738761972,0.04015373325466,4.35006518182567,4.15297204020462,4.14929651555237,17.2623346418107
18133,"Putnam","Indiana",551,"2021-07-25",4.45101950616083,467.509713042376,0.056707902069002,5.13151433098885,4.84811237122446,4.84797482064384,12.2231145090948
18137,"Ripley","Indiana",551,"2021-07-25",3.12299405316492,692.938412837277,-0.0215165544910238,2.90340971274555,2.98790288891708,2.97237817172775,-32.2145992681639
18141,"St. Joseph","Indiana",551,"2021-07-25",5.24627190965793,434.187685116063,0.0469203407075834,5.80931599814893,5.57464871160253,5.57471429461101,14.77285054002
18143,"Scott","Indiana",551,"2021-07-25",4.14539973302239,493.892192539301,0.0795542920540067,5.10005123767047,4.69687734697847,4.70227977740044,8.71288226773977
18145,"Shelby","Indiana",551,"2021-07-25",3.97029191355212,352.609092742226,0.0205298789371728,4.2166504607982,4.12096221584343,4.11400106611233,33.7628479291655
18147,"Spencer","Indiana",551,"2021-07-25",3.17208366336144,512.482526810888,0.0936894522763484,4.26450713209124,3.80755177510094,3.82790982929588,7.3983480927546
18151,"Steuben","Indiana",551,"2021-07-25",4.21740465497933,484.841853400284,0.0688550728122406,5.03730951093204,4.69624031552031,4.69939016466501,10.0667554654989
18153,"Sullivan","Indiana",551,"2021-07-25",3.42936825862885,438.773850309027,0.0317160418564874,3.78138155398673,3.65492571651406,3.65138055162426,21.854781996328
18157,"Tippecanoe","Indiana",551,"2021-07-25",5.74483301448656,371.113544228353,0.0328489304053809,6.13902017935113,5.97699561336167,5.97477552732423,21.1010578428576
18159,"Tipton","Indiana",551,"2021-07-25",3.61477148196022,490.719994758176,0.0650829874684954,4.37878373803392,4.0678151940332,4.07035239423969,10.6502053381535
18163,"Vanderburgh","Indiana",551,"2021-07-25",6.02724528438882,395.776937100191,0.0401219704088225,6.50870892929469,6.30886248903068,6.30809907725058,17.2760004929252
18165,"Vermillion","Indiana",551,"2021-07-25",3.5305534028762,780.828518934508,-0.0154289033755484,3.43799968795708,3.4278268492335,3.42255107924736,-44.9252395771978
18167,"Vigo","Indiana",551,"2021-07-25",4.79342647830186,426.473939011351,0.0401036095279429,5.27466979263717,5.0744190673299,5.07415174499746,17.2839100699149
18169,"Wabash","Indiana",551,"2021-07-25",3.72397077392521,489.146349238324,0.0655009964010165,4.50998273073741,4.18389988844882,4.18247774873233,10.5822387237637
18171,"Warren","Indiana",551,"2021-07-25",3.19575340744735,634.883581227235,-0.0367514986278434,2.82558682997642,2.97501361953092,2.93849291705245,-18.8603786631658
18173,"Warrick","Indiana",551,"2021-07-25",4.87301391622021,460.078566670046,0.0567147651914387,5.55359109851748,5.26938074128025,5.27001727256028,12.2216353752017
18175,"Washington","Indiana",551,"2021-07-25",3.9262076404201,494.33090027775,0.0756346192734159,4.81558811697351,4.45522455589739,4.45564997533401,9.16441686649136
18177,"Wayne","Indiana",551,"2021-07-25",3.77767495289707,439.806472477323,0.0357099797868933,4.22068847877642,4.0301291435639,4.02764481140532,19.4104612967144
18179,"Wells","Indiana",551,"2021-07-25",4.02023659006838,384.681900771674,0.0250265767864261,4.33755871881511,4.20233745441674,4.19542262757336,27.6964439234013
18181,"White","Indiana",551,"2021-07-25",3.75118333745009,1207.13437003713,-0.00574049615359429,3.72635335436398,3.71194835637214,3.71099986437493,-120.746911419137
18183,"Whitley","Indiana",551,"2021-07-25",4.17438726989564,448.159668624239,0.0427471688748226,4.69536319458614,4.47600039703886,4.4736174520194,16.2150429795644
19005,"Allamakee","Iowa",551,"2021-07-25",3.17805383034795,432.645744888348,0.0282687728800123,3.54361096729443,3.38010646180898,3.37593524050804,24.519889260918
19013,"Black Hawk","Iowa",551,"2021-07-25",5.83481073706261,330.78549140091,0.0271116049519316,6.16014999648579,6.02846145714432,6.02459197172613,25.5664384970526
19017,"Bremer","Iowa",551,"2021-07-25",3.46573590279973,377.99648846556,0.0207911056553219,3.7424720266415,3.61858139770501,3.61127364238698,33.3386397073366
19021,"Buena Vista","Iowa",551,"2021-07-25",3.49650756146648,482.044950281701,0.0545262564755763,4.14154452155511,3.8793716325658,3.87819135679551,12.7121725451741
19025,"Calhoun","Iowa",551,"2021-07-25",3.5715427474094,419.924764069266,0.0285368324861879,3.94022987824623,3.77544595417474,3.77130057481272,24.2895626518968
19033,"Cerro Gordo","Iowa",551,"2021-07-25",4.16111273868694,317.861882454196,0.0183302794279217,4.4017987959097,4.29655664880028,4.28942469468239,37.8143270147919
19045,"Clinton","Iowa",551,"2021-07-25",3.09104245335832,505.215588166368,0.0753851573896885,3.97916119380049,3.6200157403221,3.61873855508614,9.19474342909254
19049,"Dallas","Iowa",551,"2021-07-25",4.82258306259331,445.004214507794,0.0477446459364765,5.39494377063942,5.15747271922714,5.15679558414865,14.5177991576724
19053,"Decatur","Iowa",551,"2021-07-25",3.64133850934494,411.496993376732,0.0275558526461115,4.03701526272307,3.83905707943627,3.83422947786772,25.1542635773877
19057,"Des Moines","Iowa",551,"2021-07-25",4.3603651378927,433.071180140278,0.0386115847427981,4.82369971483141,4.63207881259333,4.63064623109229,17.9517930998476
19061,"Dubuque","Iowa",551,"2021-07-25",4.00733318523247,341.791254775325,0.0197882979847294,4.27840307741029,4.15256748754295,4.14585127112558,35.0281353704521
19069,"Franklin","Iowa",551,"2021-07-25",3.60316593583991,456.817182405863,0.040499154422899,4.09781855468897,3.88747142295585,3.8866600168002,17.1151025357711
19071,"Fremont","Iowa",551,"2021-07-25",3.03082359336526,1675.44693560183,-0.00272714379956829,3.04743848177313,3.01587932225648,3.01173358676828,-254.165981518712
19079,"Hamilton","Iowa",551,"2021-07-25",3.70657903121334,498.199428105484,0.0776975142524213,4.64635578707711,4.24401446872515,4.25046163098029,8.92109853486522
19081,"Hancock","Iowa",551,"2021-07-25",3.14784005175145,452.04371700351,0.0337504040616642,3.57606736400358,3.38668811646497,3.3840928801831,20.5374483604261
19083,"Hardin","Iowa",551,"2021-07-25",3.20158432775814,457.797439888174,0.0365560690780561,3.66301170924596,3.45852619192568,3.45747681130453,18.9612066625629
19087,"Henry","Iowa",551,"2021-07-25",3.99688922607139,300.116922859338,0.0164074405272677,4.23120125117419,4.12024357078241,4.11174130976226,42.2459054115111
19091,"Humboldt","Iowa",551,"2021-07-25",3.63758615972639,423.110756568559,0.0299157282862535,4.0353099552333,3.85024373893425,3.84699625773017,23.1699918493527
19099,"Jasper","Iowa",551,"2021-07-25",5.70425855178969,75.0126660776013,0.0121112780343463,5.84959388820185,5.79828890757569,5.78903749803011,57.2315472070125
19103,"Johnson","Iowa",551,"2021-07-25",4.38559170083838,476.967571889024,0.0635294429132364,5.14794501579722,4.82952594279194,4.83029780123104,10.9106447148701
19107,"Keokuk","Iowa",551,"2021-07-25",3.31678003984957,341.606286286946,0.0164387416104349,3.55724034585133,3.44309515585595,3.43185123112261,42.1654647895889
19109,"Kossuth","Iowa",551,"2021-07-25",3.13549421592915,509.47446569562,0.0843290663922895,4.09211300407542,3.71232900379135,3.72579768067518,8.21955240599369
19111,"Lee","Iowa",551,"2021-07-25",4.20469261939097,473.731710274062,0.0582696595305449,4.91028455155169,4.61155700926675,4.61258023610478,11.8955076474507
19113,"Linn","Iowa",551,"2021-07-25",5.00394630594546,336.067771415837,0.0239124094993863,5.30693433101591,5.17686093253923,5.17133317244116,28.9869233202005
19121,"Madison","Iowa",551,"2021-07-25",3.3322045101752,435.264170107601,0.0299272664620834,3.67314788563477,3.54578141068799,3.54169537540978,23.1610588771325
19125,"Marion","Iowa",551,"2021-07-25",3.15395627876888,513.154040949365,0.0947852732772708,4.25073648399574,3.78910577958343,3.81745319170978,7.31281513038756
19127,"Marshall","Iowa",551,"2021-07-25",3.3722098447889,758.58264175116,-0.0159974917222531,3.20881915104184,3.27321744788413,3.26022740273313,-43.3284912781516
19133,"Monona","Iowa",551,"2021-07-25",3.06472514504094,473.318006095908,0.0424996336569789,3.59895371826642,3.36390021977652,3.36222258063979,16.3094860100311
19135,"Monroe","Iowa",551,"2021-07-25",3.57555076880693,502.779230090559,0.0823513597840067,4.54750549036223,4.14224635817118,4.15201028729498,8.41694882000673
19137,"Montgomery","Iowa",551,"2021-07-25",3.34739467566918,477.257474918039,0.0487941386954788,3.93976196747237,3.691467032669,3.68895364653753,14.2055418763683
19139,"Muscatine","Iowa",551,"2021-07-25",3.2470467018349,490.950777102372,0.0593594986524173,3.98000825623739,3.66476427721429,3.66256319240182,11.6771063822271
19153,"Polk","Iowa",551,"2021-07-25",6.21375058800806,373.142998632252,0.0359473468754008,6.64511875051287,6.46759542865578,6.46538201613587,19.2822903721519
19155,"Pottawattamie","Iowa",551,"2021-07-25",3.98898404656427,483.415059309228,0.0638552026164152,4.76263649994253,4.43704926135142,4.43597046487918,10.8549836529962
19163,"Scott","Iowa",551,"2021-07-25",4.40322884232448,469.956767068016,0.0579615083413269,5.10311857998456,4.80935105723362,4.80895940071377,11.9587498737628
19169,"Story","Iowa",551,"2021-07-25",4.4724547868809,476.456419677365,0.064311540563942,5.2441932736482,4.92121157177579,4.92263557082849,10.7779595152254
19181,"Warren","Iowa",551,"2021-07-25",4.20041910861358,292.190845548023,0.0167026043737433,4.43970514573059,4.32759523816089,4.31733733922978,41.4993473502601
19183,"Washington","Iowa",551,"2021-07-25",3.12299405316492,415.497634648761,0.024179623317525,3.44565351604928,3.29738284473442,3.29225141638759,28.6665830752443
19187,"Webster","Iowa",551,"2021-07-25",5.11370747923607,437.62551236181,0.0472641272354891,5.68939509963822,5.44341685617896,5.44455636988449,14.6653968052008
19193,"Woodbury","Iowa",551,"2021-07-25",3.95672318434605,504.522108516678,0.0942182098929471,5.03859120440788,4.60389328085364,4.61625065359668,7.35682816885945
20001,"Allen","Kansas",551,"2021-07-25",3.91487607441055,455.405089864133,0.043165606066611,4.42857147536419,4.2224605949606,4.21703531687683,16.0578581820516
20005,"Atchison","Kansas",551,"2021-07-25",4.00212484012533,495.86215545206,0.0796384837288351,4.94856372197598,4.55766577770866,4.55959422622718,8.70367124165843
20009,"Barton","Kansas",551,"2021-07-25",3.85014760171006,505.369038100844,0.0948706609593137,4.99313414229738,4.5101486251246,4.51424222842526,7.30623328172246
20011,"Bourbon","Kansas",551,"2021-07-25",4.88496408559086,477.456225445992,0.0714646867853351,5.75603562101085,5.38273973447492,5.38521689308821,9.69915648888259
20015,"Butler","Kansas",551,"2021-07-25",4.77431000607998,491.35729219849,0.0874501727186117,5.82791630767803,5.3804089819426,5.38646121511026,7.92619567248065
20021,"Cherokee","Kansas",551,"2021-07-25",5.54629289356343,353.25954783119,0.0288232521400199,5.9012856761233,5.75831297656105,5.74805565854357,24.0481947419646
20035,"Cowley","Kansas",551,"2021-07-25",4.24235397402728,477.066348909837,0.0607733857328214,4.91861199646806,4.67367497980391,4.66776767415703,11.4054396048829
20037,"Crawford","Kansas",551,"2021-07-25",5.96394651821409,445.230035294194,0.0591837710336169,6.67415177061749,6.37688383725418,6.37823291544941,11.7117778819169
20041,"Dickinson","Kansas",551,"2021-07-25",4.56880254181722,404.362491739394,0.032257010151653,4.95588666363706,4.80438576717838,4.79460161287879,21.4882649477179
20043,"Doniphan","Kansas",551,"2021-07-25",4.08717607274349,1640.30182437453,-0.00373496231268698,4.04235652499125,4.07158233148946,4.06103133655468,-185.583447041875
20045,"Douglas","Kansas",551,"2021-07-25",5.31811999384422,474.539810218945,0.0744207370584696,6.21116883854586,5.8371129115274,5.83906515325351,9.31389835625204
20055,"Finney","Kansas",551,"2021-07-25",3.16607763930123,476.393232115709,0.0456968235996523,3.7291700765462,3.49483825497574,3.4859554044988,15.1683886528432
20057,"Ford","Kansas",551,"2021-07-25",3.80666248977032,496.300710831722,0.0765298222425136,4.72183563253774,4.34308223115308,4.34237124546792,9.05721665422725
20059,"Franklin","Kansas",551,"2021-07-25",4.85981240436167,407.522116600348,0.0350945023497801,5.28094643255903,5.11135286211511,5.10547392081013,19.7508764663902
20061,"Geary","Kansas",551,"2021-07-25",5.40973095391894,317.809940579349,0.0237071280302641,5.69421649028211,5.59169069833548,5.57568085013079,29.2379228591117
20079,"Harvey","Kansas",551,"2021-07-25",3.80666248977032,489.452021966547,0.0669973902261702,4.59253563352222,4.27704432909387,4.27564422135351,10.3458832981406
20085,"Jackson","Kansas",551,"2021-07-25",3.3770998300831,512.849850164281,0.0985396696454986,4.44908084925653,4.05734296571766,4.06687751760159,7.03419427986289
20087,"Jefferson","Kansas",551,"2021-07-25",3.71008166176454,471.465086201748,0.0496512004344647,4.29656234957614,4.06077124960537,4.05764006480579,13.9603307572561
20091,"Johnson","Kansas",551,"2021-07-25",7.50273821075485,404.35878595342,0.0529700219054005,8.13837847361965,7.87549949646906,7.87352836409265,13.0856502532289
20099,"Labette","Kansas",551,"2021-07-25",4.62637239363869,471.37844886928,0.0618653056101973,5.35886873313135,5.06075762547099,5.05942953291007,11.204134105913
20103,"Leavenworth","Kansas",551,"2021-07-25",5.7085330774148,433.172188563932,0.0505950882566703,6.31567413649485,6.06672863027656,6.06269869521149,13.6998907293844
20107,"Linn","Kansas",551,"2021-07-25",3.86822038276975,487.382383013644,0.0654985534112029,4.6253517579527,4.32747126414256,4.32671025664817,10.5826334241054
20111,"Lyon","Kansas",551,"2021-07-25",4.18748789394134,429.94083418858,0.0361085754774897,4.62403405428601,4.44998134250686,4.44024792228377,19.1961929096887
20113,"McPherson","Kansas",551,"2021-07-25",3.44771739729705,456.28857667312,0.038618689483685,3.9279618744044,3.72433153252359,3.71804822368284,17.9484904803094
20117,"Marshall","Kansas",551,"2021-07-25",3.47019025314911,405.750293620825,0.0249489558980174,3.79847120994014,3.66085326958895,3.64483294443523,27.7826127631668
20121,"Miami","Kansas",551,"2021-07-25",4.79105680894654,426.799919796209,0.0401934025611013,5.27337763967976,5.07636818098131,5.07241062687425,17.2452973969107
20125,"Montgomery","Kansas",551,"2021-07-25",4.45101950616083,491.154389538774,0.080698126319877,5.39431551692933,5.01503286302604,5.01590639039997,8.58938382054125
20131,"Nemaha","Kansas",551,"2021-07-25",3.11033565629299,463.101299053523,0.037456868299304,3.55460814312723,3.37762531818539,3.37253373438812,18.5052091120182
20133,"Neosho","Kansas",551,"2021-07-25",4.57618264911484,466.80896541672,0.0576362886125451,5.25591278811852,4.9828788859494,4.97963666940266,12.0262285661654
20139,"Osage","Kansas",551,"2021-07-25",3.80666248977032,506.235794028084,0.094272136525149,4.87992229250042,4.45724118130708,4.46656744544636,7.35261983136485
20149,"Pottawatomie","Kansas",551,"2021-07-25",4.51867815463465,462.863722781321,0.0543025060752293,5.16613827164204,4.89868478151268,4.89879569716126,12.7645523320724
20155,"Reno","Kansas",551,"2021-07-25",4.41366371961706,482.536351756518,0.0695463283592486,5.24821965992804,4.90387975666516,4.9004880181318,9.96669697614262
20161,"Riley","Kansas",551,"2021-07-25",5.20086203039732,410.10192386854,0.0382703138885225,5.66010579705959,5.47502181041933,5.46875422761698,18.1118760242995
20169,"Saline","Kansas",551,"2021-07-25",4.8497956261182,412.531219915128,0.0363365546836816,5.28583428232238,5.11097400307449,5.10415150890397,19.0757540607236
20173,"Sedgwick","Kansas",551,"2021-07-25",6.91742268438428,417.435419644729,0.0538050423006782,7.56308319199242,7.29618243749716,7.29405798048903,12.8825691965158
20177,"Shawnee","Kansas",551,"2021-07-25",5.97417304999792,443.94231265568,0.0585372175820759,6.67661966098283,6.38449980326405,6.38393357307245,11.8411364460238
20191,"Sumner","Kansas",551,"2021-07-25",3.89473150831809,450.290114217986,0.0408868795375432,4.40392112497173,4.1833032626221,4.18093966508089,16.9528021800608
20197,"Wabaunsee","Kansas",551,"2021-07-25",3.76451686831956,488.12004128617,0.0651854774930666,4.55515847595677,4.22102056853245,4.22081521077103,10.633460200298
20205,"Wilson","Kansas",551,"2021-07-25",3.93462283734539,-34717.6489540097,0.000111577302804848,3.93596176497905,3.94938530363198,3.93540387846502,6212.2596902372
20209,"Wyandotte","Kansas",551,"2021-07-25",6.56827853334063,420.394491143556,0.0524008412166447,7.21064442012213,6.93729994357997,6.93508442185714,13.2277872733801
21001,"Adair","Kentucky",551,"2021-07-25",3.73084365321297,509.021697504396,0.100485567317736,4.92161251253046,4.43012842166434,4.43424262443712,6.89797748136518
21003,"Allen","Kentucky",551,"2021-07-25",3.53888678443534,511.284371654893,0.101879411318779,4.75936071518636,4.24902249503538,4.25204266366679,6.80360410005807
21005,"Anderson","Kentucky",551,"2021-07-25",3.71357206670431,486.078836004805,0.0620244678129606,4.46087192129061,4.14870755244674,4.14774334139503,11.1753829577415
21009,"Barren","Kentucky",551,"2021-07-25",4.73995079801304,499.612135074675,0.10118039705224,5.90770735617696,5.44000259641084,5.44821357737872,6.85060743734845
21013,"Bell","Kentucky",551,"2021-07-25",3.22457384598284,509.877440833089,0.088019027804172,4.23570087332025,3.84583840861045,3.84070704061204,7.8749697406575
21015,"Boone","Kentucky",551,"2021-07-25",5.41863686520033,452.858202431727,0.0581864004531776,6.11782273767444,5.8294625403949,5.82594166837257,11.9125289614318
21017,"Bourbon","Kentucky",551,"2021-07-25",3.80666248977032,499.814214864486,0.0824891694731979,4.79969709097452,4.38388412971079,4.38408667608271,8.40288713035425
21019,"Boyd","Kentucky",551,"2021-07-25",4.52643614544559,381.061412805958,0.0274384716583161,4.85492440998623,4.73036727978338,4.7185054470538,25.2618727891086
21021,"Boyle","Kentucky",551,"2021-07-25",3.91487607441055,489.47197091099,0.0690858342576704,4.73431605964815,4.39979013339019,4.39847691421424,10.0331303516536
21027,"Breckinridge","Kentucky",551,"2021-07-25",3.53472877428668,468.463026259232,0.0450687733539242,4.03532157631895,3.85705774829787,3.85021018776415,15.3797658329122
21029,"Bullitt","Kentucky",551,"2021-07-25",5.19612642565149,447.587579506167,0.052799498270415,5.82972040489647,5.57155021439514,5.56572291354439,13.1279122579908
21035,"Calloway","Kentucky",551,"2021-07-25",4.29045944114839,498.016261826811,0.0890165759425032,5.3395469844089,4.91255171615361,4.91357547274591,7.78672031833326
21037,"Campbell","Kentucky",551,"2021-07-25",4.72485617179056,487.198039722097,0.0799887227777495,5.66335837279039,5.28430068136337,5.28477723123481,8.66556130025817
21043,"Carter","Kentucky",551,"2021-07-25",4.68872320880638,416.098011929253,0.0360943144784884,5.12185498254824,4.95084499206869,4.9413834101558,19.2037773974915
21045,"Casey","Kentucky",551,"2021-07-25",3.12926366617852,510.658110647089,0.0877902462093457,4.15615612230768,3.74684440739819,3.74379538964394,7.89549193092656
21047,"Christian","Kentucky",551,"2021-07-25",4.57911950878815,490.100840536111,0.081733366026206,5.54962685333378,5.15208803585478,5.15125307097159,8.4805901709432
21049,"Clark","Kentucky",551,"2021-07-25",4.69657665231195,467.38081307941,0.0596018982860546,5.40107556160596,5.11569642961884,5.11378994031433,11.6296158426572
21051,"Clay","Kentucky",551,"2021-07-25",4.53872508657994,490.902536894429,0.0823762988485226,5.52724067276221,5.11667443966768,5.1153591785196,8.4144006255311
21055,"Crittenden","Kentucky",551,"2021-07-25",3.25258688221051,487.950626374962,0.0565333776325999,3.96012769207134,3.65385134881894,3.64832052563871,12.2608485391512
21059,"Daviess","Kentucky",551,"2021-07-25",5.34506462908767,496.073082865818,0.107057774360921,6.62975792141873,6.07990206250266,6.09446904961412,6.47451513631466
21067,"Fayette","Kentucky",551,"2021-07-25",6.20455776256869,476.294654615712,0.0890112189870487,7.27269239041328,6.82133733466076,6.82763629547803,7.78718894593275
21071,"Floyd","Kentucky",551,"2021-07-25",4.37125453769197,513.637887325031,0.130994967350343,5.81121350144979,5.24193414197368,5.28821930914437,5.29140313235195
21073,"Franklin","Kentucky",551,"2021-07-25",4.18314006100523,478.82808748341,0.0627919342504864,4.97135752522695,4.62485091319269,4.62268360075864,11.038793259575
21081,"Grant","Kentucky",551,"2021-07-25",4.32507828280299,391.726409028137,0.0281765481727392,4.68501584587303,4.53525227807996,4.52231412001217,24.6001453517491
21083,"Graves","Kentucky",551,"2021-07-25",4.59222967471236,373.509210462504,0.0265935284657193,4.90626106322843,4.79040038481996,4.7783843739724,26.0645059362263
21085,"Grayson","Kentucky",551,"2021-07-25",3.88303546855489,483.819198785516,0.0626805888773858,4.64969630352015,4.32385555775755,4.32179959069659,11.0584024970771
21089,"Greenup","Kentucky",551,"2021-07-25",4.74617359345131,462.658228691858,0.0569483167798673,5.42955339480972,5.14562294087027,5.14481181091038,12.1715130447014
21093,"Hardin","Kentucky",551,"2021-07-25",5.59364868024572,453.802112256375,0.060670030703957,6.3216890486932,6.02100579848587,6.01833889517342,11.4248694539516
21095,"Harlan","Kentucky",551,"2021-07-25",3.88303546855489,481.284798003495,0.0599867343691715,4.6018944442417,4.30853527144247,4.30294260913909,11.5550077504497
21099,"Hart","Kentucky",551,"2021-07-25",4.42570169817654,492.044641275726,0.0818654698883895,5.39946643361996,4.9987291809608,4.99875998739527,8.46690529602946
21101,"Henderson","Kentucky",551,"2021-07-25",4.78868151091763,490.573644432802,0.0863971924892639,5.82544782078879,5.39035836036444,5.39346185834248,8.02279750752408
21107,"Hopkins","Kentucky",551,"2021-07-25",5.45287612636463,437.699156860526,0.0503493414113334,6.05706822330063,5.80740075406935,5.80532151624396,13.7667576403278
21109,"Jackson","Kentucky",551,"2021-07-25",3.55125807623789,513.526809588087,0.107577587328815,4.7843185253286,4.28998895725937,4.3043011875396,6.44323039557779
21111,"Jefferson","Kentucky",551,"2021-07-25",6.79122146272619,463.517163699362,0.0820826407516419,7.75540070926147,7.36317411763416,7.36579994798768,8.44450390743649
21113,"Jessamine","Kentucky",551,"2021-07-25",3.48781185449893,631.40945258784,-0.0426816062846069,3.13323335292269,3.26559658558945,3.18904061050668,-16.2399506695681
21115,"Johnson","Kentucky",551,"2021-07-25",3.8098320645316,509.62132662955,0.103712763454005,5.01748590748803,4.52923885621996,4.53582140870963,6.68333537238497
21117,"Kenton","Kentucky",551,"2021-07-25",5.23492104998924,452.275724512156,0.0558544840463261,5.90517485854515,5.63182455361165,5.62590243831352,12.4098752749205
21119,"Knott","Kentucky",551,"2021-07-25",3.59535339610311,489.641998316857,0.0639064543174814,4.36851751179811,4.05013841897519,4.04269857632548,10.846278172725
21121,"Knox","Kentucky",551,"2021-07-25",4.05302641289137,497.853481210935,0.0839184799594397,5.04740443163018,4.64163975322764,4.64045577260745,8.25976806175426
21123,"Larue","Kentucky",551,"2021-07-25",3.23023958351852,747.070144877606,-0.0164637519192367,3.11280396059905,3.14273566066912,3.11499332008386,-42.1014106602307
21125,"Laurel","Kentucky",551,"2021-07-25",5.50765172258806,481.5468823633,0.0854520607309139,6.53307645135903,6.10288646281301,6.10581614770446,8.11153264919668
21127,"Lawrence","Kentucky",551,"2021-07-25",3.19575340744735,513.975359616758,0.0981828406894749,4.32246425315924,3.87650517887412,3.88303329227367,7.0597588712286
21131,"Leslie","Kentucky",551,"2021-07-25",3.26902560855367,466.262320396498,0.0413489961251075,3.79326095845155,3.56666537023763,3.55846858142942,16.7633375780811
21133,"Letcher","Kentucky",551,"2021-07-25",4.21950770517611,498.297401220663,0.0875958013774406,5.22969698439181,4.83249850531324,4.83267831481819,7.91301831435106
21135,"Lewis","Kentucky",551,"2021-07-25",3.96488649498521,487.50771977022,0.0681195406192982,4.80190174645948,4.4454849509568,4.4417232793203,10.1754529501859
21137,"Lincoln","Kentucky",551,"2021-07-25",3.81299162482197,503.292245663824,0.0892069160861726,4.88031005033022,4.43762610261459,4.43744003742518,7.77010585020532
21139,"Livingston","Kentucky",551,"2021-07-25",3.75453342433537,455.956686980757,0.0421942505787939,4.30564111942423,4.05807054368747,4.04989317838693,16.4275267613903
21141,"Logan","Kentucky",551,"2021-07-25",4.44096917030733,362.286009638351,0.0241732769592838,4.73104849381873,4.62759860351872,4.61018210902232,28.6741090886208
21145,"McCracken","Kentucky",551,"2021-07-25",4.64026150579937,445.026695435864,0.0462018052826245,5.21957061960684,4.97048970396621,4.96367414277774,15.0025994941073
21151,"Madison","Kentucky",551,"2021-07-25",5.15081122943945,461.631261588959,0.0610511823033895,5.88342541708012,5.57952692405809,5.57816950556318,11.3535422969436
21155,"Marion","Kentucky",551,"2021-07-25",3.53472877428668,509.768009821111,0.0976156088003627,4.70819508496536,4.21491207488805,4.21803803588922,7.10078223225065
21157,"Marshall","Kentucky",551,"2021-07-25",4.37665509087197,484.543006497484,0.0706552596237199,5.19012294709821,4.86930717019393,4.87124190823801,9.81027009526756
21159,"Martin","Kentucky",551,"2021-07-25",3.4106761256167,856.858688356595,-0.0112180536509499,3.3526128000368,3.35341715155359,3.33214975006005,-61.7885421239051
21163,"Meade","Kentucky",551,"2021-07-25",4.08477511120595,466.657732679691,0.0517219115781753,4.72439667369108,4.45180142425728,4.44682849225318,13.4014223258606
21167,"Mercer","Kentucky",551,"2021-07-25",3.78093759853188,493.896515788992,0.0720987647622252,4.62178202856848,4.28687177986234,4.28562895186746,9.61385653202073
21173,"Montgomery","Kentucky",551,"2021-07-25",3.19575340744735,509.531985014158,0.0872448918733548,4.22858672675593,3.80829479127983,3.80646765056083,7.94484543079177
21177,"Muhlenberg","Kentucky",551,"2021-07-25",5.14166355650266,464.749480451292,0.0630090397546688,5.87562569338804,5.58370048362056,5.58272683478534,11.0007577207774
21179,"Nelson","Kentucky",551,"2021-07-25",4.2257904483556,500.801775526872,0.0923442185089242,5.28192533906906,4.86818963010476,4.87219997791807,7.5061242788357
21183,"Ohio","Kentucky",551,"2021-07-25",3.91202300542815,500.796890550147,0.0862225914196315,4.9322003340271,4.51219157809551,4.51558114536557,8.03904370243883
21185,"Oldham","Kentucky",551,"2021-07-25",4.460969837014,493.187110959531,0.0840522830013716,5.44767129176604,5.04727640920624,5.0493358180236,8.24661931608252
21193,"Perry","Kentucky",551,"2021-07-25",4.35303909780063,469.024485498757,0.0565509581326711,5.03165059539268,4.75454039051449,4.74889580472933,12.2570368999547
21195,"Pike","Kentucky",551,"2021-07-25",5.295456134267,-474.059887841391,0.00519131886018284,5.35775196058919,5.34056194816315,5.33179536628828,133.520440417627
21199,"Pulaski","Kentucky",551,"2021-07-25",5.1574119134708,499.315587195997,0.110070090965479,6.45939865559234,5.91565631939025,5.92790255022915,6.29732540856478
21203,"Rockcastle","Kentucky",551,"2021-07-25",3.49216915986788,504.880821239516,0.0839436144651694,4.45901586257645,4.08222504133805,4.07977446112407,8.25729491130683
21209,"Scott","Kentucky",551,"2021-07-25",3.96488649498521,510.486146366675,0.110605153737932,5.25527708579547,4.71967459664047,4.73912257115073,6.26686150812006
21211,"Shelby","Kentucky",551,"2021-07-25",3.09104245335832,512.563011918314,0.0921831752544017,4.18852583536624,3.74031514335806,3.73632468013913,7.51923741666566
21213,"Simpson","Kentucky",551,"2021-07-25",3.99162605602711,480.491273342537,0.06104647863466,4.73163482589453,4.42019746180161,4.41895140646973,11.3544170943613
21217,"Taylor","Kentucky",551,"2021-07-25",3.73084365321297,503.823819766315,0.0884671657201672,4.79281311481907,4.35281415721688,4.35011381325414,7.83507841488284
21225,"Union","Kentucky",551,"2021-07-25",3.3770998300831,475.46221111257,0.0482774844892451,3.98471682278948,3.72351345559663,3.71504222150782,14.3575662214621
21227,"Warren","Kentucky",551,"2021-07-25",5.71326121861075,448.974789922112,0.0588842962980897,6.41987277418782,6.13055658614434,6.12545129269738,11.7713418370669
21229,"Washington","Kentucky",551,"2021-07-25",3.78093759853188,512.637108748216,0.111837043678808,5.07325165032276,4.539773180886,4.56379690428354,6.19783175376703
21231,"Wayne","Kentucky",551,"2021-07-25",3.27444567602301,417.701128923987,0.0254609006775686,3.57213562164137,3.47271281397422,3.45267198076599,27.2239850953355
21233,"Webster","Kentucky",551,"2021-07-25",4.14539973302239,473.294506866825,0.0571090467756752,4.83744996949913,4.54883314507223,4.54516306045212,12.1372570493539
21235,"Whitley","Kentucky",551,"2021-07-25",4.97673374242057,467.665380495726,0.0636439298842886,5.74925018985392,5.42495263049972,5.42224125161059,10.8910179151438
21239,"Woodford","Kentucky",551,"2021-07-25",4.70824237112791,460.229308248605,0.0548933706256523,5.36696281863574,5.09718064055038,5.09249596550748,12.6271564791838
22001,"Acadia","Louisiana",551,"2021-07-25",5.56068163101553,457.109900025132,0.0625568160299933,6.31136342337545,6.00578606417231,5.99857934322548,11.0802822865475
22003,"Allen","Louisiana",551,"2021-07-25",4.0990951649807,504.210480882008,0.0984795641705615,5.29716839968395,4.78734697291575,4.78845211417463,7.03848749126723
22005,"Ascension","Louisiana",551,"2021-07-25",7.06059898263904,461.312221161088,0.0833721120029522,8.06106432667447,7.64051991554376,7.64420376665971,8.31389734417908
22007,"Assumption","Louisiana",551,"2021-07-25",4.99527990601306,492.564001849332,0.0934815494964354,6.11705849997028,5.64569219592239,5.64965075248811,7.41480200417919
22009,"Avoyelles","Louisiana",551,"2021-07-25",5.08494732706081,463.224989651692,0.061734552781258,5.85089287869191,5.52244518421979,5.51708919652962,11.227864288836
22011,"Beauregard","Louisiana",551,"2021-07-25",5.10160707230198,466.903281559869,0.0644983404231042,5.87558715737923,5.55848975632911,5.55309545526371,10.7467444280419
22013,"Bienville","Louisiana",551,"2021-07-25",3.61091791264422,487.774597790815,0.0624199085115687,4.38346318108541,4.05470732958196,4.0478572722252,11.1045850128326
22015,"Bossier","Louisiana",551,"2021-07-25",6.4393503711001,446.004602520206,0.0643964675714326,7.21210798195729,6.89819563347168,6.89012564410013,10.7637453838763
22017,"Caddo","Louisiana",551,"2021-07-25",6.74574042409808,464.871454089487,0.083148789965234,7.74352590368089,7.32613123401333,7.32778195385472,8.33622691141702
22019,"Calcasieu","Louisiana",551,"2021-07-25",6.5277490403372,454.684282493383,0.0714854925151757,7.38557495051931,7.03066995125519,7.02814748794343,9.69633356604204
22021,"Caldwell","Louisiana",551,"2021-07-25",3.70657903121334,503.738552614355,0.087700380849442,4.75874960116303,4.32021330506292,4.32048169715943,7.90358233164224
22025,"Catahoula","Louisiana",551,"2021-07-25",3.80666248977032,497.853413781215,0.0799483763282603,4.8086219098796,4.36700012874226,4.36630112406814,8.66993443011213
22027,"Claiborne","Louisiana",551,"2021-07-25",3.31158522297247,478.888679760752,0.0493265364446504,3.90228742096569,3.66905796758021,3.65687097808502,14.052216727962
22029,"Concordia","Louisiana",551,"2021-07-25",4.53872508657994,498.784321268689,0.0961274985033757,5.69225506862044,5.2066164738557,5.21161757610357,7.21070652364478
22031,"De Soto","Louisiana",551,"2021-07-25",4.50928841428481,501.564634155211,0.100583710674641,5.67647850994975,5.20789852772161,5.2133743890073,6.8912468620498
22033,"East Baton Rouge","Louisiana",551,"2021-07-25",7.88258442443939,443.593854052929,0.0769737436316909,8.80626934801968,8.42225372286458,8.42140062986123,9.00498206085132
22035,"East Carroll","Louisiana",551,"2021-07-25",3.16607763930123,519.679413869246,0.117359016970121,4.49726631802413,3.96277528628166,3.98759075809208,5.90621154177201
22037,"East Feliciana","Louisiana",551,"2021-07-25",4.70566172453442,478.312459651127,0.0692277006672369,5.51658519018015,5.1927028486683,5.19025562920508,10.0125697355132
22039,"Evangeline","Louisiana",551,"2021-07-25",4.63195120866574,483.799910953131,0.074504403426182,5.52823336860656,5.15441325189079,5.15348203264901,9.30343910808851
22041,"Franklin","Louisiana",551,"2021-07-25",5.96247701023473,370.740590768555,0.0340208667619139,6.3707274113777,6.21833520628812,6.20062307756813,20.3741775719812
22043,"Grant","Louisiana",551,"2021-07-25",4.30213272545312,501.417856568598,0.0958084951584068,5.42105001499975,4.96688706988083,4.97279219156197,7.23471524538526
22045,"Iberia","Louisiana",551,"2021-07-25",6.23048144757848,462.559609682665,0.0746698502234128,7.12651965025943,6.75433778737286,6.75317039914237,9.28282537712401
22047,"Iberville","Louisiana",551,"2021-07-25",5.31811999384422,471.482932498645,0.0713678110554677,6.17453372650983,5.81796656060423,5.81769467123249,9.71232226838547
22049,"Jackson","Louisiana",551,"2021-07-25",3.93182563272433,438.717830763937,0.0365437586772607,4.35901880706285,4.20722614382864,4.18763194346516,18.9675940748606
22051,"Jefferson","Louisiana",551,"2021-07-25",7.62928164814374,461.663823711202,0.0904627407106798,8.7148345366719,8.2578538956811,8.2625208331185,7.66223944924227
22053,"Jefferson Davis","Louisiana",551,"2021-07-25",4.39621126966584,477.198496663477,0.0638970234147794,5.1629755506432,4.84940019933372,4.8434904335693,10.8478790328067
22055,"Lafayette","Louisiana",551,"2021-07-25",7.19861088188358,449.68899345955,0.0747433874949712,8.09553153182324,7.72288534406204,7.72181459434838,9.27369234645113
22057,"Lafourche","Louisiana",551,"2021-07-25",6.8685688509554,454.719776705702,0.0752470645126532,7.77153362510724,7.3935189545965,7.39529830254397,9.21161755676713
22059,"LaSalle","Louisiana",551,"2021-07-25",4.66881545114845,450.413408826086,0.0488438325272403,5.25494144147534,5.01991635176222,5.01072227883913,14.1910891241668
22061,"Lincoln","Louisiana",551,"2021-07-25",5.1857883614116,444.013351478858,0.0508477181729976,5.79596097948757,5.55344531230335,5.54172238862258,13.6318247006025
22063,"Livingston","Louisiana",551,"2021-07-25",7.27368724418354,442.159086022272,0.0700464486064096,8.11424462746046,7.76611281542347,7.76401238442841,9.89553638121946
22065,"Madison","Louisiana",551,"2021-07-25",4.01766919456313,508.720998054955,0.106650152622666,5.25561307853171,4.75949355170049,4.76422026292179,6.49926102789876
22067,"Morehouse","Louisiana",551,"2021-07-25",5.11198778835654,491.852929212108,0.0944093136336322,6.24489955196012,5.7668617308907,5.77285298379197,7.34193644548455
22069,"Natchitoches","Louisiana",551,"2021-07-25",4.68080760019371,489.300851190544,0.0825551652622533,5.67146958334075,5.25700313354952,5.25869375702948,8.39616974126358
22071,"Orleans","Louisiana",551,"2021-07-25",7.44023056272456,462.691728153385,0.0893096255366254,8.51194606916406,8.06131636345458,8.06539794148094,7.76116993431676
22073,"Ouachita","Louisiana",551,"2021-07-25",6.6158739256888,469.753710280406,0.086769781848003,7.65711130786484,7.2183496896111,7.22326239862482,7.98834762284121
22075,"Plaquemines","Louisiana",551,"2021-07-25",5.05806398766737,499.816999503208,0.109522203695247,6.37233043201034,5.81373006691976,5.8247194135341,6.32882791957576
22077,"Pointe Coupee","Louisiana",551,"2021-07-25",4.80167637777401,467.483624427173,0.061155094625073,5.53553751327488,5.23541435045189,5.22976204014952,11.3342508062405
22079,"Rapides","Louisiana",551,"2021-07-25",6.51110831932486,461.802211847648,0.077331108835583,7.43908162535186,7.05296605797243,7.05242608117394,8.96336792523789
22081,"Red River","Louisiana",551,"2021-07-25",3.40594798442075,492.237162347905,0.0626655212862764,4.12106250273329,3.85373138778293,3.84460663342468,11.0610614311086
22083,"Richland","Louisiana",551,"2021-07-25",4.79814903725603,478.424158511933,0.0710039110368064,5.65019596969771,5.29541910700679,5.29517641451367,9.76209860046494
22085,"Sabine","Louisiana",551,"2021-07-25",4.28457129852317,488.19993422855,0.0742104643329938,5.17989529137283,4.80686895410057,4.80404454885413,9.34028895776325
22087,"St. Bernard","Louisiana",551,"2021-07-25",5.6368283398591,486.816777010647,0.0952436865574754,6.77975257854881,6.2981582669566,6.30353414576143,7.27761813526255
22089,"St. Charles","Louisiana",551,"2021-07-25",6.0789520012311,458.195702478917,0.0692329666411992,6.90974760092549,6.56792811215481,6.56358276771949,10.0118081628972
22091,"St. Helena","Louisiana",551,"2021-07-25",3.87120101090789,495.297287248781,0.0765542994426066,4.80016224782053,4.40952743429502,4.40708110700614,9.05432073190877
22093,"St. James","Louisiana",551,"2021-07-25",4.64301632847821,493.08801998421,0.0877498125583784,5.69601407917875,5.25587539206757,5.25726501638686,7.89913004200216
22095,"St. John the Baptist","Louisiana",551,"2021-07-25",5.56506760295878,490.844836895749,0.100213605141765,6.72986099856019,6.2588597831689,6.26656283895113,6.91669738434619
22097,"St. Landry","Louisiana",551,"2021-07-25",5.96834212968713,469.175193505238,0.0776876949256498,6.90059446879493,6.51235619361395,6.51215599416668,8.92222611603182
22099,"St. Martin","Louisiana",551,"2021-07-25",5.76384671539885,458.414723504906,0.0658083977815803,6.55354748877781,6.22882006409925,6.22450549986991,10.5328074216382
22101,"St. Mary","Louisiana",551,"2021-07-25",6.36794211834289,443.576058602645,0.0621723986742356,7.11401090243372,6.81040950332704,6.80314890906254,11.1487926369356
22103,"St. Tammany","Louisiana",551,"2021-07-25",7.65342713832173,445.736744482853,0.0763333197076654,8.56942697481372,8.18742268394673,8.18776037627539,9.08053237058861
22105,"Tangipahoa","Louisiana",551,"2021-07-25",7.2396251040019,454.35031476551,0.0789923618993234,8.18753344679378,7.79011931827275,7.79257163729716,8.77486333986783
22109,"Terrebonne","Louisiana",551,"2021-07-25",6.59870363793692,448.137178353416,0.0674280950304813,7.4078407783027,7.07611635783516,7.07070030315029,10.2797977645165
22111,"Union","Louisiana",551,"2021-07-25",4.71977356872709,495.377223039099,0.0932341892735835,5.83858384001009,5.36804127654534,5.37241289364218,7.43447426271918
22113,"Vermilion","Louisiana",551,"2021-07-25",5.71984328280639,475.824758660196,0.0811520130770577,6.66868625981815,6.28553514983761,6.28790737434579,8.54134302129719
22115,"Vernon","Louisiana",551,"2021-07-25",5.19612642565149,467.257596491285,0.0661768320957527,6.00504480096126,5.66521309381628,5.65936425032176,10.4741668437228
22117,"Washington","Louisiana",551,"2021-07-25",5.80082275869831,462.782902606537,0.0697071027516272,6.63730799171783,6.28961017363592,6.2887724779597,9.94370951020146
22119,"Webster","Louisiana",551,"2021-07-25",5.1273595684044,461.679057197541,0.0608076641222619,5.85705153787154,5.55805730686404,5.55301321726023,11.3990101505343
22121,"West Baton Rouge","Louisiana",551,"2021-07-25",5.00872871582568,480.528169385095,0.0765020416992187,5.92675321621631,5.54443265282976,5.54424300772021,9.06050564356407
22123,"West Carroll","Louisiana",551,"2021-07-25",3.26902560855367,504.869345990243,0.0795096394748731,4.22439914538003,3.83183052324633,3.82559308487778,8.71777541865218
22125,"West Feliciana","Louisiana",551,"2021-07-25",3.5179216559703,484.286581078827,0.0572367377947371,4.21911563074477,3.93251875257487,3.91857882053346,12.110179707406
22127,"Winn","Louisiana",551,"2021-07-25",3.87417278129705,502.024820253154,0.0877750226311452,4.91322266906187,4.48638981496742,4.48859793971507,7.89686131409775
23001,"Androscoggin","Maine",551,"2021-07-25",4.10382330617665,-988.163641935166,0.00267495799926543,4.13592280216784,4.12757868386322,4.12254801217151,259.124509898956
23003,"Aroostook","Maine",551,"2021-07-25",3.74106520728451,494.407669545751,0.0725775239371374,4.6153738857616,4.24783814882986,4.24910787484447,9.55043852364419
23005,"Cumberland","Maine",551,"2021-07-25",4.86202479464461,468.473031960641,0.0627139809230804,5.61459256572158,5.30338822515865,5.30102266110617,11.0525144530388
23011,"Kennebec","Maine",551,"2021-07-25",4.03550406219917,490.09019117138,0.0723159876384166,4.91096489577772,4.53797960010659,4.54171597566809,9.58497841481077
23013,"Knox","Maine",551,"2021-07-25",3.44316158076119,497.946131249909,0.0711045213981238,4.27010159558096,3.94104601597389,3.94089323054806,9.74828557918167
23017,"Oxford","Maine",551,"2021-07-25",3.20158432775814,457.147136066641,0.0360324269362816,3.63397345099352,3.46034307885169,3.45381131631211,19.2367608705814
23019,"Penobscot","Maine",551,"2021-07-25",4.27468002104443,474.459531635537,0.0599572496160451,5.00885671476945,4.69284323636498,4.69438076835675,11.5606900749906
23027,"Waldo","Maine",551,"2021-07-25",3.23023958351852,504.778013660462,0.0775139718893748,4.12544755301963,3.76795182686645,3.77283738674414,8.94222246215405
23031,"York","Maine",551,"2021-07-25",5.13495774763547,478.998598357911,0.0766395571105459,6.05463243296202,5.66113928305225,5.67143464740929,9.04424825368107
24001,"Allegany","Maryland",551,"2021-07-25",3.2470467018349,460.694759432365,0.0380995155295727,3.70728252411544,3.5179412743958,3.51374331054191,18.1930707234827
24003,"Anne Arundel","Maryland",551,"2021-07-25",5.62401750618734,467.873517471128,0.0719860580451574,6.48785020272924,6.1255202591902,6.12791991250344,9.62890869958636
24005,"Baltimore","Maryland",551,"2021-07-25",5.75664596421327,460.409932953443,0.0672583415676251,6.56374606302477,6.22697726123123,6.22745435518665,10.3057429666626
24009,"Calvert","Maryland",551,"2021-07-25",3.27983652465789,516.832019512648,0.1087172461816,4.47566946944281,3.98642285342446,4.04085724792909,6.37568743603125
24013,"Carroll","Maryland",551,"2021-07-25",3.96488649498521,499.223963103648,0.08424842667826,4.95178863490106,4.55407737175122,4.55462548173303,8.22741988057575
24015,"Cecil","Maryland",551,"2021-07-25",4.40497556765943,442.936411977421,0.0427403669149808,4.9178599706392,4.70774759541745,4.7041581360643,16.2176235393289
24017,"Charles","Maryland",551,"2021-07-25",4.52334016774046,488.226557969422,0.0782944551814368,5.4628736299177,5.06900689794182,5.07140135401052,8.85308134469638
24021,"Frederick","Maryland",551,"2021-07-25",4.65123555283134,489.253561464017,0.0819652417460872,5.63481845378438,5.22007012543654,5.22499224505395,8.45659898993751
24025,"Harford","Maryland",551,"2021-07-25",4.58496747867057,490.075586538159,0.0816964573823689,5.54918394960773,5.15179276670408,5.15684268034715,8.48442151311123
24027,"Howard","Maryland",551,"2021-07-25",4.87846352098777,453.105118483022,0.0525159561142896,5.50865499435924,5.25300239754419,5.2460752137878,13.1987919833633
24031,"Montgomery","Maryland",551,"2021-07-25",6.12593300055385,454.9780007274,0.0673016748644184,6.93355309892687,6.59620058895441,6.59704472460478,10.2991074435564
24033,"Prince George's","Maryland",551,"2021-07-25",6.39669153162888,435.116970840871,0.0576886434302667,7.08895525279208,6.80363056616328,6.80051203564075,12.0153142688788
24037,"St. Mary's","Maryland",551,"2021-07-25",4.04054185622913,503.264956727356,0.0935784025481157,5.12201791285599,4.68045285310926,4.69559067406594,7.40712773124703
24043,"Washington","Maryland",551,"2021-07-25",4.05550472890584,485.644336470688,0.066842309883441,4.83641968344827,4.5237225256318,4.52340089808993,10.3698867045237
24045,"Wicomico","Maryland",551,"2021-07-25",3.96217278911362,499.92011807888,0.0859848728756747,4.99399126362172,4.55609936577515,4.56406689924334,8.06126888810041
24047,"Worcester","Maryland",551,"2021-07-25",3.25809653802148,452.25363272452,0.0351492787664274,3.71690854190285,3.51143381364994,3.50414148938647,19.720096823779
24510,"Baltimore city","Maryland",551,"2021-07-25",5.4504251447455,475.685055875167,0.0775144631427016,6.38059870245792,5.98274835362549,5.99302638674441,8.94216579019433
25001,"Barnstable","Massachusetts",551,"2021-07-25",5.56232862562335,493.547349133774,0.105578623662278,6.8048221698415,6.27585255307686,6.30137899125929,6.56522273653773
25003,"Berkshire","Massachusetts",551,"2021-07-25",3.88303546855489,481.701209384184,0.0603752200411801,4.6065562723058,4.31164315681854,4.30566200884315,11.4806568007068
25005,"Bristol","Massachusetts",551,"2021-07-25",6.05577982904382,474.692430875159,0.084924782927907,7.07487722417871,6.64517863507629,6.65025330953917,8.16189522849132
25009,"Essex","Massachusetts",551,"2021-07-25",5.94167388260497,465.727576027925,0.0740188671102288,6.82990028792772,6.46225462698554,6.45980595237657,9.3644662181564
25013,"Hampden","Massachusetts",551,"2021-07-25",5.71278940921299,473.591667425728,0.0788968507644224,6.65955161838606,6.26494348015052,6.26506736456395,8.78548603453906
25015,"Hampshire","Massachusetts",551,"2021-07-25",3.76120011569356,486.034093208748,0.0629776586022117,4.53224430889805,4.21040030003103,4.20204372590904,11.0062392909539
25017,"Middlesex","Massachusetts",551,"2021-07-25",6.67528263237941,464.824448666324,0.0822326737879531,7.66207471783485,7.24501778182083,7.25091134889508,8.42909695904221
25021,"Norfolk","Massachusetts",551,"2021-07-25",5.77010511758728,466.984587899394,0.0730250588358706,6.64640582361773,6.28607636707259,6.28128052943837,9.49190855317004
25023,"Plymouth","Massachusetts",551,"2021-07-25",5.59311690676868,479.192031713914,0.0837193084935284,6.59774860869102,6.17682664835838,6.17915206622338,8.27941836874497
25025,"Suffolk","Massachusetts",551,"2021-07-25",6.40025744530882,468.409191756566,0.0824873150596472,7.39010522602459,6.97215173295949,6.97766865072635,8.40307603731223
25027,"Worcester","Massachusetts",551,"2021-07-25",6.03445561605593,463.993023155637,0.0735846613088594,6.91747155176224,6.55152188019881,6.54954824521795,9.41972373359952
26005,"Allegan","Michigan",551,"2021-07-25",4.18748789394134,470.28271375001,0.0552370188529943,4.8452413943242,4.57591919686423,4.5741470259123,12.5485986563587
26015,"Barry","Michigan",551,"2021-07-25",3.18398856586776,506.042255594235,0.0789708749371668,4.10314853548498,3.73571285769155,3.73678469042793,8.7772508676325
26017,"Bay","Michigan",551,"2021-07-25",3.60704943586631,480.734960931406,0.0556871539619671,4.30267012649019,4.00084529318515,3.99685951360008,12.4471647632297
26021,"Berrien","Michigan",551,"2021-07-25",4.35119917087862,385.611244160633,0.0273520910762982,4.71519295024808,4.55330241851527,4.54266380841271,25.3416522570952
26023,"Branch","Michigan",551,"2021-07-25",4.14086457785699,490.916484225866,0.0749233006316151,5.02611841977112,4.6622894414402,4.6653276822783,9.25142345193827
26025,"Calhoun","Michigan",551,"2021-07-25",4.69787958409236,407.850908384732,0.0343202545945597,5.15315505137786,4.94337748790493,4.93812136625428,20.1964463477442
26027,"Cass","Michigan",551,"2021-07-25",3.4106761256167,506.83425993248,0.0860704563050783,4.40385859479844,4.0053436902902,4.01316931975225,8.05325323364236
26033,"Chippewa","Michigan",551,"2021-07-25",3.47462485021697,380.074225678654,0.0209398549979725,3.72573991469097,3.63325474278351,3.62120383520278,33.101813772209
26037,"Clinton","Michigan",551,"2021-07-25",3.34235688163922,508.950825923962,0.0889918085132887,4.36497470710972,3.94780786934308,3.96529954123224,7.78888745087635
26045,"Eaton","Michigan",551,"2021-07-25",3.84710345932883,486.609436547896,0.0649921834905807,4.63982859937509,4.30412710184291,4.30204874376289,10.6650852969173
26049,"Genesee","Michigan",551,"2021-07-25",5.07338650465973,477.652106319444,0.0742288639994039,5.96413287265258,5.58717470898142,5.59298855265556,9.33797371013938
26053,"Gogebic","Michigan",551,"2021-07-25",3.62243435470578,421.373731417308,0.0293358856124708,4.00805258680056,3.83395438032402,3.82778555399308,23.6279616615796
26055,"Grand Traverse","Michigan",551,"2021-07-25",3.93182563272433,498.513414047579,0.0821289408266717,4.8855702976671,4.50108154845531,4.50672821851103,8.43974333022012
26065,"Ingham","Michigan",551,"2021-07-25",4.81681935787657,474.527670787714,0.0673941847280462,5.62554957461312,5.28780538729015,5.28857865097289,10.2849701848458
26067,"Ionia","Michigan",551,"2021-07-25",3.55942138687705,473.235088845315,0.0490918661902412,4.16126767603348,3.90641029461078,3.90306445020874,14.11938951096
26075,"Jackson","Michigan",551,"2021-07-25",4.64163986576949,450.06945867367,0.0484324704712653,5.22734275573515,4.98113557033248,4.98066715906835,14.3116213939817
26077,"Kalamazoo","Michigan",551,"2021-07-25",4.86091921133686,445.332972369359,0.0483580213089284,5.44835452297614,5.20136871249954,5.19942536049936,14.3336547236263
26081,"Kent","Michigan",551,"2021-07-25",6.15394776168227,2071.73778436904,-0.00403342423890171,6.10554667081545,6.14181628475858,6.12571379200996,-171.85079959471
26087,"Lapeer","Michigan",551,"2021-07-25",3.34739467566918,498.628389710787,0.0706624633452971,4.19534423581275,3.84513623142027,3.84203191908626,9.8092699821804
26091,"Lenawee","Michigan",551,"2021-07-25",3.65620867182439,499.174357975912,0.0778838359985835,4.58156665591548,4.1986214567956,4.20139552381447,8.89975656274238
26093,"Livingston","Michigan",551,"2021-07-25",4.57618264911484,454.028853376843,0.0497567206361503,5.17326329674865,4.92603431238616,4.92447969356789,13.9307247683913
26099,"Macomb","Michigan",551,"2021-07-25",6.05410394462276,456.488276205883,0.067634759872881,6.86572106309733,6.52213147479072,6.52754726373293,10.2483868038078
26111,"Midland","Michigan",551,"2021-07-25",3.81614123372486,449.936339651594,0.0397251283147485,4.29284277350184,4.09873862504987,4.0942171319281,17.448582546242
26115,"Monroe","Michigan",551,"2021-07-25",4.52334016774046,406.833782425115,0.0328299966804862,4.96278642118514,4.76086108108902,4.75315014450386,21.1132272508558
26121,"Muskegon","Michigan",551,"2021-07-25",4.60659773797928,438.46908830163,0.0429317020835689,5.13166549081181,4.90928879725796,4.90711965256426,16.1453459080354
26123,"Newaygo","Michigan",551,"2021-07-25",3.04452243772342,397.407082000471,0.0207288762401026,3.32891072224918,3.20352748257385,3.18962457140414,33.438724440786
26125,"Oakland","Michigan",551,"2021-07-25",6.61338421837956,443.243465267807,0.0643597435006496,7.38570114038736,7.06043284179339,7.06390242288411,10.7698872440806
26139,"Ottawa","Michigan",551,"2021-07-25",4.86091921133686,385.826685816895,0.0303478718419974,5.22509367344083,5.08358977628575,5.07335431423084,22.8400589065597
26145,"Saginaw","Michigan",551,"2021-07-25",4.74988876800318,484.198101195398,0.0768566801324475,5.67216892959255,5.28098432683736,5.28788552893031,9.01869791103962
26147,"St. Clair","Michigan",551,"2021-07-25",4.28260085453587,438.739841555131,0.0400809700193618,4.78006283513314,4.56710010057445,4.5631676446714,17.2936727884856
26149,"St. Joseph","Michigan",551,"2021-07-25",3.26357600378611,492.934367041462,0.0612736412223331,3.98680824980547,3.69757057522113,3.69249149234244,11.3123223417528
26155,"Shiawassee","Michigan",551,"2021-07-25",3.40594798442075,505.527865628407,0.0832922002132801,4.37051952169687,3.98311764155581,3.98899338591371,8.32187382233936
26157,"Tuscola","Michigan",551,"2021-07-25",3.12926366617852,503.127490743669,0.0732458575260868,4.01918399508811,3.64400301709884,3.64198466886113,9.46329531759634
26159,"Van Buren","Michigan",551,"2021-07-25",3.81614123372486,503.219283780665,0.0881924239394681,4.83124414852333,4.42258972259637,4.43348820130114,7.85948667241185
26161,"Washtenaw","Michigan",551,"2021-07-25",5.01158722182164,473.159126157545,0.0687887799289538,5.83610019972876,5.49093173290683,5.49310868132432,10.0764569639967
26163,"Wayne","Michigan",551,"2021-07-25",7.03727865020912,310.992845609525,0.0299449549459944,7.39661810956105,7.25783353686553,7.24689333483108,23.1473776404083
27003,"Anoka","Minnesota",551,"2021-07-25",5.76698081243482,426.632734852371,0.0483129173253861,6.34673582033945,6.10821928113277,6.10517123371252,14.3470363400252
27013,"Blue Earth","Minnesota",551,"2021-07-25",3.99426110366512,486.054797697568,0.0666671212215333,4.79637952320395,4.45954461019237,4.46093095221585,10.3971368173621
27017,"Carlton","Minnesota",551,"2021-07-25",3.23587340123677,456.431047772454,0.036639115216432,3.72139654307733,3.4946972494896,3.49234720775179,18.9182292330324
27019,"Carver","Minnesota",551,"2021-07-25",3.80029304148484,491.106447846158,0.069288242724176,4.6349366783177,4.28514959500638,4.28531074055407,10.0038210424709
27025,"Chisago","Minnesota",551,"2021-07-25",3.88303546855489,464.33064202799,0.0477800466726622,4.47552629570096,4.22015540665572,4.21749579526353,14.507042768473
27027,"Clay","Minnesota",551,"2021-07-25",3.06472514504094,476.912537171378,0.0447108344685507,3.62548812800528,3.3815898262691,3.37770098632079,15.5028907153925
27035,"Crow Wing","Minnesota",551,"2021-07-25",3.72397077392521,488.199055017466,0.0644275067656856,4.49710085511344,4.17531197136617,4.17496332128501,10.7585597418946
27037,"Dakota","Minnesota",551,"2021-07-25",5.58188383866613,435.153540574785,0.0503568978893013,6.18616661333775,5.93624467184193,5.93438212389124,13.7646918220356
27047,"Freeborn","Minnesota",551,"2021-07-25",3.27444567602301,477.774222010219,0.0482972461992194,3.87468415109635,3.61661755311227,3.61252639941755,14.3516915581648
27053,"Hennepin","Minnesota",551,"2021-07-25",6.82359697097491,412.435683779923,0.0510884730599115,7.43665864769385,7.18276839220155,7.18121628239429,13.5675846045955
27059,"Isanti","Minnesota",551,"2021-07-25",3.71357206670431,488.70054912056,0.0652255132263404,4.52009224991502,4.17060533635725,4.17015065928869,10.6269333313583
27095,"Mille Lacs","Minnesota",551,"2021-07-25",3.25809653802148,498.265130603477,0.068455079352253,4.08915522463542,3.73752892281297,3.73728209348725,10.1255770516776
27099,"Mower","Minnesota",551,"2021-07-25",4.03044076024262,420.328167560711,0.0321252560658601,4.42274287016832,4.25912688865221,4.25531755270364,21.5763939480801
27109,"Olmsted","Minnesota",551,"2021-07-25",4.25864761351338,438.51562087596,0.0396210839958314,4.73410062146336,4.54066925540279,4.5359952014842,17.4944022387896
27111,"Otter Tail","Minnesota",551,"2021-07-25",3.18398856586776,465.536110996117,0.0397107314834475,3.6718086681485,3.46552590361903,3.46196368625189,17.4549084004879
27123,"Ramsey","Minnesota",551,"2021-07-25",5.89715386763674,438.185901625688,0.0546974278555185,6.55352300190296,6.28070967544631,6.28003586262537,12.6723907820834
27131,"Rice","Minnesota",551,"2021-07-25",3.41538201665411,351.352015220118,0.0177329988435163,3.66448847511661,3.55254011636483,3.53951300855872,39.0879843097368
27137,"St. Louis","Minnesota",551,"2021-07-25",4.20894794496111,482.546223808222,0.0663309293404431,5.00491909704642,4.67378216111507,4.67326445034421,10.4498336967717
27139,"Scott","Minnesota",551,"2021-07-25",4.55086484113055,496.466781190925,0.091875007329359,5.65336492908285,5.17090592698565,5.19398989243606,7.54445850627374
27141,"Sherburne","Minnesota",551,"2021-07-25",4.33448568990488,471.210291552591,0.057955643629134,5.02995341345449,4.74229342925312,4.74017519530882,11.959960016931
27145,"Stearns","Minnesota",551,"2021-07-25",4.30019661642625,460.593427577079,0.0501418468240566,4.88414543408648,4.65370334202945,4.65118954419465,13.8237265769675
27147,"Steele","Minnesota",551,"2021-07-25",3.03082359336526,1144.11541717733,-0.0051874154698066,3.04042418215785,3.00302311396497,2.99451168507661,-133.620910951593
27163,"Washington","Minnesota",551,"2021-07-25",5.1664172956556,456.516172688584,0.0577357657901219,5.85924648513706,5.57128882060541,5.57056765618645,12.0055076965574
27171,"Wright","Minnesota",551,"2021-07-25",4.649870364906,459.165206898718,0.0535484705938379,5.29245201203206,5.02782727602981,5.02470965906287,12.9442946338734
28001,"Adams","Mississippi",551,"2021-07-25",5.31811999384422,418.177963200699,0.041605658359164,5.81738789415419,5.62830140114031,5.60935960235837,16.6599257864471
28003,"Alcorn","Mississippi",551,"2021-07-25",4.78152157579554,469.704539441906,0.062887267785197,5.55266027233419,5.22414478565547,5.22173245029192,11.0220590744619
28005,"Amite","Mississippi",551,"2021-07-25",3.85620822632175,491.322172466715,0.0700729259170665,4.67231046905083,4.35124555576041,4.34671870774122,9.89179731670269
28007,"Attala","Mississippi",551,"2021-07-25",3.85318250540521,508.987315987325,0.102948610254588,5.04578770395215,4.5714108717841,4.57382277718733,6.73294354188771
28011,"Bolivar","Mississippi",551,"2021-07-25",3.99162605602711,508.082696823153,0.105271887017126,5.25488870023262,4.7252105646919,4.72852926514699,6.58435219696577
28013,"Calhoun","Mississippi",551,"2021-07-25",3.26902560855367,501.580452981828,0.0738802482415583,4.16829013937884,3.79262631369061,3.78618734624458,9.38203643135628
28017,"Chickasaw","Mississippi",551,"2021-07-25",3.76782265645406,453.426495891247,0.0409249599794502,4.27966647056159,4.06846488712011,4.05429737631021,16.937027694297
28025,"Clay","Mississippi",551,"2021-07-25",3.46126162240481,484.138893705375,0.0560051025291997,4.13659883095058,3.86342283688771,3.85329734010921,12.3765005197259
28027,"Coahoma","Mississippi",551,"2021-07-25",4.19397440317094,437.969164834872,0.0390268812240702,4.6844291472154,4.4866023196882,4.46716257173943,17.7607628080832
28029,"Copiah","Mississippi",551,"2021-07-25",4.68345310438213,487.655687962504,0.0793407597036681,5.58117115788678,5.23846667080784,5.23883842230781,8.73633152932742
28031,"Covington","Mississippi",551,"2021-07-25",4.78510795142677,484.837097296042,0.078235462018338,5.72393349564682,5.33283657644474,5.33275618555514,8.85975697820351
28033,"DeSoto","Mississippi",551,"2021-07-25",6.09614626100344,459.390354859733,0.0703864592809556,6.94078377237491,6.58895764807296,6.58885147597013,9.84773474388261
28035,"Forrest","Mississippi",551,"2021-07-25",5.57972982598622,486.602032927012,0.093938060525369,6.70698655229065,6.23452152994991,6.2372962496638,7.37876827223566
28039,"George","Mississippi",551,"2021-07-25",4.17438726989564,507.884078151851,0.108776882828175,5.45145375870206,4.92324147551677,4.93582544969287,6.37219198177287
28041,"Greene","Mississippi",551,"2021-07-25",3.3722098447889,516.6509625059,0.112767864158311,4.66284264321163,4.14918961510139,4.16158489389708,6.1466729527382
28045,"Hancock","Mississippi",551,"2021-07-25",4.92206425991498,480.787350013412,0.075477139188904,5.82778993018183,5.45361273962943,5.45040423423731,9.18353806210299
28047,"Harrison","Mississippi",551,"2021-07-25",6.76404985701642,460.718157959016,0.0793140684480736,7.7158186783933,7.3182310192753,7.31924833615293,8.7392715330666
28049,"Hinds","Mississippi",551,"2021-07-25",7.38434431958621,432.409893529493,0.0650086926496854,8.16444863138243,7.84766233907599,7.83940516813401,10.6623768654314
28051,"Holmes","Mississippi",551,"2021-07-25",3.74782198974739,503.627184451195,0.0873377871267507,4.74880138988357,4.36226394314366,4.35918649963464,7.93639504003006
28057,"Itawamba","Mississippi",551,"2021-07-25",3.71008166176454,510.145214540809,0.101671578330515,4.86547156830415,4.42042206251043,4.42178271007815,6.81751175639915
28059,"Jackson","Mississippi",551,"2021-07-25",6.00353427119531,483.977167290969,0.0967955510732599,7.16508088407443,6.67426176216857,6.68110312870813,7.16094048615246
28061,"Jasper","Mississippi",551,"2021-07-25",3.45676723281697,504.763141675057,0.083414261383746,4.44071321556627,4.04441392115307,4.04066706250319,8.3096963164504
28065,"Jefferson Davis","Mississippi",551,"2021-07-25",3.67086094861126,503.357827490491,0.085178206971367,4.65432227938006,4.26890499544315,4.26710839741083,8.13761178129694
28067,"Jones","Mississippi",551,"2021-07-25",5.33753807970132,497.928521694389,0.111033366724616,6.6699384803967,6.10397878768079,6.11477164677363,6.24269263381958
28069,"Kemper","Mississippi",551,"2021-07-25",3.59926729542425,507.348913483238,0.0927136479538925,4.69604700379725,4.25112014993353,4.2482628311015,7.47621516202938
28071,"Lafayette","Mississippi",551,"2021-07-25",4.69003640663133,494.157254938471,0.0899865342909324,5.74498736770654,5.32076753603267,5.31994214666786,7.70278782288642
28073,"Lamar","Mississippi",551,"2021-07-25",5.49658257373913,491.345825170107,0.100570223424777,6.70342525483645,6.19298098864344,6.20057413771257,6.89217103189987
28075,"Lauderdale","Mississippi",551,"2021-07-25",5.47586564458934,499.754535648008,0.118408707130939,6.89677013016062,6.2882359197429,6.30472659450591,5.85385312748535
28077,"Lawrence","Mississippi",551,"2021-07-25",3.8255309740747,508.566593931463,0.101495175339443,5.01725221655201,4.53247794177266,4.5359972014508,6.82936088579353
28079,"Leake","Mississippi",551,"2021-07-25",3.81299162482197,495.812948773604,0.0754889330659767,4.69443414759991,4.34497667181232,4.34141415628381,9.18210328862563
28081,"Lee","Mississippi",551,"2021-07-25",5.68066005723535,459.86284326183,0.0659490082137585,6.47204815580045,6.14851039586309,6.14230311473166,10.5103503348112
28083,"Leflore","Mississippi",551,"2021-07-25",3.74782198974739,502.162277462122,0.0854160157449005,4.76943578745476,4.35054608329196,4.34573409996169,8.11495566159473
28085,"Lincoln","Mississippi",551,"2021-07-25",4.15888308335967,504.143946914563,0.0993615684419771,5.35122190466339,4.85286946558705,4.85441406245351,6.97600884757283
28087,"Lowndes","Mississippi",551,"2021-07-25",5.27373189107542,490.410725554316,0.0948695938859278,6.41216701770655,5.9334909744246,5.93781904827692,7.30631546070907
28089,"Madison","Mississippi",551,"2021-07-25",5.78908604496747,462.251086426497,0.069124312160618,6.61857779089489,6.27564545624553,6.2729562300918,10.02754543075
28091,"Marion","Mississippi",551,"2021-07-25",4.10852919721406,501.92862791436,0.092762419426303,5.20131613521641,4.75719454597838,4.75786613319818,7.47228441050559
28093,"Marshall","Mississippi",551,"2021-07-25",3.9863350383927,468.657737259184,0.0517937182415777,4.62736798346285,4.35731755521019,4.34889106608374,13.3828426321306
28095,"Monroe","Mississippi",551,"2021-07-25",4.24645234041956,468.158210378914,0.0545523472814563,4.90108050779703,4.63469426332198,4.62831877138975,12.7060926816537
28099,"Neshoba","Mississippi",551,"2021-07-25",4.52334016774046,463.427736539949,0.0550196807918001,5.20333574733002,4.91749426081261,4.90847793328306,12.5981679752539
28101,"Newton","Mississippi",551,"2021-07-25",4.10146202999096,495.400051655705,0.0810566446053177,5.07414176525477,4.67125056777259,4.66885854222818,8.5513924729432
28103,"Noxubee","Mississippi",551,"2021-07-25",3.24147565678544,515.651872746233,0.105638412854848,4.47358895046306,3.98060151876794,3.98094454676938,6.56150695403158
28105,"Oktibbeha","Mississippi",551,"2021-07-25",4.47895887485008,505.711373483663,0.111171793683109,5.81302039904739,5.24608317615446,5.25716143063184,6.23491946649469
28107,"Panola","Mississippi",551,"2021-07-25",3.67449071666184,506.844263571891,0.0935616719226425,4.78621622864793,4.33201231383725,4.32942242012034,7.40845226807238
28109,"Pearl River","Mississippi",551,"2021-07-25",5.48893772615669,461.948779538112,0.0652126649665417,6.26375605960854,5.95042018589596,5.94542638092248,10.6290270596298
28111,"Perry","Mississippi",551,"2021-07-25",3.19575340744735,492.331104218377,0.0595369038958548,3.90972273709738,3.62413528291829,3.61251173471833,11.6423114942698
28113,"Pike","Mississippi",551,"2021-07-25",4.80636022708643,494.702328153742,0.0936954846896633,5.93070604336239,5.46038025264039,5.46222861991407,7.39787176357298
28115,"Pontotoc","Mississippi",551,"2021-07-25",4.64026150579937,459.398797416188,0.0535819522980479,5.28324493337594,5.02088529309674,5.01533517188571,12.9362061446424
28117,"Prentiss","Mississippi",551,"2021-07-25",4.12943588203337,417.145614807423,0.0323640701327256,4.55862120087451,4.3767876206941,4.35598437296245,21.4171820082374
28121,"Rankin","Mississippi",551,"2021-07-25",6.5732810450236,446.080044569094,0.0657854681447392,7.36270666276047,7.03866567959867,7.03377932203677,10.5364786495842
28123,"Scott","Mississippi",551,"2021-07-25",4.40322884232448,504.083636970823,0.103260789202742,5.56744619733429,5.11850078960612,5.12605436674367,6.71258844631746
28127,"Simpson","Mississippi",551,"2021-07-25",4.82143297621008,456.668400224358,0.0539787491941515,5.46975300973151,5.20734554528854,5.19928422056914,12.8411123063786
28129,"Smith","Mississippi",551,"2021-07-25",4.6037405931785,454.515424882937,0.0504002229821549,5.21564566111351,4.96606077177361,4.95654215405358,13.7528594031294
28131,"Stone","Mississippi",551,"2021-07-25",5.1197032145424,482.991427875497,0.0815533091886769,6.11719727427073,5.68752206517584,5.69057637886314,8.49931397579859
28137,"Tate","Mississippi",551,"2021-07-25",3.93182563272433,511.834341959315,0.114018738396723,5.26375008705342,4.7188123969441,4.72995680150139,6.07923916986498
28139,"Tippah","Mississippi",551,"2021-07-25",3.91202300542815,496.897927905478,0.0799969344140681,4.88797845390911,4.47480884204957,4.47200154632663,8.66467178569845
28141,"Tishomingo","Mississippi",551,"2021-07-25",3.42936825862885,511.033647335934,0.0977413387767224,4.59055418684547,4.11413522038898,4.11355763006591,7.09164811158717
28143,"Tunica","Mississippi",551,"2021-07-25",3.18398856586776,497.582110289081,0.06569489526168,3.96914693649053,3.65482282827196,3.64385283269952,10.5510051853947
28145,"Union","Mississippi",551,"2021-07-25",4.30599373411058,465.119026908497,0.0532742797443125,4.94816694340071,4.68484185146788,4.67891369232077,13.0109160346545
28147,"Walthall","Mississippi",551,"2021-07-25",3.80348283685294,510.80020051886,0.107992822098494,5.09723954845141,4.5528220309019,4.5594325915424,6.41845603338121
28149,"Warren","Mississippi",551,"2021-07-25",5.07159599388594,481.265597692428,0.0783446793837577,6.01173214649104,5.62203734108312,5.62000874957224,8.84740592484506
28151,"Washington","Mississippi",551,"2021-07-25",4.07753744390572,500.404262693019,0.0891840391557639,5.13662049119086,4.70509836927322,4.70182571799607,7.77209898902799
28153,"Wayne","Mississippi",551,"2021-07-25",3.72051653905712,511.619732065588,0.106931139187503,4.95949488604829,4.46636702614425,4.46903451336964,6.48218270025642
28157,"Wilkinson","Mississippi",551,"2021-07-25",3.59142411796322,514.46023042672,0.112448805653849,4.8959950869591,4.3697806983799,4.37856575754016,6.16411331831892
28159,"Winston","Mississippi",551,"2021-07-25",3.67086094861126,490.815973508677,0.0666192999957385,4.47575281574712,4.14387231261013,4.13719604858143,10.4046001774904
28163,"Yazoo","Mississippi",551,"2021-07-25",4.96184512992683,449.024134848981,0.0511657732797727,5.5758344092841,5.33139044615316,5.32000554288524,13.5470869710077
29001,"Adair","Missouri",551,"2021-07-25",4.89890533015295,242.957693738686,0.0161657472535489,5.09289429719554,5.02503130545067,5.01206556092779,42.8775218174823
29003,"Andrew","Missouri",551,"2021-07-25",5.17695650954377,356.760929500051,0.0273567001564044,5.50523691142062,5.37379536113998,5.3684534106386,25.3373826739726
29007,"Audrain","Missouri",551,"2021-07-25",4.69003640663133,448.014812108293,0.0475184278836093,5.22632321909731,5.02316375154708,5.0226654018166,14.586913149941
29009,"Barry","Missouri",551,"2021-07-25",5.66988092298052,376.682317562591,0.0336341841024114,6.09847231212239,5.90539251804044,5.9053202116974,20.6084137034336
29011,"Barton","Missouri",551,"2021-07-25",4.5493554068817,464.259547724676,0.0556561075972306,5.21722869804846,4.93709036145894,4.93894816006231,12.4541081021346
29013,"Bates","Missouri",551,"2021-07-25",4.38381075646738,481.863342861061,0.068351095177454,5.20402389859683,4.86239029668536,4.86226842270956,10.1409813370274
29015,"Benton","Missouri",551,"2021-07-25",4.9406214934752,460.524081607349,0.0578013268108974,5.63423741520597,5.34629420294429,5.34523078115148,11.991890477318
29019,"Boone","Missouri",551,"2021-07-25",7.20234203060745,343.191224004471,0.0355129702610415,7.62849767373995,7.45411340938971,7.45093282243474,19.5181415540548
29021,"Buchanan","Missouri",551,"2021-07-25",6.86574209909173,329.781327939786,0.0317536965409708,7.24678645758338,7.090595692197,7.08801797487853,21.828865803564
29023,"Butler","Missouri",551,"2021-07-25",5.50300595348889,451.394956759477,0.0581682092729253,6.20102446476399,5.91085075980345,5.91018341839937,11.9162544149795
29025,"Caldwell","Missouri",551,"2021-07-25",3.72051653905712,499.19331481409,0.0796759227308726,4.68547690493133,4.26744633593798,4.27824799817323,8.69958146454408
29027,"Callaway","Missouri",551,"2021-07-25",5.82936569743155,439.82755255975,0.0549046936184844,6.48822202085336,6.21378909449229,6.21369855276094,12.6245523811937
29029,"Camden","Missouri",551,"2021-07-25",6.10031895202006,331.607405503919,0.0284539630035196,6.44176650806229,6.30330608842795,6.2994966930447,24.3603037114446
29031,"Cape Girardeau","Missouri",551,"2021-07-25",4.30599373411058,444.757776594244,0.0425315998528905,4.81637293234527,4.60694874551933,4.60371493308081,16.2972280129932
29033,"Carroll","Missouri",551,"2021-07-25",3.64507683145554,486.826631310755,0.0619108941526606,4.40640689540814,4.07880609167739,4.07845309052416,11.1958838593217
29035,"Carter","Missouri",551,"2021-07-25",3.94019388239484,449.480826396366,0.0411919321168951,4.47011443246246,4.23582778765432,4.22853740721311,16.8272558469198
29037,"Cass","Missouri",551,"2021-07-25",6.35660356945884,416.892863706652,0.0492351062222914,6.94742484412634,6.70067737729066,6.70124931301488,14.0783118742642
29039,"Cedar","Missouri",551,"2021-07-25",4.83401175841694,469.648596986354,0.0634671170694651,5.60740883831856,5.27721017383509,5.2782815779032,10.9213591630654
29041,"Chariton","Missouri",551,"2021-07-25",3.7744016275521,508.173273389363,0.09818695602045,4.89233461436155,4.42683415750854,4.46171031969525,7.05946297403882
29043,"Christian","Missouri",551,"2021-07-25",7.08673793451058,319.543987915781,0.0312941037391183,7.46226717938,7.30947941964794,7.30579666068441,22.1494498241053
29047,"Clay","Missouri",551,"2021-07-25",6.15090732151701,381.546382186241,0.0374020797066491,6.5997322779968,6.4144778482888,6.41272187946355,18.5323165448664
29049,"Clinton","Missouri",551,"2021-07-25",4.86972984101902,465.506725745539,0.0604985930330586,5.59571295741572,5.29151651380693,5.29321999225043,11.4572446367668
29051,"Cole","Missouri",551,"2021-07-25",6.82250857780209,380.023993974868,0.0411053907199636,7.31577326644165,7.11362334238304,7.11024631284184,16.8626831765719
29053,"Cooper","Missouri",551,"2021-07-25",4.41711795448515,470.175867428646,0.0583113802478397,5.12114638930492,4.82502969534939,4.82529761622003,11.8869966310843
29055,"Crawford","Missouri",551,"2021-07-25",4.56880254181722,448.277230561981,0.0467526920091535,5.12983484592706,4.89736170381369,4.89607138588129,14.8258239423783
29057,"Dade","Missouri",551,"2021-07-25",4.46918681011628,281.970224706449,0.016926828821285,4.6723087559717,4.60132274922486,4.58767461186528,40.9496183767353
29059,"Dallas","Missouri",551,"2021-07-25",5.54070316408464,267.12935838495,0.0198683630947892,5.77912352122211,5.68837599226973,5.67978170574816,34.886979730189
29061,"Daviess","Missouri",551,"2021-07-25",3.23023958351852,452.910153042643,0.0351303990560821,3.69184826035454,3.47679659989601,3.47615237691109,19.7306947596412
29063,"DeKalb","Missouri",551,"2021-07-25",3.80029304148484,494.961083556991,0.0744394743709154,4.69258380492969,4.31603233402444,4.32136936208125,9.31155393583445
29065,"Dent","Missouri",551,"2021-07-25",4.6388812433304,483.114568973757,0.0736271359195957,5.51359980856672,5.14889099842969,5.15427119476757,9.41428960807188
29067,"Douglas","Missouri",551,"2021-07-25",5.24099087135632,452.416624504917,0.0560034391111666,5.91303214069032,5.63061330951405,5.63301494513449,12.3768681274029
29069,"Dunklin","Missouri",551,"2021-07-25",4.76704605162176,395.652003671414,0.0317067481312047,5.14752702919622,4.9911047817606,4.98899328854019,21.8611879619964
29071,"Franklin","Missouri",551,"2021-07-25",5.62762111369064,439.999166337668,0.0530903476817697,6.26470528587188,5.99958904746165,5.99925354746303,13.0559924887808
29073,"Gasconade","Missouri",551,"2021-07-25",4.17877324183889,484.490942115063,0.0678814967411521,4.98990487326154,4.65859874380192,4.65394371902695,10.2111357856925
29075,"Gentry","Missouri",551,"2021-07-25",4.52178857704904,426.907277973166,0.0381151906088687,4.99662408748823,4.78873085385477,4.78859491131112,18.1855887242674
29077,"Greene","Missouri",551,"2021-07-25",8.3537326422632,254.774297682108,0.0286847368751284,8.69794948476474,8.56047919237855,8.5545258003891,24.1643206830651
29079,"Grundy","Missouri",551,"2021-07-25",3.63381967693091,476.373876952778,0.0520250454555964,4.24660276189585,3.99574315372124,3.99799499512008,13.3233363755838
29083,"Henry","Missouri",551,"2021-07-25",4.65803367554516,487.921262172901,0.0799894684881107,5.60556099110731,5.20723570976188,5.21795995496193,8.66548051463764
29085,"Hickory","Missouri",551,"2021-07-25",4.49663001741289,409.078851262742,0.0328410187825811,4.89072224280386,4.73027695837269,4.72651714889096,21.1061412299301
29087,"Holt","Missouri",551,"2021-07-25",3.20738144544247,1653.60596653794,-0.00293433624948719,3.21487630276672,3.18967046016332,3.18684109169606,-236.219411010269
29089,"Howard","Missouri",551,"2021-07-25",3.89763426797605,406.496185613292,0.0281412429725339,4.26350565192202,4.09930272507732,4.09462296878379,24.631007991952
29091,"Howell","Missouri",551,"2021-07-25",6.17735117006643,432.97705610847,0.0546557270353437,6.83321989449056,6.55911186300633,6.55994125931384,12.6820594685661
29093,"Iron","Missouri",551,"2021-07-25",3.53472877428668,493.998395632737,0.0682019230419286,4.36503249561606,4.01580563748454,4.01214223558018,10.1631618236603
29095,"Jackson","Missouri",551,"2021-07-25",7.61170108678431,402.997512095154,0.0532277528755244,8.2504341212906,7.98135346642249,7.98429535691298,13.0222889961352
29097,"Jasper","Missouri",551,"2021-07-25",6.95231883654592,290.710502616921,0.0272330781634683,7.27911577450754,7.14626251483579,7.1429503836902,25.4523993358109
29099,"Jefferson","Missouri",551,"2021-07-25",6.57964795869255,423.980184775366,0.0539227825134766,7.22672134885427,6.9559928942703,6.95710743628689,12.8544401503522
29101,"Johnson","Missouri",551,"2021-07-25",5.50938833662798,470.471530977003,0.0729445255265329,6.38472264294637,6.01415418148317,6.02000001531371,9.50238795244229
29105,"Laclede","Missouri",551,"2021-07-25",6.06875622140963,320.669101378022,0.0269326411003701,6.39194791461407,6.26012786149157,6.25728470911222,25.7363241123211
29107,"Lafayette","Missouri",551,"2021-07-25",4.93035446283545,465.983545372033,0.0616167572752244,5.66975555013814,5.35936900332397,5.36167176376202,11.2493290983142
29109,"Lawrence","Missouri",551,"2021-07-25",6.13587405787969,316.315394832858,0.0267143461940542,6.45644621220834,6.32518210905511,6.32287448123807,25.9466271614844
29111,"Lewis","Missouri",551,"2021-07-25",4.14086457785699,471.689496062776,0.054980823067776,4.74542254586312,4.5270226572857,4.52573033933142,12.6070717367306
29113,"Lincoln","Missouri",551,"2021-07-25",5.56452040732269,395.088449563323,0.0368123356652819,5.99715467842644,5.82222564476314,5.82220675697966,18.8292095036409
29115,"Linn","Missouri",551,"2021-07-25",3.87417278129705,435.004858637824,0.0351561851063037,4.32403995690466,4.11916451412485,4.12026607704118,19.7162228627491
29117,"Livingston","Missouri",551,"2021-07-25",4.42227703729518,294.729915167796,0.0175996957228249,4.63347338596908,4.55446128539966,4.54547490735495,39.384043421899
29119,"McDonald","Missouri",551,"2021-07-25",5.32856940971856,241.791668759034,0.0175161850038149,5.53876362976434,5.46174475880338,5.45118270474527,39.5718120360673
29121,"Macon","Missouri",551,"2021-07-25",4.23410650459726,462.296845457009,0.0508033568332159,4.86204151031199,4.58956691567096,4.58973000242977,13.6437279693053
29125,"Maries","Missouri",551,"2021-07-25",3.8255309740747,503.299344417847,0.0889754515634811,4.86701553124048,4.43232015156497,4.44835913501907,7.79031933392782
29127,"Marion","Missouri",551,"2021-07-25",5.35388721770285,476.661535633571,0.0772138129481703,6.28045297308089,5.88630476868119,5.89438390834004,8.97698422204871
29131,"Miller","Missouri",551,"2021-07-25",5.73149028145949,423.948035534204,0.0469594267207858,6.29500340210892,6.0602265264946,6.06020626850499,14.7605545672715
29133,"Mississippi","Missouri",551,"2021-07-25",3.32194801000801,467.35025526856,0.0424242483545997,3.84574728376767,3.62459245463607,3.61891774849021,16.3384669721507
29135,"Moniteau","Missouri",551,"2021-07-25",4.77189454596838,402.559897761375,0.0332675065863376,5.17110462500443,5.00733851150191,5.00476709207274,20.8355615339266
29137,"Monroe","Missouri",551,"2021-07-25",3.36235754834589,504.280352494454,0.0793479614896039,4.26254452150514,3.90922936793984,3.91779327877312,8.73553860171645
29139,"Montgomery","Missouri",551,"2021-07-25",3.95124371858143,410.209718321619,0.0290981333107471,4.30042131831039,4.1618056482827,4.15493065175666,23.8210187972415
29141,"Morgan","Missouri",551,"2021-07-25",5.2447658852769,387.161391144429,0.0330194649969886,5.64099946524076,5.47753747571816,5.47590214025582,20.9920778735561
29143,"New Madrid","Missouri",551,"2021-07-25",4.01509519056796,465.39022014478,0.0501227354717212,4.64185549777755,4.37127379732589,4.36595433887001,13.8289974407126
29145,"Newton","Missouri",551,"2021-07-25",6.34111487610975,215.101847847002,0.0191633432669572,6.57107499531324,6.48506275793185,6.47525827897845,36.1704724955336
29147,"Nodaway","Missouri",551,"2021-07-25",4.53719720240189,403.483260648547,0.0318362405921521,4.91923208950772,4.76397833902203,4.76005088654695,21.7722685740355
29149,"Oregon","Missouri",551,"2021-07-25",4.53566698022112,482.002947431816,0.0701426434656799,5.3306341627327,5.02211098473944,5.02666548448088,9.88196546796949
29151,"Osage","Missouri",551,"2021-07-25",4.48863636973214,440.213971894158,0.0425879726657568,5.01626814537967,4.79172328748689,4.78675217839244,16.2756557115309
29153,"Ozark","Missouri",551,"2021-07-25",4.37665509087197,457.959522418573,0.0497118508566028,4.9731973011512,4.72842814713915,4.72463804686819,13.9432986021658
29155,"Pemiscot","Missouri",551,"2021-07-25",3.29053181377464,876.194059515839,-0.0101202154330104,3.22019243180442,3.24098628654393,3.21969030574357,-68.4913463698629
29157,"Perry","Missouri",551,"2021-07-25",3.3770998300831,422.492697789991,0.0273433211612117,3.70521968401764,3.57614132829345,3.56850307821158,25.3497801702019
29159,"Pettis","Missouri",551,"2021-07-25",5.75709753342392,430.195731181029,0.0497140355199135,6.35366595966288,6.10529704476525,6.10509578206331,13.9426858695126
29161,"Phelps","Missouri",551,"2021-07-25",6.20166758714646,437.445418388574,0.0571294872596487,6.88722143426224,6.60030142785944,6.601573997964,12.1329144336558
29163,"Pike","Missouri",551,"2021-07-25",4.38914410244275,468.075974265731,0.0562980135586505,5.06254402003631,4.78486979837408,4.7832301973533,12.3121072440297
29165,"Platte","Missouri",551,"2021-07-25",5.25152520504128,389.993731251857,0.0336622704150393,5.65547245002175,5.49196791152903,5.48716109794655,20.5912189526666
29167,"Polk","Missouri",551,"2021-07-25",5.92844867567457,135.135588027895,0.0144292094981375,6.10159918965222,6.04159750679666,6.02945314216153,48.0377792455932
29169,"Pulaski","Missouri",551,"2021-07-25",5.90263333340137,425.149073376322,0.0488422678940791,6.48874054813032,6.24499106449028,6.24452920865992,14.1915437273127
29173,"Ralls","Missouri",551,"2021-07-25",4.34565899050301,479.062849719348,0.0650097637401186,5.13168549006343,4.80267896445682,4.80072733668384,10.6622011938215
29175,"Randolph","Missouri",551,"2021-07-25",4.63611498983751,488.795000281858,0.0810438775051199,5.60864151989895,5.19316440548815,5.20342213237335,8.55273960104089
29177,"Ray","Missouri",551,"2021-07-25",4.15664844555826,321.112746283726,0.018503062086625,4.38313956304231,4.29568411768282,4.28616988016464,37.4612146527352
29179,"Reynolds","Missouri",551,"2021-07-25",3.0513021247088,496.601942235495,0.061802381320572,3.79454617830443,3.49015132411857,3.4839187939528,11.2155416304197
29181,"Ripley","Missouri",551,"2021-07-25",4.03044076024262,467.135991449401,0.0511062122546903,4.6437153072989,4.3925286923721,4.38818424602545,13.5628752353161
29183,"St. Charles","Missouri",551,"2021-07-25",7.25720417782913,419.002081361511,0.057144276501786,7.94293549585056,7.65330559418186,7.65721411334163,12.1297743709868
29185,"St. Clair","Missouri",551,"2021-07-25",4.36763789722178,490.795885729764,0.0788268842405507,5.29749093606862,4.91321592846028,4.91942608690563,8.79328400758192
29187,"St. Francois","Missouri",551,"2021-07-25",4.87082573153965,461.121628501439,0.0573471065756986,5.55569429520813,5.27212197421397,5.27225547756954,12.086872763929
29189,"St. Louis","Missouri",551,"2021-07-25",8.2023650228529,392.309543435724,0.0533693841908949,8.84279763314364,8.57267041912337,8.57595071218917,12.9877305325588
29195,"Saline","Missouri",551,"2021-07-25",4.76583024600086,393.487150021191,0.0312725558949826,5.14473729640519,4.98637889555436,4.98473813726574,22.1647115409315
29201,"Scott","Missouri",551,"2021-07-25",4.21106883653024,498.370763484571,0.0875565653447097,5.22093114341832,4.81832758238997,4.82396479394321,7.91656431280771
29203,"Shannon","Missouri",551,"2021-07-25",4.33448568990488,479.020470395231,0.064713588098956,5.11104874709235,4.78640665415853,4.78748080659757,10.7109990486083
29205,"Shelby","Missouri",551,"2021-07-25",3.31158522297247,2739.38722455892,-0.00153186606035867,3.34159305380181,3.2993302944896,3.30086216054996,-452.485500199444
29207,"Stoddard","Missouri",551,"2021-07-25",5.01917019654609,468.428270690887,0.0645931011552717,5.78571577191613,5.47055776747173,5.47132190463299,10.7309785126081
29209,"Stone","Missouri",551,"2021-07-25",5.84891300312408,420.732338712433,0.0466913243450535,6.40920889526472,6.17348867549738,6.17575227353945,14.8453099217645
29211,"Sullivan","Missouri",551,"2021-07-25",3.45676723281697,503.282926583215,0.0790998516710327,4.32811239114069,4.00009464335473,4.0104661945142,8.76293906899681
29213,"Taney","Missouri",551,"2021-07-25",6.94930843471031,337.853004131274,0.0333865420718976,7.34994693957308,7.18224873103763,7.18301422921359,20.7612749792194
29215,"Texas","Missouri",551,"2021-07-25",5.37923880890026,467.905252078814,0.0688809292825816,6.20580996029124,5.85577279710402,5.86140531387833,10.0629766145624
29217,"Vernon","Missouri",551,"2021-07-25",5.18338739987406,392.208718337067,0.0337040392916068,5.58783587137334,5.42127101589233,5.41931567491531,20.5657005845159
29219,"Warren","Missouri",551,"2021-07-25",5.05897184065754,379.616090746678,0.0304054151832385,5.4238368228564,5.27554691504129,5.27180974694021,22.7968332740299
29221,"Washington","Missouri",551,"2021-07-25",4.07511320029421,500.444957320341,0.0881252648722292,5.07205338087744,4.68334776733705,4.69199005439981,7.86547628043926
29223,"Wayne","Missouri",551,"2021-07-25",3.500827222611,512.249993121758,0.102765448185629,4.70151996133817,4.18448113383092,4.2201853599104,6.74494387751696
29225,"Webster","Missouri",551,"2021-07-25",6.29710931993394,256.737756774345,0.0217695515657795,6.55834393872329,6.45428469295641,6.4494961808944,31.8402140009873
29229,"Wright","Missouri",551,"2021-07-25",5.54573532454982,445.747661841868,0.0553177654151298,6.20954850953138,5.92970732316431,5.93295968245573,12.530281643849
29510,"St. Louis city","Missouri",551,"2021-07-25",6.75477058579485,387.791280488923,0.0426953116532994,7.26711432563444,7.05538622236943,7.05363776736795,16.2347375793515
30013,"Cascade","Montana",551,"2021-07-25",4.88280192258637,263.117639831052,0.0173247627488118,5.1087669287367,5.01270431760931,5.00407526182805,40.0090431603448
30029,"Flathead","Montana",551,"2021-07-25",5.84767665431627,399.426395322677,0.0398958370928363,6.3264266994303,6.12516188076599,6.12694751396612,17.3739224708336
30031,"Gallatin","Montana",551,"2021-07-25",4.52023457518231,474.599531528398,0.0631075937377963,5.26320288184774,4.95254135479769,4.96198773134688,10.983578037215
30047,"Lake","Montana",551,"2021-07-25",3.05803615689015,483.095089777202,0.0485600575368702,3.63738675021319,3.39839736884091,3.39795655964824,14.2740189307572
30049,"Lewis and Clark","Montana",551,"2021-07-25",3.45225255246244,984.392652993009,-0.00792545593771778,3.37935618346268,3.40233225529799,3.39677436089842,-87.4583350165649
30053,"Lincoln","Montana",551,"2021-07-25",3.19575340744735,413.585359741645,0.0244139850934857,3.52573687454858,3.37336571109584,3.36665130310175,28.3913985326753
30063,"Missoula","Montana",551,"2021-07-25",4.83741505154865,436.205241600386,0.0440587066455594,5.36611953129536,5.14471199870512,5.14582599806757,15.7323542458051
30067,"Park","Montana",551,"2021-07-25",3.08452777233712,487.177763425384,0.0529274877319436,3.74844305745181,3.45424349522081,3.45502018646073,13.0961662883086
30075,"Powder River","Montana",551,"2021-07-25",3.29583686600433,997.408513563032,-0.00734151126643962,3.22592255289249,3.2476311888598,3.24444628713925,-94.4147812901331
30081,"Ravalli","Montana",551,"2021-07-25",3.5715427474094,4372.3590413842,-0.000952283443922263,3.63235096428536,3.56392447985802,3.56487676330194,-727.879062671732
30111,"Yellowstone","Montana",551,"2021-07-25",5.55627633754761,224.370754217909,0.0172754076639911,5.7635812295155,5.68839045743257,5.67720419119555,40.1233472483977
31019,"Buffalo","Nebraska",551,"2021-07-25",3.18988828799495,513.202975079184,0.0963422187929654,4.31584477619522,3.83546289538466,3.86428381954571,7.19463584339368
31033,"Cheyenne","Nebraska",551,"2021-07-25",3.22457384598284,506.20147370187,0.0799227632079383,4.13988135184563,3.76864577184203,3.78403318843841,8.67271291354825
31053,"Dodge","Nebraska",551,"2021-07-25",3.18988828799495,370.935206298275,0.0184892761757233,3.45869263350589,3.33190277527355,3.31931322122501,37.4891463555539
31055,"Douglas","Nebraska",551,"2021-07-25",6.4565453648905,369.548074730379,0.0365909601441006,6.89563688661971,6.71990937953947,6.7126820858992,18.9431263303895
31109,"Lancaster","Nebraska",551,"2021-07-25",5.94579451027479,460.327220896819,0.0694012097251324,6.77860902697638,6.4261194945103,6.43160297835072,9.9875374407045
31111,"Lincoln","Nebraska",551,"2021-07-25",3.56751859710967,728.708673513905,-0.0199526491949457,3.40609027715746,3.44354474228034,3.42785005274505,-34.7396064446184
31153,"Sarpy","Nebraska",551,"2021-07-25",4.6525988795592,449.168127211274,0.047970248251484,5.22069195534913,4.9946301931146,4.98839061731959,14.4495224816457
31157,"Scotts Bluff","Nebraska",551,"2021-07-25",3.90052862600241,456.149200399609,0.0434338495520886,4.42377230660333,4.20669561627788,4.20456557286703,15.9586863174234
31185,"York","Nebraska",551,"2021-07-25",3.18988828799495,609.095891110198,-0.0517720687676055,2.64533998829928,2.85484905841283,2.82748380662171,-13.388438921986
32001,"Churchill","Nevada",551,"2021-07-25",3.79066214842388,994.07810110222,-0.00856852657510792,3.73654679811697,3.73493462425208,3.73068246239812,-80.894559231873
32003,"Clark","Nevada",551,"2021-07-25",9.46556935061968,245.486507929129,0.0314979846175671,9.84354516603049,9.68984676996148,9.68605524294265,22.0060803564353
32005,"Douglas","Nevada",551,"2021-07-25",3.93182563272433,488.807166747259,0.0684225338728726,4.73434897699568,4.40358849730473,4.41078336983444,10.1303933269673
32007,"Elko","Nevada",551,"2021-07-25",4.84531131367087,335.365203468463,0.0231880386719928,5.16246427170455,5.01267453597616,5.00762758437482,29.8924454269238
32013,"Humboldt","Nevada",551,"2021-07-25",3.09751496786393,808.784551826274,-0.0120671572709495,3.02625662801222,3.02014762580406,3.01304486696728,-57.4408010931151
32019,"Lyon","Nevada",551,"2021-07-25",4.58204776856724,232.123173599423,0.0146144548937983,4.76251218036538,4.69456779624459,4.68434895282383,47.4288767933509
32023,"Nye","Nevada",551,"2021-07-25",4.77068462446567,467.962178500447,0.0611329805572929,5.50428039115318,5.19343274399044,5.19861548836672,11.3383508253837
32031,"Washoe","Nevada",551,"2021-07-25",6.43064071255846,404.813087991398,0.0455470030548347,6.97720474921648,6.74788265932269,6.7494697339423,15.2182829620086
32033,"White Pine","Nevada",551,"2021-07-25",3.03769647265303,406.233898641863,0.0221009106240112,3.3541690418708,3.20071043551278,3.19240284702111,31.3628335208454
32510,"Carson City","Nevada",551,"2021-07-25",4.15440880296475,477.477576131527,0.0606773744432418,4.88588926414475,4.57499027901537,4.57915042406744,11.4234867101628
33001,"Belknap","New Hampshire",551,"2021-07-25",3.99688922607139,433.899676265245,0.0360674519877697,4.47598246796997,4.24799131490142,4.24936138998578,19.2180800793743
33003,"Carroll","New Hampshire",551,"2021-07-25",3.22457384598284,349.220447087405,0.0167228246295708,3.49138384959752,3.35265842190477,3.34163361838984,41.4491687806294
33005,"Cheshire","New Hampshire",551,"2021-07-25",3.49650756146648,409.906381566905,0.0259547421684905,3.84373168322981,3.68226278756489,3.67819075664591,26.7059936893319
33007,"Coos","New Hampshire",551,"2021-07-25",3.77111755235091,241.482567603044,0.0123839135338401,3.91972451475699,3.86689396472478,3.85780494708779,55.9715778591201
33009,"Grafton","New Hampshire",551,"2021-07-25",3.44771739729705,2221.18994002574,-0.00208512400613149,3.46795727070406,3.43557156041339,3.43312152925413,-332.424919823323
33011,"Hillsborough","New Hampshire",551,"2021-07-25",5.11456621694449,375.037354831964,0.0300679236171594,5.50130683970596,5.3307817336325,5.32504168226461,23.0527118994135
33013,"Merrimack","New Hampshire",551,"2021-07-25",4.252568567437,430.07825231188,0.0367537888981995,4.7016089100179,4.50932748382536,4.5098450897244,18.8592034002215
33015,"Rockingham","New Hampshire",551,"2021-07-25",4.86753445045558,322.73399028537,0.021801502417126,5.12915247946109,5.02978490475331,5.02014496737546,31.7935510726751
33017,"Strafford","New Hampshire",551,"2021-07-25",3.90629233071916,407.483989645932,0.0284501950690655,4.28220985559072,4.10769151887766,4.10544369620262,24.3635299820358
34001,"Atlantic","New Jersey",551,"2021-07-25",5.6927696748208,461.000107168307,0.0669738453211112,6.49645581867414,6.15980826875623,6.16158659206858,10.3495204319925
34003,"Bergen","New Jersey",551,"2021-07-25",6.63407003045969,427.254137980189,0.0558677996657507,7.3044836264487,7.02797773112961,7.02514462811995,12.4069174856885
34005,"Burlington","New Jersey",551,"2021-07-25",5.92920913198498,445.249632030579,0.0588504960476627,6.63541508455693,6.34050435136118,6.34116260431862,11.7781026008442
34007,"Camden","New Jersey",551,"2021-07-25",6.12593300055385,391.970616022599,0.0397711971726942,6.60318736662618,6.40980261344493,6.40433138076271,17.4283710281631
34009,"Cape May","New Jersey",551,"2021-07-25",3.71705033108063,1139.80058566128,-0.00635387561473687,3.69668855387286,3.66621932616273,3.67257320177747,-109.090454800892
34011,"Cumberland","New Jersey",551,"2021-07-25",4.39091558209113,700.026801254816,-0.0291437750091184,4.13919714103512,4.22781963694105,4.1869091570273,-23.7837130002231
34013,"Essex","New Jersey",551,"2021-07-25",6.61395931664136,465.032148524114,0.0816862396133997,7.59419419200215,7.17137218254101,7.18576299393516,8.48548279172154
34015,"Gloucester","New Jersey",551,"2021-07-25",5.41228360367772,453.178361583341,0.058308425664531,6.11198471165209,5.81967871897174,5.82044258332944,11.8875989646482
34017,"Hudson","New Jersey",551,"2021-07-25",6.15182042460891,455.793325607492,0.0681969540063197,6.97018387268475,6.62746833136556,6.62919910265315,10.1639023422617
34019,"Hunterdon","New Jersey",551,"2021-07-25",4.55987391107292,400.372801018112,0.0313119660540888,4.93561750372199,4.78309522158597,4.77905767345154,22.1368143847177
34021,"Mercer","New Jersey",551,"2021-07-25",5.19533497329518,474.368734107897,0.0725288728126179,6.0656814470466,5.70078780358258,5.70303708298351,9.55684479408258
34023,"Middlesex","New Jersey",551,"2021-07-25",6.38471247127756,473.918466772672,0.0885762578210113,7.4476275651297,6.97418282995784,7.00474627602464,7.82542859239559
34025,"Monmouth","New Jersey",551,"2021-07-25",7.00747132311193,427.637855159591,0.0592036527604352,7.71791515623715,7.4197806985751,7.42189689243498,11.7078448413434
34027,"Morris","New Jersey",551,"2021-07-25",5.96541386990804,450.045744899804,0.0621693520905239,6.71144609499433,6.39920720514249,6.40059933454171,11.1493389789661
34029,"Ocean","New Jersey",551,"2021-07-25",6.66986060572192,390.64604929952,0.0429333182429412,7.18506042463721,6.97150792212306,6.97039383342251,16.1447381410802
34031,"Passaic","New Jersey",551,"2021-07-25",6.09356977004514,440.188324114852,0.0575888220186525,6.78463563426897,6.4992631593561,6.49669152417571,12.0361409777655
34033,"Salem","New Jersey",551,"2021-07-25",4.05302641289137,432.945089958846,0.0358500697706628,4.48322725013932,4.30446975272843,4.30397690128601,19.3346117593101
34035,"Somerset","New Jersey",551,"2021-07-25",5.56123093067229,452.917715964068,0.0597453209090306,6.27817478158065,5.97922077781698,5.9794481770355,11.6016981750813
34037,"Sussex","New Jersey",551,"2021-07-25",4.48219512362928,444.725410474305,0.0444456489084436,5.03456263630712,4.79484944120996,4.79331466598839,15.5953889206973
34039,"Union","New Jersey",551,"2021-07-25",6.19644412779452,444.612900023811,0.0611166916624479,6.92984442774389,6.62449842438132,6.62426096943166,11.3413727364081
34041,"Warren","New Jersey",551,"2021-07-25",4.22370058343614,1278.0569428199,-0.0058503980315708,4.21261972089246,4.19349529059261,4.18274779721514,-118.478636294399
35001,"Bernalillo","New Mexico",551,"2021-07-25",6.67420057636761,426.97391339766,0.0560734269846727,7.34708170018368,7.06407871290263,7.06671456526032,12.3614199779409
35005,"Chaves","New Mexico",551,"2021-07-25",3.9756682705885,482.286242894881,0.0623988986245028,4.72445505408253,4.4169122155388,4.41246056096002,11.1083239582655
35009,"Curry","New Mexico",551,"2021-07-25",4.29825675160842,484.005122879934,0.0693324505391624,5.13024615807837,4.78461672536375,4.78358390538256,9.99744239774738
35013,"Doña Ana","New Mexico",551,"2021-07-25",5.30826769740121,354.563908474744,0.0277286673328309,5.64101170539518,5.51153833067409,5.50236836873103,24.9974934691237
35015,"Eddy","New Mexico",551,"2021-07-25",4.91684776399609,494.411067628419,0.0949517494237832,6.03788037267222,5.5706362355825,5.58151000996257,7.2999937838568
35023,"Hidalgo","New Mexico",551,"2021-07-25",3.17208366336144,498.208626584172,0.0660265192377564,3.94781626709206,3.63215801209627,3.63426929802573,10.4980118376978
35025,"Lea","New Mexico",551,"2021-07-25",4.03044076024262,509.228505930451,0.109607750846878,5.34573377040516,4.76868230488565,4.79769501617077,6.32388836742277
35027,"Lincoln","New Mexico",551,"2021-07-25",3.15395627876888,512.030089909212,0.0922248188467703,4.23956663052523,3.78910067548296,3.79953001069627,7.51584214778015
35029,"Luna","New Mexico",551,"2021-07-25",3.74106520728451,4130.45184233143,-0.00105694458105594,3.77588361583551,3.73260965063606,3.73366659521712,-655.802766751931
35031,"McKinley","New Mexico",551,"2021-07-25",4.61653394463841,406.844890303417,0.0331754540289926,5.01463939298632,4.85618508076793,4.84876212284136,20.8933743590726
35035,"Otero","New Mexico",551,"2021-07-25",5.02105698955867,497.217230352869,0.102133788435318,6.20797453565273,5.71063659665608,5.7359935086059,6.78665886362296
35039,"Rio Arriba","New Mexico",551,"2021-07-25",4.27069595202955,817.257276543181,-0.0160249978293511,4.15459729384795,4.18163991006324,4.15852096722409,-43.2541200904496
35041,"Roosevelt","New Mexico",551,"2021-07-25",3.16607763930123,469.715399034128,0.0416965960767546,3.68116734627143,3.46283643479256,3.45795381183851,16.6235915105398
35043,"Sandoval","New Mexico",551,"2021-07-25",5.24702407216049,419.309911989695,0.0414162161741783,5.74401866625063,5.54003493725178,5.53693758537974,16.7361300618307
35045,"San Juan","New Mexico",551,"2021-07-25",5.014437580046,403.143027706318,0.0351011049690837,5.435650839675,5.26343650886202,5.26014531482959,19.7471612694374
35047,"San Miguel","New Mexico",551,"2021-07-25",3.72741311811618,478.741094286691,0.0555955852704755,4.40644525102884,4.11925539882564,4.11658221500951,12.4676658620958
35049,"Santa Fe","New Mexico",551,"2021-07-25",5.10853950907763,391.20926798823,0.0330028771276124,5.50457403460898,5.34542738200536,5.33955964897092,21.0026288883769
35055,"Taos","New Mexico",551,"2021-07-25",4.18095903505887,371.725900658328,0.0239969654918885,4.47001313393471,4.35753291438247,4.34893779350209,28.8847846530531
35057,"Torrance","New Mexico",551,"2021-07-25",3.64133850934494,440.890829030446,0.0350900114290474,4.10936214776792,3.8954915733926,3.88696858934827,19.7534042404489
35061,"Valencia","New Mexico",551,"2021-07-25",4.63472898822964,437.511396317673,0.0428261859069059,5.16006734096284,4.93628529381761,4.93451228957798,16.1851251957549
36001,"Albany","New York",551,"2021-07-25",4.86643494512217,496.003303879256,0.0967460198900107,5.99793359601244,5.52632606418019,5.54365708435224,7.16460668199038
36007,"Broome","New York",551,"2021-07-25",4.28653786749521,482.870243761807,0.0683097986864458,5.1320985239927,4.7638830444709,4.76470645830033,10.147112037932
36009,"Cattaraugus","New York",551,"2021-07-25",3.56347818757266,480.171482276339,0.0542647078390257,4.22334177581889,3.94779302780106,3.94333114244584,12.7734435172146
36011,"Cayuga","New York",551,"2021-07-25",3.51367536508885,471.945336673084,0.0478917769628675,4.12131074266733,3.85332446885205,3.84891780382892,14.4731982088986
36013,"Chautauqua","New York",551,"2021-07-25",3.16607763930123,441.216598473576,0.0304941416655704,3.56120959033397,3.39179318507601,3.37953663096022,22.73050306389
36015,"Chemung","New York",551,"2021-07-25",3.70306408910589,489.641336010634,0.0658294031028362,4.5000100473273,4.16422138454908,4.16386991082574,10.5294465373951
36021,"Columbia","New York",551,"2021-07-25",3.3322045101752,473.845633261864,0.0463678543997551,3.90205742401747,3.66677970120237,3.65677949097349,14.9488732988173
36027,"Dutchess","New York",551,"2021-07-25",5.14249862962008,484.525673918136,0.0836527857624971,6.14633205877005,5.72182177929527,5.72806812995756,8.28600236372157
36029,"Erie","New York",551,"2021-07-25",6.05443934626937,464.221536794453,0.0740346432171484,6.94285506487515,6.56935295539307,6.57268184878941,9.36247073585402
36039,"Greene","New York",551,"2021-07-25",3.52214999207982,511.085912381544,0.0999284223394001,4.68805076120471,4.20537536313595,4.22164894845562,6.93643674475034
36043,"Herkimer","New York",551,"2021-07-25",3.25258688221051,479.788708703432,0.0491083090431435,3.84082426365519,3.60024791778762,3.59634504551251,14.114661939408
36045,"Jefferson","New York",551,"2021-07-25",3.85318250540521,-558.041521005641,0.00353480013000193,3.94498371353829,3.88750322090119,3.87792610631522,196.092326317632
36053,"Madison","New York",551,"2021-07-25",3.29053181377464,496.866806139378,0.0670649908502414,4.09989708690862,3.76675951032045,3.75998674972633,10.3354547845652
36055,"Monroe","New York",551,"2021-07-25",5.929969010441,437.7551491825,0.0547829200710791,6.58736405129395,6.31799794373331,6.31344945093855,12.6526147138672
36059,"Nassau","New York",551,"2021-07-25",7.35399666627991,451.093213252345,0.0774865203879808,8.28383491093568,7.89060262398187,7.89640230899578,8.94539046390657
36063,"Niagara","New York",551,"2021-07-25",4.52952256764878,484.483857777456,0.0736314470316192,5.41309993202822,5.04505862392482,5.04494269687011,9.41373840259164
36065,"Oneida","New York",551,"2021-07-25",4.51242813428948,422.47457301431,0.0367474285331365,4.98021094257945,4.77778875724891,4.76966013402144,18.8624676127993
36067,"Onondaga","New York",551,"2021-07-25",5.36930824069766,397.219486535943,0.0360887868692214,5.80237368312832,5.63513732207234,5.62192974878221,19.2067187814258
36069,"Ontario","New York",551,"2021-07-25",3.76451686831956,511.819444382038,0.108657847975308,5.01787979175175,4.49169713850824,4.52512180414671,6.379172728669
36071,"Orange","New York",551,"2021-07-25",5.65649118661051,476.936060344554,0.0819022374748717,6.63931803630897,6.22083239913452,6.22980684893461,8.46310432938549
36075,"Oswego","New York",551,"2021-07-25",3.38196601973427,504.922398637244,0.0814468970978866,4.32300593639505,3.94741204278742,3.95209429941948,8.51041850896897
36079,"Putnam","New York",551,"2021-07-25",3.72397077392521,510.672115389064,0.103191065857601,4.88381485778801,4.42869446270072,4.44630823492841,6.71712395641363
36083,"Rensselaer","New York",551,"2021-07-25",4.29631311639985,489.979193811059,0.0766913832319682,5.21660971518347,4.83513740768877,4.83315279902363,9.03813637659117
36087,"Rockland","New York",551,"2021-07-25",5.49011766729653,379.052659542319,0.0328853257095653,5.88474157581131,5.735353279348,5.72031494726349,21.0777045871962
36089,"St. Lawrence","New York",551,"2021-07-25",3.56751859710967,503.664504537447,0.0834353002985942,4.53349838079105,4.14210725260572,4.15156569919983,8.30760095642185
36091,"Saratoga","New York",551,"2021-07-25",4.78749174278205,497.868100131677,0.0985066454724249,5.92339174191224,5.45686861492785,5.47703826108902,7.0365524806545
36093,"Schenectady","New York",551,"2021-07-25",3.95398720452718,511.855296101368,0.11324454509513,5.22563600155008,4.70624940224588,4.74669902019309,6.12079972574106
36101,"Steuben","New York",551,"2021-07-25",3.22457384598284,494.298087827187,0.0623640160451318,3.97270707285087,3.66498976766229,3.66112195829876,11.1145372687084
36103,"Suffolk","New York",551,"2021-07-25",7.1706688431064,452.918916323523,0.07703680017338,8.09511044518696,7.70422608081674,7.70992644432006,8.99761125851463
36105,"Sullivan","New York",551,"2021-07-25",3.55942138687705,496.181468179782,0.0705841775192499,4.36341022397769,4.05248527465293,4.0535106295118,9.82014957064433
36109,"Tompkins","New York",551,"2021-07-25",3.18398856586776,505.27538324293,0.0781259168933321,4.11915902699566,3.73534299143965,3.73086998412108,8.87217978518348
36111,"Ulster","New York",551,"2021-07-25",4.55837802448133,485.056453132699,0.0744325920967309,5.42937727006255,5.07765586040313,5.07940616915845,9.31241491172506
36113,"Warren","New York",551,"2021-07-25",3.96759285658296,491.716616987337,0.073090375661691,4.84467736452325,4.47945451361162,4.4792254862148,9.48342615952986
36119,"Westchester","New York",551,"2021-07-25",6.60549121369066,449.701389862826,0.0685938374840648,7.42861726349944,7.08606322266229,7.08564807607911,10.1050940723497
36121,"Wyoming","New York",551,"2021-07-25",3.14784005175145,-100.821371183515,0.00493997266123195,3.25455956228191,3.18735983304131,3.18241986038007,140.3139709658
37001,"Alamance","North Carolina",551,"2021-07-25",5.29114887706943,450.507883018943,0.0554092740254051,5.95606016537429,5.68199319586524,5.67901379524727,12.5095878397926
37003,"Alexander","North Carolina",551,"2021-07-25",3.98898404656427,488.515551803349,0.0693924038884075,4.82169289322516,4.47852599518572,4.47473087378312,9.98880485066667
37007,"Anson","North Carolina",551,"2021-07-25",3.48343547989913,498.620411148938,0.0731229984179673,4.34201358161579,4.00036600399785,3.9952964688249,9.4791952676496
37013,"Beaufort","North Carolina",551,"2021-07-25",3.95945169899926,398.653228221587,0.0268157198590034,4.27299839244645,4.16025982164249,4.14716173801228,25.8485389989343
37017,"Bladen","North Carolina",551,"2021-07-25",4.72612279640576,449.337839237753,0.0488932045294358,5.31284125075899,5.07459874061762,5.06837522811181,14.1767590656211
37019,"Brunswick","North Carolina",551,"2021-07-25",5.40267738187228,459.012491089059,0.0621086573177264,6.147981269685,5.84125199193309,5.83743798309636,11.1602345066654
37021,"Buncombe","North Carolina",551,"2021-07-25",5.67430462151914,471.64281122027,0.0763114463394827,6.59004197759294,6.20785476836599,6.20848474589552,9.08313514956037
37023,"Burke","North Carolina",551,"2021-07-25",4.50613880538191,505.217050573172,0.110490753334717,5.83202784539851,5.26773678314511,5.27957407872493,6.27335011881175
37025,"Cabarrus","North Carolina",551,"2021-07-25",6.11746767331171,431.688387032213,0.0535157147597558,6.75965625042878,6.49655130632216,6.49207767663,12.9522175621056
37027,"Caldwell","North Carolina",551,"2021-07-25",4.12019794104844,511.742246718137,0.120270524081033,5.56344423002083,4.94849923104097,4.96209160961567,5.76323405802184
37031,"Carteret","North Carolina",551,"2021-07-25",4.19397440317094,449.909819948516,0.0436124809664296,4.7140809201533,4.51001258641838,4.49926176993595,15.8933214804608
37033,"Caswell","North Carolina",551,"2021-07-25",3.10394585819422,509.408162000514,0.0844165880496654,4.10195717097866,3.69923585491801,3.69486197454188,8.21103051632626
37035,"Catawba","North Carolina",551,"2021-07-25",5.47287073369548,468.059912383938,0.0702189451037727,6.31549807494076,5.96314111251803,5.96440334942189,9.87122748049805
37037,"Chatham","North Carolina",551,"2021-07-25",4.37125453769197,481.537146796067,0.0674325918222764,5.15608836966748,4.84930062727626,4.8432826804479,10.2791122486703
37039,"Cherokee","North Carolina",551,"2021-07-25",4.16111273868694,458.071417764426,0.0475642241848889,4.75302548793093,4.50071173452755,4.49406230798116,14.5728684202981
37041,"Chowan","North Carolina",551,"2021-07-25",3.5715427474094,463.44488186058,0.0435087815244209,4.11397797714385,3.88279902648205,3.87610421808035,15.9312018464799
37045,"Cleveland","North Carolina",551,"2021-07-25",5.38841920124522,463.586841857117,0.0653829961461139,6.17301515499859,5.84746670619262,5.84610017426802,10.601337066459
37047,"Columbus","North Carolina",551,"2021-07-25",5.14915422823182,500.168307290389,0.112349204749141,6.49734468522151,5.9198506275518,5.93559866147581,6.16957798773601
37049,"Craven","North Carolina",551,"2021-07-25",4.52023457518231,489.43431274298,0.0795750050548033,5.45611491006343,5.07588429038084,5.07725961056593,8.71061434532835
37051,"Cumberland","North Carolina",551,"2021-07-25",7.03702761468628,430.250872478466,0.0607955132394158,7.76657377355927,7.46404515443302,7.46259620736219,11.4012884113717
37053,"Currituck","North Carolina",551,"2021-07-25",3.19575340744735,497.964800546406,0.0667412237832399,4.00682268160377,3.66942400619507,3.66294197393003,10.3855929104795
37055,"Dare","North Carolina",551,"2021-07-25",4.56731996185699,464.232195597543,0.0558571921459072,5.23760626760788,4.96397684503262,4.95832030687834,12.4092736124176
37057,"Davidson","North Carolina",551,"2021-07-25",4.83628190695148,484.97575592403,0.0789393714751588,5.76448792980566,5.38879293598682,5.38885750727759,8.78075373045084
37059,"Davie","North Carolina",551,"2021-07-25",4.13630876132113,474.40745862954,0.0574325528654701,4.80093305141795,4.54423553412971,4.53833663137942,12.0688903065753
37061,"Duplin","North Carolina",551,"2021-07-25",4.94368115929915,458.680593130664,0.0570591264079986,5.66707859132489,5.35003930043752,5.34309504415514,12.1478757947261
37063,"Durham","North Carolina",551,"2021-07-25",5.90458303181583,336.968621194901,0.0282473524576483,6.24355126130761,6.12234744972323,6.10231449901937,24.5384830878997
37065,"Edgecombe","North Carolina",551,"2021-07-25",4.38381075646738,493.027696064535,0.0827566564181925,5.37689063348569,4.96224986777179,4.96310735139473,8.37572722920654
37067,"Forsyth","North Carolina",551,"2021-07-25",5.81028519489281,471.144596505848,0.0776201172350467,6.74172660171337,6.34687758670384,6.35362601553814,8.92999399190521
37069,"Franklin","North Carolina",551,"2021-07-25",3.46126162240481,520.700227890649,0.129713704388161,4.83829161313807,4.23929396286343,4.36925755312194,5.34366961324103
37071,"Gaston","North Carolina",551,"2021-07-25",5.55627633754761,480.911198838373,0.0853645517874941,6.58065095899754,6.1485625530558,6.15382820006007,8.11984794678547
37075,"Graham","North Carolina",551,"2021-07-25",3.36235754834589,-422.670465312137,0.00348819778457837,3.42077254450324,3.3952014122631,3.38677493283794,198.712121091416
37077,"Granville","North Carolina",551,"2021-07-25",3.85922481986117,482.628624696192,0.0605852263519922,4.56639183324217,4.28816464766888,4.28332140432512,11.4408614491733
37079,"Greene","North Carolina",551,"2021-07-25",3.50941096630239,514.397128392422,0.109552911103794,4.77682151709511,4.26805121947636,4.27628134402895,6.32705396484839
37081,"Guilford","North Carolina",551,"2021-07-25",6.18562056154894,425.547680093487,0.051353270458799,6.80185980705453,6.54762714885266,6.54509345476053,13.4976248711572
37083,"Halifax","North Carolina",551,"2021-07-25",3.90052862600241,499.308326943061,0.0830436400569878,4.87397017168287,4.48363007418543,4.48183410640133,8.3467822470725
37085,"Harnett","North Carolina",551,"2021-07-25",5.68309374059764,451.310389267293,0.060018133949669,6.40331134799367,6.10673790756242,6.10322067824532,11.548962537576
37087,"Haywood","North Carolina",551,"2021-07-25",4.39621126966584,494.084751694877,0.0844868721557013,5.39999941235482,4.98956629225522,4.98761937475575,8.20419981085986
37089,"Henderson","North Carolina",551,"2021-07-25",4.9894602969598,498.300226925872,0.104601342425801,6.24467640606941,5.71309798097158,5.7216696939404,6.62656104104622
37093,"Hoke","North Carolina",551,"2021-07-25",4.9737737007921,480.95924712791,0.0764716501755993,5.89143350289929,5.5085463345879,5.5090752520213,9.06410648872222
37097,"Iredell","North Carolina",551,"2021-07-25",5.5683445037611,459.844517234322,0.0646313423709275,6.34392061221223,6.02122015971961,6.02076390035759,10.7246291834987
37099,"Jackson","North Carolina",551,"2021-07-25",3.24147565678544,521.58994927114,0.128810472366944,4.68999583328886,4.12152623229387,4.14314896335405,5.38113996341359
37101,"Johnston","North Carolina",551,"2021-07-25",6.30861873288443,442.192905336813,0.0607725199645884,7.03788897245949,6.73422303422514,6.73402637263655,11.4056020873223
37105,"Lee","North Carolina",551,"2021-07-25",4.71081637512308,483.203286466251,0.0758425113444194,5.67277059470863,5.24285508059287,5.24171395453402,9.13929626370354
37107,"Lenoir","North Carolina",551,"2021-07-25",3.78093759853188,457.69609480431,0.0431510290790976,4.32821672984626,4.09303022238017,4.08299480208556,16.0632827386197
37109,"Lincoln","North Carolina",551,"2021-07-25",5.10073712879344,464.238723240463,0.0623857323534089,5.84936591703435,5.54251097574652,5.5374372552673,11.1106683277089
37111,"McDowell","North Carolina",551,"2021-07-25",3.89182029811063,517.193149784448,0.13362243234293,5.45271058205564,4.79639257685962,4.82717732451114,5.18735640720148
37113,"Macon","North Carolina",551,"2021-07-25",3.27983652465789,174.230926882162,0.00897507766186585,3.44435723545487,3.3569990890942,3.34266206829095,77.2302153445483
37115,"Madison","North Carolina",551,"2021-07-25",3.3722098447889,515.4990489647,0.108124521660506,4.59539500080835,4.11758305549456,4.12908149641244,6.41063812274073
37117,"Martin","North Carolina",551,"2021-07-25",3.72397077392521,510.005315798459,0.102467408519769,4.91789091285659,4.43451075011837,4.4412426335636,6.76456241621662
37119,"Mecklenburg","North Carolina",551,"2021-07-25",7.61028685942372,428.214770920462,0.0646115554462659,8.38562552477891,8.0604684079205,8.06256774754758,10.727913540735
37123,"Montgomery","North Carolina",551,"2021-07-25",3.71705033108063,496.379193013882,0.075194406395304,4.63354000292072,4.24663208261797,4.24341117584776,9.21806838817247
37125,"Moore","North Carolina",551,"2021-07-25",5.04618627836057,480.686833456496,0.0772613937650598,5.97332300354129,5.58790444969648,5.58701603471599,8.97145581747724
37127,"Nash","North Carolina",551,"2021-07-25",4.28653786749521,-171.317583161453,0.00603403126942057,4.40072510213444,4.34068672613955,4.32877608638115,114.872984512476
37129,"New Hanover","North Carolina",551,"2021-07-25",5.42809171029485,465.096916202062,0.0670937553363471,6.23321677433101,5.89871267439917,5.89774799764928,10.3310237604846
37133,"Onslow","North Carolina",551,"2021-07-25",6.13153700027589,449.382012204374,0.0634616507771391,6.89307680960156,6.57512623854847,6.57576855571586,10.9222998783013
37135,"Orange","North Carolina",551,"2021-07-25",4.64850331069446,438.44941905928,0.0432215546400131,5.16716196637462,4.95947752555804,4.95105419317455,16.03707192703
37139,"Pasquotank","North Carolina",551,"2021-07-25",3.46126162240481,408.136358770662,0.0253364754305816,3.79701646394462,3.65494435590709,3.63861695041888,27.357679739594
37141,"Pender","North Carolina",551,"2021-07-25",4.79105680894654,498.53349141549,0.100771814127105,5.9925479498662,5.49226614135715,5.49645950783628,6.87838347025951
37145,"Person","North Carolina",551,"2021-07-25",4.23617475766132,439.00200530532,0.0399198890155578,4.75038674128555,4.51977822073804,4.51561398077022,17.3634546000318
37147,"Pitt","North Carolina",551,"2021-07-25",5.952872207915,450.095074044232,0.0618127054410558,6.66989540374279,6.38575114447481,6.38556114600239,11.2136683811862
37149,"Polk","North Carolina",551,"2021-07-25",3.22457384598284,510.673647100104,0.0907517400760124,4.29494887711703,3.86150813653725,3.85983602651493,7.63783900980163
37151,"Randolph","North Carolina",551,"2021-07-25",5.00777406181523,459.58580817986,0.057950829098052,5.70318401099185,5.41842714777428,5.41342986550159,11.9609536454975
37153,"Richmond","North Carolina",551,"2021-07-25",5.27665586976686,458.908718553887,0.0605876476054808,6.00370764103263,5.70505700592217,5.70076940300523,11.4404042400425
37155,"Robeson","North Carolina",551,"2021-07-25",6.22738328991092,447.187056018737,0.063021938614558,6.98364655328561,6.66809163587962,6.66853686021283,10.9985061678161
37157,"Rockingham","North Carolina",551,"2021-07-25",4.70307440096946,457.723973013518,0.0531807238603269,5.33275170097881,5.08212353401664,5.07533946799175,13.03380492489
37159,"Rowan","North Carolina",551,"2021-07-25",5.69853061250125,425.992647950234,0.047484845846262,6.2683487626564,6.03736795745546,6.03092453342508,14.5972292466547
37161,"Rutherford","North Carolina",551,"2021-07-25",4.79224234554065,494.73309611811,0.0933014442773867,5.90289350713895,5.44168357490436,5.44535245548236,7.42911522890479
37163,"Sampson","North Carolina",551,"2021-07-25",4.90633241999656,463.494097833633,0.059466441686842,5.61992972023866,5.32664510271428,5.32259751180445,11.6561065518288
37165,"Scotland","North Carolina",551,"2021-07-25",4.5776521570942,487.716440462618,0.0780351301801899,5.4845867180267,5.12409071177179,5.12389806835553,8.88250175221607
37167,"Stanly","North Carolina",551,"2021-07-25",4.38736947908438,506.370642405854,0.110710083267474,5.71589047829407,5.15837063677621,5.1623400619567,6.26092186097729
37169,"Stokes","North Carolina",551,"2021-07-25",3.83174217416734,504.600002125295,0.0915112837028167,4.88670235524198,4.47315547690704,4.47232116008706,7.57444494835133
37171,"Surry","North Carolina",551,"2021-07-25",4.94673149211678,483.708151151774,0.0797395209202815,5.92399643543947,5.50545061781783,5.50490813855875,8.6926429022932
37175,"Transylvania","North Carolina",551,"2021-07-25",3.77111755235091,516.676701865516,0.126395912696162,5.22309598332367,4.62977755983667,4.65588894122404,5.48393666989988
37179,"Union","North Carolina",551,"2021-07-25",6.09421451539307,418.814617529702,0.0479159978688297,6.66920648981903,6.43575322984831,6.42962650047488,14.4658821977879
37183,"Wake","North Carolina",551,"2021-07-25",7.1375055293472,352.639492534096,0.0369129437178675,7.58046085396161,7.40960831408617,7.39589613537227,18.7778895624743
37189,"Watauga","North Carolina",551,"2021-07-25",3.23587340123677,492.975904838314,0.060967924932412,3.96438415261569,3.66579722980725,3.66264887576365,11.3690466147299
37191,"Wayne","North Carolina",551,"2021-07-25",5.4192699769657,418.67050407816,0.0425609945105907,5.93000191109279,5.72104342086974,5.71719693853984,16.2859723681378
37193,"Wilkes","North Carolina",551,"2021-07-25",4.42570169817654,483.769686450236,0.071049133036991,5.27399942277474,4.9269317176626,4.92304562943548,9.75588513091448
37195,"Wilson","North Carolina",551,"2021-07-25",4.81912882772523,315.70179566453,0.0209256031397679,5.07023606540244,4.98537958462526,4.96560804970361,33.1243585157485
37197,"Yadkin","North Carolina",551,"2021-07-25",3.78093759853188,503.218651791393,0.0883781778006528,4.84147573213971,4.40302234428802,4.39958484313645,7.84296754933575
38015,"Burleigh","North Dakota",551,"2021-07-25",4.02023659006838,501.267651403104,0.0898731391525315,5.09871425989876,4.62814688636736,4.6493485641361,7.71250661873004
38017,"Cass","North Dakota",551,"2021-07-25",4.0943445622221,469.628441945452,0.0536108554875594,4.73767482807281,4.47193811173503,4.46962055063502,12.9292318553057
38089,"Stark","North Dakota",551,"2021-07-25",3.69244452027843,350.642689100587,0.0191805888459981,3.97723532457343,3.83874634353403,3.82670864220042,36.1379510360844
38101,"Ward","North Dakota",551,"2021-07-25",4.62357127135898,471.464837034077,0.0621193272180597,5.37550610414829,5.0568285288174,5.0584065618854,11.1583175736396
38105,"Williams","North Dakota",551,"2021-07-25",3.49650756146648,3846.93405689706,-0.00105863862647313,3.48179263255419,3.48803845245469,3.48909709108117,-654.753343800781
39001,"Adams","Ohio",551,"2021-07-25",3.59926729542425,510.471487781518,0.100551166455334,4.77904734345489,4.28344920006876,4.30312546061158,6.89347727127415
39003,"Allen","Ohio",551,"2021-07-25",4.41711795448515,447.356429908269,0.0450008438626216,4.97905402210103,4.73486489609624,4.7321238615235,15.4029818346514
39005,"Ashland","Ohio",551,"2021-07-25",3.73084365321297,509.761822451758,0.100888681683395,4.86668613965166,4.40637674889141,4.43706442499674,6.87041567987925
39007,"Ashtabula","Ohio",551,"2021-07-25",4.02789946281395,350.948068056294,0.0207714237494627,4.30076341654763,4.18640798006408,4.17329942906019,33.370229644363
39011,"Auglaize","Ohio",551,"2021-07-25",3.47462485021697,1885.84070345602,-0.00262449116874596,3.48490619972174,3.46681592514896,3.45625341203575,-264.107263462862
39013,"Belmont","Ohio",551,"2021-07-25",3.55125807623789,396.493524300811,0.0240901943754927,3.89072239249424,3.73160833943928,3.71988943686634,28.7730007386364
39015,"Brown","Ohio",551,"2021-07-25",3.85318250540521,501.936734065875,0.086365078366917,4.84190835590605,4.4521207426289,4.45773805397363,8.02578071677478
39017,"Butler","Ohio",551,"2021-07-25",6.27718040210622,1009.87750709573,-0.0135319783910341,6.11479666141381,6.21891535748225,6.18245655336898,-51.2229003424367
39019,"Carroll","Ohio",551,"2021-07-25",3.07136968775961,476.548933349984,0.0448274354137336,3.6512424296333,3.38944307667513,3.38516173565575,15.4625660415895
39023,"Clark","Ohio",551,"2021-07-25",4.02535169073515,482.292176107355,0.0631845736485732,4.78356657451803,4.4703630841738,4.46764370627516,10.970196371272
39025,"Clermont","Ohio",551,"2021-07-25",5.05351231845265,459.385917880156,0.0583451581402243,5.75365421613534,5.46300782176596,5.46192842543422,11.8801148656426
39027,"Clinton","Ohio",551,"2021-07-25",4.16555719044736,378.948412298352,0.0249090887147656,4.46001188258,4.34693233070795,4.33992081145072,27.8270790432033
39029,"Columbiana","Ohio",551,"2021-07-25",4.82028156560504,498.252655180493,0.100953918669752,6.03172858964206,5.50551093345037,5.5269589962933,6.86597597887629
39031,"Coshocton","Ohio",551,"2021-07-25",3.07797037179096,485.489183162413,0.0514505235158981,3.73071948685927,3.44242778149244,3.43812403640225,13.472111325471
39033,"Crawford","Ohio",551,"2021-07-25",3.67086094861126,489.176953787977,0.0641537698407771,4.41525786642729,4.12027959459253,4.1199373374967,10.8044653070313
39035,"Cuyahoga","Ohio",551,"2021-07-25",6.74068820722165,427.891537858553,0.0570720174067543,7.42555241610271,7.14065200909008,7.14019232906893,12.1451319237563
39039,"Defiance","Ohio",551,"2021-07-25",3.90916177314711,483.882793033216,0.0628696337014055,4.65972165297296,4.35006052894007,4.34924920905695,11.0251506132833
39041,"Delaware","Ohio",551,"2021-07-25",4.99527990601306,476.773239003852,0.0721582208113277,5.86117855574899,5.49515900888826,5.50038745169235,9.60593502398457
39043,"Erie","Ohio",551,"2021-07-25",3.75118333745009,498.265766324244,0.0783003954581482,4.67721411920113,4.29726411227645,4.29928610565713,8.85240970373432
39045,"Fairfield","Ohio",551,"2021-07-25",4.77431000607998,481.384326877766,0.0740265626694279,5.67159492784345,5.28748452204069,5.29249594476598,9.36349271889409
39049,"Franklin","Ohio",551,"2021-07-25",6.70860723322414,425.826956026917,0.0558245594138965,7.3785019461909,7.09909077309692,7.09937914912142,12.4165275612977
39051,"Fulton","Ohio",551,"2021-07-25",3.11033565629299,512.01217745504,0.0898753091855163,4.13316976999694,3.72891938203008,3.7394628205916,7.71232040080312
39053,"Gallia","Ohio",551,"2021-07-25",4.16111273868694,488.390588678008,0.0721715545327681,5.02381942521906,4.66694371973159,4.66631362041632,9.60416032392977
39055,"Geauga","Ohio",551,"2021-07-25",4.21318523943662,485.967412917193,0.0696358866634691,5.01605307017485,4.69795167116474,4.7006364460809,9.95387886578846
39057,"Greene","Ohio",551,"2021-07-25",4.88280192258637,483.972710244902,0.0787202204362801,5.82744456782173,5.42791080074627,5.43384346564033,8.80519867345915
39059,"Guernsey","Ohio",551,"2021-07-25",3.40594798442075,471.767810658473,0.0467227844669043,4.02900799671347,3.73613982408112,3.73300747568908,14.8353140436425
39061,"Hamilton","Ohio",551,"2021-07-25",6.42069268372842,446.881585068822,0.0647780000132825,7.19802868388781,6.86985738040723,6.8741386838214,10.7003485815835
39063,"Hancock","Ohio",551,"2021-07-25",3.391627930646,474.582926910884,0.0475797651412658,3.96896474635196,3.72803279679931,3.72468628663486,14.5681084911195
39069,"Henry","Ohio",551,"2021-07-25",3.20738144544247,474.738264891333,0.0452464267870056,3.76729600175336,3.52804905359728,3.52410643295151,15.3193794467547
39071,"Highland","Ohio",551,"2021-07-25",3.59926729542425,464.755685630232,0.0443017745099415,4.13088858954355,3.91383558295658,3.90937971699384,15.6460364901275
39077,"Huron","Ohio",551,"2021-07-25",3.8286413964891,390.006888675793,0.0245436568575896,4.12316527878018,4.00934087968269,4.00044699449223,28.2413979539322
39081,"Jefferson","Ohio",551,"2021-07-25",3.43398720448515,412.060465148573,0.0256383390333131,3.74164727288491,3.62517257823304,3.61345557771834,27.0355727669919
39083,"Knox","Ohio",551,"2021-07-25",3.15395627876888,508.822200973873,0.0849899196146355,4.17961718605526,3.74464450195802,3.74888571607133,8.15563991239008
39085,"Lake","Ohio",551,"2021-07-25",5.13411635086728,459.815052448231,0.0595709169258746,5.84896735397777,5.55263360942385,5.5511127693484,11.6356641181542
39087,"Lawrence","Ohio",551,"2021-07-25",4.91998092582813,460.910463624935,0.05782122145009,5.61383558322921,5.32569892858838,5.32472947597876,11.9877644085789
39089,"Licking","Ohio",551,"2021-07-25",4.74493212836325,488.362973820165,0.0823281661837767,5.7330886638775,5.31394529914377,5.32122929164969,8.41932005399793
39091,"Logan","Ohio",551,"2021-07-25",3.3322045101752,446.901347812494,0.0338474058837857,3.76040117373205,3.57189317017546,3.5691363513617,20.4785909720777
39093,"Lorain","Ohio",551,"2021-07-25",5.23263533470839,485.388702735788,0.0859727979933702,6.24259639173267,5.82358082099722,5.83444492066198,8.06240109358076
39095,"Lucas","Ohio",551,"2021-07-25",5.37329230971254,467.826443882531,0.0687354212419132,6.1981173646155,5.8524772932506,5.85444025840593,10.0842792265785
39099,"Mahoning","Ohio",551,"2021-07-25",5.45715094203478,485.084154872197,0.0895850813624193,6.53217191838382,6.07461372712174,6.08424651157172,7.73730592213001
39101,"Marion","Ohio",551,"2021-07-25",3.56751859710967,501.196943643089,0.0784857190485898,4.45822872232977,4.11569760688765,4.1169186304498,8.83150704309435
39103,"Medina","Ohio",551,"2021-07-25",4.94977254869255,453.528190165166,0.0535273675029554,5.59210095872801,5.32712427017659,5.32446412121324,12.9493979041969
39109,"Miami","Ohio",551,"2021-07-25",4.48380932898382,493.700200814709,0.0857328211356669,5.51260318261182,5.07323204816972,5.08393907693349,8.08496875966653
39113,"Montgomery","Ohio",551,"2021-07-25",6.40946974619832,455.552760502296,0.0708641831612893,7.25983994413379,6.90222097752165,6.90551902832734,9.78134721432291
39117,"Morrow","Ohio",551,"2021-07-25",3.11033565629299,427.654325960794,0.026568526398725,3.46309248167025,3.30359066454812,3.29631534108406,26.0890336994079
39119,"Muskingum","Ohio",551,"2021-07-25",5.23034438296183,252.268499556385,0.0178065490935176,5.44402297208404,5.36973398617942,5.35499022661645,38.9265307342612
39125,"Paulding","Ohio",551,"2021-07-25",3.16607763930123,389.160325808035,0.0204309637165674,3.44955725733309,3.31740398850142,3.3090943853172,33.9263086252694
39129,"Pickaway","Ohio",551,"2021-07-25",3.85318250540521,488.605549995567,0.0672525374350657,4.66695284670891,4.32220993339879,4.32395026745067,10.3066323888403
39133,"Portage","Ohio",551,"2021-07-25",4.74493212836325,482.005253889966,0.0740890820645004,5.63038098101714,5.26152810766445,5.26355570281475,9.35559142110178
39135,"Preble","Ohio",551,"2021-07-25",4.07024701064304,401.016821337475,0.028301218380913,4.44281522145801,4.27446102529856,4.26835553930943,24.4917788072128
39139,"Richland","Ohio",551,"2021-07-25",4.31558153526573,483.906029117915,0.0692352435160682,5.12991411709362,4.80033428854811,4.80022823987821,10.0114789139014
39141,"Ross","Ohio",551,"2021-07-25",3.75118333745009,497.236249544492,0.076681924438828,4.65948132104907,4.28794611217246,4.28795680852189,9.0392512398785
39145,"Scioto","Ohio",551,"2021-07-25",4.31558153526573,501.327845956374,0.0965413646669051,5.47120708998475,4.97488906419757,4.99137108793407,7.17979472272324
39147,"Seneca","Ohio",551,"2021-07-25",3.06472514504094,379.561050313372,0.0188671804928324,3.36663987068905,3.20897360083281,3.19679540849077,36.7382493013871
39149,"Shelby","Ohio",551,"2021-07-25",3.19575340744735,464.43967290938,0.0387640471711822,3.62677693269202,3.47014770221473,3.46710173764563,17.8811871087403
39151,"Stark","Ohio",551,"2021-07-25",5.69805179994722,420.908943841485,0.045551232637501,6.24466659159723,6.02140017424945,6.01691042840973,15.2168698940827
39153,"Summit","Ohio",551,"2021-07-25",5.57811126615081,445.811650824581,0.0556762469095496,6.2462262290654,5.96915399915322,5.96784499451766,12.4496031797189
39155,"Trumbull","Ohio",551,"2021-07-25",5.00681849556955,489.601527132067,0.0887757813459583,6.07212787172105,5.61865060396738,5.62824896499126,7.80784094547992
39157,"Tuscarawas","Ohio",551,"2021-07-25",3.43398720448515,470.285958868999,0.0457271403313325,4.01091226782556,3.75744505329666,3.75407718680448,15.1583321313666
39159,"Union","Ohio",551,"2021-07-25",3.65989191724069,486.224281762861,0.0611623258953901,4.38996987019559,4.08856590258737,4.08802819850842,11.332910748775
39161,"Van Wert","Ohio",551,"2021-07-25",3.58351893845611,410.137474044749,0.0265844365561392,3.93084194028785,3.77615368002177,3.76960999434908,26.0734200289032
39165,"Warren","Ohio",551,"2021-07-25",5.19375018690961,472.372869338522,0.0706587117343264,6.05030274204688,5.68497290841701,5.6883611690499,9.80979080351971
39169,"Wayne","Ohio",551,"2021-07-25",4.07024701064304,459.442471687742,0.0470236048788214,4.6345302691889,4.40154052976572,4.39941224479479,14.7404092550149
39171,"Williams","Ohio",551,"2021-07-25",3.96759285658296,353.47067992615,0.020607733175711,4.21488565469149,4.11884906993287,4.11184698881294,33.6352948017065
39173,"Wood","Ohio",551,"2021-07-25",3.24147565678544,495.424068092958,0.0639992422748913,4.0048122266959,3.69598250406689,3.68947035270968,10.8305529240912
40001,"Adair","Oklahoma",551,"2021-07-25",4.88927443709199,457.737528854423,0.0556565857728741,5.58026682511409,5.28153459313447,5.27887053750211,12.4540011021979
40005,"Atoka","Oklahoma",551,"2021-07-25",3.55534806148941,463.529759940258,0.0437984965501638,4.13765448334975,3.86830962837161,3.86193753734056,15.8258213216534
40013,"Bryan","Oklahoma",551,"2021-07-25",5.09724976693303,436.308494876175,0.0464689563807061,5.6548772435015,5.4252639694983,5.42253246159797,14.9163492048584
40017,"Canadian","Oklahoma",551,"2021-07-25",5.00968245934099,473.621817747761,0.069228525567542,5.84137714739182,5.49444969801554,5.49428213831378,10.0124504296092
40019,"Carter","Oklahoma",551,"2021-07-25",5.05077133912123,285.174096353249,0.0193645311623716,5.28314571306969,5.20202122317662,5.18632305725783,35.7946791868033
40021,"Cherokee","Oklahoma",551,"2021-07-25",4.79814903725603,439.814978123418,0.0453662426863062,5.36161038433943,5.120207905676,5.11571273606017,15.2789197322963
40023,"Choctaw","Oklahoma",551,"2021-07-25",3.46126162240481,505.114582048828,0.0841312685874765,4.44931730201103,4.05014997878291,4.05018050251715,8.23887708098966
40025,"Cimarron","Oklahoma",551,"2021-07-25",3.2470467018349,-1042.14385441632,0.00208396000406919,3.33463579336073,3.26371838186745,3.26163442186338,332.610596751612
40027,"Cleveland","Oklahoma",551,"2021-07-25",6.10351690805538,440.908582960633,0.0580781673708809,6.80045491650595,6.51536906537434,6.51006407965155,11.9347288652134
40031,"Comanche","Oklahoma",551,"2021-07-25",6.08156638180517,311.275586561264,0.0259093900489924,6.39247906239308,6.27933167483023,6.26293211214812,26.7527401937778
40035,"Craig","Oklahoma",551,"2021-07-25",4.69003640663133,473.954099665325,0.0651881952780001,5.47880056333213,5.14507683358298,5.14635377357733,10.6330168768128
40037,"Creek","Oklahoma",551,"2021-07-25",5.29258669183905,477.847273411912,0.0776577395623094,6.22447956658676,5.83152840492377,5.83619086877522,8.9256677372613
40039,"Custer","Oklahoma",551,"2021-07-25",3.24147565678544,494.413172814739,0.0627451133556436,3.98976267966493,3.68594947271291,3.68069145027495,11.0470304935325
40041,"Delaware","Oklahoma",551,"2021-07-25",5.75483764545649,427.68514815227,0.0486400274824577,6.33851797524598,6.09765329727446,6.09531783783369,14.2505507590417
40047,"Garfield","Oklahoma",551,"2021-07-25",3.60704943586631,500.845811408931,0.0793557361674725,4.53551271069881,4.16539929221598,4.16253958903862,8.73468275938019
40049,"Garvin","Oklahoma",551,"2021-07-25",4.33261127511053,463.938147952077,0.0530279078108151,4.98790321891179,4.70682411702239,4.70380662978624,13.0713657991722
40051,"Grady","Oklahoma",551,"2021-07-25",4.05054193956371,480.288724675968,0.0614954356260328,4.77888872910593,4.48622458867338,4.48100998894594,11.2715224065592
40061,"Haskell","Oklahoma",551,"2021-07-25",3.35739475900376,501.558014930433,0.0750789213913248,4.23760336020838,3.88582983892987,3.88294720874303,9.23224744994854
40065,"Jackson","Oklahoma",551,"2021-07-25",3.12926366617852,493.015612771414,0.0586045415631481,3.80838022229336,3.54680670429614,3.53949545712056,11.8275335336095
40069,"Johnston","Oklahoma",551,"2021-07-25",3.90052862600241,488.152511463138,0.0679029520605252,4.74285066566659,4.37805698322122,4.37584929042609,10.2079093695678
40071,"Kay","Oklahoma",551,"2021-07-25",3.8098320645316,510.467276309413,0.106980982273434,5.08509747055068,4.54472731230141,4.55869894044564,6.47916261217646
40077,"Latimer","Oklahoma",551,"2021-07-25",3.26902560855367,513.95133531728,0.0999849985781776,4.40420567567241,3.9538362673943,3.96892059860091,6.9325117809346
40079,"Le Flore","Oklahoma",551,"2021-07-25",4.85091356921954,487.1818377928,0.082473055722672,5.84059023789161,5.42439740617849,5.42822495927824,8.40452890324273
40081,"Lincoln","Oklahoma",551,"2021-07-25",3.99688922607139,451.798789764139,0.0423787730069176,4.50067698164547,4.30120297316896,4.29354063711981,16.3559992746086
40083,"Logan","Oklahoma",551,"2021-07-25",3.64880123054653,504.413769674785,0.0868515533475575,4.65404734178488,4.25829061435312,4.25676210397943,7.98082652346066
40085,"Love","Oklahoma",551,"2021-07-25",3.16003532484527,-1207.33771813251,0.0018389719487376,3.24640654369414,3.18078941489113,3.17290812848643,376.921018852827
40087,"McClain","Oklahoma",551,"2021-07-25",4.71722254693549,474.912020116168,0.0663575270340234,5.51351287134377,5.18209576910353,5.18172523617365,10.4456451519742
40089,"McCurtain","Oklahoma",551,"2021-07-25",3.25258688221051,484.284369982923,0.0526855928431381,3.88375166925512,3.62886618818757,3.62138603211248,13.1562945988606
40091,"McIntosh","Oklahoma",551,"2021-07-25",3.77767495289707,463.473267754068,0.0461900767853737,4.36619702071004,4.10719023256636,4.10100549039469,15.006408925898
40095,"Marshall","Oklahoma",551,"2021-07-25",3.54715129428524,457.225547242101,0.0402386629348468,4.05502923696874,3.83558466856762,3.82882193482917,17.2258999182519
40097,"Mayes","Oklahoma",551,"2021-07-25",5.2040066870768,467.412745503976,0.0663074801280389,6.00661257734869,5.66625827807457,5.66815904797307,10.4535292130162
40099,"Murray","Oklahoma",551,"2021-07-25",3.55125807623789,480.484737179034,0.0535523607545697,4.15112531857365,3.92924610864756,3.92612460151988,12.9433543319712
40101,"Muskogee","Oklahoma",551,"2021-07-25",5.0706995348389,479.761293005621,0.0765519099771864,5.98932245456514,5.60187557677729,5.6065629046792,9.05460335041299
40109,"Oklahoma","Oklahoma",551,"2021-07-25",6.8697566758909,455.254111881042,0.0757032281934958,7.77819541421285,7.39524086222588,7.39967927324537,9.15611126632904
40111,"Okmulgee","Oklahoma",551,"2021-07-25",4.47733681447821,-5323.50454125732,0.000762813416874725,4.48649057548071,4.49634272664912,4.48267650839633,908.671983510457
40113,"Osage","Oklahoma",551,"2021-07-25",4.49344022204479,493.846869128179,0.0856990540575383,5.49786263054451,5.08882127478479,5.09333360044756,8.08815439309944
40115,"Ottawa","Oklahoma",551,"2021-07-25",5.95842469302978,354.287011175313,0.03107992175991,6.3313837541487,6.18428914208087,6.17598414534915,22.3020889793241
40117,"Pawnee","Oklahoma",551,"2021-07-25",3.36235754834589,516.436367569291,0.111309392097043,4.62642265920718,4.10935096164454,4.14152329302519,6.22721198545077
40119,"Payne","Oklahoma",551,"2021-07-25",4.41193211745279,482.136018125729,0.0690151216779101,5.23576194002356,4.89777996392629,4.89503796919816,10.0434102513769
40121,"Pittsburg","Oklahoma",551,"2021-07-25",3.95124371858143,470.402610524906,0.0522669333692165,4.57844691901203,4.32155009784528,4.31711225216595,13.2616768552981
40123,"Pontotoc","Oklahoma",551,"2021-07-25",4.11321304652649,492.292845365351,0.0764094423297838,5.02064704271038,4.64930167027015,4.64807914283498,9.07148592406049
40125,"Pottawatomie","Oklahoma",551,"2021-07-25",4.67682617489452,459.76236986809,0.054316045343512,5.33587957268397,5.06090075638679,5.0570384922991,12.761370533813
40127,"Pushmataha","Oklahoma",551,"2021-07-25",3.83174217416734,496.477438319877,0.0773736665505596,4.76022617277405,4.37352275673985,4.37335784002126,8.95843781820796
40131,"Rogers","Oklahoma",551,"2021-07-25",5.9554672047373,465.021801185395,0.073544080899749,6.83799617553429,6.46528778842245,6.47027577103554,9.42492138156983
40135,"Sequoyah","Oklahoma",551,"2021-07-25",4.63334106295479,476.295695824248,0.0666485007516376,5.44546937826963,5.10050796787009,5.09988056821625,10.4000416024799
40137,"Stephens","Oklahoma",551,"2021-07-25",4.14313472639153,415.5998828373,0.0317724770233308,4.5244044506715,4.37900739513383,4.36554206555485,21.8159629181874
40143,"Tulsa","Oklahoma",551,"2021-07-25",7.55276208421415,427.080332283808,0.0635114630679867,8.31489964103,7.99806260337869,7.99734232569006,10.9137334754508
40145,"Wagoner","Oklahoma",551,"2021-07-25",5.37527840768417,442.425541197435,0.051897721405724,5.99805106455286,5.74236421819,5.73856245752424,13.3560233818569
40147,"Washington","Oklahoma",551,"2021-07-25",5.14249862962008,475.415333019834,0.0723280592812351,5.97318868906248,5.64752867647011,5.64879504458873,9.58337867002296
41003,"Benton","Oregon",551,"2021-07-25",4.52178857704904,478.645929531046,0.0668988782061974,5.30869829546856,4.9828716305449,4.99008072449242,10.3611181404793
41005,"Clackamas","Oregon",551,"2021-07-25",6.1587933193158,389.435047834682,0.0393369859227032,6.63083715038824,6.43530722879631,6.43415222077472,17.6207496406047
41007,"Clatsop","Oregon",551,"2021-07-25",3.69953674858792,410.763418059988,0.0271821738358937,4.00221036529621,3.89556474781918,3.88981196543918,25.5000642974571
41009,"Columbia","Oregon",551,"2021-07-25",4.43759648582869,462.569630863277,0.0531859267153668,5.07555261932617,4.80751404839681,4.80989797283626,13.0325299071959
41011,"Coos","Oregon",551,"2021-07-25",4.24440525679783,482.059653766008,0.0662514492855565,5.0311579972489,4.69778362506137,4.70816540179672,10.4623700769525
41013,"Crook","Oregon",551,"2021-07-25",4.09672268462707,418.265776893428,0.0320722401952456,4.48158956697002,4.32438292854945,4.32122836599379,21.6120600351047
41017,"Deschutes","Oregon",551,"2021-07-25",5.40267738187228,399.752520020091,0.0369420203521762,5.8459816260984,5.66151217783926,5.66127152433751,18.7631097041262
41019,"Douglas","Oregon",551,"2021-07-25",5.45409936810738,404.971481180749,0.0386737336091407,5.91818417141707,5.72485514879517,5.72481550337137,17.9229444864386
41029,"Jackson","Oregon",551,"2021-07-25",6.15637347542476,448.661502366425,0.0632470566640557,6.91533815539343,6.58852146837139,6.59910287207315,10.9593586977759
41031,"Jefferson","Oregon",551,"2021-07-25",3.98367899433458,480.304565720982,0.0607789865620113,4.72224975597409,4.40678980037407,4.40913190026866,11.4043885850703
41033,"Josephine","Oregon",551,"2021-07-25",5.57161070154772,447.394781249122,0.0565042172425394,6.24966130845819,5.96257814406122,5.9671402222455,12.2671760513852
41035,"Klamath","Oregon",551,"2021-07-25",4.49663001741289,373.235270508808,0.0261975044488449,4.84037482283512,4.68853891044084,4.6800125485548,26.4585194331556
41039,"Lane","Oregon",551,"2021-07-25",5.88491284608,427.152238309347,0.0495163961219374,6.47910959954325,6.22968798737851,6.23152761893356,13.9983366086058
41041,"Lincoln","Oregon",551,"2021-07-25",3.88008995832514,470.050154676087,0.0511133843032246,4.49541424345033,4.2375484709149,4.23788364844771,13.5609721408374
41043,"Linn","Oregon",551,"2021-07-25",5.6659322505251,383.852700886474,0.0349431182727142,6.08524966979767,5.91229164772116,5.9105340784341,19.8364431917686
41045,"Malheur","Oregon",551,"2021-07-25",3.16003532484527,506.744871310433,0.0799955014695858,4.10017972241009,3.69800016864684,3.72000383513237,8.66482699434641
41047,"Marion","Oregon",551,"2021-07-25",6.22710116266966,400.446363367753,0.0427821750575901,6.74048726336074,6.52611169719958,6.52657638807279,16.2017751464689
41049,"Morrow","Oregon",551,"2021-07-25",3.48781185449893,495.978175751815,0.0690037306890033,4.27973725726246,3.96270597112873,3.97083796932195,10.045068196152
41051,"Multnomah","Oregon",551,"2021-07-25",6.38133245840248,424.917375455547,0.0527022971496599,7.0137600241984,6.74904482664645,6.7502485384501,13.1521246330421
41053,"Polk","Oregon",551,"2021-07-25",5.02763287046483,414.499140852307,0.0382326997941368,5.48642526799447,5.29629418513183,5.29526176902379,18.1296948500154
41057,"Tillamook","Oregon",551,"2021-07-25",3.96217278911362,265.834536762163,0.0142491928142245,4.16312201933315,4.07616633162742,4.06191713881319,48.6446628659555
41059,"Umatilla","Oregon",551,"2021-07-25",6.06178986382871,442.474918813307,0.0585538286407827,6.7644358075181,6.46665797118506,6.47166666431419,11.8377772495848
41061,"Union","Oregon",551,"2021-07-25",4.17658266045907,473.866436080585,0.0578832749347061,4.86992621158418,4.57861296935035,4.58176558500201,11.9749129837908
41065,"Wasco","Oregon",551,"2021-07-25",3.50512830451039,488.288879617166,0.0604256063773366,4.21233672037624,3.92656643177988,3.92810754915175,11.4710835706221
41067,"Washington","Oregon",551,"2021-07-25",6.12123889085479,425.751039305484,0.050904713483598,6.73209545265797,6.47665486783518,6.47757188523998,13.616561868741
41071,"Yamhill","Oregon",551,"2021-07-25",4.91580119142541,398.133028145637,0.0332447545910865,5.31473824651845,5.15200145323923,5.14851447356302,20.8498209442578
42001,"Adams","Pennsylvania",551,"2021-07-25",4.378448813326,477.053200650844,0.0636165418538763,5.14955544873292,4.82260364984062,4.82376460630313,10.8957066882395
42003,"Allegheny","Pennsylvania",551,"2021-07-25",6.2947387143196,446.523857533132,0.0632788783141261,7.05408525408912,6.73671247409149,6.73769086251848,10.9538474610605
42007,"Beaver","Pennsylvania",551,"2021-07-25",4.44265125649032,440.900031540607,0.0425259307625853,4.97978515100507,4.74343628842516,4.74033277182842,16.2994005805461
42009,"Bedford","Pennsylvania",551,"2021-07-25",3.04452243772342,652.966389677985,-0.0293949358705212,2.79153093443929,2.85588296639415,2.83875788662977,-23.5804964369754
42011,"Berks","Pennsylvania",551,"2021-07-25",5.18498868124104,456.346252459416,0.0578334851969677,5.87899050360466,5.59002744998014,5.58982307761981,11.9852223707294
42015,"Bradford","Pennsylvania",551,"2021-07-25",3.06472514504094,491.665993555648,0.056220151239892,3.72930787464945,3.45967811846509,3.45826620372018,12.3291589452024
42017,"Bucks","Pennsylvania",551,"2021-07-25",5.89793848909716,461.806413924991,0.0700521116162298,6.73856382849192,6.38557382993993,6.38830327041077,9.89473642646564
42019,"Butler","Pennsylvania",551,"2021-07-25",4.40845989174204,437.340421977748,0.040689796705154,4.90961370025509,4.69857633833235,4.69328846867812,17.0349138282165
42021,"Cambria","Pennsylvania",551,"2021-07-25",3.65251180994306,486.385417470427,0.0609277737359288,4.36331708055481,4.07490152955964,4.07900622609456,11.3765387779334
42025,"Carbon","Pennsylvania",551,"2021-07-25",3.35739475900376,511.292071123282,0.0949384565241541,4.43437867499558,3.98974723571175,4.02196395467284,7.30101589953272
42027,"Centre","Pennsylvania",551,"2021-07-25",4.22995712105045,487.678090117659,0.072721604158713,5.11392209414828,4.73393696638063,4.73900835016144,9.53151664596355
42029,"Chester","Pennsylvania",551,"2021-07-25",5.32021863050114,476.915096634998,0.0770098584692571,6.24433693213222,5.85023859300155,5.85928763978594,9.00075905004623
42033,"Clearfield","Pennsylvania",551,"2021-07-25",3.5305534028762,493.52680269301,0.0666832577152264,4.29928283174664,3.99472768412662,3.99733620688278,10.3946208435116
42039,"Crawford","Pennsylvania",551,"2021-07-25",4.18531634042783,465.950244232299,0.0521993768474246,4.80493989003162,4.54932710907312,4.5507119783598,13.2788401399114
42041,"Cumberland","Pennsylvania",551,"2021-07-25",4.74244456489145,485.690716297173,0.0786353986271789,5.6860693484176,5.28304353917495,5.2928923552817,8.81469659543853
42043,"Dauphin","Pennsylvania",551,"2021-07-25",4.79814903725603,477.12768659014,0.0693794993228489,5.6108806134566,5.28115879098855,5.28380553251597,9.99066276530003
42045,"Delaware","Pennsylvania",551,"2021-07-25",5.51745289646471,471.701244626854,0.0742603677377196,6.40857730931734,6.03029715858396,6.03727547062875,9.3340122285426
42049,"Erie","Pennsylvania",551,"2021-07-25",4.25662536813261,470.58629233039,0.0566388817774586,4.95101465442836,4.65353016283325,4.65309754057482,12.2380096288519
42051,"Fayette","Pennsylvania",551,"2021-07-25",3.94019388239484,724.475009980551,-0.0220770060907923,3.67526980930533,3.80439982818876,3.78565483975929,-31.3967925591612
42055,"Franklin","Pennsylvania",551,"2021-07-25",4.11787505963229,293.124718120152,0.0163872423086372,4.34057542573365,4.24431098499559,4.23258575579275,42.297975919634
42063,"Indiana","Pennsylvania",551,"2021-07-25",3.44316158076119,483.151782695786,0.055088063470297,4.12324334549314,3.83233243840838,3.82877802505327,12.5825294427655
42069,"Lackawanna","Pennsylvania",551,"2021-07-25",4.52952256764878,445.590771362448,0.0451106201004596,5.0708500088543,4.84791490448755,4.845296908352,15.3654988341179
42071,"Lancaster","Pennsylvania",551,"2021-07-25",5.4380793089232,470.391423251627,0.0719241062693354,6.30116858415522,5.93601410003887,5.94154805280855,9.63720255298419
42073,"Lawrence","Pennsylvania",551,"2021-07-25",4.16777203077692,420.399355171705,0.0335409744178197,4.61525970806135,4.40463655666369,4.40255885170166,20.6656840652694
42075,"Lebanon","Pennsylvania",551,"2021-07-25",3.83791503327442,490.820398120793,0.069553148311508,4.67255281301251,4.32094205481162,4.32478707145498,9.96571970337768
42077,"Lehigh","Pennsylvania",551,"2021-07-25",5.41610040220442,462.317191062811,0.0647217806260502,6.19276176971703,5.86827736472701,5.86915286658677,10.70964324305
42079,"Luzerne","Pennsylvania",551,"2021-07-25",4.93652732194253,460.161516080679,0.0575094887111745,5.62664118647662,5.33745188298977,5.33909374292075,12.0527446182157
42081,"Lycoming","Pennsylvania",551,"2021-07-25",3.51367536508885,286.579207027523,0.0138134001800339,3.74924403051094,3.61991816774266,3.61036916634909,50.1793310499925
42083,"McKean","Pennsylvania",551,"2021-07-25",3.41538201665411,329.420333684629,0.0159372878706363,3.64293994344205,3.53817442858179,3.52694303174856,43.4921666839586
42089,"Monroe","Pennsylvania",551,"2021-07-25",4.89996972620873,477.539493525575,0.0715736704057136,5.7588537710773,5.39746863809938,5.40098541904873,9.68438780114052
42091,"Montgomery","Pennsylvania",551,"2021-07-25",6.0805867898901,468.141127500091,0.078097544886708,7.01775732853059,6.6169589369353,6.62726960409706,8.87540295364544
42095,"Northampton","Pennsylvania",551,"2021-07-25",5.35658627467201,478.319408167532,0.0790094371388269,6.29551871157187,5.89845981655565,5.9096523346438,8.77296694750555
42097,"Northumberland","Pennsylvania",551,"2021-07-25",3.09104245335832,836.655706136912,-0.0108564806044186,3.02522026898596,3.01709401335887,3.01504708912739,-63.846397908898
42101,"Philadelphia","Pennsylvania",551,"2021-07-25",7.00979600451529,415.162185439998,0.0535762235718223,7.65271068737716,7.38569930138049,7.38482956951805,12.937589369858
42103,"Pike","Pennsylvania",551,"2021-07-25",3.92338676407846,450.184883556579,0.0409474716486437,4.41475642386219,4.21355210141735,4.21001906561897,16.9277162338033
42107,"Schuylkill","Pennsylvania",551,"2021-07-25",4.28260085453587,340.223328269721,0.0209888981954205,4.57089239228434,4.43860713759291,4.42952314190381,33.0244672257822
42111,"Somerset","Pennsylvania",551,"2021-07-25",3.00284974132285,881.820005333912,-0.00909614082321699,2.94551236989214,2.93714778196021,2.93917675556033,-76.2023361369644
42125,"Washington","Pennsylvania",551,"2021-07-25",4.62497281328427,435.717639535603,0.0419375573193084,5.12822350111597,4.92192460172151,4.91853571451943,16.5280770952488
42127,"Wayne","Pennsylvania",551,"2021-07-25",3.33729357968267,713.721390172183,-0.0201459943041225,3.13716223943883,3.20612787555349,3.19627161955381,-34.4062035408253
42129,"Westmoreland","Pennsylvania",551,"2021-07-25",5.00202691955966,444.951449291464,0.0495860506946352,5.6056311663885,5.35050136378664,5.34912927442211,13.9786728495185
42133,"York","Pennsylvania",551,"2021-07-25",5.47227067367148,424.291412978849,0.0449620754591499,6.01181557918128,5.7896686028329,5.78700520188553,15.4162630056902
44003,"Kent","Rhode Island",551,"2021-07-25",4.67815507874458,455.898806082055,0.051672434830216,5.27581728881228,5.04114949654706,5.03986212255609,13.4142542893028
44005,"Newport","Rhode Island",551,"2021-07-25",3.69953674858792,499.199782126804,0.0788090777827718,4.63399094401261,4.24524410422239,4.25120029306732,8.7952707995204
44007,"Providence","Rhode Island",551,"2021-07-25",5.87733554163021,375.195671872555,0.0344097576804077,6.2902526337951,6.12171683650099,6.11820384539306,20.1439134503005
44009,"Washington","Rhode Island",551,"2021-07-25",4.33073334028633,419.565657790313,0.0343439903725848,4.75438771608459,4.57881701618485,4.57114127289442,20.1824882036204
45003,"Aiken","South Carolina",551,"2021-07-25",5.51342874616498,477.320627826512,0.0806337989215334,6.50548427295257,6.07629395515091,6.07786533861571,8.59623619165535
45007,"Anderson","South Carolina",551,"2021-07-25",5.26932982967478,492.637126230169,0.0987452409778915,6.45427272140948,5.95800788833385,5.96054651652002,7.01955024561778
45011,"Barnwell","South Carolina",551,"2021-07-25",3.53888678443534,462.489484353529,0.0429105628268498,4.09840998227273,3.85269546891719,3.83926072422329,16.1532996748817
45013,"Beaufort","South Carolina",551,"2021-07-25",5.53169409414228,474.494624900527,0.0773605352946822,6.46002051767847,6.07420539771516,6.07321784120505,8.9599584325471
45015,"Berkeley","South Carolina",551,"2021-07-25",5.95472646396269,453.684374320814,0.064503992906428,6.72877437883982,6.41004115420869,6.40625441430769,10.74580269109
45019,"Charleston","South Carolina",551,"2021-07-25",6.53793306267937,454.177699929708,0.0712020180029736,7.39235727871506,7.03930933062308,7.03634718870019,9.73493729533055
45021,"Cherokee","South Carolina",551,"2021-07-25",4.21740465497933,497.535912527247,0.0862194582784977,5.2131808672045,4.8214877605217,4.82094086292881,8.03933583438913
45023,"Chester","South Carolina",551,"2021-07-25",4.12482757894718,492.241895937439,0.0769207494961612,5.05816264993872,4.665907935533,4.66327282542031,9.01118599467804
45025,"Chesterfield","South Carolina",551,"2021-07-25",4.10146202999096,506.547972345419,0.103072320057281,5.30327986200906,4.81620461648536,4.82296827039193,6.72486250600297
45027,"Clarendon","South Carolina",551,"2021-07-25",3.500827222611,511.960408218806,0.10284574636248,4.73497617896077,4.21919007380934,4.22074744714836,6.73967767336671
45029,"Colleton","South Carolina",551,"2021-07-25",4.17218704898604,480.912524310601,0.0639646549797523,4.93087378573242,4.62259110401133,4.61993963384431,10.836409276019
45031,"Darlington","South Carolina",551,"2021-07-25",4.18095903505887,505.345711744589,0.101569807680318,5.3480859316461,4.89009590534826,4.89194768882109,6.82434274899454
45033,"Dillon","South Carolina",551,"2021-07-25",4.04305126783455,464.410692803562,0.0494824620542222,4.63102934202867,4.39798453655911,4.38942850221411,14.0079363836101
45035,"Dorchester","South Carolina",551,"2021-07-25",6.1587933193158,446.037203179196,0.0616108543897209,6.89812357199245,6.59352604334554,6.59006930004385,11.2504068873226
45037,"Edgefield","South Carolina",551,"2021-07-25",3.24147565678544,512.520117509976,0.0954388024300641,4.3405455195079,3.91135047119196,3.90954727379589,7.26273971289478
45039,"Fairfield","South Carolina",551,"2021-07-25",3.70306408910589,496.372978756133,0.0751478879587551,4.63114048766592,4.23122205776104,4.22909930481718,9.22377460482161
45041,"Florence","South Carolina",551,"2021-07-25",5.21338175574225,454.283928946189,0.0568426197921574,5.89549319324814,5.61789294496912,5.61128009428735,12.1941455741204
45043,"Georgetown","South Carolina",551,"2021-07-25",4.460969837014,498.110082097963,0.0924189932867377,5.53496592053166,5.10879979876092,5.10790279002116,7.50005118979599
45045,"Greenville","South Carolina",551,"2021-07-25",6.46747687363534,459.204951772431,0.0745143531308164,7.36164911120514,6.98994444201036,6.98907734555105,9.30219684445311
45047,"Greenwood","South Carolina",551,"2021-07-25",3.86822038276975,444.041438914162,0.0382510597071259,4.35903572423255,4.15005849949895,4.13597780071963,18.1209928788147
45049,"Hampton","South Carolina",551,"2021-07-25",3.75118333745009,470.462817987103,0.0497317579411472,4.35337794671555,4.10793572529372,4.09930564303812,13.9377172506192
45051,"Horry","South Carolina",551,"2021-07-25",6.92250313561669,436.068037013052,0.0629707952766982,7.67815267893707,7.37025311842514,7.36329870255358,11.0074388851881
45053,"Jasper","South Carolina",551,"2021-07-25",3.6959969218828,493.70871793975,0.071059372773387,4.56849817799828,4.19471886530955,4.19341253129651,9.75447929677675
45055,"Kershaw","South Carolina",551,"2021-07-25",5.14915422823182,492.286952132266,0.0958641230136736,6.29952370439591,5.81676899135893,5.82020308932753,7.23051709825873
45057,"Lancaster","South Carolina",551,"2021-07-25",5.12566321515622,469.58885251306,0.0670800450422799,5.93062375566358,5.59833082523478,5.59522353045218,10.3331352881928
45059,"Laurens","South Carolina",551,"2021-07-25",4.07995582477,497.008337071461,0.0824066699525367,5.02611983680845,4.66137819974562,4.65680251443776,8.41129948533503
45061,"Lee","South Carolina",551,"2021-07-25",3.03082359336526,463.640056558595,0.0370892199791757,3.49973669952085,3.30663066837936,3.29044813321949,18.6886427093674
45063,"Lexington","South Carolina",551,"2021-07-25",6.59539011770416,460.718812793465,0.0771780335278687,7.50797072785682,7.13551748206976,7.13563635239924,8.98114591517355
45067,"Marion","South Carolina",551,"2021-07-25",3.67449071666184,509.614418020212,0.100143468026333,4.84549998192843,4.37269049162007,4.37549499284617,6.92154160646482
45069,"Marlboro","South Carolina",551,"2021-07-25",3.29053181377464,273.340742589812,0.012270418407937,3.49288819211565,3.39400021326783,3.3764247426302,56.4892864705892
45071,"Newberry","South Carolina",551,"2021-07-25",3.44771739729705,471.383277211447,0.0462589666230148,4.00680008847059,3.78074785860082,3.77153016365815,14.9840610623388
45073,"Oconee","South Carolina",551,"2021-07-25",4.85203026391962,465.139552490354,0.0600049890070275,5.57209013200395,5.27936611248527,5.27206518696881,11.551492501378
45075,"Orangeburg","South Carolina",551,"2021-07-25",4.70824237112791,492.19864540346,0.0872941258675705,5.74407173040697,5.32192427829954,5.3193012522009,7.94036452820988
45077,"Pickens","South Carolina",551,"2021-07-25",4.45931830897553,509.350536752324,0.121674859979248,5.91941662872652,5.30225075202062,5.31104232883027,5.69671648422823
45079,"Richland","South Carolina",551,"2021-07-25",6.80730333148881,425.174992423191,0.0563401854302503,7.48338555665181,7.20781997185114,7.20168462950056,12.3028913601654
45083,"Spartanburg","South Carolina",551,"2021-07-25",5.8857071272973,478.640407157348,0.0873774154342943,6.93423611250883,6.49637887524804,6.49734903533736,7.93279564421513
45085,"Sumter","South Carolina",551,"2021-07-25",5.45287612636463,472.981278027494,0.0746777809726367,6.34900949803627,5.97203906099852,5.97562059317309,9.28183954493676
45087,"Union","South Carolina",551,"2021-07-25",3.30636327899132,515.874690461316,0.108470064621654,4.56933504786823,4.05764880496818,4.0656537313429,6.39021635119014
45089,"Williamsburg","South Carolina",551,"2021-07-25",3.86223234092513,488.387294820645,0.0671154296325966,4.67208661599968,4.33721647854561,4.33204034835331,10.327687453606
45091,"York","South Carolina",551,"2021-07-25",6.42463746201944,413.71675623634,0.0485672809286248,7.00744483316294,6.775898451629,6.76460842851981,14.2718959617814
46099,"Minnehaha","South Dakota",551,"2021-07-25",4.29045944114839,486.090823606431,0.0712372799881576,5.12261413246648,4.74867148174415,4.78912040106549,9.73011856538
46103,"Pennington","South Dakota",551,"2021-07-25",4.51867815463465,339.476637092943,0.0220225212869077,4.81243541130732,4.67598984062553,4.672835803643,31.4744697725422
47001,"Anderson","Tennessee",551,"2021-07-25",4.21318523943662,505.170837260028,0.102263348845996,5.40248709851966,4.93365356064067,4.92902868135859,6.77806064813889
47003,"Bedford","Tennessee",551,"2021-07-25",3.68887945411394,461.022530129552,0.0435497544231965,4.22334499744092,4.01195968151522,3.99372773507632,15.9162132999479
47005,"Benton","Tennessee",551,"2021-07-25",3.07797037179096,509.575492085538,0.0846223575498079,4.09779602291111,3.67982860172131,3.67032687463962,8.19106440224104
47007,"Bledsoe","Tennessee",551,"2021-07-25",3.51367536508885,462.691556320774,0.0427834594683866,4.07762493714517,3.83443683561497,3.81315958136756,16.2012887497357
47009,"Blount","Tennessee",551,"2021-07-25",5.22343986761529,463.1270427907,0.0630294856550515,5.97979369547591,5.67471988027856,5.66464626720065,10.9971892259031
47011,"Bradley","Tennessee",551,"2021-07-25",4.88604341651054,480.497334652605,0.0745930473301704,5.78115998447258,5.41356373651793,5.40819474782173,9.29238320954868
47013,"Campbell","Tennessee",551,"2021-07-25",3.56751859710967,504.320612450289,0.0843678446462946,4.52881422950222,4.16275461166929,4.15809350963373,8.2157744276378
47015,"Cannon","Tennessee",551,"2021-07-25",3.2188758248682,496.324364970983,0.0649078542916636,4.00323313180925,3.68534047363454,3.67323080490985,10.6789415260176
47017,"Carroll","Tennessee",551,"2021-07-25",3.40119738166216,493.008659530068,0.0641238272993838,4.16749349224938,3.86038529406425,3.85006417275785,10.8095104386666
47019,"Carter","Tennessee",551,"2021-07-25",4.18531634042783,473.291581377608,0.0572573374310785,4.85017850831535,4.59664796346849,4.58611770244538,12.1058227933546
47021,"Cheatham","Tennessee",551,"2021-07-25",3.79066214842388,503.383201393779,0.0886155818640069,4.83989938803958,4.41550368612539,4.41097122147193,7.82195598087566
47023,"Chester","Tennessee",551,"2021-07-25",3.60704943586631,505.519339066551,0.0883741788016429,4.637935312961,4.22914342249296,4.22566868747781,7.84332244960062
47025,"Claiborne","Tennessee",551,"2021-07-25",3.71008166176454,477.079718926045,0.0542309072955278,4.38838026124969,4.10470820697548,4.08969801283323,12.7814048321686
47029,"Cocke","Tennessee",551,"2021-07-25",3.66356164612965,512.790534164488,0.10909981348117,4.93234429023769,4.42405658408725,4.42726034049784,6.35333057356305
47031,"Coffee","Tennessee",551,"2021-07-25",3.78743112784243,497.735720643915,0.0781724105608971,4.71100398798047,4.34242961556781,4.33463800176871,8.86690298516478
47033,"Crockett","Tennessee",551,"2021-07-25",3.6959969218828,514.442708827476,0.115566339455262,5.03375669739562,4.50008148444903,4.50496129806964,5.99782933185554
47035,"Cumberland","Tennessee",551,"2021-07-25",4.252568567437,510.618314645778,0.119210101836424,5.6483755362582,5.07619625388019,5.08703928029197,5.81450036433202
47037,"Davidson","Tennessee",551,"2021-07-25",6.750934370599,480.543306282153,0.103135890115366,7.98856505198339,7.47203406720485,7.47288560140656,6.72071749014435
47043,"Dickson","Tennessee",551,"2021-07-25",4.27666611901606,502.183011778743,0.0973998201578387,5.43656461450266,4.9579718031016,4.95846486012093,7.11651396724023
47045,"Dyer","Tennessee",551,"2021-07-25",3.83174217416734,513.766708094807,0.114128796038584,5.04829234996299,4.62660243501298,4.63064374643743,6.07337678674546
47047,"Fayette","Tennessee",551,"2021-07-25",4.69134788222914,480.483901537067,0.0714952071087074,5.54202951386632,5.19833405050835,5.19181433199009,9.69501605199948
47049,"Fentress","Tennessee",551,"2021-07-25",3.13549421592915,509.246098946349,0.0854394666892944,4.1655073050466,3.74155189040451,3.73357048275421,8.11272831419483
47051,"Franklin","Tennessee",551,"2021-07-25",4.80284939843637,497.88006064463,0.0989863813925999,5.95105524633067,5.49237141693322,5.49575406818457,7.0024499411771
47053,"Gibson","Tennessee",551,"2021-07-25",4.72231809936209,493.072108919501,0.0891654644354979,5.78932556301014,5.34666477843877,5.34647635041057,7.77371805270376
47055,"Giles","Tennessee",551,"2021-07-25",3.61861025826738,504.037396736122,0.0858297574471189,4.63159714935375,4.22552484401229,4.21941856039721,8.07583757867432
47057,"Grainger","Tennessee",551,"2021-07-25",3.33729357968267,490.925806187692,0.0605963219553626,4.06444944314702,3.77530238941754,3.76146783337021,11.4387665487444
47059,"Greene","Tennessee",551,"2021-07-25",4.3603651378927,490.880169351992,0.0789474182707652,5.29893734443119,4.91418020070199,4.91299706578806,8.77985874322914
47063,"Hamblen","Tennessee",551,"2021-07-25",4.52178857704904,487.214567616016,0.0766382467677151,5.42487143460316,5.06412548030255,5.05825630442305,9.04440289012383
47065,"Hamilton","Tennessee",551,"2021-07-25",6.67546286127059,449.792291823069,0.0693859461758935,7.50809421538131,7.16866352395833,7.16116448450185,9.98973450333611
47069,"Hardeman","Tennessee",551,"2021-07-25",3.31158522297247,517.45673819646,0.114572871670748,4.64515793173053,4.11233638081334,4.11359532466771,6.04983684577502
47071,"Hardin","Tennessee",551,"2021-07-25",3.64507683145554,515.845000672489,0.119783538560798,5.04947498747737,4.47618996445668,4.48356160138113,5.78666475283769
47073,"Hawkins","Tennessee",551,"2021-07-25",4.38202663467388,478.161064886513,0.0645945669303807,5.15716143783845,4.8437233929339,4.83418860318655,10.7307350060418
47075,"Haywood","Tennessee",551,"2021-07-25",3.41538201665411,516.988726122461,0.115618235768803,4.74165113235226,4.2260598092556,4.22470966703573,5.9951371507346
47077,"Henderson","Tennessee",551,"2021-07-25",3.36729582998647,522.623992724427,0.13793368740429,4.87954312916078,4.26954713853555,4.3328316418165,5.02522040557285
47079,"Henry","Tennessee",551,"2021-07-25",4.40845989174204,483.091180241069,0.0702140146943735,5.25964897129178,4.90551753940867,4.89995799460265,9.87192063546097
47085,"Humphreys","Tennessee",551,"2021-07-25",3.71705033108063,494.422872575349,0.0720586526065194,4.58128213881332,4.22898103079522,4.22146089932627,9.61920817954947
47089,"Jefferson","Tennessee",551,"2021-07-25",4.20469261939097,497.470944541709,0.0861804285745223,5.21641994060653,4.80964136964462,4.80795561941263,8.04297671785844
47093,"Knox","Tennessee",551,"2021-07-25",6.20108854833468,484.321442365246,0.10053880612864,7.40755422187836,6.90077830514709,6.90486019123516,6.89432476125745
47099,"Lawrence","Tennessee",551,"2021-07-25",4.07024701064304,509.236541259306,0.109978037502801,5.36290949415034,4.83927599902167,4.84009327316264,6.30259637559266
47103,"Lincoln","Tennessee",551,"2021-07-25",3.77767495289707,496.666194478882,0.076550194451448,4.69511473908888,4.31898058682492,4.31352631405721,9.05480626831816
47105,"Loudon","Tennessee",551,"2021-07-25",4.06535702534885,505.939227096739,0.100600317635094,5.23733029039657,4.77239539766371,4.76955924879451,6.89010926460675
47107,"McMinn","Tennessee",551,"2021-07-25",4.13173209429372,499.187299424365,0.0876514396826458,5.15501787707881,4.74926279571243,4.74529217207224,7.90799538569567
47109,"McNairy","Tennessee",551,"2021-07-25",3.53472877428668,507.258507978221,0.0911966121466161,4.62745216765076,4.17729029446998,4.17310505931299,7.60058037513036
47113,"Madison","Tennessee",551,"2021-07-25",5.10681090017701,481.997856599931,0.0797912480564129,6.06430587685396,5.66970117702673,5.6653496365719,8.68700762857959
47115,"Marion","Tennessee",551,"2021-07-25",4.13173209429372,485.80677979232,0.0686411539379074,4.9554259415486,4.61448625685211,4.61222017185907,10.0981283209045
47117,"Marshall","Tennessee",551,"2021-07-25",4.59511985013459,464.680991095757,0.0565073272787372,5.27320777747944,5.0014140251116,4.99067114108575,12.2665008936065
47119,"Maury","Tennessee",551,"2021-07-25",5.04526673806589,484.975090761355,0.0826755303860555,6.03737310269855,5.62424887334835,5.62399545076828,8.38394597921872
47123,"Monroe","Tennessee",551,"2021-07-25",3.90629233071916,500.115703742175,0.0844885551527426,4.8905605568569,4.50143941529664,4.49771221678836,8.20403638465398
47125,"Montgomery","Tennessee",551,"2021-07-25",5.76474317444589,459.826744612619,0.0663922635884186,6.5179446490121,6.23587251108893,6.22948901956482,10.4401799712227
47129,"Morgan","Tennessee",551,"2021-07-25",3.65251180994306,516.106496216407,0.120831353557499,5.06204876743776,4.48457248443029,4.49833128484555,5.73648444838538
47131,"Obion","Tennessee",551,"2021-07-25",3.11033565629299,510.936029164578,0.088789521850828,4.17878746687842,3.74113976817188,3.73186230924879,7.80663265339436
47141,"Putnam","Tennessee",551,"2021-07-25",4.24235397402728,514.797460027623,0.135961815217061,5.87389575663202,5.17006289291188,5.19408668054671,5.09810184170715
47143,"Rhea","Tennessee",551,"2021-07-25",3.58747933967221,513.548226061125,0.110084377905498,4.89344588085686,4.35971489167007,4.35806998501069,6.2965081308356
47145,"Roane","Tennessee",551,"2021-07-25",4.03044076024262,506.596391848714,0.101490124125806,5.21695857178829,4.74374662573078,4.74087162912326,6.82970078646003
47147,"Robertson","Tennessee",551,"2021-07-25",4.83514747688087,461.322109765548,0.0572852157460567,5.5382137999542,5.24933853491499,5.23614398710327,12.0999313964818
47149,"Rutherford","Tennessee",551,"2021-07-25",6.1587933193158,485.397835052607,0.101626622162131,7.37831278526137,6.86442965123983,6.87017967445071,6.82052759221032
47153,"Sequatchie","Tennessee",551,"2021-07-25",3.48343547989913,510.13359804178,0.0978375843548657,4.68313313935129,4.16950931904899,4.16829857038319,7.08467185826909
47155,"Sevier","Tennessee",551,"2021-07-25",5.26712151077956,474.773774114903,0.0739491871895133,6.15451175705372,5.7877199231676,5.78476582110615,9.37329005095867
47157,"Shelby","Tennessee",551,"2021-07-25",7.87321705486274,439.296733239503,0.073786091971624,8.75865015852223,8.39494803282909,8.38971969866411,9.39400857314018
47163,"Sullivan","Tennessee",551,"2021-07-25",5.27153328264122,462.932183963522,0.0634605980290404,6.0330604589897,5.72572131951956,5.7157574688445,10.9224810683749
47165,"Sumner","Tennessee",551,"2021-07-25",6.22851100359118,448.70478366087,0.0640166211448796,6.99671045732973,6.68562140971602,6.67662735160534,10.8276127068819
47167,"Tipton","Tennessee",551,"2021-07-25",5.21104621556032,488.161429755171,0.0899468672758231,6.28176060854484,5.83927815274899,5.84067428649108,7.70618479056532
47177,"Warren","Tennessee",551,"2021-07-25",3.12299405316492,514.958148279116,0.100294055672391,4.31684187273717,3.83317603874439,3.82505244287166,6.91114917940999
47179,"Washington","Tennessee",551,"2021-07-25",4.93550115458722,495.346064557501,0.0969793907013598,6.07614048425592,5.61211703256236,5.61435688949674,7.14736580161073
47181,"Wayne","Tennessee",551,"2021-07-25",3.0513021247088,501.318313994789,0.0683259266917893,3.87282872275903,3.5423396870883,3.52958361155132,10.1447168610922
47183,"Weakley","Tennessee",551,"2021-07-25",3.65251180994306,509.448144644684,0.0994320053966286,4.82760834370614,4.35080410466244,4.34853584771946,6.97106709047073
47187,"Williamson","Tennessee",551,"2021-07-25",5.99075000617011,469.977440596007,0.0788022667631397,6.93637720732779,6.5454643499262,6.54236587351209,8.79603099036955
47189,"Wilson","Tennessee",551,"2021-07-25",5.36597601502185,473.658430474343,0.0741755542519538,6.25608266604529,5.88814397921578,5.88520489478553,9.34468488372216
48003,"Andrews","Texas",551,"2021-07-25",3.21314515015922,487.382830141364,0.0550067307596952,3.88441964942563,3.60613148537879,3.59819226547709,12.6011339155577
48005,"Angelina","Texas",551,"2021-07-25",5.03137119257543,495.713274610358,0.100053665327983,6.23201517651122,5.72353362423426,5.73174684987131,6.92775400369151
48007,"Aransas","Texas",551,"2021-07-25",4.56434819146784,435.166269800587,0.0411819414834784,5.05853148926958,4.85589167731342,4.85262178185219,16.8313380960445
48013,"Atascosa","Texas",551,"2021-07-25",5.15329159449778,500.954231671504,0.113441915521379,6.47138123157338,5.93610408614077,5.94738500314744,6.11015053275712
48015,"Austin","Texas",551,"2021-07-25",4.13402304604028,446.998027984596,0.0418029944451205,4.64021481955735,4.43351912054166,4.42664400715612,16.5812805939038
48019,"Bandera","Texas",551,"2021-07-25",3.77111755235091,449.910812173491,0.0394276092503615,4.26169826181252,4.0564860812874,4.04711081710344,17.580248808862
48021,"Bastrop","Texas",551,"2021-07-25",5.60159153375965,428.756769261458,0.0477775262458559,6.17492184870992,5.93794451879495,5.93603421748064,14.5078080642584
48025,"Bee","Texas",551,"2021-07-25",4.07268306544092,507.193831420146,0.10418892645371,5.29344016156125,4.79296311062894,4.80200555061689,6.65279127209264
48027,"Bell","Texas",551,"2021-07-25",7.02375895473844,447.346129369145,0.0711959795375907,7.87811070918953,7.52733702017201,7.52213081150158,9.73576296108085
48029,"Bexar","Texas",551,"2021-07-25",8.59872051079397,363.842140072383,0.0472047734542489,9.16517779224496,8.93676818051368,8.92915392497371,14.6838366088494
48035,"Bosque","Texas",551,"2021-07-25",3.46573590279973,481.156940998968,0.0534295829650026,4.10569259618021,3.84281868037413,3.83974298355475,12.9730973384907
48037,"Bowie","Texas",551,"2021-07-25",5.67773179745626,731.139671312414,-0.0309022774286812,5.3504101568069,5.45751618295213,5.46141585545549,-22.4302944066063
48039,"Brazoria","Texas",551,"2021-07-25",7.0338843418399,404.713751198869,0.0497846351044433,7.63129996309322,7.3902421971095,7.382376787571,13.9229137485047
48041,"Brazos","Texas",551,"2021-07-25",6.02310163205117,430.072861189654,0.0519559241594396,6.64657272196444,6.39236081843749,6.38679310116725,13.3410615203928
48047,"Brooks","Texas",551,"2021-07-25",3.07136968775961,501.585172367918,0.0687758170553906,3.87997586443543,3.56012344498907,3.55280040714734,10.0783561757136
48049,"Brown","Texas",551,"2021-07-25",4.65667774313402,508.901639096233,0.124096353045743,6.0929275286812,5.50676512968816,5.52535221445422,5.58555641280165
48051,"Burleson","Texas",551,"2021-07-25",3.38196601973427,491.324750494734,0.0611178741247203,4.07504950649718,3.81089100300577,3.80979113860731,11.3411533121305
48053,"Burnet","Texas",551,"2021-07-25",5.03602452810108,451.312533930591,0.0530163666365668,5.65618181666207,5.40969258963667,5.40713909455705,13.0742113149991
48055,"Caldwell","Texas",551,"2021-07-25",4.61370508843793,475.693402411556,0.0654904749656535,5.3902981688741,5.0717674905216,5.0721384131975,10.5839388235231
48057,"Calhoun","Texas",551,"2021-07-25",3.96217278911362,504.880145195811,0.0951670043357104,5.05525745246259,4.62656687860707,4.62834181946359,7.28348218374937
48061,"Cameron","Texas",551,"2021-07-25",7.14056623569849,396.449855608737,0.0477469698525792,7.71352987392944,7.47928825868982,7.47479502466654,14.517092554775
48067,"Cass","Texas",551,"2021-07-25",5.02763287046483,70.529005491389,0.0105906123651058,5.16261634207331,5.11048335459132,5.10176715702057,65.4492069640604
48071,"Chambers","Texas",551,"2021-07-25",5.36597601502185,466.281268585998,0.0673113573164479,6.17371230281922,5.83537863227002,5.83715551623698,10.2976259608209
48073,"Cherokee","Texas",551,"2021-07-25",4.46590811865458,491.135189502983,0.0808773685454184,5.40784992128678,5.02904558303723,5.03204969847251,8.57034783680794
48083,"Coleman","Texas",551,"2021-07-25",3.19575340744735,494.192799231434,0.061881899593967,3.94851079133249,3.63054941268089,3.62892670460512,11.2011296535493
48085,"Collin","Texas",551,"2021-07-25",7.39948545391374,424.553609796489,0.0609279982839688,8.13062143332137,7.82909298953342,7.82598144190152,11.3764968500914
48089,"Colorado","Texas",551,"2021-07-25",3.84710345932883,469.537102053861,0.0505696431115161,4.47353717774671,4.20485018637697,4.20109096110944,13.706784108233
48091,"Comal","Texas",551,"2021-07-25",6.50214730352606,392.25825754067,0.0422926604025326,7.00965922835645,6.80537430420739,6.79819592634379,16.3893019252683
48097,"Cooke","Texas",551,"2021-07-25",3.17208366336144,516.947859678336,0.108760942075013,4.46486945557977,3.93481268164104,3.93341025788653,6.37312593414169
48099,"Coryell","Texas",551,"2021-07-25",5.04618627836057,510.873923731217,0.141532452065818,6.66986913056165,5.97869389494203,6.03691344282129,4.89744345160929
48103,"Crane","Texas",551,"2021-07-25",3.07136968775961,505.983490768821,0.0762914522308932,3.96841502922828,3.60606389140114,3.60540985337586,9.0855156153295
48113,"Dallas","Texas",551,"2021-07-25",8.45674533968934,404.122924567831,0.0596061436559035,9.17201906356018,8.87696262904531,8.87398834528066,11.6287875384351
48121,"Denton","Texas",551,"2021-07-25",7.32749891438785,430.380401664713,0.0633759243233033,8.08801000626749,7.77273677323892,7.77113038465097,10.9370741012621
48127,"Dimmit","Texas",551,"2021-07-25",5.55406639189681,419.124544382134,0.043775735541987,6.07937521840065,5.86363463050088,5.86049654069072,15.834049890381
48131,"Duval","Texas",551,"2021-07-25",3.67810735713203,517.325590438247,0.124971473976932,5.0831409160737,4.50918275811784,4.55290767497055,5.54644318821024
48135,"Ector","Texas",551,"2021-07-25",6.0217165902785,458.6987301965,0.0689762772504038,6.84943191728335,6.50727742274053,6.50455053103133,10.0490662614861
48139,"Ellis","Texas",551,"2021-07-25",4.91998092582813,514.437588954867,0.154338082323464,6.72333898209228,5.96839369537678,6.00034750209238,4.49109623577697
48141,"El Paso","Texas",551,"2021-07-25",6.70055537806506,401.275643651421,0.0462987402198306,7.25614026070302,7.03260995911167,7.02464655960387,14.9711887897774
48143,"Erath","Texas",551,"2021-07-25",4.05797691805123,416.236694037768,0.0312721449870606,4.43324265789596,4.28568122209566,4.27688193296065,22.1650027795262
48147,"Fannin","Texas",551,"2021-07-25",3.48343547989913,467.987575860531,0.0447009496540421,4.0236408396967,3.80076917799353,3.79634212747742,15.5063189020475
48149,"Fayette","Texas",551,"2021-07-25",4.01251454397447,498.864480241611,0.0847847671783499,5.01379127468574,4.6044857778469,4.60600791422292,8.17537399261671
48157,"Fort Bend","Texas",551,"2021-07-25",7.16250823319549,440.110150327975,0.0676411219335951,7.97420169639863,7.63725888295793,7.63599608673066,10.2474228804251
48161,"Freestone","Texas",551,"2021-07-25",3.38680864421006,515.064581242968,0.108875654051678,4.67462179915457,4.1291017704349,4.1489382225718,6.36641117426438
48163,"Frio","Texas",551,"2021-07-25",4.62357127135898,462.591943757715,0.0554331497418949,5.28876906826172,5.01964784705,5.01160331955224,12.5041998116171
48167,"Galveston","Texas",551,"2021-07-25",7.24982407053151,422.596702029539,0.0587490301293802,7.95481243208408,7.66496519894069,7.66106728143717,11.7984446557409
48171,"Gillespie","Texas",551,"2021-07-25",4.30983989269805,504.568138959018,0.104091648446977,5.56181049534562,5.03529133443815,5.03848143182689,6.65900858427679
48177,"Gonzales","Texas",551,"2021-07-25",3.56347818757266,515.000575867922,0.112493362102156,4.83714978907407,4.34310847757844,4.35093172228775,6.16167183207214
48181,"Grayson","Texas",551,"2021-07-25",5.66444746925752,483.466793635119,0.0905830325764122,6.75144386017447,6.30061336375762,6.29852869729241,7.65206419839426
48183,"Gregg","Texas",551,"2021-07-25",5.68745950062427,455.019380971645,0.0625128687995815,6.43761392621925,6.12823780671354,6.12504958222134,11.0880718461698
48185,"Grimes","Texas",551,"2021-07-25",3.76120011569356,509.470822053508,0.10231235142147,4.96513430825658,4.46730004191829,4.47738657564385,6.77481429103865
48187,"Guadalupe","Texas",551,"2021-07-25",6.41299046336633,424.478244361379,0.0527723651593479,7.04625884527851,6.78791272072245,6.78239701948177,13.1346620237119
48189,"Hale","Texas",551,"2021-07-25",3.69244452027843,488.196903157369,0.0638797006037778,4.45900092752376,4.14485728176113,4.13960242450487,10.8508207460032
48193,"Hamilton","Texas",551,"2021-07-25",3.46573590279973,426.112251171491,0.0290874545391326,3.83627889831779,3.67586121707425,3.66934808457366,23.8297641214162
48199,"Hardin","Texas",551,"2021-07-25",5.46201417350429,463.155813363186,0.0659311702515663,6.25318821652308,5.92172604827733,5.92353236526525,10.5131939553807
48201,"Harris","Texas",551,"2021-07-25",8.91796157286548,443.737455643279,0.0872065293208146,9.96443992471526,9.51666283643677,9.52840727811118,7.9483404047649
48203,"Harrison","Texas",551,"2021-07-25",5.09375020080676,688.073515031792,-0.0358529188192951,4.66351517497522,4.8371406288489,4.84277976907169,-19.3330753363074
48209,"Hays","Texas",551,"2021-07-25",6.53129403414456,446.44163469773,0.0656026644703823,7.31852600778915,6.99163233652727,6.99051268543724,10.5658388444402
48213,"Henderson","Texas",551,"2021-07-25",4.72865124275911,461.305429398532,0.0559935624701187,5.4142734794946,5.12211155723599,5.12060618004994,12.3790512691499
48215,"Hidalgo","Texas",551,"2021-07-25",7.69945413327058,399.940757880926,0.0527145973206792,8.33202930111873,8.07154544744415,8.06845631451533,13.1490557794327
48217,"Hill","Texas",551,"2021-07-25",3.79066214842388,506.665952583423,0.0966421187987751,4.96103110885478,4.46201640450414,4.46715698001531,7.17230943583918
48219,"Hockley","Texas",551,"2021-07-25",4.16777203077692,506.86171337078,0.104838534189272,5.36126301115833,4.88675955176544,4.90164177010183,6.61156878928275
48221,"Hood","Texas",551,"2021-07-25",5.25302109163286,373.059047716814,0.0303746511296595,5.61751690518877,5.47943917186723,5.46564364954048,22.8199223622726
48223,"Hopkins","Texas",551,"2021-07-25",5.55903191934086,644.943586345625,-0.0561838530889946,4.88482568227293,5.2000063050867,5.1657449477179,-12.3371243239941
48225,"Houston","Texas",551,"2021-07-25",4.55387689160054,603.72265240923,-0.0813214117297272,3.71823064194616,4.06152960297761,3.98462700949245,-8.5235507576237
48227,"Howard","Texas",551,"2021-07-25",3.53888678443534,425.82575081366,0.0297688164607889,3.93467096487075,3.76030052376613,3.74726849966086,23.2843378732557
48231,"Hunt","Texas",551,"2021-07-25",5.10247625966657,476.473966184438,0.0733894338515323,5.98314946588496,5.6138115730587,5.6162022966273,9.44478168290807
48233,"Hutchinson","Texas",551,"2021-07-25",3.630038954091,488.830147405784,0.0640725447376345,4.43188847483852,4.08009895501075,4.07854676725444,10.8181621847276
48239,"Jackson","Texas",551,"2021-07-25",3.29583686600433,450.094830820222,0.0340607794287623,3.67533416665569,3.54151184398377,3.53426232200567,20.350302963843
48241,"Jasper","Texas",551,"2021-07-25",4.23823874188217,502.247450918656,0.0962862302540414,5.368202778096,4.90659860335346,4.91224235366046,7.19881938186953
48245,"Jefferson","Texas",551,"2021-07-25",6.26720054854136,482.654887260186,0.0989373967062536,7.4544493090164,6.94726677204929,6.95976232548514,7.00591690943626
48249,"Jim Wells","Texas",551,"2021-07-25",4.72231809936209,492.606862465625,0.0883885122267966,5.78000213650573,5.34044916076916,5.34103768494967,7.84205054590573
48251,"Johnson","Texas",551,"2021-07-25",5.48716519984327,371.08385644895,0.0313702617062434,5.86360834031819,5.72203156597579,5.70675703178697,22.0956773344991
48255,"Karnes","Texas",551,"2021-07-25",5.54573532454982,389.118739000735,0.03534989003292,5.96993400494486,5.79449826092365,5.79318455478026,19.6081849169671
48257,"Kaufman","Texas",551,"2021-07-25",5.57972982598622,424.641574896881,0.0459772761655821,6.13145713997321,5.90627670355548,5.90157075914529,15.0758643914366
48259,"Kendall","Texas",551,"2021-07-25",4.82258306259331,491.555793100008,0.0894729168001061,5.94495699581199,5.44947237118992,5.44889348019405,7.74700552244792
48265,"Kerr","Texas",551,"2021-07-25",4.80050197951807,487.051199663204,0.0814351089774687,5.77772328724769,5.37633704361031,5.37054774236035,8.5116504326374
48273,"Kleberg","Texas",551,"2021-07-25",4.30791866252016,508.550453605372,0.114401711971321,5.65711276375074,5.08740074475661,5.10873064631941,6.05888818109388
48277,"Lamar","Texas",551,"2021-07-25",4.61228765375696,496.045332010786,0.0918793776949525,5.6923563401464,5.25371317619427,5.25544329762163,7.54409964400558
48279,"Lamb","Texas",551,"2021-07-25",3.34739467566918,499.565189223269,0.0720880438549477,4.21245120192855,3.85654087549747,3.85201098265381,9.61528630121612
48281,"Lampasas","Texas",551,"2021-07-25",4.38559170083838,479.708388618548,0.0661560582017386,5.17946439925924,4.84863952929631,4.84868410825055,10.4774558732964
48285,"Lavaca","Texas",551,"2021-07-25",3.76782265645406,501.518099506668,0.0842380432684787,4.7579247776432,4.35920597891388,4.35748895933341,8.22843401467418
48287,"Lee","Texas",551,"2021-07-25",3.3770998300831,481.184234590049,0.0519510534704948,3.99065993618937,3.7426978372724,3.74075720437656,13.3423123162192
48289,"Leon","Texas",551,"2021-07-25",3.30111392310517,502.883139731732,0.0765620201138491,4.21985816447136,3.83707000689363,3.83704806390211,9.05340767562328
48291,"Liberty","Texas",551,"2021-07-25",5.09375020080676,395.771567320644,0.0339066986851867,5.500630585029,5.33384862250846,5.33109709160307,20.442779964974
48293,"Limestone","Texas",551,"2021-07-25",4.20682254564879,486.439869232524,0.0707313426072595,5.06154412633463,4.70215950217921,4.70194194389961,9.79971756521987
48299,"Llano","Texas",551,"2021-07-25",3.89182029811063,464.998100018247,0.0482122771124604,4.48383337390562,4.23280167622851,4.22930623789785,14.376984910775
48303,"Lubbock","Texas",551,"2021-07-25",6.38519439899773,469.702814453825,0.0836884657446954,7.38945598793408,6.96950684167634,6.9710136592106,8.28246968554183
48309,"McLennan","Texas",551,"2021-07-25",6.0564493971974,499.94180384599,0.131495583911834,7.6343964041394,6.94163376890932,6.97691848458024,5.27125824259384
48315,"Marion","Texas",551,"2021-07-25",3.34739467566918,646.667970071228,-0.0339417526387575,3.00954630713838,3.10067582367884,3.10980240719788,-20.4216673174517
48321,"Matagorda","Texas",551,"2021-07-25",4.14086457785699,270.333502745859,0.0151019093745889,4.34431337163748,4.25940453901657,4.24657794347911,45.8979830541337
48323,"Maverick","Texas",551,"2021-07-25",5.10073712879344,507.456861091958,0.132338394674159,6.68879786488335,6.00949133996067,6.02710589151255,5.23768768894772
48325,"Medina","Texas",551,"2021-07-25",5.25077642177904,505.499340159716,0.129646688288182,6.80653668123723,6.13529625452483,6.15830323979632,5.34643182723803
48329,"Midland","Texas",551,"2021-07-25",7.53476265703754,327.291189814749,0.034451116306908,7.94817605272043,7.79924458783536,7.7759204711859,20.1197306463175
48331,"Milam","Texas",551,"2021-07-25",3.88890058800729,507.683017219359,0.101223014024688,5.09323665368477,4.58745906509458,4.59746168618011,6.84772319060651
48337,"Montague","Texas",551,"2021-07-25",3.24147565678544,460.369955283639,0.0379717722431155,3.70718582205485,3.51115562338739,3.50727806248725,18.2542752053301
48339,"Montgomery","Texas",551,"2021-07-25",7.2868764117507,440.293636043099,0.0689350776905136,8.11409734403686,7.76798031068743,7.76942195558429,10.0550721603862
48341,"Moore","Texas",551,"2021-07-25",3.75118333745009,509.855015499786,0.102755366850252,4.94715554431916,4.46338144414695,4.47047090540185,6.74560562437667
48343,"Morris","Texas",551,"2021-07-25",4.01509519056796,453.88962095478,0.0437532286866058,4.55516522301471,4.31761868607581,4.3213677913742,15.8421949960493
48347,"Nacogdoches","Texas",551,"2021-07-25",4.72738781871234,601.272121148596,-0.0855293359558789,3.70103578724179,4.21998132944316,4.12868246702119,-8.10420392971964
48349,"Navarro","Texas",551,"2021-07-25",4.42056029867613,493.94344035854,0.0842731038614112,5.39824510366943,5.00867052079617,5.01047202570601,8.22501069498804
48355,"Nueces","Texas",551,"2021-07-25",6.92179905898408,446.825186452265,0.0697939205668632,7.75932610578644,7.40908267442051,7.41035650295212,9.93134036503801
48361,"Orange","Texas",551,"2021-07-25",5.36263264848388,482.016044902611,0.0838121469721829,6.36837841215008,5.94276386512556,5.94931767728916,8.27024728038526
48363,"Palo Pinto","Texas",551,"2021-07-25",3.80666248977032,392.185722802807,0.0249094910294579,4.13034925039953,3.98993807665954,3.98102892697653,27.8266296063709
48365,"Panola","Texas",551,"2021-07-25",4.13630876132113,632.574271353388,-0.0483900274548517,3.60865103821599,3.80036767430253,3.79757856913717,-14.3241741535827
48367,"Parker","Texas",551,"2021-07-25",6.08221891037645,350.775571945528,0.0311550094985007,6.45607902435846,6.314021466063,6.30030397686595,22.2483379628981
48373,"Polk","Texas",551,"2021-07-25",4.96484063890662,497.777273971521,0.102956449122652,6.20031802837845,5.67568185690083,5.68553578276518,6.73243091099812
48375,"Potter","Texas",551,"2021-07-25",5.57703076901706,476.304044688753,0.0800194321766769,6.53726395513718,6.13439198902078,6.1371667942538,8.66223568082224
48379,"Rains","Texas",551,"2021-07-25",3.61861025826738,459.494670775851,0.0421587971127494,4.15286618928547,3.91282114570893,3.91372183805663,16.4413415000004
48381,"Randall","Texas",551,"2021-07-25",5.758451018855,460.217301905307,0.0671283504337714,6.56399122406025,6.22979647829097,6.2283494718914,10.3256995901277
48387,"Red River","Texas",551,"2021-07-25",3.55942138687705,591.827238445873,-0.080274241308365,2.71545590179959,3.07137813623739,2.9975016977185,-8.63473972799436
48389,"Reeves","Texas",551,"2021-07-25",5.00106584308011,730.774146372575,-0.0270658311309205,4.67627586950907,4.81110622141747,4.81160502516367,-25.6096765403993
48395,"Robertson","Texas",551,"2021-07-25",4.27666611901606,445.330934529531,0.0426182705754,4.80176071769789,4.57505266920046,4.57499401304386,16.2640851259704
48397,"Rockwall","Texas",551,"2021-07-25",5.85384316923194,443.951218723133,0.0573631854882223,6.54220139509061,6.26059217354335,6.2553854676495,12.0834848110425
48401,"Rusk","Texas",551,"2021-07-25",5.28029886104536,482.245299482227,0.0828221106547796,6.27416418890271,5.84836524664984,5.86005363562882,8.36910789981111
48407,"San Jacinto","Texas",551,"2021-07-25",4.11321304652649,487.995526412809,0.0707485730145342,4.95271661092739,4.60401471574815,4.60845305762823,9.79733090047695
48409,"San Patricio","Texas",551,"2021-07-25",4.88171908544754,500.097324367763,0.106349336246953,6.15791112041098,5.61662493597648,5.62616443917621,6.51764463250052
48419,"Shelby","Texas",551,"2021-07-25",4.69657665231195,598.75036131112,-0.0890340186413456,3.6281684286158,4.17700228796122,4.07333852182253,-7.78519481808565
48423,"Smith","Texas",551,"2021-07-25",6.09582456243223,447.400699945063,0.061824217403529,6.83771517127458,6.5304168768648,6.52859408425693,11.2115803429544
48427,"Starr","Texas",551,"2021-07-25",4.78271846402939,500.765112203056,0.105637804530546,6.04616788942123,5.52591003643807,5.52218309574321,6.56154473902871
48439,"Tarrant","Texas",551,"2021-07-25",8.52362957623693,422.897359325572,0.0692400222248645,9.3545098429353,9.00841695987116,9.00830973181098,10.0107879559726
48441,"Taylor","Texas",551,"2021-07-25",5.37063802812766,502.549627189389,0.123603957359282,6.85388551643904,6.22451345443081,6.23586572964264,5.60780734993103
48449,"Titus","Texas",551,"2021-07-25",5.02575845567047,606.528976009125,-0.0830306208205602,4.02939100582374,4.52871188432573,4.44454410992655,-8.34809102605561
48451,"Tom Green","Texas",551,"2021-07-25",5.78733549747448,488.368671143828,0.100419955818087,6.99237496729153,6.48645338714234,6.49027518820109,6.90248442068223
48453,"Travis","Texas",551,"2021-07-25",7.53917901996075,441.556024949143,0.0721839533232021,8.40538645983917,8.04304516054103,8.04446669322316,9.60251065020496
48455,"Trinity","Texas",551,"2021-07-25",3.69953674858792,454.598597370424,0.040343993405906,4.17162550584904,3.97896061907164,3.98194470242926,17.1809263794514
48457,"Tyler","Texas",551,"2021-07-25",3.69244452027843,510.378895206908,0.102382018893466,4.87554485065407,4.39460691995466,4.40911865253269,6.77020426097672
48459,"Upshur","Texas",551,"2021-07-25",4.39268392914787,476.192454741113,0.0629002781792608,5.14571735394644,4.82828050823708,4.8329858764027,11.0197792541478
48463,"Uvalde","Texas",551,"2021-07-25",5.36062124988419,487.196994394577,0.0911623682274805,6.45456966861396,5.98455968004621,5.99875782747655,7.60343543105761
48465,"Val Verde","Texas",551,"2021-07-25",4.58350868920691,501.010170922288,0.100894844306722,5.74997993186247,5.29096808343759,5.28977259935396,6.86999603718867
48467,"Van Zandt","Texas",551,"2021-07-25",5.15329159449778,427.032674749403,0.0433168652286897,5.67309397724205,5.4576617544721,5.45650965109861,16.0017853762155
48469,"Victoria","Texas",551,"2021-07-25",5.45471042831582,467.473470289605,0.0694632813704203,6.28826980476086,5.94020131375245,5.94095339790876,9.97861268406922
48471,"Walker","Texas",551,"2021-07-25",3.06472514504094,476.989558076745,0.044760735162627,3.62608693633419,3.38198903182171,3.37805029117933,15.4856075987485
48473,"Waller","Texas",551,"2021-07-25",4.63334106295479,345.267474259756,0.0231937901128909,4.93407355220438,4.81332033880846,4.79569759374503,29.8850328982973
48477,"Washington","Texas",551,"2021-07-25",4.58933112195835,456.807900988635,0.0514544581059087,5.20678461922925,4.95036075142721,4.94951232869971,13.471081147784
48479,"Webb","Texas",551,"2021-07-25",6.73967469362138,384.7795325632,0.0418040885302816,7.24132375598476,7.04756247483141,7.03230331333335,16.5808466331672
48481,"Wharton","Texas",551,"2021-07-25",4.12713438504509,383.199194971365,0.02564684438528,4.48308904499107,4.32072152495494,4.30666229574205,27.0266068662146
48485,"Wichita","Texas",551,"2021-07-25",5.54685015186706,465.297717618877,0.0687322587194204,6.37163725650011,6.03168676123294,6.027975962903,10.0847432264596
48489,"Willacy","Texas",551,"2021-07-25",5.34506462908767,394.785360550329,0.035347534131222,5.76923503866233,5.60369747151506,5.59249736800622,19.6094917961391
48491,"Williamson","Texas",551,"2021-07-25",7.47038692281226,437.179403906241,0.0686486491617435,8.29417071275318,7.95320743042187,7.95092746694446,10.097025783083
48493,"Wilson","Texas",551,"2021-07-25",5.13074366638864,469.487842449581,0.0669465577341346,5.92558426562197,5.60087630016813,5.59936957052758,10.3537389228083
48497,"Wise","Texas",551,"2021-07-25",5.42179842331906,378.792664570723,0.0324256014809368,5.8109056410903,5.6556263933769,5.64877763368562,21.376540415679
48499,"Wood","Texas",551,"2021-07-25",4.68213122712422,432.592185201915,0.0414741586180074,5.20118360287348,4.97618416808543,4.97245033745027,16.7127484596877
48505,"Zapata","Texas",551,"2021-07-25",3.12299405316492,467.088547178416,0.0398106304810781,3.61924225477803,3.41600001171255,3.40166846653247,17.4111078418966
48507,"Zavala","Texas",551,"2021-07-25",3.34739467566918,462.882765309015,0.0405573300371498,3.85770107958331,3.64123868014677,3.63129598592923,17.090552556715
49003,"Box Elder","Utah",551,"2021-07-25",5.06980227143192,387.905927259671,0.0320682627979298,5.45462142500708,5.29257063048452,5.29428011101743,21.6147405591516
49005,"Cache","Utah",551,"2021-07-25",5.64038615809741,348.409283169412,0.0285458054334274,5.98293582329854,5.83992919602685,5.8402067961314,24.281927590954
49007,"Carbon","Utah",551,"2021-07-25",4.70695288029804,1208.07337569742,-0.00710941272232823,4.6216399276301,4.66034724515686,4.65718699124174,-97.4971080780002
49011,"Davis","Utah",551,"2021-07-25",7.04128667160666,185.147361363118,0.0195129144633806,7.27544164516723,7.18265698771164,7.17787707285032,35.5224834230047
49013,"Duchesne","Utah",551,"2021-07-25",4.25053397873921,426.447628107847,0.0355537402685207,4.67717886196146,4.4954987586784,4.49941016061885,19.4957598082489
49021,"Iron","Utah",551,"2021-07-25",5.53169409414228,284.732040493051,0.0211724931927412,5.78576401245517,5.68511018869519,5.67990154649147,32.7380991104809
49023,"Juab","Utah",551,"2021-07-25",4.09672268462707,369.194159301715,0.0231707429372655,4.37477159987426,4.26047914379233,4.25891788518793,29.9147585572303
49027,"Millard","Utah",551,"2021-07-25",4.05550472890584,394.188376583316,0.0267866253906278,4.38796059109331,4.24219246593897,4.24301110664023,25.8766145586397
49029,"Morgan","Utah",551,"2021-07-25",3.36729582998647,477.337247859155,0.0490952228687641,3.96015579356267,3.70954182279968,3.71096239006782,14.1184241573318
49035,"Salt Lake","Utah",551,"2021-07-25",8.13455135394817,183.131316519791,0.0224173419318833,8.40355945713077,8.29524379731519,8.29147274747135,30.9201323986636
49037,"San Juan","Utah",551,"2021-07-25",3.34235688163922,428.432258342037,0.0286729426932832,3.71508843145691,3.54616358139584,3.5430674804922,24.1742603113534
49039,"Sanpete","Utah",551,"2021-07-25",4.39091558209113,4478.39342866904,-0.00111660129174239,4.37751636659022,4.38375111881393,4.38309937304893,-620.765160927166
49041,"Sevier","Utah",551,"2021-07-25",4.28653786749521,389.842119480336,0.0276688358100985,4.65273278627275,4.4820164641504,4.4802197181659,25.0515484394526
49043,"Summit","Utah",551,"2021-07-25",4.52334016774046,352.147110121399,0.0233338805037839,4.80334673378587,4.69123131711913,4.68667733126695,29.705611136885
49045,"Tooele","Utah",551,"2021-07-25",5.59895091960314,81.8208565025416,0.0120620475909724,5.74369549069481,5.69173868680877,5.68338525273995,57.4651339527726
49047,"Uintah","Utah",551,"2021-07-25",5.62091833015302,28.647977643858,0.0108647846867478,5.75129574639399,5.70731914321113,5.69697182296026,63.7975993583567
49049,"Utah","Utah",551,"2021-07-25",7.81243601781115,224.462684079591,0.0242971363850813,8.10400165443213,7.98489586443342,7.98251597250672,28.5279371846282
49051,"Wasatch","Utah",551,"2021-07-25",4.40845989174204,387.748276331438,0.0280396408701063,4.77379718918305,4.60634376163473,4.60473737783278,24.7202588567718
49053,"Washington","Utah",551,"2021-07-25",6.39930777762111,249.049618289994,0.0215500910986217,6.65790887080457,6.55445843803915,6.55015841531146,32.1644663768627
49057,"Weber","Utah",551,"2021-07-25",6.90231191931607,212.599213401389,0.0207027463544228,7.15074487556914,7.04996239197931,7.04723114379703,33.4809289885285
50007,"Chittenden","Vermont",551,"2021-07-25",4.46590811865458,470.361547118273,0.0590428274047029,5.17442204751102,4.88080251097966,4.8792079104875,11.739735561931
50023,"Washington","Vermont",551,"2021-07-25",3.20158432775814,490.885366955896,0.0579751640147937,3.89098185852465,3.6116413638698,3.6074104758617,11.9559330678749
51003,"Albemarle","Virginia",551,"2021-07-25",4.11787505963229,484.660467751209,0.0675931330540216,4.95724876141222,4.59377147732354,4.59102699101044,10.254698210334
51005,"Alleghany","Virginia",551,"2021-07-25",3.02390315052069,748.827659267271,-0.0151861152393872,2.8979308244953,2.91620755073793,2.91760034384498,-45.6434821963009
51009,"Amherst","Virginia",551,"2021-07-25",3.45676723281697,478.548296527444,0.0517245601447476,4.10960441486888,3.81974446557873,3.8188391538302,13.4007361033177
51013,"Arlington","Virginia",551,"2021-07-25",4.7349445297349,478.31999566182,0.0700548417897848,5.58197009772056,5.22925418546673,5.22532842226339,9.89435080932576
51019,"Bedford","Virginia",551,"2021-07-25",4.48863636973214,473.631309656964,0.0620245626728287,5.23293112180609,4.92189819955917,4.92280830844194,11.1753658662005
51023,"Botetourt","Virginia",551,"2021-07-25",4.23823874188217,478.083529455258,0.0620778220468488,4.96104043708874,4.67100984627043,4.67278349621011,11.1657780138749
51027,"Buchanan","Virginia",551,"2021-07-25",3.58351893845611,707.339182581376,-0.0225947136338025,3.37427606473234,3.42629172679589,3.42535594301949,-30.6774049803833
51031,"Campbell","Virginia",551,"2021-07-25",4.16998197642772,464.441919403473,0.0508095395051078,4.7536429920913,4.51968936256735,4.52564875296348,13.6420677556084
51033,"Caroline","Virginia",551,"2021-07-25",3.40594798442075,462.375091973675,0.0404055950653435,3.86378131187242,3.69054059050922,3.68878714987815,17.1547326413333
51041,"Chesterfield","Virginia",551,"2021-07-25",5.70900689879301,461.754584152264,0.0677663804177946,6.52220346380655,6.18200971601908,6.18337156171757,10.2284816790648
51047,"Culpeper","Virginia",551,"2021-07-25",3.61091791264422,377.832722174076,0.0217403885388179,3.91690662191673,3.77319040373479,3.76310063241595,31.8829251520652
51051,"Dickenson","Virginia",551,"2021-07-25",3.35240721749272,596.072314981654,-0.0702264334100602,2.67368289282597,2.92600038721845,2.8608221836223,-9.87017490284007
51053,"Dinwiddie","Virginia",551,"2021-07-25",3.64507683145554,630.51486781425,-0.0435278063214305,3.15641312164281,3.36534961613287,3.34038218720553,-15.9242387599644
51059,"Fairfax","Virginia",551,"2021-07-25",6.39215637646349,455.896518281157,0.0709423903996235,7.24346506125897,6.88753630829742,6.88875310926085,9.77056420928866
51061,"Fauquier","Virginia",551,"2021-07-25",4.18965474202643,417.195139183954,0.0325271477759673,4.57998051533804,4.42355461591679,4.4173447764582,21.3098051305955
51067,"Franklin","Virginia",551,"2021-07-25",3.67086094861126,471.370152700067,0.0497654189364983,4.31117064328603,4.02055770619777,4.01921888116675,13.9282898722186
51069,"Frederick","Virginia",551,"2021-07-25",4.89890533015295,471.604486513607,0.0658494726439244,5.68909900188005,5.35853222573119,5.35985163866042,10.5262373824629
51073,"Gloucester","Virginia",551,"2021-07-25",3.85014760171006,494.468479434165,0.0746848819569088,4.74484411400234,4.36859660800618,4.37294177540842,9.28095703438178
51077,"Grayson","Virginia",551,"2021-07-25",3.05803615689015,353.888998101246,0.0163075970319235,3.32855996874707,3.18176290096419,3.17218933611362,42.5045565697417
51079,"Greene","Virginia",551,"2021-07-25",3.81299162482197,404.646773747769,0.0269749175587833,4.13669063552737,4.00968210359419,4.00181604773345,25.6959888403533
51085,"Hanover","Virginia",551,"2021-07-25",5.0201140380508,438.073803875671,0.0465143238465268,5.57828592420912,5.34786262586803,5.34571430497649,14.9018006334344
51087,"Henrico","Virginia",551,"2021-07-25",5.99396142730657,1091.66518929264,-0.0109846872128249,5.86214518075267,5.93902313736349,5.9170686168168,-63.1012214667959
51089,"Henry","Virginia",551,"2021-07-25",3.38680864421006,500.835789295377,0.0743946455413688,4.25271119302254,3.90674238730342,3.90757116299964,9.31716490502673
51093,"Isle of Wight","Virginia",551,"2021-07-25",3.74444930526875,467.604470846833,0.0481268866578927,4.35045538593468,4.08455184185106,4.081337511874,14.4024936723446
51095,"James City","Virginia",551,"2021-07-25",4.11321304652649,469.664447930706,0.0540644391809129,4.77581208236269,4.49541854983458,4.49166412079288,12.8207596538735
51101,"King William","Virginia",551,"2021-07-25",3.31158522297247,484.958856783193,0.0551777665528229,4.0302471491683,3.69951867044406,3.69782958884223,12.5620738906925
51107,"Loudoun","Virginia",551,"2021-07-25",5.44919739750718,485.398922636911,0.0899191505269542,6.52822720383063,6.06100369547004,6.07863145119586,7.70856015095658
51109,"Louisa","Virginia",551,"2021-07-25",3.79709303875417,468.038641807228,0.04887555154536,4.3969109994414,4.13882640211027,4.13922189957169,14.1818794600539
51117,"Mecklenburg","Virginia",551,"2021-07-25",3.47903986842609,482.701946248492,0.0551227622482005,4.1506367146966,3.86570997705795,3.86489920416349,12.5746089689577
51121,"Montgomery","Virginia",551,"2021-07-25",3.46573590279973,509.25293602502,0.094383991751615,4.60094248413,4.11742948235881,4.12642384506104,7.34390618256602
51135,"Nottoway","Virginia",551,"2021-07-25",3.58351893845611,481.619123586263,0.0556612326217338,4.25145372991692,3.97165038559003,3.97314756680825,12.4529613864371
51139,"Page","Virginia",551,"2021-07-25",3.23587340123677,506.203640261921,0.0798935520885817,4.13819516473317,3.78083460288572,3.79512826585684,8.67588387848146
51141,"Patrick","Virginia",551,"2021-07-25",3.10394585819422,736.683555703269,-0.0166299736942091,2.9715028309331,2.98364509441799,2.98753604233476,-41.6805939266947
51143,"Pittsylvania","Virginia",551,"2021-07-25",4.44935144906014,422.776092064988,0.0361078586422263,4.88264575276686,4.70425519765549,4.70210645955572,19.1965740042348
51145,"Powhatan","Virginia",551,"2021-07-25",3.65989191724069,316.861601145422,0.0160928836171122,3.88061218838351,3.78495174076129,3.77254210256048,43.0716580726958
51149,"Prince George","Virginia",551,"2021-07-25",4.31558153526573,415.855352012086,0.0332577389375501,4.72740959415199,4.55847638748459,4.54838570782858,20.8416808449157
51153,"Prince William","Virginia",551,"2021-07-25",5.83564581018003,446.302313270739,0.0585334123752269,6.53804675868275,6.24680379558004,6.24537969680662,11.8419062281307
51155,"Pulaski","Virginia",551,"2021-07-25",3.49650756146648,825.936994926904,-0.0124903375574903,3.3466235107766,3.40520560405047,3.40907519856405,-55.4946715706873
51161,"Roanoke","Virginia",551,"2021-07-25",5.002987073258,457.089756969156,0.0562700865807152,5.67822811222658,5.39790689819304,5.39687767932301,12.3182177721671
51165,"Rockingham","Virginia",551,"2021-07-25",4.53566698022112,421.534594979373,0.0364411860425751,4.97296121273202,4.79450873343214,4.79075528251915,19.0209830094477
51169,"Scott","Virginia",551,"2021-07-25",3.16607763930123,350.474408100256,0.0161697930993041,3.35564588382948,3.2893936696397,3.27926619099636,42.866793427912
51171,"Shenandoah","Virginia",551,"2021-07-25",3.64507683145554,462.785251870884,0.0438086054390313,4.17122533276518,3.95363477935216,3.95173706952876,15.8221694941785
51177,"Spotsylvania","Virginia",551,"2021-07-25",4.86753445045558,431.636943481093,0.0425573156746143,5.37767248588425,5.16991446727799,5.16543566017788,16.2873801970882
51179,"Stafford","Virginia",551,"2021-07-25",4.90209512552105,433.566311804892,0.0435998783301884,5.42529366548331,5.21082382128612,5.20729427383237,15.8979154783561
51185,"Tazewell","Virginia",551,"2021-07-25",3.07136968775961,620.682087148288,-0.0411259219585163,2.57785862425741,2.79398667749679,2.78348823405,-16.8542648419924
51187,"Warren","Virginia",551,"2021-07-25",3.3322045101752,695.942012734119,-0.0225348060191767,3.10849649885818,3.18701738183306,3.17446086804096,-30.7589592726066
51191,"Washington","Virginia",551,"2021-07-25",4.15216413311093,457.037111530943,0.0466729914525555,4.71224003054159,4.47720723779709,4.47887507327882,14.8511410772663
51195,"Wise","Virginia",551,"2021-07-25",3.68887945411394,973.079869009463,-0.00863744634620603,3.58523009795947,3.62334494950878,3.6284173296905,-80.2490866834048
51199,"York","Virginia",551,"2021-07-25",4.07753744390572,484.868219002676,0.0667007794862746,4.87794679774101,4.54612077986467,4.54444290030964,10.3918902582327
51510,"Alexandria city","Virginia",551,"2021-07-25",4.69134788222914,488.128473547303,0.0810648719636548,5.664126345793,5.25511671368852,5.25880198597472,8.5505245832093
51540,"Charlottesville city","Virginia",551,"2021-07-25",3.59535339610311,473.98696893728,0.0503123736773149,4.22689501259144,3.95375706565641,3.94754001184431,13.7768729618192
51550,"Chesapeake city","Virginia",551,"2021-07-25",5.6368283398591,447.541223936939,0.0572506440284084,6.3238360682,6.03935092254574,6.03758284805796,12.1072381337055
51570,"Colonial Heights city","Virginia",551,"2021-07-25",4.01251454397447,357.303548496306,0.0213954198142352,4.29398483514883,4.17328819863921,4.16228248267412,32.3969890087769
51590,"Danville city","Virginia",551,"2021-07-25",3.17805383034795,486.768247728337,0.0537010652455762,3.82522097629729,3.55887218814313,3.55396128706698,12.9075126795003
51630,"Fredericksburg city","Virginia",551,"2021-07-25",3.2188758248682,511.071736737294,0.0907878668748327,4.26051691776161,3.84298781897032,3.85439089299203,7.63479971960981
51650,"Hampton city","Virginia",551,"2021-07-25",4.92310430161039,488.898140533224,0.085535004520868,5.91062786189104,5.51145026276716,5.52184933325647,8.10366684894297
51670,"Hopewell city","Virginia",551,"2021-07-25",3.07797037179096,499.807350276809,0.0667276666479237,3.8830597320885,3.53667107450624,3.54506403832643,10.3877029631084
51680,"Lynchburg city","Virginia",551,"2021-07-25",4.26066577766961,493.727663384546,0.0819609854369565,5.26782404533836,4.82787493248169,4.83439267572831,8.45703814887763
51700,"Newport News city","Virginia",551,"2021-07-25",5.14832469686944,384.738662688543,0.0319253503828141,5.53142890146321,5.38106601821873,5.37180214954914,21.7114979866619
51710,"Norfolk city","Virginia",551,"2021-07-25",5.12226185133273,437.033999862983,0.0469827029522472,5.68330965175898,5.45548978920119,5.45114077199846,14.7532418742373
51740,"Portsmouth city","Virginia",551,"2021-07-25",4.43251603459627,415.37694907742,0.0342165793118941,4.88007293359678,4.67696147681963,4.67203208977953,20.2576410178734
51760,"Richmond city","Virginia",551,"2021-07-25",5.63886292855689,484.975708274084,0.0924035784615609,6.74770587009562,6.26126081092303,6.28568797778782,7.50130235322314
51770,"Roanoke city","Virginia",551,"2021-07-25",4.98653774251719,452.954223615984,0.0534971004223393,5.61964444815829,5.3624507365094,5.36101744547357,12.9567242913693
51775,"Salem city","Virginia",551,"2021-07-25",3.5179216559703,499.917427577889,0.0763395242727896,4.43399594724377,4.04930110791609,4.05229832587983,9.07979434195938
51790,"Staunton city","Virginia",551,"2021-07-25",3.08452777233712,476.144158171011,0.0444153715216983,3.63565762605591,3.39984540989701,3.39543537298901,15.6060200964732
51800,"Suffolk city","Virginia",551,"2021-07-25",4.58787868887803,492.438686391489,0.085300866487586,5.59243685887034,5.18062803954582,5.18498475429113,8.12591019413408
51810,"Virginia Beach city","Virginia",551,"2021-07-25",6.1870900695283,448.744511881246,0.063616873342649,6.95049254964009,6.63236720449751,6.63240818292684,10.895649913924
51820,"Waynesboro city","Virginia",551,"2021-07-25",3.95124371858143,486.771884806988,0.0665360952635358,4.73924065792437,4.41237872043343,4.41699638542618,10.4176113403489
53003,"Asotin","Washington",551,"2021-07-25",3.5305534028762,474.817682115195,0.0501870893242364,4.17467841788172,3.88053658301998,3.88186302814585,13.8112648072063
53005,"Benton","Washington",551,"2021-07-25",6.88360894572547,381.053125709472,0.0417322788039081,7.38439629137237,7.175015726594,7.17573489735283,16.6093776909933
53007,"Chelan","Washington",551,"2021-07-25",4.57471097850338,873.974232314701,-0.0141141638133358,4.45971207568273,4.49082728267181,4.47591183181003,-49.1100422049107
53009,"Clallam","Washington",551,"2021-07-25",4.72738781871234,435.603113875592,0.0428217496405195,5.24124881439857,5.02734723371122,5.02714006619598,16.1868019494482
53011,"Clark","Washington",551,"2021-07-25",6.39430717189172,410.204239373023,0.0470876788963722,6.95935931864818,6.72308938917889,6.72392092416633,14.7203514126356
53015,"Cowlitz","Washington",551,"2021-07-25",5.35591219308262,322.727728694352,0.0239882550652726,5.64377125386589,5.52806954956033,5.52382997853953,28.895273069003
53017,"Douglas","Washington",551,"2021-07-25",4.22787595484662,1559.7050424714,-0.00424236079386736,4.24959419919992,4.19809507864435,4.19817942928955,-163.387136134659
53021,"Franklin","Washington",551,"2021-07-25",6.23188653422247,416.298062671138,0.0480477521197035,6.80845955965891,6.56351096527006,6.56822079906039,14.4262145465844
53025,"Grant","Washington",551,"2021-07-25",4.70695288029804,1576.86378238726,-0.00455354787208877,4.63944500823782,4.67567251383872,4.67507804519342,-152.221344769126
53027,"Grays Harbor","Washington",551,"2021-07-25",4.86423230105983,443.274757616884,0.0473839623385477,5.43613656436232,5.19241682031676,5.19592003742966,14.6283076878959
53029,"Island","Washington",551,"2021-07-25",4.72104664337389,468.224681922181,0.061011009494353,5.47728278360441,5.14340804562838,5.14812370983436,11.3610180573082
53031,"Jefferson","Washington",551,"2021-07-25",3.27444567602301,424.844544299781,0.0272204063929438,3.6245456175976,3.47035013335406,3.46498852077362,25.4642480554451
53033,"King","Washington",551,"2021-07-25",7.84698098213879,388.356605062832,0.0497767824986666,8.44430237212279,8.19485970935466,8.19541845962946,13.9251101771898
53035,"Kitsap","Washington",551,"2021-07-25",5.63376867403514,389.667315547379,0.0360370494101157,6.06621326695653,5.88777599583744,5.88602801990595,19.2342933704605
53037,"Kittitas","Washington",551,"2021-07-25",4.67015503607751,450.445473052048,0.0488742416005192,5.25664593528374,5.00893931028096,5.01227472728114,14.1822595678412
53039,"Klickitat","Washington",551,"2021-07-25",3.24147565678544,477.84550988039,0.047945399733365,3.84303906920876,3.57345148586187,3.577093454919,14.4570111922038
53041,"Lewis","Washington",551,"2021-07-25",5.06800532575522,428.245611079446,0.0430387807385633,5.58447069461798,5.36725047519515,5.36927679092516,16.1051769744694
53045,"Mason","Washington",551,"2021-07-25",3.9756682705885,462.86937257997,0.0480734260353077,4.57325518096924,4.31079504870256,4.31218225283565,14.4185101359504
53047,"Okanogan","Washington",551,"2021-07-25",3.8286413964891,751.488196137602,-0.0190026907145912,3.67679634812701,3.70116097968848,3.69562256148696,-36.4762649127218
53049,"Pacific","Washington",551,"2021-07-25",3.38680864421006,503.805832935262,0.0790786152596177,4.28559968662789,3.91782738987621,3.94035895102738,8.76529233958283
53053,"Pierce","Washington",551,"2021-07-25",7.31417231481568,402.479703946524,0.0509626339684415,7.92572392243698,7.66752068211072,7.67091075259477,13.6010862583982
53057,"Skagit","Washington",551,"2021-07-25",4.90949864955462,476.564333500262,0.0707057179262924,5.75796726467013,5.38822880600365,5.40443867503867,9.80326911159463
53061,"Snohomish","Washington",551,"2021-07-25",7.36563210342984,422.691458762957,0.0597333487975539,8.08243228900048,7.77592519428128,7.78376554501272,11.6040234561289
53063,"Spokane","Washington",551,"2021-07-25",6.67546286127059,403.636593242236,0.0468903000658666,7.23814646206099,7.00221850770707,7.00369496173166,14.7823148835961
53065,"Stevens","Washington",551,"2021-07-25",3.65251180994306,781.115213684197,-0.0156349911248324,3.4884043857675,3.55302742813337,3.54306687206923,-44.3330715716909
53067,"Thurston","Washington",551,"2021-07-25",6.25327921002276,381.891289728644,0.0381044930502645,6.71053312662593,6.52058624740309,6.52001066137461,18.1906941957107
53071,"Walla Walla","Washington",551,"2021-07-25",5.90341366898525,220.046632264727,0.0181870890908075,6.14638800753981,6.03674621367282,6.0307232926209,38.1120462488025
53073,"Whatcom","Washington",551,"2021-07-25",5.46926496055798,403.09806186414,0.0382728536218887,5.92853920402064,5.73803158814767,5.7371749359112,18.1106741453824
53075,"Whitman","Washington",551,"2021-07-25",3.47903986842609,1061.28525050618,-0.00682418153885136,3.43450991528047,3.43321840218812,3.43127059765413,-101.572207101134
53077,"Yakima","Washington",551,"2021-07-25",6.5800445480295,375.031731648052,0.0384869345139771,7.04188776219722,6.84913159712045,6.84945308962734,18.0099347821069
54003,"Berkeley","West Virginia",551,"2021-07-25",4.84867643182119,448.723654701221,0.0496848659487102,5.42938056753479,5.19798090710775,5.19647049346216,13.9508715043225
54011,"Cabell","West Virginia",551,"2021-07-25",4.72358794080257,465.561603878543,0.0587230497941583,5.42826453833247,5.13457029401572,5.13464928936168,11.8036645404084
54019,"Fayette","West Virginia",551,"2021-07-25",3.55942138687705,508.877188341838,0.0951730934182773,4.6751699429107,4.20910214464327,4.22563304080499,7.28301619359607
54025,"Greenbrier","West Virginia",551,"2021-07-25",3.08452777233712,753.351781313844,-0.0153442039615757,2.99751757673676,2.98758202460038,2.97711834460609,-45.1732251666945
54033,"Harrison","West Virginia",551,"2021-07-25",4.31175743882733,465.766573733781,0.0537042450632966,4.95332652722851,4.68828157401975,4.68768715427041,12.9067484282293
54035,"Jackson","West Virginia",551,"2021-07-25",3.20158432775814,1192.11096543983,-0.00503245530421243,3.19113509148692,3.16712180300877,3.16635714062865,-137.735387332649
54037,"Jefferson","West Virginia",551,"2021-07-25",3.2470467018349,492.047135677092,0.0605657236815305,3.99448295658675,3.67441407744719,3.67100676760561,11.4445455024146
54039,"Kanawha","West Virginia",551,"2021-07-25",4.50928841428481,451.352644842648,0.0476981970730601,5.08688656361601,4.84585030949533,4.84317579379623,14.5319366997927
54041,"Lewis","West Virginia",551,"2021-07-25",3.53888678443534,406.834200108151,0.0257063529266634,3.88592140246124,3.72780081549313,3.71883125492198,26.9640420225069
54045,"Logan","West Virginia",551,"2021-07-25",3.07797037179096,648.070102577889,-0.0311498907061836,2.80567385119599,2.8924870605276,2.85992113684767,-22.2519939828344
54047,"McDowell","West Virginia",551,"2021-07-25",3.65251180994306,469.033205803715,0.0473634463589743,4.21377398464566,3.9859570067381,3.98405593445588,14.6346440946565
54049,"Marion","West Virginia",551,"2021-07-25",3.84710345932883,493.303068844941,0.0730332003432043,4.72502393463789,4.35538315509655,4.35833586173126,9.49085042559609
54053,"Mason","West Virginia",551,"2021-07-25",3.33729357968267,483.481158830679,0.0533704118807278,3.97710124608121,3.71216176284509,3.71088646284776,12.9874804434523
54055,"Mercer","West Virginia",551,"2021-07-25",4.09196077086683,764.889316887317,-0.0190897729833641,3.94947009206216,3.97901391042681,3.95833235998328,-36.309870272632
54057,"Mineral","West Virginia",551,"2021-07-25",3.17805383034795,919.44529964766,-0.00875012826641922,3.16269273321135,3.1198872618636,3.11680293248302,-79.215659411539
54059,"Mingo","West Virginia",551,"2021-07-25",3.47462485021697,468.203547816089,0.0449042003756735,4.0322378818909,3.78860186163424,3.78895425284668,15.436132360915
54061,"Monongalia","West Virginia",551,"2021-07-25",4.00992722040952,496.452475930721,0.0806573919406689,4.96426277183357,4.57146677594545,4.5745289639942,8.59372171455557
54065,"Morgan","West Virginia",551,"2021-07-25",3.35240721749272,453.529981487796,0.0361374970046049,3.7752849810558,3.61104798604485,3.60536969652495,19.1808298308989
54067,"Nicholas","West Virginia",551,"2021-07-25",3.32194801000801,502.220388314233,0.0758788824773424,4.23249459973611,3.84850671660418,3.85310018734941,9.134915511795
54079,"Putnam","West Virginia",551,"2021-07-25",4.32696685749085,470.043976549231,0.0568621870619474,5.00137185868266,4.72559344852513,4.72500216692448,12.1899493560599
54081,"Raleigh","West Virginia",551,"2021-07-25",3.78093759853188,461.517883120139,0.0451209822867763,4.35336788672687,4.09863747657758,4.09678447453931,15.3619700952984
54091,"Taylor","West Virginia",551,"2021-07-25",3.14784005175145,457.693060177316,0.0359095505022701,3.60197712129085,3.40396128798982,3.39920690526734,19.3025858264677
54097,"Upshur","West Virginia",551,"2021-07-25",3.63381967693091,480.462649602299,0.0552708065621727,4.28555189517476,4.02170924257385,4.02071532286612,12.5409275469907
54099,"Wayne","West Virginia",551,"2021-07-25",3.11668488397166,509.385059727102,0.0843633252262622,4.10131801709782,3.69880975233079,3.7072281605555,8.21621455414336
54101,"Webster","West Virginia",551,"2021-07-25",3.67810735713203,491.368516705072,0.0667273229368172,4.44614050357977,4.14086801936085,4.14519861768975,10.3877564699587
54107,"Wood","West Virginia",551,"2021-07-25",3.85922481986117,504.22512538337,0.0922728373492504,4.96196025897662,4.48936603624409,4.50513468130592,7.51193092650224
54109,"Wyoming","West Virginia",551,"2021-07-25",3.2470467018349,1647.3143536925,-0.00299451353723396,3.26196657843546,3.22863077391264,3.22608510707426,-231.472381721208
55009,"Brown","Wisconsin",551,"2021-07-25",4.6291656915443,452.446378421549,0.0494814162556223,5.22294268661177,4.98081880871555,4.97553560533366,14.0082324438559
55015,"Calumet","Wisconsin",551,"2021-07-25",3.45676723281697,505.277055957532,0.0839047229797583,4.42370401456057,4.04344762862697,4.04410029367528,8.26112232951612
55017,"Chippewa","Wisconsin",551,"2021-07-25",3.27983652465789,479.275501999014,0.0494132305783933,3.89003177189098,3.63117924586392,3.62572913870664,14.0275625059624
55019,"Clark","Wisconsin",551,"2021-07-25",3.09751496786393,504.90536339762,0.0751669407438873,3.99096140330932,3.62523867647179,3.62368355307114,9.221436627595
55021,"Columbia","Wisconsin",551,"2021-07-25",3.54302757710137,505.887155705287,0.0870788102961336,4.53792448233124,4.14888303483151,4.15257924917431,7.95999828434406
55025,"Dane","Wisconsin",551,"2021-07-25",5.76384671539885,442.432097001004,0.0556528282266631,6.43168065411881,6.15659526973618,6.15341651298549,12.4548419666453
55027,"Dodge","Wisconsin",551,"2021-07-25",4.18095903505887,483.878339136017,0.0672120940473511,4.98187204093592,4.65324352225151,4.65144369339033,10.3128341764151
55033,"Dunn","Wisconsin",551,"2021-07-25",3.88890058800729,-3861.53659668537,0.00088232973287888,3.89948854480184,3.90469290583908,3.89507689613744,785.587467735371
55035,"Eau Claire","Wisconsin",551,"2021-07-25",4.252568567437,449.996676278089,0.0446793876824695,4.82552237156654,4.57062034089638,4.56532428121429,15.513802147112
55039,"Fond du Lac","Wisconsin",551,"2021-07-25",3.71705033108063,499.024646598522,0.0789788035948345,4.65780285323127,4.26941658848507,4.26990195624447,8.77636972213238
55055,"Jefferson","Wisconsin",551,"2021-07-25",3.65989191724069,494.355318218962,0.0708667725509045,4.51029318785155,4.15835829837046,4.15595932509702,9.78098981524873
55059,"Kenosha","Wisconsin",551,"2021-07-25",5.09462624116064,358.980062138758,0.0273741787901267,5.44800736181353,5.29862159590422,5.28624549269153,25.3212045509818
55063,"La Crosse","Wisconsin",551,"2021-07-25",3.85318250540521,489.488130701532,0.0675200949942776,4.62592792326812,4.32759188779665,4.32582317036515,10.2657909562878
55071,"Manitowoc","Wisconsin",551,"2021-07-25",3.16607763930123,513.240764673557,0.0958579671803361,4.29052931093909,3.82489989433284,3.83708340956358,7.23098142959717
55073,"Marathon","Wisconsin",551,"2021-07-25",3.52214999207982,495.191110399585,0.0688102052634877,4.32189258577632,4.00724887492487,4.00382142892423,10.0733194721008
55079,"Milwaukee","Wisconsin",551,"2021-07-25",7.03426205666969,436.979765069196,0.0645225362166427,7.8085324912694,7.48301277541485,7.48591981018619,10.7427144251214
55081,"Monroe","Wisconsin",551,"2021-07-25",3.3322045101752,1119.41226582695,-0.00587548688453544,3.29857040468355,3.30540332241644,3.29107610198345,-117.972721951663
55085,"Oneida","Wisconsin",551,"2021-07-25",3.26357600378611,507.554506411539,0.0840870737161523,4.24181393802058,3.85075042007717,3.85218551979918,8.24320730793606
55087,"Outagamie","Wisconsin",551,"2021-07-25",4.77310300532994,439.126194201375,0.0446270869650904,5.30499166924649,5.09321514411522,5.08549261408557,15.5319835485153
55089,"Ozaukee","Wisconsin",551,"2021-07-25",3.93462283734539,503.137865757899,0.0916430156919725,5.02773142924396,4.5679774922728,4.5761239471892,7.56355708425975
55097,"Portage","Wisconsin",551,"2021-07-25",3.77111755235091,482.091335152858,0.0590363618184468,4.48137140307107,4.1893412256282,4.18437208508004,11.7410212826387
55101,"Racine","Wisconsin",551,"2021-07-25",4.81450454202811,489.476175062992,0.0848847908693167,5.81663054934363,5.40012497032842,5.40869807811333,8.16574056979266
55105,"Rock","Wisconsin",551,"2021-07-25",4.69134788222914,476.498915599635,0.0675750926840423,5.50744333220463,5.16417201283132,5.16437353101744,10.2574358839708
55109,"St. Croix","Wisconsin",551,"2021-07-25",3.94849268520954,463.403479746589,0.0481353359059401,4.553435277931,4.29137501796668,4.28544003655112,14.3999655869111
55111,"Sauk","Wisconsin",551,"2021-07-25",4.0943445622221,482.950234897198,0.0649383000166034,4.87360416242134,4.54994716037545,4.54891266233832,10.673934802462
55115,"Shawano","Wisconsin",551,"2021-07-25",3.61477148196022,510.672309885921,0.100890361413812,4.77490776049027,4.29929205117837,4.3210040118569,6.87030129386626
55117,"Sheboygan","Wisconsin",551,"2021-07-25",4.23617475766132,475.698036866037,0.0607062247248514,4.9962414693068,4.6644230396377,4.66111833073528,11.4180577642838
55127,"Walworth","Wisconsin",551,"2021-07-25",3.80666248977032,487.963672430823,0.0653412936373961,4.57626424498245,4.26717965436792,4.26405154523209,10.6081031148003
55131,"Washington","Wisconsin",551,"2021-07-25",4.62777001790533,480.393231842387,0.0705731177979737,5.47695159110725,5.12445885345671,5.12178184249115,9.82168851522452
55133,"Waukesha","Wisconsin",551,"2021-07-25",5.62195245640857,482.594216228832,0.0886662402391904,6.68594733927886,6.22907508299227,6.2426161380829,7.81748700170524
55135,"Waupaca","Wisconsin",551,"2021-07-25",3.20158432775814,470.047801356269,0.0424522125479697,3.73376543088493,3.50569533968499,3.49874981559393,16.327704469507
55139,"Winnebago","Wisconsin",551,"2021-07-25",4.56285898791637,478.859429633514,0.0679597888878517,5.37837645457059,5.0403083285157,5.03857751013133,10.1993721861583
55141,"Wood","Wisconsin",551,"2021-07-25",3.08452777233712,500.883128807551,0.0684656988115709,3.91054650012152,3.57162874101326,3.56378766401812,10.124006511167
56001,"Albany","Wyoming",551,"2021-07-25",4.32696685749085,815.09142448397,-0.0160799136047853,4.13400789423343,4.23172582905442,4.21440746225735,-43.1063995489172
56005,"Campbell","Wyoming",551,"2021-07-25",4.30983989269805,463.570329528349,0.0522850554665296,4.9372605582964,4.67490581186485,4.67583528096376,13.2570803334743
56007,"Carbon","Wyoming",551,"2021-07-25",4.35670882668959,431.686520584506,0.0381438892439733,4.81808736884551,4.62833724860274,4.6237160513974,18.1719062816716
56009,"Converse","Wyoming",551,"2021-07-25",4.02535169073515,493.462159068949,0.0762468212163699,4.92080521916036,4.55294237900853,4.55907943924974,9.09083381447422
56013,"Fremont","Wyoming",551,"2021-07-25",4.34194841110647,494.683922392002,0.0834597010704452,5.28434091011665,4.90797608340874,4.92616631859959,8.30517209706857
56015,"Goshen","Wyoming",551,"2021-07-25",3.13549421592915,506.735215951494,0.0797882601491906,4.09032792615428,3.68960820590233,3.69401203697348,8.68733293925543
56021,"Laramie","Wyoming",551,"2021-07-25",6.69190648468466,2567.66854816457,-0.00331009081125593,6.65218539494959,6.67495300033592,6.66873584900587,-209.404279243006
56023,"Lincoln","Wyoming",551,"2021-07-25",4.00992722040952,459.500718364137,0.0465914444901534,4.58922381265729,4.34032441250419,4.33606733184059,14.8771343783178
56025,"Natrona","Wyoming",551,"2021-07-25",4.48057830840238,334.290815867093,0.0211638353184978,4.73454433222435,4.63849749266426,4.62872515563186,32.75149187889
56029,"Park","Wyoming",551,"2021-07-25",3.50512830451039,486.128164445431,0.0590109320879469,4.24122400694673,3.91980485400062,3.91820482912602,11.7460808706921
56031,"Platte","Wyoming",551,"2021-07-25",3.89473150831809,479.452985290047,0.0586377278174944,4.60581846943895,4.30701685581437,4.30519560304055,11.8208396941524
56035,"Sublette","Wyoming",551,"2021-07-25",3.58747933967221,498.093464812708,0.0748015529476468,4.4811018637223,4.10782338988356,4.11109021030574,9.26648115240435
56037,"Sweetwater","Wyoming",551,"2021-07-25",5.06800532575522,-3623.59199091402,0.00122440084996626,5.11994478788724,5.07869940901996,5.07657613170498,566.111319327362
56039,"Teton","Wyoming",551,"2021-07-25",4.05302641289137,493.056848203433,0.0763154919004823,4.95616857492269,4.58081584875598,4.58723485619475,9.08265364342839
56041,"Uinta","Wyoming",551,"2021-07-25",3.76120011569356,503.905903939012,0.088292151520497,4.77608412578106,4.35884902210704,4.37924517633704,7.85060924015461
78010,"St. Croix","Virgin Islands",551,"2021-07-25",5.06259503302697,366.666417583159,0.0282300446174075,5.40135556843586,5.26649666729038,5.26020534534882,24.5535276317817
78030,"St. Thomas","Virgin Islands",551,"2021-07-25",5.41736943790772,412.511414788244,0.04058301636289,5.9043656342624,5.68125040557513,5.70145055244795,17.0797353839321
99999,"New York City","New York",551,"2021-07-25",9.17989589192353,407.365316804367,0.0662164451226781,9.97449323339567,9.63974633982525,9.64341100778228,10.4679008254787
