"fips","county","state","days_from_start","datetime","log_rolled_cases.x","t0.hat","tau.hat","predicted.grf.future","predicted.grf.future.0","predicted.grf.future.last","Predicted_Double_Days"
1001,"Autauga","Alabama",845,"2022-05-15",4.60659773797928,620.966164990855,0.0210605648177007,4.86570305729207,4.75636320741964,4.75402169170319,32.9120888523074
1003,"Baldwin","Alabama",845,"2022-05-15",5.54406074977949,723.217807641449,0.0474735114815946,6.11374288755862,5.87343725193077,5.87637533015065,14.600714354755
1007,"Bibb","Alabama",845,"2022-05-15",3.22457384598284,786.944033437125,0.0608112230660992,3.95613289443568,3.64652510937406,3.65025240744553,11.3983430296497
1009,"Blount","Alabama",845,"2022-05-15",3.60316593583991,760.149804115554,0.0453063707545512,4.16139902861888,3.91779902752582,3.92031053112177,15.2991106772841
1015,"Calhoun","Alabama",845,"2022-05-15",4.32129039948605,716.677822772266,0.035202196305309,4.7636378472325,4.57207701159086,4.56770577362321,19.6904526793804
1017,"Chambers","Alabama",845,"2022-05-15",3.18398856586776,790.265355773775,0.0640195303576502,3.95222293015956,3.62884112683286,3.63212527837131,10.8271206722015
1021,"Chilton","Alabama",845,"2022-05-15",3.46573590279973,901.781778583482,-0.0573794172913141,2.85644944684542,3.08399223877086,3.06407998176053,-12.0800665688334
1031,"Coffee","Alabama",845,"2022-05-15",4.02535169073515,744.29736450375,0.0418848326652217,4.51110686536379,4.31875765565635,4.3185455193917,16.5488826492433
1033,"Colbert","Alabama",845,"2022-05-15",3.55534806148941,682.925004990742,0.0226347170106857,3.82696466561764,3.71996452052083,3.71379108056421,30.6231873909763
1039,"Covington","Alabama",845,"2022-05-15",3.500827222611,1021.23705741962,-0.0193917289610294,3.28179914764336,3.36278782428206,3.36508511988379,-35.7444754901912
1041,"Crenshaw","Alabama",845,"2022-05-15",3.35240721749272,967.910909702738,-0.0265866101601779,3.08167816957827,3.16927313845285,3.16630094637147,-26.0712883810272
1043,"Cullman","Alabama",845,"2022-05-15",4.52178857704904,607.677423450337,0.0194634057705641,4.75534944629581,4.66184605154642,4.65803241744299,35.6128412843471
1045,"Dale","Alabama",845,"2022-05-15",4.04805127825126,721.68086510167,0.0345742225409735,4.50568277132199,4.29168897089575,4.29007083603807,20.0480916017274
1047,"Dallas","Alabama",845,"2022-05-15",3.03769647265303,928.527411314345,-0.0343136258877682,2.62593296199981,2.80346136468881,2.79750109143865,-20.2003478975689
1049,"DeKalb","Alabama",845,"2022-05-15",3.63381967693091,792.868551027095,0.0770996809162384,4.55901584792578,4.16394874161515,4.17351744334458,8.99027301180384
1051,"Elmore","Alabama",845,"2022-05-15",4.82143297621008,579.647597610584,0.0185188726201901,5.04365944765236,4.95334230084297,4.95106508455141,37.4292320475407
1053,"Escambia","Alabama",845,"2022-05-15",4.1061790198691,758.406043702043,0.0503533181675626,4.71276626003196,4.45833127424634,4.45865224704204,13.7656703825026
1055,"Etowah","Alabama",845,"2022-05-15",3.30636327899132,755.730874567276,0.0387675944922284,3.73212241689731,3.58458643196084,3.57773644043692,17.8795509403839
1059,"Franklin","Alabama",845,"2022-05-15",3.50941096630239,948.676194211973,-0.0328442636959751,3.17525841582134,3.28850396667009,3.27950112043056,-21.1040560073474
1061,"Geneva","Alabama",845,"2022-05-15",3.24147565678544,786.621428730486,0.0601975147612807,3.93562750906801,3.6596339484382,3.66285826011441,11.514548122272
1069,"Houston","Alabama",845,"2022-05-15",4.67015503607751,754.178851285193,0.0542911536743631,5.31082301747834,5.05227460687172,5.05019311179805,12.7672214283274
1071,"Jackson","Alabama",845,"2022-05-15",3.00991690854595,1049.55014326961,-0.0145405980610451,2.87249723018523,2.90757836603233,2.90813272211863,-47.6697848087087
1073,"Jefferson","Alabama",845,"2022-05-15",6.85058005827827,632.47211576821,0.0330104076550349,7.24670495013869,7.08503493385477,7.08165291186351,20.9978376457349
1077,"Lauderdale","Alabama",845,"2022-05-15",4.27666611901606,718.146616538713,0.0350968187959652,4.69782794456764,4.52517980716555,4.52234385058782,19.7495728769478
1081,"Lee","Alabama",845,"2022-05-15",5.19136828820507,693.730316192672,0.0354917584633829,5.61726938976566,5.4405232744264,5.43981059744875,19.529806652862
1083,"Limestone","Alabama",845,"2022-05-15",4.82717022660022,669.5773207836,0.0283246939245144,5.16706655369439,5.02592375182516,5.02544308407182,24.4714799887049
1089,"Madison","Alabama",845,"2022-05-15",6.72726062381528,585.547496708027,0.0264381781934998,7.04451876213728,6.91486880826613,6.91232787116978,26.2176605168039
1093,"Marion","Alabama",845,"2022-05-15",3.3722098447889,775.805959631888,0.0527113895256151,4.01629374137398,3.73847115605449,3.74118957146821,13.1498559760621
1095,"Marshall","Alabama",845,"2022-05-15",4.26468992796934,760.19742170024,0.0531543667047985,4.87970791139144,4.63630377016863,4.63677049490293,13.0402678750638
1097,"Mobile","Alabama",845,"2022-05-15",5.15905529921453,782.958040186416,0.0904431635251422,6.24437326151623,5.78523577309768,5.79215744389053,7.66389800559395
1101,"Montgomery","Alabama",845,"2022-05-15",6.0147624593328,584.829551378529,0.0235715479273829,6.29762103446139,6.1843134872943,6.17976329482448,29.4060951234654
1103,"Morgan","Alabama",845,"2022-05-15",4.66478589566245,733.46889657396,0.0437880181997832,5.19024211405985,4.9710664263462,4.97130202306093,15.8296083964672
1109,"Pike","Alabama",845,"2022-05-15",4.41193211745279,921.640267370498,-0.0544516283365074,3.79202595611335,4.05462719262206,4.03077071909724,-12.7295950871541
1113,"Russell","Alabama",845,"2022-05-15",3.79709303875417,596.277255607775,0.0155687910272891,3.98129396836741,3.91198145606074,3.90607457594519,44.5215803426863
1115,"St. Clair","Alabama",845,"2022-05-15",4.66478589566245,608.031574032813,0.0201095725688215,4.90610076648831,4.81074694545657,4.8055529036442,34.4685188204658
1117,"Shelby","Alabama",845,"2022-05-15",6.01824556978562,500.172495834334,0.017709707119091,6.23076205521471,6.14978859517546,6.14221351961926,39.1393926448809
1121,"Talladega","Alabama",845,"2022-05-15",4.15440880296475,764.150237002463,0.0543608242901335,4.77558553023901,4.53160927894814,4.53493457299568,12.7508585385036
1123,"Tallapoosa","Alabama",845,"2022-05-15",3.5305534028762,1119.12197534005,-0.0124428185979448,3.32375028268089,3.43101085409264,3.44345367269059,-55.7066049869469
1125,"Tuscaloosa","Alabama",845,"2022-05-15",5.38515015616332,745.520233172215,0.056907035229786,6.05944784212816,5.77756915394254,5.78349940277182,12.1803425140859
1127,"Walker","Alabama",845,"2022-05-15",3.96217278911362,890.062540811924,-0.0822201331932416,3.12950717522957,3.43658349667617,3.38663185676093,-8.43038260386717
2020,"Anchorage","Alaska",845,"2022-05-15",7.53300592563292,139.968556665489,0.0107609536648103,7.66213736961064,7.61188161637326,7.60833260128659,64.4131739760787
2050,"Bethel Census Area","Alaska",845,"2022-05-15",5.56123093067229,38.3358406298579,0.00693710809653968,5.64447622783077,5.61617849578785,5.60979068734807,99.9187515768561
2070,"Dillingham Census Area","Alaska",845,"2022-05-15",3.95945169899926,911.214314582692,-0.0555990986110192,3.29226251566703,3.58818282695766,3.57025800872213,-12.4668780227773
2090,"Fairbanks North Star Borough","Alaska",845,"2022-05-15",5.78952320344438,389.276748262382,0.0128449623602172,5.94366275176699,5.88262099141438,5.8794379399659,53.9625700038429
2110,"Juneau City and Borough","Alaska",845,"2022-05-15",5.93148703729797,650.354459289261,0.0312767018674333,6.30680745970717,6.14893611034884,6.15042395037,22.1617734343557
2122,"Kenai Peninsula Borough","Alaska",845,"2022-05-15",5.74711559936257,1002.60875816239,-0.0353432106874794,5.32299707111282,5.51850913196519,5.49971312455021,-19.6118905746585
2130,"Ketchikan Gateway Borough","Alaska",845,"2022-05-15",5.11370747923607,686.277981724373,0.0332659402771245,5.51289876256156,5.34575568780021,5.34656906117594,20.8365425653274
2150,"Kodiak Island Borough","Alaska",845,"2022-05-15",3.36235754834589,967.124069423175,-0.0264494172000831,3.04496454194489,3.18003259304534,3.17721162794531,-26.2065199893239
2158,"Kusilvak Census Area","Alaska",845,"2022-05-15",3.62243435470578,946.054949783441,-0.0345618298654832,3.25071117242185,3.37971403290052,3.3805015456474,-20.0552801532129
2170,"Matanuska-Susitna Borough","Alaska",845,"2022-05-15",6.1177824852142,337.76925408517,0.0121812185633328,6.26395710797419,6.20447263624892,6.20305101515753,56.9029425878966
2180,"Nome Census Area","Alaska",845,"2022-05-15",4.49024021931412,908.267954890253,-0.0671436998862675,3.77803867636519,4.05508007562222,4.02023432011025,-10.3233390732719
2185,"North Slope Borough","Alaska",845,"2022-05-15",3.59535339610311,950.88152740471,-0.0322996632571122,3.19384003752105,3.3716416480341,3.36925575330332,-21.4598887623795
2188,"Northwest Arctic Borough","Alaska",845,"2022-05-15",5.09899496807406,1093.70787012852,-0.0202032764147535,4.88329091182773,4.95208126791804,4.95757203317079,-34.3086520389225
2195,"Petersburg Borough","Alaska",845,"2022-05-15",4.07268306544092,1163.45267918626,-0.0125912794282209,3.92158771230227,3.98644583731772,3.98454410944337,-55.0497814389212
2198,"Prince of Wales-Hyder Census Area","Alaska",845,"2022-05-15",3.34739467566918,743.323344142742,0.0345460810917307,3.75435256602296,3.58795387170632,3.5892172433113,20.0644228999353
2220,"Sitka City and Borough","Alaska",845,"2022-05-15",5.48893772615669,3252.35723345661,-0.00227849901217929,5.46921158530829,5.47129987866181,5.47298823307144,-304.212192700044
2230,"Skagway Municipality","Alaska",845,"2022-05-15",3.32194801000801,788.66180776745,0.0639833685107729,4.05259089442141,3.74774034932295,3.76983158958342,10.8332398980094
2261,"Valdez-Cordova Census Area","Alaska",845,"2022-05-15",3.48781185449893,770.69831926731,0.0502328127623002,4.08401210550555,3.83123076072725,3.83944154383503,13.7986933727938
2275,"Wrangell City and Borough","Alaska",845,"2022-05-15",3.74782198974739,1219.82200217469,-0.00992634373478956,3.65112762680444,3.66841123986907,3.67833758360386,-69.8290527790835
4001,"Apache","Arizona",845,"2022-05-15",5.24099087135632,1142.91939862314,-0.0173016019943858,5.03337164742369,5.12575666316038,5.11987965739562,-40.0626011848419
4003,"Cochise","Arizona",845,"2022-05-15",5.05077133912123,705.332906934125,0.0375056090105885,5.50083864724829,5.31448245213071,5.31331060219535,18.4811605209306
4005,"Coconino","Arizona",845,"2022-05-15",6.05878936149424,678.783405200565,0.0375816730841625,6.50976943850419,6.32132993325639,6.32186107308338,18.4437552582524
4007,"Gila","Arizona",845,"2022-05-15",5.2257466737132,689.038479122726,0.0346164151191981,5.64114365514358,5.46591202346415,5.46806157954759,20.0236557764044
4009,"Graham","Arizona",845,"2022-05-15",4.34935585238433,780.339504694705,0.0729017724396652,5.22417712166032,4.84387995718693,4.85966825946199,9.50796060731728
4013,"Maricopa","Arizona",845,"2022-05-15",8.96262964663243,579.133773296608,0.0343571866695609,9.37491588666716,9.2031569941995,9.20312995331935,20.1747362852048
4015,"Mohave","Arizona",845,"2022-05-15",5.34642702711857,745.464929206024,0.0565549587281769,6.0250865318567,5.73636829892135,5.74231173821581,12.2561698593302
4017,"Navajo","Arizona",845,"2022-05-15",5.27884325671266,557.625383600438,0.0186944680935593,5.50317687383537,5.41667725552804,5.40970453336758,37.0776626053752
4019,"Pima","Arizona",845,"2022-05-15",7.04764143724467,719.113148132412,0.0582994869033749,7.74723528008517,7.44140920840237,7.45573784556829,11.8894216291948
4021,"Pinal","Arizona",845,"2022-05-15",5.89045961148981,764.741000416001,0.0782691723787173,6.82968968003441,6.39670403015078,6.43834381814083,8.85594110036129
4025,"Yavapai","Arizona",845,"2022-05-15",5.71890563623042,664.406430577173,0.0325689924467528,6.10973354559146,5.95091139389808,5.94688858335769,21.2824262737994
4027,"Yuma","Arizona",845,"2022-05-15",4.52023457518231,638.776995596355,0.0224638062063466,4.78980024965847,4.68110616313667,4.67748121862674,30.8561770072657
5005,"Baxter","Arkansas",845,"2022-05-15",4.23823874188217,1520.48814965609,-0.00631507348014842,4.22155178568666,4.19593175257837,4.19403322752113,-109.760746686301
5007,"Benton","Arkansas",845,"2022-05-15",5.87010369010371,700.070440557262,0.0419504192929721,6.37350872161938,6.16412871559143,6.16375662515451,16.5230095966184
5009,"Boone","Arkansas",845,"2022-05-15",3.35739475900376,775.422379895335,0.051618018048669,3.95278497668673,3.71930742338067,3.71872088534444,13.4283958734409
5015,"Carroll","Arkansas",845,"2022-05-15",3.32708940950844,771.423815544547,0.0481637405967493,3.88085044638826,3.66514644943188,3.66423559368569,14.3914731698959
5019,"Clark","Arkansas",845,"2022-05-15",4.05302641289137,737.39696053949,0.0394777666126576,4.5242720449232,4.33605872296964,4.32937077917997,17.5579127198575
5021,"Clay","Arkansas",845,"2022-05-15",3.78743112784243,1106.96462920041,-0.0141870147336978,3.61718695103806,3.69633594666202,3.68812202470655,-48.8578600622401
5029,"Conway","Arkansas",845,"2022-05-15",3.09104245335832,775.509155700628,0.0479929265465488,3.67101947194328,3.42846585009581,3.42699293918416,14.4426945893299
5031,"Craighead","Arkansas",845,"2022-05-15",4.89570532742228,678.455369023476,0.0303055898411983,5.25937240551666,5.11107746693423,5.10784445631067,22.8719250868254
5033,"Crawford","Arkansas",845,"2022-05-15",3.88008995832514,772.148903517949,0.0571853685422987,4.56631438083272,4.27676390206792,4.28038753812123,12.1210582047266
5035,"Crittenden","Arkansas",845,"2022-05-15",3.8255309740747,788.876729076229,0.0748295424950187,4.72348548401493,4.33970154724466,4.34933777153983,9.26301507998779
5045,"Faulkner","Arkansas",845,"2022-05-15",5.05897184065754,733.790677289689,0.0476320883285929,5.63055690060066,5.38978542245442,5.39239645895769,14.5521056263212
5051,"Garland","Arkansas",845,"2022-05-15",4.08957128346944,746.370081679292,0.0435567587628619,4.60089687043591,4.39400846815557,4.39446859480947,15.9136538219861
5055,"Greene","Arkansas",845,"2022-05-15",5.11370747923607,1028.61607150013,-0.0271117272169067,4.78836675263319,4.93639777676253,4.92392538871772,-25.5663232008215
5059,"Hot Spring","Arkansas",845,"2022-05-15",3.87417278129705,753.348408943743,0.0449610544530051,4.43547955735598,4.18832983211314,4.18890016246809,15.4166130886554
5063,"Independence","Arkansas",845,"2022-05-15",3.34235688163922,776.092545123489,0.0518347379069489,3.9346430287075,3.70520971703023,3.70520004698786,13.3722520562224
5067,"Jackson","Arkansas",845,"2022-05-15",3.17805383034795,1037.69040250946,-0.0163077437618172,3.02819150315301,3.06529145735281,3.06389962401523,-42.5041741324679
5075,"Lawrence","Arkansas",845,"2022-05-15",3.17208366336144,774.857100687055,0.0487001740832383,3.75687262582614,3.51259544583083,3.51298488194411,14.2329507770387
5085,"Lonoke","Arkansas",845,"2022-05-15",4.12019794104844,690.338906771092,0.0275031318076288,4.44618635524002,4.31436961668313,4.31271986370184,25.2024818630902
5091,"Miller","Arkansas",845,"2022-05-15",3.42936825862885,897.803683673505,-0.0600837850659016,2.75205868506541,3.04988312234899,3.00878176316754,-11.5363434543893
5093,"Mississippi","Arkansas",845,"2022-05-15",3.65620867182439,698.207243745079,0.0257419332278298,3.95892286243809,3.83975514275355,3.8364022044192,26.9267725320093
5111,"Poinsett","Arkansas",845,"2022-05-15",3.38680864421006,602.4171576839,0.0143138176913289,3.57248330379635,3.4964765612649,3.48700536804936,48.4250390432067
5115,"Pope","Arkansas",845,"2022-05-15",3.36729582998647,670.430559745579,0.0199936524823285,3.6302362898578,3.51235643735135,3.50725139736277,34.6683619299968
5119,"Pulaski","Arkansas",845,"2022-05-15",6.5023615968945,674.48399041867,0.0392853936809021,6.97378632106532,6.77708971547206,6.77735935266081,17.643890403392
5121,"Randolph","Arkansas",845,"2022-05-15",3.49216915986788,776.964261912799,0.0549305863475595,4.12175709015186,3.87343189526563,3.8766832643008,12.6186015232794
5123,"St. Francis","Arkansas",845,"2022-05-15",3.02390315052069,631.122269039733,0.0146697849047784,3.24022880344262,3.13429276044282,3.12659164485414,47.2499893528887
5125,"Saline","Arkansas",845,"2022-05-15",4.88604341651054,689.696799584531,0.0325043228457289,5.27555562519944,5.11540746818213,5.11357367643064,21.3247691345468
5131,"Sebastian","Arkansas",845,"2022-05-15",4.67149282891917,712.193159883445,0.036391057945056,5.08771881979672,4.9286275366639,4.92623023453456,19.0471841078782
5139,"Union","Arkansas",845,"2022-05-15",3.27983652465789,1331.47029568263,-0.00674716710654206,3.23506620759386,3.23122113094693,3.2326063549121,-102.731586399849
5143,"Washington","Arkansas",845,"2022-05-15",5.94354900034921,699.083065247744,0.0421776773018693,6.44968112797164,6.23888310551943,6.2387927414623,16.4339817861242
5145,"White","Arkansas",845,"2022-05-15",4.25459902498738,633.954937069581,0.0206927767992758,4.51195781940321,4.40171697205553,4.39944846258231,33.4970597365262
6001,"Alameda","California",845,"2022-05-15",9.17449111193955,579.134505064413,0.0351694313355046,9.59652428796561,9.41791087525147,9.42067713128808,19.7087969363949
6005,"Amador","California",845,"2022-05-15",4.47895887485008,1390.98421196764,-0.00806819033938589,4.3486272120788,4.42569469659903,4.42248154247438,-85.9111091090972
6007,"Butte","California",845,"2022-05-15",5.83939503348455,703.469510466274,0.0427698974304351,6.35263380264977,6.13995228856192,6.1387843154976,16.2064260660747
6009,"Calaveras","California",845,"2022-05-15",4.55387689160054,658.155939917109,0.0250427585565606,4.85438999427927,4.73294156160574,4.72917620149646,27.6785474329607
6013,"Contra Costa","California",845,"2022-05-15",8.64264200784741,558.663183783481,0.0307199111871515,9.01128094209323,8.85808082600502,8.85768138615747,22.5634500157622
6015,"Del Norte","California",845,"2022-05-15",4.79342647830186,698.498544070456,0.033875456947161,5.19993196166779,5.03317759037505,5.03055467693199,20.4616333778499
6017,"El Dorado","California",845,"2022-05-15",6.01824556978562,704.697114223366,0.0444798020030475,6.55200319382219,6.33037477211167,6.32960418380695,15.5834142542374
6019,"Fresno","California",845,"2022-05-15",7.76931825402011,298.268551503838,0.0143416415561393,7.94141795269378,7.87599146949213,7.86970974491309,48.3310908201596
6021,"Glenn","California",845,"2022-05-15",4.0990951649807,650.929524849679,0.0217237565207426,4.36800604567561,4.25856516337189,4.2511614606259,31.9073351746556
6023,"Humboldt","California",845,"2022-05-15",6.52733115483174,712.696606706659,0.0512738190708792,7.1426169836823,6.8845220688515,6.88624788832789,13.5185401267216
6027,"Inyo","California",845,"2022-05-15",3.81299162482197,778.236923321505,0.0610436518771197,4.50276757414736,4.23617120476435,4.24029718796181,11.3549428850561
6029,"Kern","California",845,"2022-05-15",7.20838883203725,663.532489994164,0.0408482492431546,7.69856782295511,7.48874042527687,7.49432657673933,16.9688344886924
6031,"Kings","California",845,"2022-05-15",5.31601694364744,658.760319909264,0.0293314187102185,5.66799396817006,5.52291838037629,5.52133687461897,23.6315599803724
6033,"Lake","California",845,"2022-05-15",4.35487564560793,560.191301320066,0.0156058844848919,4.55393284328567,4.47050606638214,4.46411683700217,44.4157574811594
6035,"Lassen","California",845,"2022-05-15",3.16003532484527,784.49315419064,0.056875791729364,3.83950530255944,3.55895219202913,3.55816586695082,12.1870335248816
6037,"Los Angeles","California",845,"2022-05-15",10.7563637028445,479.431189330255,0.0298316531672967,11.1143435408521,10.9641208302774,10.9651852750156,23.2352922807448
6039,"Madera","California",845,"2022-05-15",5.16069598867199,785.044933892907,0.0939075567412684,6.2875866695672,5.77137449198095,5.81804888586087,7.38116510122487
6041,"Marin","California",845,"2022-05-15",7.60104530648183,444.184035835867,0.0192034834232454,7.83148710756078,7.74267461055167,7.73546969044455,36.0948670240163
6043,"Mariposa","California",845,"2022-05-15",4.4526847854799,730.92742952669,0.0408762234157336,4.94898944018418,4.73894190477866,4.73881834939004,16.9572216471727
6045,"Mendocino","California",845,"2022-05-15",5.7268477475872,708.979808952451,0.0437185267577983,6.25263204921769,6.03186919193741,6.03287743489179,15.8547698645016
6047,"Merced","California",845,"2022-05-15",6.33099333221175,668.103967560452,0.0368303633444141,6.77295769234472,6.58303239339625,6.58880587562265,18.8199930062616
6051,"Mono","California",845,"2022-05-15",3.30636327899132,744.19478570435,0.0340995143845621,3.67610545560531,3.54724179109951,3.54505987968325,20.327186268487
6053,"Monterey","California",845,"2022-05-15",7.32298210987049,575.901049405991,0.0277281757212579,7.65572021852559,7.51688182223269,7.5170793399193,24.997936666585
6055,"Napa","California",845,"2022-05-15",6.57108302235826,351.795588707218,0.0134596961239203,6.7325993758453,6.67836043128025,6.6653008952257,51.4979813941042
6057,"Nevada","California",845,"2022-05-15",5.42809171029485,668.181179915809,0.0315919507981436,5.80719511987257,5.65283566724313,5.64923536588185,21.9406261103913
6059,"Orange","California",845,"2022-05-15",9.04053445253835,510.605557850541,0.0274459228684748,9.36988552696005,9.23422302156706,9.23265591261768,25.2550145200661
6061,"Placer","California",845,"2022-05-15",6.94174254127027,629.418721335876,0.0329646708639391,7.33731859163754,7.1756069450321,7.17249523731784,21.0269710691453
6063,"Plumas","California",845,"2022-05-15",4.27069595202955,693.796433465495,0.029143425239614,4.61059381393865,4.47344587676209,4.47469992870685,23.7839984442792
6065,"Riverside","California",845,"2022-05-15",8.62389281007529,562.555063370937,0.031083258951686,8.99689191749552,8.84382509020454,8.84147562273709,22.2996945602561
6067,"Sacramento","California",845,"2022-05-15",8.88437276800006,3376.26003446085,-0.00350294238259709,8.8423374594089,8.86171794545048,8.85985217132188,-197.875701297161
6069,"San Benito","California",845,"2022-05-15",4.94266231051005,646.520090010816,0.0256008632721954,5.26046308081612,5.12583004158413,5.12186835341542,27.0751487240963
6071,"San Bernardino","California",845,"2022-05-15",8.76134872249867,1538.80382831792,-0.0125376369840274,8.61089707869034,8.67780475749563,8.67358526361048,-55.2853126504614
6073,"San Diego","California",845,"2022-05-15",9.49176361302741,525.034515552091,0.0301358849832868,9.85339423282685,9.70227510453394,9.70271480791042,23.0007242509839
6075,"San Francisco","California",845,"2022-05-15",8.85696609727961,478.840803522512,0.0245237174732492,9.1512507069586,9.03144177916987,9.02863211959235,28.2643600553644
6077,"San Joaquin","California",845,"2022-05-15",7.67693714581808,687.33538186493,0.0502862892502435,8.280372616821,8.02635110868718,8.02894117056978,13.7840192802969
6079,"San Luis Obispo","California",845,"2022-05-15",6.76454453919321,617.702923592344,0.0304302002010506,7.12970694160582,6.98091681883339,6.97755594060056,22.7782655381944
6081,"San Mateo","California",845,"2022-05-15",8.71651232457876,370.328900755167,0.0185587581151868,8.939217421961,8.85346974336226,8.84642363138507,37.3487911345068
6083,"Santa Barbara","California",845,"2022-05-15",7.27497443679654,440.791082037548,0.0182234767547973,7.49365615785411,7.40751438538494,7.40253877408012,38.0359461526722
6085,"Santa Clara","California",845,"2022-05-15",9.36921050986581,450.08932832658,0.0240291204897137,9.65755995574238,9.54110470776305,9.53741435329381,28.8461319612869
6087,"Santa Cruz","California",845,"2022-05-15",7.65917136766606,520.579575333585,0.023978339442961,7.94691144098159,7.83112537259525,7.82701974376679,28.9072219620872
6089,"Shasta","California",845,"2022-05-15",5.22266974820872,756.64256241683,0.0626539142712708,5.97451671946397,5.65946525810239,5.66124714810762,11.0631105593634
6093,"Siskiyou","California",845,"2022-05-15",4.02535169073515,2516.00699392075,-0.00239574516248271,3.98653670602302,4.00873350151409,4.00858147459777,-289.324253436721
6095,"Solano","California",845,"2022-05-15",7.4697356161052,663.183207443154,0.0422456233262104,7.97668309601973,7.76790964800813,7.76545497938867,16.4075500841266
6097,"Sonoma","California",845,"2022-05-15",7.95030099451004,568.92970843869,0.0293292966511303,8.3022525543236,8.15642914655008,8.15560607106795,23.6332697918016
6101,"Sutter","California",845,"2022-05-15",5.32579355783206,1591.74997963272,-0.00708452770485486,5.2407792253738,5.27466135593733,5.27620186389808,-97.8395751187404
6103,"Tehama","California",845,"2022-05-15",3.95398720452718,751.154215922192,0.0441540788011207,4.45275269693235,4.26239440355608,4.26306575613502,15.6983725938894
6107,"Tulare","California",845,"2022-05-15",7.24402341314321,1012.76398594274,-0.0419301706522559,6.74086136531614,6.96609194565432,6.95051221857742,-16.5309887791418
6109,"Tuolumne","California",845,"2022-05-15",5.30756023362922,733.701790220248,0.0499308525009631,5.90673046364078,5.65619786747564,5.65707620113596,13.8821419190985
6111,"Ventura","California",845,"2022-05-15",7.79323327991751,640.407564178598,0.0390457346133648,8.26178209527789,8.0650079487222,8.06655342221106,17.7521869526484
6113,"Yolo","California",845,"2022-05-15",6.8082506002682,431.159954877552,0.0166526021154046,7.00808182565306,6.93084230149489,6.92481881507603,41.6239561695132
6115,"Yuba","California",845,"2022-05-15",5.08847778086019,745.831041544294,0.0538208172483716,5.71410011049449,5.46007031638761,5.46522350159879,12.8787932996487
8001,"Adams","Colorado",845,"2022-05-15",7.83343041073793,531.512880050737,0.0253930550229335,8.13814707101313,8.01071257633758,8.01118179589846,27.296722664285
8003,"Alamosa","Colorado",845,"2022-05-15",3.49216915986788,1000.28635710286,-0.0219263819996885,3.25138331117945,3.34251059997279,3.33868448587006,-31.6124739854388
8005,"Arapahoe","Colorado",845,"2022-05-15",8.27348243487634,576.094634076528,0.0313501864803897,8.64968467264102,8.49148802780558,8.49293374023907,22.1098263958821
8013,"Boulder","Colorado",845,"2022-05-15",7.96042334993073,675.310574308243,0.0483359712774149,8.54045500525971,8.2824961473025,8.29877514887263,14.3401934882359
8014,"Broomfield","Colorado",845,"2022-05-15",5.99787254340331,681.73206358791,0.0378969529733828,6.45263597908391,6.25901299325189,6.26315121421699,18.2903142911459
8015,"Chaffee","Colorado",845,"2022-05-15",4.56583518058941,1130.07837507258,-0.0158682919471081,4.41262883982909,4.45947780759017,4.45475713695965,-43.6812722421751
8019,"Clear Creek","Colorado",845,"2022-05-15",3.47903986842609,763.1384464686,0.0451611941080233,4.01309386777207,3.78601743193654,3.79516822718225,15.3482916971144
8025,"Crowley","Colorado",845,"2022-05-15",3.25809653802148,877.150192211022,-0.0900057899924705,2.26366291841551,2.70001954602678,2.62805600807419,-7.70113990019899
8029,"Delta","Colorado",845,"2022-05-15",4.10382330617665,1179.049733346,-0.012065133733247,3.94589877024222,4.01435279430733,4.01936737004392,-57.4504349379807
8031,"Denver","Colorado",845,"2022-05-15",8.46496713131091,559.804433681294,0.0302109246142835,8.82749822668231,8.6749087431245,8.6764436036109,22.9435937300717
8035,"Douglas","Colorado",845,"2022-05-15",7.63723438878947,639.934935877561,0.0381737532351751,8.09531942761157,7.89933979999563,7.9044506614357,18.1576900832808
8037,"Eagle","Colorado",845,"2022-05-15",5.29330482472449,490.954626963364,0.015165090941254,5.47528591601954,5.40597373188401,5.39946046131327,45.7067605624679
8039,"Elbert","Colorado",845,"2022-05-15",4.20469261939097,760.50155829021,0.0528902520472065,4.83937564395745,4.55943077769878,4.57492438372142,13.1053862239357
8041,"El Paso","Colorado",845,"2022-05-15",8.18781572727089,614.163634268657,0.0362555237760565,8.62288201258357,8.43675324241177,8.44160439370328,19.1183882721261
8043,"Fremont","Colorado",845,"2022-05-15",5.09724976693303,693.254067119316,0.0347352029924911,5.51407220284292,5.33685346459747,5.34039618788047,19.9551786327486
8045,"Garfield","Colorado",845,"2022-05-15",5.64494197463327,1068.96560927708,-0.0246541041357972,5.3490927250037,5.49071057754007,5.47236324568269,-28.1148800516954
8049,"Grand","Colorado",845,"2022-05-15",4.21950770517611,1157.9522020799,-0.013400985063763,4.10006089029813,4.13309059433508,4.12570080972977,-51.7235992176615
8059,"Jefferson","Colorado",845,"2022-05-15",8.05011100488375,624.032988187444,0.0372747251412204,8.49740770657839,8.30732346649115,8.31103408087229,18.595634922427
8065,"Lake","Colorado",845,"2022-05-15",3.500827222611,750.677757220548,0.03919323019301,3.97114598492712,3.77031307436105,3.77517983396207,17.685380284975
8067,"La Plata","Colorado",845,"2022-05-15",5.0201140380508,623.412092694356,0.023178182477965,5.29825222778638,5.18552930186763,5.18236131539656,29.905156766235
8069,"Larimer","Colorado",845,"2022-05-15",7.78441378447162,626.455188384722,0.0364533032930624,8.22185342398837,8.03644368389079,8.03958690752306,19.0146603447008
8071,"Las Animas","Colorado",845,"2022-05-15",3.3322045101752,763.384428679549,0.0431098470232988,3.82020372350685,3.62471530084428,3.63397343933829,16.078627701586
8075,"Logan","Colorado",845,"2022-05-15",3.41538201665411,1012.03672495611,-0.0197985882756893,3.1685012263957,3.28019620752826,3.27679189872429,-35.0099295418483
8077,"Mesa","Colorado",845,"2022-05-15",5.97598826196848,686.795836826868,0.0390066962815834,6.44406861734748,6.24240230350058,6.24903513593956,17.7699535371112
8081,"Moffat","Colorado",845,"2022-05-15",3.45676723281697,759.015058246585,0.0416585684650087,3.87361956224947,3.74394467333677,3.74837721207203,16.6387661914537
8083,"Montezuma","Colorado",845,"2022-05-15",3.55125807623789,776.989804011589,0.0561324567993141,4.21050658582759,3.9280995228206,3.94418527383309,12.3484205054145
8085,"Montrose","Colorado",845,"2022-05-15",4.28457129852317,1261.63641035125,-0.0101617678012053,4.16263008490871,4.21501897399021,4.21343892391473,-68.211279190785
8087,"Morgan","Colorado",845,"2022-05-15",4.01509519056796,1440.15657615708,-0.00680163605825732,4.00042697629118,3.96325610609707,3.96748373816016,-101.908889952801
8089,"Otero","Colorado",845,"2022-05-15",3.26902560855367,669.545635620562,0.0193588010097697,3.53209773338554,3.40745729028867,3.40453721562206,35.805274314775
8093,"Park","Colorado",845,"2022-05-15",4.04555439805267,726.227142187223,0.035558168053667,4.47225241469667,4.29439256483886,4.29446157442834,19.4933321512457
8097,"Pitkin","Colorado",845,"2022-05-15",4.89034912822175,1356.56529948804,-0.0094670492444392,4.77674453728848,4.82635873156554,4.82407978351068,-73.2168136726541
8101,"Pueblo","Colorado",845,"2022-05-15",6.70738612535326,635.051736201424,0.0327272161326787,7.1001127189454,6.93312708548948,6.93647663828201,21.1795338091047
8105,"Rio Grande","Colorado",845,"2022-05-15",3.76451686831956,697.440920799732,0.0265476793000973,4.10318486752705,3.95005105268415,3.95035062342024,26.1095206373615
8107,"Routt","Colorado",845,"2022-05-15",4.51242813428948,756.863381850821,0.0542581876615181,5.16194048102035,4.87671675778247,4.89223544792011,12.7749784951175
8113,"San Miguel","Colorado",845,"2022-05-15",3.55125807623789,-9631.74672573004,0.000340859044213008,3.57347988870359,3.55398494859159,3.55364408954738,2033.53025929037
8117,"Summit","Colorado",845,"2022-05-15",5.16560196744084,705.31570558211,0.0382668246558441,5.61314217425559,5.43009857665001,5.43346974003175,18.1135274952605
8119,"Teller","Colorado",845,"2022-05-15",3.88890058800729,583.442246917207,0.0151918281570086,4.07988323506613,4.00162458358121,3.99524338510635,45.6263178727551
8123,"Weld","Colorado",845,"2022-05-15",7.44750149860537,271.610964181269,0.0131028239977882,7.60473538657883,7.54739900028666,7.53922126658989,52.9005946105169
9001,"Fairfield","Connecticut",845,"2022-05-15",8.83929739430478,558.591946647629,0.0314109610190739,9.21622892653366,9.05995575025931,9.0591741214383,22.0670478734809
9003,"Hartford","Connecticut",845,"2022-05-15",8.84010450520216,621.655129747747,0.0404868889064772,9.32594717207988,9.12146518565073,9.1235127275475,17.1202875617606
9005,"Litchfield","Connecticut",845,"2022-05-15",7.00059487694337,626.904256582289,0.0328518757093181,7.39481738545519,7.23300838717295,7.2305580069086,21.0991660474151
9007,"Middlesex","Connecticut",845,"2022-05-15",7.21880504489459,687.984008116963,0.0474871423425558,7.78865075300526,7.54605279239298,7.55121504129248,14.5965233190876
9009,"New Haven","Connecticut",845,"2022-05-15",8.80353150428452,615.294292767138,0.0391780503161027,9.27366810807775,9.0759139499004,9.07777785649724,17.6922326396383
9011,"New London","Connecticut",845,"2022-05-15",7.69413255539308,642.885085754325,0.0390337412307799,8.16253745016243,7.9673223140055,7.96736874400854,17.7576414328782
9013,"Tolland","Connecticut",845,"2022-05-15",6.8082506002682,648.681105022384,0.0355858766645331,7.23528112024259,7.05891089967387,7.05735173691993,19.4781538500294
9015,"Windham","Connecticut",845,"2022-05-15",6.5142893208408,698.267892561182,0.0459619872910792,7.06583316833376,6.83339617811449,6.83602323187835,15.0808792528969
10001,"Kent","Delaware",845,"2022-05-15",7.01904106265934,636.493239760205,0.0344904565056644,7.43292654072731,7.26367768169094,7.26047425819899,20.0967818575005
10003,"New Castle","Delaware",845,"2022-05-15",8.11423921349419,641.247843479811,0.0408259178444183,8.60415022762721,8.40103401273246,8.40002063840512,16.9781162839114
10005,"Sussex","Delaware",845,"2022-05-15",7.12113705309439,673.515226515657,0.042773503570668,7.63441909594241,7.42161309706305,7.42055157808907,16.205059737853
11001,"District of Columbia","District of Columbia",845,"2022-05-15",8.13614191139706,689.771263758633,0.0541583595453072,8.78604222594075,8.49740907007131,8.51525042821421,12.7985261440587
12001,"Alachua","Florida",845,"2022-05-15",6.65599177028788,960.190185067451,-0.0553788295321493,5.99144581590208,6.27200636974842,6.26833996356283,-12.5164649815784
12003,"Baker","Florida",845,"2022-05-15",3.55125807623789,914.971167919778,-0.0473683173781939,2.98283826769957,3.21640685707756,3.21967985459053,-14.6331391724511
12005,"Bay","Florida",845,"2022-05-15",5.32718244694421,943.98930493126,-0.0512281763058772,4.71244433127369,4.96280398906557,4.96858521280307,-13.530584739563
12007,"Bradford","Florida",845,"2022-05-15",4.00733318523247,911.374486012565,-0.0567547186681551,3.36978224970942,3.62349969456048,3.61005015455538,-12.2130317412509
12009,"Brevard","Florida",845,"2022-05-15",7.62238434835798,982.528731677755,-0.0534796336053246,6.98062874509409,7.24571822301792,7.24802691312071,-12.9609560468442
12011,"Broward","Florida",845,"2022-05-15",9.29599368435624,1006.3147473753,-0.0558939831317485,8.62526588677526,8.90903130226087,8.904735802434,-12.4011054808193
12015,"Charlotte","Florida",845,"2022-05-15",6.39119898050716,956.04397336732,-0.0550756648109316,5.73029100277598,6.00873605306823,6.00566932683064,-12.5853620276658
12017,"Citrus","Florida",845,"2022-05-15",6.00740819750512,954.731703490753,-0.0523604898622404,5.37908231915824,5.63957149702634,5.64088476846944,-13.2379812026894
12019,"Clay","Florida",845,"2022-05-15",5.75438505436481,984.019834928905,-0.0399555037485318,5.27491900938243,5.45889246658997,5.47469652812509,-17.347977513246
12021,"Collier","Florida",845,"2022-05-15",7.1279229782662,964.474800250455,-0.0572639840668487,6.44075516946402,6.73342502486576,6.72707508979826,-12.1044176694164
12023,"Columbia","Florida",845,"2022-05-15",3.81928095372953,905.574932214205,-0.059373860920482,3.18095057411045,3.42264338061219,3.40366392728616,-11.6742817430765
12027,"DeSoto","Florida",845,"2022-05-15",4.11787505963229,922.559056280503,-0.0495002011697433,3.49268748023215,3.77398036706977,3.77137365144409,-14.0029164362998
12031,"Duval","Florida",845,"2022-05-15",7.73568307156704,982.126184177404,-0.054428275242451,7.08254376865763,7.35290380423452,7.35468514486988,-12.7350568702079
12033,"Escambia","Florida",845,"2022-05-15",5.69084196338047,947.080074633526,-0.0531456667625326,5.05309396223008,5.31324858452558,5.31882229604274,-13.0424025660848
12035,"Flagler","Florida",845,"2022-05-15",5.63886292855689,939.586266761091,-0.0566228970314211,4.95938816417983,5.24936970559524,5.24250264933694,-12.24146444106
12039,"Gadsden","Florida",845,"2022-05-15",3.64507683145554,913.923772854686,-0.0499118146061282,3.0907278704351,3.29315000342941,3.29569412921264,-13.8874369932213
12049,"Hardee","Florida",845,"2022-05-15",3.47462485021697,908.011614141652,-0.0510657503088029,2.8602751021506,3.12202740040578,3.11716459805535,-13.5736217791449
12051,"Hendry","Florida",845,"2022-05-15",4.3193910636824,932.986669022335,-0.0469569186336468,3.80288442769186,3.98835278010203,3.99069263324687,-14.7613429656194
12053,"Hernando","Florida",845,"2022-05-15",5.92501944769983,953.082021778183,-0.0523957686158293,5.29627022430988,5.55500690107128,5.55824906738902,-13.2290678974893
12055,"Highlands","Florida",845,"2022-05-15",5.32856940971856,944.573516607038,-0.0512910852712539,4.74819613415141,4.96759173497698,4.96953181281978,-13.5139893588569
12057,"Hillsborough","Florida",845,"2022-05-15",8.41126108385945,989.810026733629,-0.056146182383474,7.73750689525776,8.02254806914685,8.01823780717513,-12.3454017910925
12061,"Indian River","Florida",845,"2022-05-15",6.37234417974353,951.494356928846,-0.0571539614673975,5.68649664213476,5.981662162576,5.97226644947175,-12.1277189325772
12063,"Jackson","Florida",845,"2022-05-15",4.07753744390572,931.604070366931,-0.0446560983442709,3.55480719490993,3.75362507741914,3.76494475549582,-15.5218930058826
12065,"Jefferson","Florida",845,"2022-05-15",3.27444567602301,909.926613030501,-0.0481959261457403,2.79182676349091,2.93638060084209,2.93707419300283,-14.381862451692
12069,"Lake","Florida",845,"2022-05-15",7.09920174355309,968.208463493904,-0.0553723330744904,6.43473374665921,6.7155353327334,6.71159541203166,-12.51793345293
12071,"Lee","Florida",845,"2022-05-15",7.78381907734735,978.178917449937,-0.0563314521563498,7.10784165147115,7.39386906393772,7.3894989122529,-12.3047987230312
12073,"Leon","Florida",845,"2022-05-15",6.54842374821484,954.102471371124,-0.0573907266821222,5.85973502802938,6.15770404385992,6.14668866143998,-12.0776860763442
12075,"Levy","Florida",845,"2022-05-15",3.56751859710967,905.720543524052,-0.0544949235743264,2.92749691371447,3.19407956549639,3.18605413208939,-12.7194816525351
12081,"Manatee","Florida",845,"2022-05-15",7.11186162427626,968.927176753859,-0.0551618503044849,6.44991942062244,6.72860493663876,6.72572867214487,-12.5656985168895
12083,"Marion","Florida",845,"2022-05-15",6.57368016696065,961.84168569692,-0.0539526364015727,5.92624853014178,6.19642028496695,6.19601171214964,-12.8473273372743
12085,"Martin","Florida",845,"2022-05-15",6.21489377189935,954.944923904904,-0.0540422785693912,5.56337825497358,5.83594603724212,5.83659782191361,-12.8260169428262
12086,"Miami-Dade","Florida",845,"2022-05-15",10.0882109844221,1023.96482936487,-0.0548377155527553,9.43015839778904,9.71042864762996,9.70434697555281,-12.6399718437053
12087,"Monroe","Florida",845,"2022-05-15",5.82684256741343,942.340312413714,-0.0572122932703275,5.1685764479464,5.43709795653147,5.42635651452114,-12.1153539027851
12089,"Nassau","Florida",845,"2022-05-15",5.3061438027975,935.603006149071,-0.0555018510037623,4.64012159075236,4.92329543000489,4.91763084577116,-12.4887218718698
12091,"Okaloosa","Florida",845,"2022-05-15",5.492473380989,944.780922380861,-0.0524186393494875,4.86344970879515,5.11967101943845,5.12554290554259,-13.2232959336958
12093,"Okeechobee","Florida",845,"2022-05-15",3.29053181377464,903.673972450373,-0.0529232154118226,2.7347527751757,2.9240089523746,2.92006930589188,-13.0972234994834
12095,"Orange","Florida",845,"2022-05-15",8.65064958122812,999.254215128588,-0.0543197526937873,7.99881254890268,8.27134106523512,8.27041131237161,-12.7604995638948
12097,"Osceola","Florida",845,"2022-05-15",7.31806577208678,973.25917186039,-0.0549160381977579,6.65907331371369,6.93664329207172,6.93365350470247,-12.6219443956218
12099,"Palm Beach","Florida",845,"2022-05-15",8.83989761578382,993.497211897702,-0.0575899555861324,8.14881814875023,8.44474405225566,8.43676792668089,-12.0359040653064
12101,"Pasco","Florida",845,"2022-05-15",7.38965218767425,976.626208501873,-0.0540866373201956,6.7406125398319,7.01071977988775,7.01104572643288,-12.8154977810227
12103,"Pinellas","Florida",845,"2022-05-15",8.10319175228579,985.941914282429,-0.055523403212352,7.43691091373757,7.71690228714698,7.71452792979933,-12.4838741946161
12105,"Polk","Florida",845,"2022-05-15",7.71026922516731,986.851971933015,-0.0525036819300203,7.08022504200706,7.34025487531656,7.34274345165717,-13.2018775651546
12107,"Putnam","Florida",845,"2022-05-15",4.50613880538191,929.665850919655,-0.0509804561581465,3.95944050779459,4.14903624759514,4.14927561227488,-13.5963314727851
12109,"St. Johns","Florida",845,"2022-05-15",6.4111142902081,959.898780435846,-0.0534710550591337,5.76946162949849,6.03570664925355,6.03681690479416,-12.9630354178236
12111,"St. Lucie","Florida",845,"2022-05-15",6.78574905248145,962.303073687202,-0.0554830622641294,6.1199523053119,6.401559346133,6.39736761663255,-12.4929510426117
12113,"Santa Rosa","Florida",845,"2022-05-15",5.39492540506796,939.10317842814,-0.0544374609435947,4.74167587374482,5.01615169891998,5.0138631784628,-12.7329079744948
12115,"Sarasota","Florida",845,"2022-05-15",7.42211749875646,971.487404170976,-0.0564473650198866,6.74474911851782,7.03295022388976,7.02698594361725,-12.2795312113461
12117,"Seminole","Florida",845,"2022-05-15",7.28746292203144,970.028933938522,-0.0560449332413736,6.61492372313495,6.89857197850162,6.89514838934183,-12.3677046339712
12119,"Sumter","Florida",845,"2022-05-15",6.20887742371321,953.117966853721,-0.0549151100447127,5.55290427726973,5.82896338543955,5.82447165340022,-12.6221577266361
12121,"Suwannee","Florida",845,"2022-05-15",3.55942138687705,905.693054003192,-0.055030797739568,2.95477159486934,3.18599750120591,3.17420580270007,-12.5956229789771
12127,"Volusia","Florida",845,"2022-05-15",7.15706770459237,972.430003420785,-0.0540441555517551,6.50853783797131,6.77666997123509,6.77875861573008,-12.825571488413
12129,"Wakulla","Florida",845,"2022-05-15",3.58747933967221,905.308497821037,-0.0561432415264603,2.99291186857926,3.20336587773138,3.19447664898699,-12.3460484595152
12131,"Walton","Florida",845,"2022-05-15",4.30213272545312,933.285727778911,-0.0468399798475443,3.80742185105718,3.96163675906034,3.97425286652031,-14.7981955333033
13001,"Appling","Georgia",845,"2022-05-15",3.42936825862885,880.88397264625,-0.0868206709623886,2.50772588520669,2.8929139719731,2.82162356189213,-7.9836653285048
13003,"Atkinson","Georgia",845,"2022-05-15",3.630038954091,776.418194082212,0.0570305523163973,4.31047213656222,4.02376301564085,4.02925282030578,12.1539622606926
13005,"Bacon","Georgia",845,"2022-05-15",5.48420398950649,549.257122470485,0.0188627285940986,5.71055673263567,5.62257208211202,5.61624308966518,36.7469201023654
13009,"Baldwin","Georgia",845,"2022-05-15",3.51367536508885,730.477086412822,0.032196384721502,3.91259847833064,3.74538293227095,3.73905005813936,21.5287271088246
13011,"Banks","Georgia",845,"2022-05-15",3.47903986842609,523.888009399265,0.0110057194028438,3.61110850126022,3.56267060543972,3.556079904246,62.980633540488
13013,"Barrow","Georgia",845,"2022-05-15",4.5493554068817,714.229249856259,0.0360560383543016,4.96746745128362,4.80400633413281,4.80174767536181,19.2241636130069
13015,"Bartow","Georgia",845,"2022-05-15",5.30401538766267,543.428524540279,0.0178844421212149,5.51862869311725,5.43350473066875,5.42920648251117,38.7569920192099
13021,"Bibb","Georgia",845,"2022-05-15",5.99893656194668,729.830390788059,0.054451827548976,6.65235849253439,6.37841399551851,6.38009935478951,12.7295485158235
13025,"Brantley","Georgia",845,"2022-05-15",3.29053181377464,903.983771767923,-0.0530311054111682,2.75675688029485,2.93314591571442,2.91931407589646,-13.0705776390241
13029,"Bryan","Georgia",845,"2022-05-15",4.30213272545312,629.070949202633,0.0203961128597029,4.54688607976956,4.45166947954068,4.44490551547104,33.9842785401238
13031,"Bulloch","Georgia",845,"2022-05-15",4.05550472890584,616.507473904032,0.0182476606109431,4.29718769261289,4.19153568294021,4.18323835318244,37.9855366306114
13035,"Butts","Georgia",845,"2022-05-15",4.36763789722178,647.618190595374,0.0227029671398691,4.64007350290021,4.53282290799757,4.52655866720086,30.5311273319291
13039,"Camden","Georgia",845,"2022-05-15",4.26468992796934,768.308087566217,0.0597068954763648,4.99698426790097,4.68447770945971,4.68263819630389,11.6091646539273
13045,"Carroll","Georgia",845,"2022-05-15",4.26468992796934,768.450300574264,0.0591215724758648,4.93958960993539,4.67766519919789,4.67854093530039,11.7240991998802
13047,"Catoosa","Georgia",845,"2022-05-15",4.79460921055091,649.848231948713,0.0252616088351057,5.10667888983663,4.97277749514652,4.97144047239665,27.4387583579668
13051,"Chatham","Georgia",845,"2022-05-15",6.44911540838672,643.324512059742,0.0327906414567823,6.84260310586811,6.68045699452101,6.6786498985842,21.1385672791276
13053,"Chattahoochee","Georgia",845,"2022-05-15",3.02390315052069,723.940259493217,0.0261886616656442,3.35371321712232,3.212359034648,3.2072237821802,26.4674533357028
13057,"Cherokee","Georgia",845,"2022-05-15",6.00247513605659,729.871157526901,0.0545041153730711,6.65652452053344,6.38257481744961,6.38400394366809,12.717336586705
13059,"Clarke","Georgia",845,"2022-05-15",5.16804596051072,763.027682203846,0.0671416180320475,5.97374537689528,5.63438271118941,5.63803728673505,10.3236591681347
13063,"Clayton","Georgia",845,"2022-05-15",6.20195698086863,705.980446018794,0.0462765081410311,6.757275078561,6.52658554055301,6.52589253785585,14.9783812220129
13067,"Cobb","Georgia",845,"2022-05-15",7.55193728005836,696.418875545652,0.0525970061089716,8.18310135336602,7.91806250196064,7.92011632282116,13.1784531447259
13071,"Colquitt","Georgia",845,"2022-05-15",3.47903986842609,806.971124884088,0.101805645258673,4.58419368644758,4.1568020437086,4.1916793852368,6.80853383718322
13073,"Columbia","Georgia",845,"2022-05-15",5.78030250145222,647.458678513245,0.0300211012203416,6.14055571609632,5.99500645521922,5.99045020999461,23.088666051007
13077,"Coweta","Georgia",845,"2022-05-15",5.72917170866102,720.5136046618,0.0479385934433061,6.30327284944378,6.06562972542147,6.06474186276416,14.459063789172
13083,"Dade","Georgia",845,"2022-05-15",4.1225154391888,755.413959439605,0.0487375388642918,4.7073659055603,4.46014732155737,4.46367821123884,14.2220390424308
13085,"Dawson","Georgia",845,"2022-05-15",3.31678003984957,1019.32796135872,-0.0187507063475578,3.13751746717281,3.19235123085876,3.18552509541666,-36.9664570343092
13089,"DeKalb","Georgia",845,"2022-05-15",7.71747841776719,694.606909877492,0.0530800907475345,8.3544395067376,8.08677266639148,8.08903905299993,13.0585153642025
13095,"Dougherty","Georgia",845,"2022-05-15",5.32787616878958,-2126.08478393269,0.00179626563530845,5.34943135641328,5.34224629387205,5.34045002823674,385.882336629414
13097,"Douglas","Georgia",845,"2022-05-15",5.36797668257815,726.858295255135,0.0475206152452353,5.94681080231356,5.70247779406613,5.7006209892948,14.5862417181024
13103,"Effingham","Georgia",845,"2022-05-15",4.80519131988145,733.23834372396,0.0450085872352642,5.34529436670462,5.1197976436868,5.1202514305283,15.4003318730446
13113,"Fayette","Georgia",845,"2022-05-15",5.6937321388027,721.014461869509,0.047811683148826,6.2626390461735,6.02945360398011,6.02841392084448,14.4974436144059
13115,"Floyd","Georgia",845,"2022-05-15",4.72865124275911,596.73542438544,0.0194383059301302,4.96191091392067,4.86889021806936,4.86471938427002,35.6588265999835
13117,"Forsyth","Georgia",845,"2022-05-15",6.34086308207594,620.435555646559,0.0288792800708151,6.68741444292572,6.54922985524016,6.54301804257165,24.0015394726002
13121,"Fulton","Georgia",845,"2022-05-15",8.17779668327778,662.524817735938,0.0460785366097564,8.73073912259486,8.49923420624123,8.50034643954607,15.0427342437169
13123,"Gilmer","Georgia",845,"2022-05-15",3.30111392310517,774.35704176229,0.0502687905886095,3.90301760833161,3.65473720691939,3.65299545722544,13.7888175236308
13127,"Glynn","Georgia",845,"2022-05-15",4.88280192258637,776.616348023152,0.0763306317883252,5.75408178190401,5.41700528139303,5.41711634510465,9.08085213393926
13129,"Gordon","Georgia",845,"2022-05-15",5.55848141010592,685.051915213755,0.0358731856400418,5.98895963778642,5.80615807246456,5.80959370958621,19.3221529728392
13133,"Greene","Georgia",845,"2022-05-15",3.55534806148941,787.514567162784,0.0671851534998151,4.3324637036704,4.02529308249745,4.02564413598812,10.3169695156215
13135,"Gwinnett","Georgia",845,"2022-05-15",7.51930497239653,682.366005547032,0.0477010368130968,8.0917174141537,7.8515882003388,7.85321223008821,14.5310715839542
13137,"Habersham","Georgia",845,"2022-05-15",3.17805383034795,929.847871732455,-0.0357463331016722,2.78277595420459,2.94426891870514,2.92782949863625,-19.3907212409298
13139,"Hall","Georgia",845,"2022-05-15",5.89793848909716,1862.63920957659,-0.00576736979558911,5.82873005155009,5.85805443775556,5.85756690052804,-120.18427899145
13151,"Henry","Georgia",845,"2022-05-15",5.94204918754463,745.314952503415,0.0627559402952082,6.69512047108713,6.37818138149198,6.38134076961109,11.0451246097076
13153,"Houston","Georgia",845,"2022-05-15",5.82852536124765,735.021087274208,0.0555209156763887,6.49477634936432,6.21605338736938,6.21717177098237,12.4844335169119
13159,"Jasper","Georgia",845,"2022-05-15",3.11033565629299,760.639983915001,0.0389430746799037,3.55783992915532,3.38291428519884,3.38293717905232,17.798984447359
13169,"Jones","Georgia",845,"2022-05-15",3.20738144544247,746.059427814462,0.0342052135427308,3.62371989444541,3.4516955386898,3.44681794024159,20.2643722628433
13175,"Laurens","Georgia",845,"2022-05-15",4.04054185622913,661.713136648526,0.022663149602131,4.3124996514547,4.2066568875522,4.19918390344405,30.5847683454717
13177,"Lee","Georgia",845,"2022-05-15",3.16607763930123,784.789909473941,0.0566698628525895,3.80878661242191,3.56369455911371,3.56276667926936,12.2313191821722
13179,"Liberty","Georgia",845,"2022-05-15",4.4188406077966,774.508654516422,0.0674721304802729,5.22850617355987,4.88728617363335,4.89114552115851,10.2730886904869
13185,"Lowndes","Georgia",845,"2022-05-15",4.93138592244212,729.31603008677,0.0445584046606334,5.46660197676666,5.2446658270436,5.24329475506655,15.5559245408157
13187,"Lumpkin","Georgia",845,"2022-05-15",3.2470467018349,954.347224422219,-0.0289996738410383,2.9680361267799,3.05320107707096,3.04404898494763,-23.9018957371532
13207,"Monroe","Georgia",845,"2022-05-15",3.76120011569356,780.856722539338,0.0632894346653533,4.50261781072566,4.20231239920563,4.20422615835103,10.9520204158088
13211,"Morgan","Georgia",845,"2022-05-15",3.74444930526875,690.655826582716,0.0251040840760057,4.05039769464113,3.92480344653326,3.92017789380079,27.6109328849186
13215,"Muscogee","Georgia",845,"2022-05-15",4.84080680154977,658.79069096379,0.0267138969145478,5.16137356452434,5.03399274092142,5.02780407995161,25.9470635368991
13217,"Newton","Georgia",845,"2022-05-15",5.02388052084628,760.065561407352,0.0628500132020485,5.77808067927086,5.46164072652291,5.46383061326062,11.0285924416855
13219,"Oconee","Georgia",845,"2022-05-15",3.93182563272433,798.853386331235,0.0941941392794295,5.00609953014566,4.5759639609739,4.59118460768034,7.35870815172168
13223,"Paulding","Georgia",845,"2022-05-15",5.54852006597625,708.231685091796,0.0421081507329104,6.05381787477117,5.84509613495465,5.84327712110662,16.4611166364569
13225,"Peach","Georgia",845,"2022-05-15",4.18531634042783,707.157831129507,0.0314331673220447,4.55284812939406,4.40811378413462,4.40534851168214,22.0514583674751
13227,"Pickens","Georgia",845,"2022-05-15",3.40119738166216,772.549009635023,0.0502633459008514,3.99347261088007,3.75451398469953,3.75304080296812,13.7903111728224
13233,"Polk","Georgia",845,"2022-05-15",3.35240721749272,725.056261662485,0.0294810201149674,3.74243090339743,3.56293757042818,3.55877435829749,23.5116416547621
13237,"Putnam","Georgia",845,"2022-05-15",3.3964241029095,795.604694370321,0.0762188032962762,4.29838270662191,3.92653046621978,3.92995572598343,9.09417559162609
13245,"Richmond","Georgia",845,"2022-05-15",6.012317043267,599.041701950222,0.024951691192743,6.31173733757992,6.19250562864111,6.1869788816162,27.7795671325694
13247,"Rockdale","Georgia",845,"2022-05-15",5.05259949319529,762.557618803559,0.0650457694501058,5.81784850637219,5.50592781214499,5.50791987934603,10.6562991939335
13255,"Spalding","Georgia",845,"2022-05-15",4.42911467077278,784.555314310355,0.0791808424237426,5.34032702991062,4.97725216124362,4.98338056773898,8.75397582726529
13259,"Stewart","Georgia",845,"2022-05-15",3.96217278911362,751.832698664184,0.0448913472719766,4.49664510956282,4.27115378360396,4.27641222001746,15.4405519700818
13267,"Tattnall","Georgia",845,"2022-05-15",3.09751496786393,927.886215035182,-0.036011141148397,2.73274920084954,2.85359705698989,2.84543697982515,-19.2481315075127
13275,"Thomas","Georgia",845,"2022-05-15",3.07797037179096,638.562167962859,0.0153423167919452,3.27463083449982,3.19410822209517,3.18536658933458,45.1787816637869
13277,"Tift","Georgia",845,"2022-05-15",3.43858491373377,798.133582387925,0.0810465843213254,4.36568915708479,4.00576743357436,4.00591100398305,8.55245395428171
13279,"Toombs","Georgia",845,"2022-05-15",3.10394585819422,1136.49805492992,-0.0105523399097183,3.00212017927422,3.02591693701524,3.03007947882619,-65.6865857705723
13285,"Troup","Georgia",845,"2022-05-15",3.98898404656427,779.742701151001,0.0659023903330907,4.76192871316151,4.45060588674319,4.4503007788959,10.5177851221567
13293,"Upson","Georgia",845,"2022-05-15",3.56751859710967,638.642034352735,0.01796662261627,3.8333220509595,3.69908104241957,3.69328495542356,38.5797150284803
13295,"Walker","Georgia",845,"2022-05-15",5.04985600724954,578.769488478042,0.0194083269463193,5.30294709932821,5.18850174158404,5.18571429587378,35.713906844062
13297,"Walton","Georgia",845,"2022-05-15",3.53888678443534,798.398922561935,0.0845340331399125,4.5311152564844,4.12852481758174,4.13062501641473,8.19962274144327
13299,"Ware","Georgia",845,"2022-05-15",3.88890058800729,806.207123576085,0.111994393979659,5.12854544368179,4.63362477012064,4.6728613458649,6.18912390102168
13305,"Wayne","Georgia",845,"2022-05-15",3.38196601973427,968.027338494455,-0.0269435399939813,3.12618723512056,3.19983369670226,3.1933612397764,-25.7259135479147
13311,"White","Georgia",845,"2022-05-15",3.28519846779927,685.119825894783,0.0212138800910081,3.54017600303463,3.43873664928174,3.43369562843633,32.6742292115504
15001,"Hawaii","Hawaii",845,"2022-05-15",7.39826157055439,696.010194632932,0.0513804539959913,8.01482701850628,7.75834333271109,7.75792474852633,13.4904837667262
15003,"Honolulu","Hawaii",845,"2022-05-15",9.01580163124364,650.685816292973,0.0476234873410015,9.58728347933566,9.34991163603057,9.34916604263065,14.5547337933646
15007,"Kauai","Hawaii",845,"2022-05-15",6.60800062529609,728.657004080255,0.0593481482217265,7.32017840395681,7.02259487194909,7.02343766284818,11.6793396479756
15009,"Maui","Hawaii",845,"2022-05-15",7.30633962599808,691.170707534883,0.0490920806313084,7.89544459357378,7.65265671249346,7.64998419041724,14.1193278354939
16001,"Ada","Idaho",845,"2022-05-15",6.95654544315157,663.861852510036,0.0394948257506111,7.4304833521589,7.23352276312053,7.23300922340585,17.5503288693259
16005,"Bannock","Idaho",845,"2022-05-15",4.51242813428948,482.536029257335,0.0126234488049649,4.66390951994906,4.6134157247292,4.60079227592423,54.9094935361347
16011,"Bingham","Idaho",845,"2022-05-15",3.31158522297247,950.211587192444,-0.0305097315899471,2.99640916426414,3.09827902891964,3.09801710184284,-22.718888185445
16013,"Blaine","Idaho",845,"2022-05-15",4.02023659006838,755.127899863752,0.0473681761570004,4.58865470395238,4.34923732280812,4.35181382316738,14.6331827989858
16017,"Bonner","Idaho",845,"2022-05-15",4.07024701064304,766.345078906987,0.0555399699045819,4.7572717396853,4.45941494980462,4.45902679997511,12.4801504529221
16019,"Bonneville","Idaho",845,"2022-05-15",4.54481338544719,747.983826212658,0.0493914623743285,5.13751093393913,4.89335280663976,4.89055362206749,14.033744846563
16027,"Canyon","Idaho",845,"2022-05-15",5.3599498836287,736.863213290249,0.0519693317449647,5.98358186456827,5.72189845675722,5.72373520584345,13.3376196554058
16039,"Elmore","Idaho",845,"2022-05-15",3.96759285658296,610.605703187147,0.0173383211572157,4.18537184366149,4.09542975360378,4.08896110468347,39.9777564548963
16045,"Gem","Idaho",845,"2022-05-15",3.32708940950844,900.356400437586,-0.0558965862147142,2.70295770609279,2.96350343589899,2.93581330600544,-12.4005279660081
16053,"Jerome","Idaho",845,"2022-05-15",3.29053181377464,729.381462885087,0.0299929319372057,3.6776894379273,3.50351945928376,3.50048233733508,23.1103508657021
16055,"Kootenai","Idaho",845,"2022-05-15",5.06710564058432,727.390058071549,0.0449969652218078,5.60706922324601,5.3829159510611,5.38208439713697,15.40430953828
16057,"Latah","Idaho",845,"2022-05-15",4.39621126966584,737.23149734597,0.0428289324529963,4.915412447901,4.69934028631356,4.69601379683681,16.1840872713943
16069,"Nez Perce","Idaho",845,"2022-05-15",3.72051653905712,732.739634131688,0.034686778372777,4.13675787953044,3.96637368109616,3.96332398766656,19.9830371420121
16075,"Payette","Idaho",845,"2022-05-15",3.77111755235091,1031.81175095267,-0.0199123671460079,3.5804776021362,3.63458382595586,3.63173098232885,-34.8098834999087
16083,"Twin Falls","Idaho",845,"2022-05-15",4.40671924726425,752.978924012569,0.050579301721123,5.00841687911852,4.76134324045857,4.76077435931211,13.704166664493
16085,"Valley","Idaho",845,"2022-05-15",3.31158522297247,615.542153736906,0.0148507562359641,3.51157783493427,3.42516932887903,3.41554051662422,46.6742009327007
17001,"Adams","Illinois",845,"2022-05-15",5.00106584308011,609.775401946737,0.0217721009151401,5.27373839294487,5.15680447643047,5.15347054948609,31.8364857512643
17005,"Bond","Illinois",845,"2022-05-15",3.38196601973427,620.618565716159,0.0155656344927453,3.60159883446945,3.49673492073086,3.49092546118349,44.5306088154003
17007,"Boone","Illinois",845,"2022-05-15",5.61208480947549,666.25193276587,0.0323001279888372,5.99968634534154,5.84082264156264,5.83818570539735,21.4595799991719
17011,"Bureau","Illinois",845,"2022-05-15",4.40322884232448,695.106738304591,0.0303894659475665,4.76790243369528,4.6179738727758,4.61595510395744,22.8087976852206
17015,"Carroll","Illinois",845,"2022-05-15",3.8859723282282,709.506646757113,0.0297790824716968,4.24332131788856,4.09745747963474,4.09442590553008,23.2763108540614
17017,"Cass","Illinois",845,"2022-05-15",3.07136968775961,743.301700999994,0.0320078469362166,3.4791985166193,3.30058521321315,3.29542461631313,21.6555390914362
17019,"Champaign","Illinois",845,"2022-05-15",7.87316265233845,358.453920811791,0.016349759644209,8.06935976806896,7.99439441716359,7.98761096984791,42.3949462037171
17021,"Christian","Illinois",845,"2022-05-15",4.30983989269805,710.196336685039,0.0332027600965351,4.70827301385647,4.54228819978834,4.5422592133738,20.8761915739734
17023,"Clark","Illinois",845,"2022-05-15",3.36729582998647,790.017195942738,0.0663551916426849,4.11288084177059,3.83195545624665,3.83178217148526,10.4460127896618
17027,"Clinton","Illinois",845,"2022-05-15",4.33448568990488,766.349052991098,0.0582828634017896,4.99198244475374,4.74094292825875,4.74246573371741,11.8928127429419
17029,"Coles","Illinois",845,"2022-05-15",5.10160707230198,548.851923295667,0.0175223794367798,5.31187562554334,5.22777537072662,5.22426372835944,39.5578227866141
17031,"Cook","Illinois",845,"2022-05-15",10.6676322605835,506.122300759633,0.0319507181367738,11.0510408782248,10.8923502191181,10.8912872875409,21.6942598157806
17033,"Crawford","Illinois",845,"2022-05-15",3.75118333745009,772.707650375619,0.0556251136367698,4.41064595838267,4.14099783097696,4.14055913290748,12.4610474521665
17035,"Cumberland","Illinois",845,"2022-05-15",3.10394585819422,1081.04243796834,-0.0131614605443213,3.01453301029543,3.01770236881035,3.01181563438397,-52.6649134589409
17037,"DeKalb","Illinois",845,"2022-05-15",6.79234442747081,671.750799568031,0.0403707382265823,7.2767932861898,7.07456850229687,7.07493959505689,17.1695443533787
17039,"De Witt","Illinois",845,"2022-05-15",4.37485814519527,737.237937524588,0.0425726969643301,4.88573050876723,4.67319285082517,4.67286702394558,16.2814956529699
17041,"Douglas","Illinois",845,"2022-05-15",4.79342647830186,653.484814126923,0.0257541473705211,5.11258935226162,4.97671780342984,4.97370550989551,26.914002260985
17043,"DuPage","Illinois",845,"2022-05-15",9.25167423546916,554.720487345743,0.032430209058446,9.64083674417051,9.48147060909595,9.47868569887828,21.3735033070785
17045,"Edgar","Illinois",845,"2022-05-15",3.52214999207982,742.787221993025,0.036273439911568,3.96152314061144,3.77799937379147,3.7760640714608,19.1089453398902
17049,"Effingham","Illinois",845,"2022-05-15",3.56347818757266,1344.50767578866,-0.00718960487455002,3.54093558660342,3.514025908413,3.51315095345081,-96.4096348345329
17051,"Fayette","Illinois",845,"2022-05-15",3.92338676407846,582.040664760598,0.0152147903413026,4.10737468634491,4.03659439714097,4.02989029646758,45.5574585657158
17053,"Ford","Illinois",845,"2022-05-15",4.1061790198691,565.406239847863,0.0150158388030119,4.30344570439355,4.21684939505117,4.21128989149018,46.1610696314156
17057,"Fulton","Illinois",845,"2022-05-15",5.03602452810108,726.2945963963,0.0442901073167399,5.56750581590196,5.34572479070229,5.34605527931826,15.6501580726124
17061,"Greene","Illinois",845,"2022-05-15",3.88890058800729,735.831835646481,0.0369872089746819,4.29673617114881,4.14908017720267,4.14781105083006,18.7401861285184
17063,"Grundy","Illinois",845,"2022-05-15",5.62091833015302,650.251754713683,0.0296230319372463,5.97639471339998,5.83063293574369,5.82827955371374,23.3989276326716
17067,"Hancock","Illinois",845,"2022-05-15",3.56347818757266,745.904766446346,0.0369100960238952,3.91598525814297,3.82583417106736,3.82184885973993,18.7793383173863
17073,"Henry","Illinois",845,"2022-05-15",5.04802282616788,616.867712635806,0.022714105445626,5.34081956886155,5.21121662196565,5.20702156428726,30.5161557966361
17075,"Iroquois","Illinois",845,"2022-05-15",4.45434729625351,754.58083134451,0.051842607798692,5.0504637526812,4.81621992299024,4.81724555084435,13.3702221009305
17077,"Jackson","Illinois",845,"2022-05-15",5.39037551096598,737.990027682185,0.0528416525216974,6.02447534122635,5.75820873468855,5.76026707861786,13.1174395099648
17081,"Jefferson","Illinois",845,"2022-05-15",3.89473150831809,677.406830177105,0.0241869796415998,4.22288144406874,4.06766861842985,4.06404036580929,28.6578643067853
17083,"Jersey","Illinois",845,"2022-05-15",4.25053397873921,622.592182313527,0.0194988616872386,4.47319130703978,4.39009739809517,4.38702601054988,35.5480843793866
17085,"Jo Daviess","Illinois",845,"2022-05-15",4.10852919721406,780.33524306342,0.0686735477013577,4.92147310399041,4.58489244381003,4.58924403112356,10.0933649674581
17087,"Johnson","Illinois",845,"2022-05-15",4.1061790198691,794.161111815348,0.0878054345830351,5.07856871285296,4.70717588019669,4.72081706195035,7.89412618765021
17089,"Kane","Illinois",845,"2022-05-15",8.32034375705586,591.785615044761,0.033520795978671,8.72259330879991,8.55792108364852,8.55498932890656,20.6781241412343
17091,"Kankakee","Illinois",845,"2022-05-15",5.93186618422195,719.476090944003,0.049217339784971,6.52247426164161,6.27586660135029,6.27638756271675,14.0833938524163
17093,"Kendall","Illinois",845,"2022-05-15",7.04390823231161,681.69223855257,0.044495027710001,7.57784856483162,7.35355620466194,7.35537342628162,15.5780817820268
17095,"Knox","Illinois",845,"2022-05-15",5.01917019654609,611.90867814627,0.0220050905740498,5.28323128343469,5.1790277978504,5.17320583056444,31.4994013874844
17097,"Lake","Illinois",845,"2022-05-15",8.83045946493795,566.06475602865,0.0322355726737429,9.21728633702287,9.05900996609823,9.05610847365415,21.5025551919088
17099,"LaSalle","Illinois",845,"2022-05-15",6.38784085789827,719.917999036101,0.0531956563566816,7.02618873417845,6.75732126264964,6.76021045239504,13.0301462193141
17103,"Lee","Illinois",845,"2022-05-15",5.31601694364744,689.866840822711,0.0354086796866099,5.74092109988676,5.56502178716622,5.56387770145371,19.5756291026594
17105,"Livingston","Illinois",845,"2022-05-15",5.02199905274657,701.123798117805,0.0362718680717085,5.47256168983143,5.27573660111781,5.27590212924853,19.1097734252234
17107,"Logan","Illinois",845,"2022-05-15",5.80039051317613,714.82349815953,0.0465983977900809,6.39220520021397,6.12581323307878,6.1265792977067,14.8749144483996
17109,"McDonough","Illinois",845,"2022-05-15",4.41193211745279,500.22146910688,0.0129847289228542,4.56774886452704,4.51059707864708,4.50282521991277,53.381721303396
17111,"McHenry","Illinois",845,"2022-05-15",7.77413521901816,634.484404277179,0.037827470911274,8.22806486995345,8.03967518016175,8.03892751539708,18.3239102129178
17113,"McLean","Illinois",845,"2022-05-15",7.47631058195637,540.353937475482,0.0249504716296568,7.77571624151225,7.65391027715618,7.65096388336397,27.7809249800333
17115,"Macon","Illinois",845,"2022-05-15",6.15909538849193,625.91422185226,0.0287692879077729,6.50432684338521,6.36200171794379,6.36048040384634,24.0933033442468
17117,"Macoupin","Illinois",845,"2022-05-15",5.04802282616788,695.680718937855,0.0350784063247769,5.48343125749493,5.29411561367688,5.29357167044132,19.7599393239925
17119,"Madison","Illinois",845,"2022-05-15",6.84344530315467,672.506914175514,0.0408580764362169,7.33374222038927,7.12973545194753,7.12945183820819,16.9647531410836
17121,"Marion","Illinois",845,"2022-05-15",3.96488649498521,660.344486951514,0.022123541606945,4.24009871712858,4.12272239562602,4.11975128623383,31.3307513270097
17123,"Marshall","Illinois",845,"2022-05-15",3.56347818757266,733.538127267352,0.033391513000335,3.95562116339625,3.80186087828936,3.797218778575,20.758184289313
17125,"Mason","Illinois",845,"2022-05-15",4.10852919721406,789.40266782642,0.0806771114924863,5.05017194690011,4.66308608650302,4.67326897766146,8.59162118892296
17129,"Menard","Illinois",845,"2022-05-15",3.75118333745009,2157.92914895606,-0.00286928347070476,3.74708092101116,3.73157915656973,3.73109835315516,-241.575009104866
17131,"Mercer","Illinois",845,"2022-05-15",4.12019794104844,767.268128235711,0.0567755717316994,4.81070046331454,4.51710761024088,4.51762694317034,12.2085460246091
17133,"Monroe","Illinois",845,"2022-05-15",4.71977356872709,736.258779680714,0.0454956434308464,5.26572128989725,5.03679398190868,5.03824307274301,15.2354627452084
17135,"Montgomery","Illinois",845,"2022-05-15",3.91202300542815,724.047284032964,0.0336135403528629,4.30094378141638,4.14899828114804,4.14731778789819,20.6210703568721
17137,"Morgan","Illinois",845,"2022-05-15",4.90633241999656,664.493866547019,0.0278604118950541,5.22399811084903,5.10243318236043,5.10135530326194,24.8792868953598
17139,"Moultrie","Illinois",845,"2022-05-15",3.20158432775814,757.060111695222,0.0386000387943647,3.66468337169708,3.47487794965615,3.47178459931869,17.9571627959384
17141,"Ogle","Illinois",845,"2022-05-15",5.50475064715623,704.266584429803,0.0405491770556392,5.99046842499023,5.78943514297343,5.7885948865457,17.0939888523225
17143,"Peoria","Illinois",845,"2022-05-15",6.90632568617254,650.370798314526,0.0364201590513872,7.34336759478919,7.16215613897738,7.16126679953225,19.0319646759902
17145,"Perry","Illinois",845,"2022-05-15",3.5179216559703,768.804052704985,0.049066452209993,4.08212997201598,3.86272187082905,3.86138682144025,14.1267026520164
17147,"Piatt","Illinois",845,"2022-05-15",4.51242813428948,1088.70531847372,-0.0181436736535507,4.29470405044687,4.39357569735153,4.38542241871462,-38.2032433891522
17157,"Randolph","Illinois",845,"2022-05-15",4.39444915467244,678.686764488693,0.0272959042827827,4.73074148745601,4.58781508672928,4.58552048465192,25.393816353509
17161,"Rock Island","Illinois",845,"2022-05-15",6.25355404855685,720.992950473927,0.0525477614432143,6.88412718587542,6.61915112593816,6.62138837865935,13.1908032145003
17163,"St. Clair","Illinois",845,"2022-05-15",6.79234442747081,667.225847585793,0.0393134293096511,7.26410557918662,7.06794535307499,7.06753843263837,17.6313079965727
17165,"Saline","Illinois",845,"2022-05-15",3.8286413964891,779.767713696964,0.062587332607263,4.52082612783113,4.26189877655166,4.26675272473994,11.0748797190233
17167,"Sangamon","Illinois",845,"2022-05-15",7.17198593252959,669.983322463382,0.0421840141593456,7.67819410244173,7.46676966220414,7.46727403164501,16.4315130831707
17173,"Shelby","Illinois",845,"2022-05-15",3.79388276312392,992.885541765656,-0.0247811544265971,3.49130636696953,3.63349293875456,3.62041468213774,-27.9707381112159
17177,"Stephenson","Illinois",845,"2022-05-15",5.06890420222023,744.891333734221,0.0530294980553871,5.67991880945622,5.43962188129796,5.44011068860794,13.0709738160445
17179,"Tazewell","Illinois",845,"2022-05-15",6.61376765396708,597.211008861576,0.0272408053715925,6.94065731842619,6.80803123957425,6.80445329156823,25.4451794322785
17181,"Union","Illinois",845,"2022-05-15",3.630038954091,781.893614161757,0.0624045955785275,4.37496065570778,4.06675536173789,4.06687112314069,11.1073098725192
17183,"Vermilion","Illinois",845,"2022-05-15",5.5957729508268,662.595679359163,0.031542484030903,5.97428275919764,5.817407475206,5.81657033904312,21.9750346827742
17187,"Warren","Illinois",845,"2022-05-15",4.29436569611546,548.317612063261,0.0148036688356338,4.49561350222998,4.40496721818028,4.3979913779649,46.8226618857802
17195,"Whiteside","Illinois",845,"2022-05-15",5.76025282114426,720.020732451051,0.0480104016203815,6.33637764058884,6.0959283350426,6.09632563248693,14.4374376627937
17197,"Will","Illinois",845,"2022-05-15",8.5706527092752,593.377224129141,0.0347520729949253,8.9876775852143,8.81551647728553,8.81391722023968,19.94549161603
17199,"Williamson","Illinois",845,"2022-05-15",5.24401202169049,725.054185803719,0.0456216005633386,5.79147122845055,5.56346983577254,5.56336322563386,15.1933990040007
17201,"Winnebago","Illinois",845,"2022-05-15",7.61254866417648,682.527167506077,0.0483419809221394,8.19265243524215,7.94986226401287,7.95094253063146,14.3384107837108
17203,"Woodford","Illinois",845,"2022-05-15",4.95884062090652,728.279839845837,0.0443862648788168,5.49147579945232,5.26774500476658,5.26954447505824,15.6162538670999
18003,"Allen","Indiana",845,"2022-05-15",6.54555489378819,709.417031742719,0.050125640281754,7.14706257716924,6.89734907795046,6.89643437576047,13.8281960422609
18005,"Bartholomew","Indiana",845,"2022-05-15",5.29760282561017,761.94161883907,0.0675471465426034,6.08318666966695,5.76765876577211,5.77043285140839,10.2616796717351
18007,"Benton","Indiana",845,"2022-05-15",3.24147565678544,800.617734980939,0.0819251563128958,4.20950009339725,3.81543657534844,3.81495175097571,8.4607367474847
18011,"Boone","Indiana",845,"2022-05-15",5.22112772785691,740.975465908509,0.0527255975073107,5.85383489794464,5.58985074056921,5.59020691040809,13.1463124806473
18015,"Carroll","Indiana",845,"2022-05-15",3.66721795733276,694.004238119473,0.025114638395444,3.96800642764212,3.85342891710661,3.84302042610087,27.5993295083909
18017,"Cass","Indiana",845,"2022-05-15",3.49216915986788,760.527917003385,0.0442508454063705,4.04771700368189,3.8062593157134,3.80192507771247,15.6640437983623
18019,"Clark","Indiana",845,"2022-05-15",5.985733872399,720.917387611197,0.0502653893152401,6.58891854418188,6.33928231677236,6.33759159760568,13.7897505620192
18021,"Clay","Indiana",845,"2022-05-15",3.28519846779927,794.833153863739,0.0726726822312868,4.15446804342537,3.80025728271849,3.79390724341828,9.53793308954728
18023,"Clinton","Indiana",845,"2022-05-15",3.99951045955126,767.164963728119,0.0545701137980997,4.62945758342244,4.38229497315526,4.38150125613796,12.7019559300256
18027,"Daviess","Indiana",845,"2022-05-15",3.20738144544247,756.157867401736,0.0383250906477918,3.67315841970614,3.48465455553028,3.47565707997701,18.0859893308532
18029,"Dearborn","Indiana",845,"2022-05-15",4.52023457518231,641.93862564419,0.0228959079264259,4.80954588614911,4.69872529070981,4.68050593066729,30.2738455617186
18033,"DeKalb","Indiana",845,"2022-05-15",3.72741311811618,767.528238958364,0.0511431101911426,4.32014858299224,4.09085584616446,4.08541488945418,13.5530901028383
18035,"Delaware","Indiana",845,"2022-05-15",5.43059797727091,748.801798655759,0.0592330228433044,6.11274141761138,5.8438375382009,5.84522913717404,11.7020396273478
18037,"Dubois","Indiana",845,"2022-05-15",3.65251180994306,800.439062136795,0.0914468355647607,4.71508460634139,4.2869227460075,4.29263965889638,7.57978311965834
18039,"Elkhart","Indiana",845,"2022-05-15",5.49833850044139,744.404727517521,0.0575168453173155,6.18854064424918,5.90007569160841,5.9009564176626,12.0512030299282
18043,"Floyd","Indiana",845,"2022-05-15",5.33547551451497,726.075729085004,0.0468335278484776,5.8974778486967,5.66797304751231,5.66331020945431,14.8002341997919
18045,"Fountain","Indiana",845,"2022-05-15",3.97834564835922,768.186353588218,0.0555819015658693,4.65852184473624,4.36521312040493,4.36741895932031,12.4707352759154
18051,"Gibson","Indiana",845,"2022-05-15",4.45931830897553,750.785275222859,0.0499841065487218,5.05912758756019,4.81353657200683,4.80920705481658,13.8673516127432
18053,"Grant","Indiana",845,"2022-05-15",4.04805127825126,719.281003172854,0.0335534501779465,4.45318024770667,4.28866419149195,4.28292542949689,20.6580002021827
18055,"Greene","Indiana",845,"2022-05-15",3.87417278129705,759.261836365887,0.0469255188569574,4.35178644637218,4.207146325023,4.20265141329575,14.7712203816618
18057,"Hamilton","Indiana",845,"2022-05-15",7.13409372119287,706.557776348185,0.053462041668367,7.77563822121327,7.50700107214112,7.50832801287144,12.9652209105601
18059,"Hancock","Indiana",845,"2022-05-15",5.15823394393222,757.526502701701,0.0625441397892384,5.90876362140308,5.59322651064714,5.59604292245689,11.0825280017555
18061,"Harrison","Indiana",845,"2022-05-15",4.11787505963229,771.865208600337,0.0604075949207842,4.84075001793239,4.5412376774175,4.54072822407778,11.4745038511947
18063,"Hendricks","Indiana",845,"2022-05-15",5.56123093067229,737.192075318543,0.0540934071755982,6.21035181677946,5.94039897999285,5.93988478090148,12.8138939059588
18065,"Henry","Indiana",845,"2022-05-15",4.1061790198691,771.099003009069,0.0589530527076516,4.76936073970793,4.51967569991247,4.51885038882266,11.7576130280694
18067,"Howard","Indiana",845,"2022-05-15",4.88063507450128,776.141262160934,0.0764286179097567,5.79777848941835,5.41193092279612,5.41563539986958,9.06920993100229
18069,"Huntington","Indiana",845,"2022-05-15",4.14313472639153,759.773546633061,0.0513066276870304,4.73182830579284,4.50479758371834,4.50228112020074,13.5098955399706
18071,"Jackson","Indiana",845,"2022-05-15",3.8098320645316,767.301968118831,0.0518552984034839,4.39204171738579,4.17604250292143,4.17281915335599,13.3669499916208
18073,"Jasper","Indiana",845,"2022-05-15",4.76704605162176,732.620822030041,0.0440905977077737,5.26349931055817,5.08011260037453,5.07568023557618,15.7209749151968
18077,"Jefferson","Indiana",845,"2022-05-15",3.47462485021697,805.422140060209,0.098757159248796,4.59989713154206,4.16226711877927,4.16592496495854,7.01870310803209
18079,"Jennings","Indiana",845,"2022-05-15",4.00473240353241,763.631863155472,0.0520807781113215,4.60228132711075,4.37336940923662,4.36929785031166,13.3090788136529
18081,"Johnson","Indiana",845,"2022-05-15",6.11809719804135,692.367072032824,0.0414412779200697,6.61539253308218,6.41244365052288,6.40818614348184,16.7260088334356
18083,"Knox","Indiana",845,"2022-05-15",3.8255309740747,789.667007629915,0.0752237846272931,4.68892359322198,4.35297361446843,4.35209746646575,9.21446832267535
18085,"Kosciusko","Indiana",845,"2022-05-15",4.5493554068817,777.249051150556,0.0724985915001352,5.41933850488332,5.05407351109291,5.05684554738265,9.56083651030176
18087,"LaGrange","Indiana",845,"2022-05-15",3.26357600378611,773.350907200996,0.0492489202598565,3.87338289976821,3.61286718694705,3.60831844560511,14.0743629891301
18089,"Lake","Indiana",845,"2022-05-15",7.55118686729615,690.97839887399,0.0506717604041243,8.15924799214565,7.90424381720992,7.90588919012502,13.6791612336312
18091,"LaPorte","Indiana",845,"2022-05-15",5.88172939731111,720.951082678199,0.0494059881402551,6.47460125499418,6.22922287113725,6.2275713142929,14.0296188104207
18093,"Lawrence","Indiana",845,"2022-05-15",4.89996972620873,734.1905219214,0.0463093648620854,5.45568210455376,5.22807002744971,5.22413528024333,14.9677539872166
18095,"Madison","Indiana",845,"2022-05-15",5.02388052084628,730.012566796127,0.0455731444579861,5.55935091545903,5.34721282477324,5.34289253205218,15.2095535386846
18097,"Marion","Indiana",845,"2022-05-15",7.61092350925247,666.4786763388,0.0438616035693272,8.1372627520844,7.92089415676301,7.91795473423776,15.8030515109728
18099,"Marshall","Indiana",845,"2022-05-15",4.34380542185368,-5825.39285677512,0.000655080284856334,4.3742284147139,4.36924877145005,4.34839098384767,1058.1102753107
18103,"Miami","Indiana",845,"2022-05-15",3.3770998300831,751.581278931743,0.0381121929768259,3.82717767583948,3.65229221948379,3.64388518092088,18.1870190723849
18105,"Monroe","Indiana",845,"2022-05-15",6.85058005827827,677.907495497364,0.042263398170684,7.35774083632647,7.14761941645865,7.14642384547306,16.4006495114429
18107,"Montgomery","Indiana",845,"2022-05-15",4.16111273868694,771.382048808359,0.0606579621500714,4.89012063199885,4.58672572719153,4.58571847373744,11.4271425545926
18109,"Morgan","Indiana",845,"2022-05-15",4.78271846402939,764.523979344115,0.0633673903640878,5.54312714839845,5.22543799420779,5.22629019657801,10.9385470441082
18111,"Newton","Indiana",845,"2022-05-15",3.07797037179096,737.435306182541,0.0306537883674514,3.51184187866227,3.30326646382976,3.29254689036312,22.6121212899068
18113,"Noble","Indiana",845,"2022-05-15",4.00473240353241,791.598267846779,0.0824668632376653,4.9811413847978,4.5802928137793,4.58200044619607,8.40516000423504
18119,"Owen","Indiana",845,"2022-05-15",4.07268306544092,768.702666203854,0.0573765088120508,4.77931020657492,4.47410726106437,4.47431862712528,12.080678920889
18125,"Pike","Indiana",845,"2022-05-15",3.33729357968267,794.153582490569,0.0716655656086252,4.14559622924604,3.84235013342267,3.83895253894305,9.67196972037186
18127,"Porter","Indiana",845,"2022-05-15",6.60394382460047,695.445424549383,0.0456847789425836,7.15216117191147,6.92468869266733,6.92373727719855,15.1723877537219
18129,"Posey","Indiana",845,"2022-05-15",3.55125807623789,774.515609443264,0.0543343615169857,4.21006488843302,3.93550211474689,3.93159860685679,12.7570686616656
18133,"Putnam","Indiana",845,"2022-05-15",4.46426473291085,751.051333115912,0.0501521219728723,5.06278985456964,4.81833493026813,4.81532958672096,13.8208943768097
18137,"Ripley","Indiana",845,"2022-05-15",4.02789946281395,766.774263970526,0.0547408871803714,4.66533240085356,4.41359536803147,4.41108567307655,12.6623300473013
18141,"St. Joseph","Indiana",845,"2022-05-15",6.78671695060508,684.637661891381,0.0436831540592565,7.31091479931615,7.09503765993166,7.09249902901988,15.8676083604148
18143,"Scott","Indiana",845,"2022-05-15",4.23823874188217,798.590204471303,0.101444308868526,5.41811979421792,4.93638204989539,4.94834890396185,6.83278528180698
18145,"Shelby","Indiana",845,"2022-05-15",3.6959969218828,764.919673222564,0.04883610559882,4.25266403408263,4.04320065473362,4.03784966107454,14.1933344614746
18147,"Spencer","Indiana",845,"2022-05-15",3.32194801000801,771.950519665762,0.0485365287582582,3.88532390432637,3.66812875472396,3.66170371131582,14.2809384662064
18149,"Starke","Indiana",845,"2022-05-15",3.29583686600433,803.078521476101,0.0872670339687156,4.26923232814489,3.90551771719219,3.90670610378534,7.94282960056179
18151,"Steuben","Indiana",845,"2022-05-15",4.08236837117539,797.735268829244,0.0958250217304492,5.19991904363465,4.74761605075869,4.75314352328853,7.23346750194048
18157,"Tippecanoe","Indiana",845,"2022-05-15",7.23489842031483,619.086061040149,0.0327498502556224,7.6278966233823,7.47186723697317,7.46414737210419,21.1648961796687
18163,"Vanderburgh","Indiana",845,"2022-05-15",6.09967813174822,725.357879190937,0.0532062569036667,6.73815321459222,6.47268445349212,6.47212193007389,13.0275501585261
18165,"Vermillion","Indiana",845,"2022-05-15",3.75453342433537,802.916287845676,0.100311358071982,4.92365382541449,4.4475676960314,4.45671293083924,6.90995709640928
18167,"Vigo","Indiana",845,"2022-05-15",5.08140436498446,736.044136676517,0.0488804017640879,5.66796918615352,5.42706774221378,5.42356717733307,14.1804722454061
18169,"Wabash","Indiana",845,"2022-05-15",3.41538201665411,785.480017902321,0.0622364500991521,4.13996754641869,3.85528635979698,3.85103716734817,11.1373187168557
18173,"Warrick","Indiana",845,"2022-05-15",4.72738781871234,762.015958255702,0.0604056502635193,5.43554455490401,5.14937608788593,5.15022737055697,11.4748732533479
18177,"Wayne","Indiana",845,"2022-05-15",3.91772102654278,794.218423621157,0.0850985748433154,4.9171298020397,4.50942999523562,4.51341105044599,8.14522666021348
18181,"White","Indiana",845,"2022-05-15",3.96488649498521,643.679362823874,0.0202774803392519,4.22421762459932,4.12167154171327,4.10682885735997,34.1831020897698
18183,"Whitley","Indiana",845,"2022-05-15",4.18314006100523,792.081107064619,0.0858982443333812,5.14692770554905,4.78153051688915,4.7844277713389,8.06939869306012
19011,"Benton","Iowa",845,"2022-05-15",3.96759285658296,780.138960599718,0.0650412512739946,4.67393192044418,4.41796427816801,4.42288161550092,10.6570394477802
19013,"Black Hawk","Iowa",845,"2022-05-15",5.75257263882563,713.959934803802,0.0456408256364434,6.30026254646296,6.07271136569749,6.07205841828073,15.1869991590704
19015,"Boone","Iowa",845,"2022-05-15",3.75787232560089,1736.71046723853,-0.0042126444036937,3.72697059870162,3.73081571309001,3.72838381477503,-164.539684373119
19017,"Bremer","Iowa",845,"2022-05-15",4.01766919456313,736.33689603578,0.0390690479832358,4.51884735866809,4.29356826078099,4.29115253044578,17.7415938278652
19019,"Buchanan","Iowa",845,"2022-05-15",3.36729582998647,785.407263800757,0.0610588329542076,4.0660747555532,3.79483394262498,3.79470766066592,11.3521197019895
19023,"Butler","Iowa",845,"2022-05-15",3.32194801000801,747.65629790245,0.0358727893573588,3.74309964611242,3.57751412863351,3.57305753550952,19.3223664224972
19027,"Carroll","Iowa",845,"2022-05-15",3.06472514504094,751.259712618398,0.0348159596299762,3.50736977859005,3.31622414969284,3.30843686245077,19.9088920117874
19031,"Cedar","Iowa",845,"2022-05-15",3.85620822632175,747.683041198126,0.041771395812526,4.35746497607206,4.15031240022507,4.14860799700943,16.5938237656902
19033,"Cerro Gordo","Iowa",845,"2022-05-15",3.99162605602711,653.136472510905,0.0214538017511274,4.26637869428091,4.14997606236824,4.141802668285,32.3088275262692
19041,"Clay","Iowa",845,"2022-05-15",2.99573227355399,633.54752658901,0.0146432974283048,3.19886454210597,3.11287865298043,3.09823535555212,47.3354573280826
19043,"Clayton","Iowa",845,"2022-05-15",3.40594798442075,787.296071137421,0.0638002899577185,4.12812942283613,3.85275920130097,3.85255001412478,10.8643264947433
19045,"Clinton","Iowa",845,"2022-05-15",4.68213122712422,754.762168305604,0.0550984663472199,5.35765539729029,5.06716012441645,5.06782049155476,12.5801537957856
19049,"Dallas","Iowa",845,"2022-05-15",5.46866273229528,689.99231049152,0.0364558826965076,5.90613332465337,5.72599270094321,5.72385391117083,19.0133149793777
19055,"Delaware","Iowa",845,"2022-05-15",3.42006586596654,775.60689840175,0.0531123021112479,4.05741349130152,3.79219424687645,3.79185198074528,13.0505956813563
19057,"Des Moines","Iowa",845,"2022-05-15",3.93462283734539,744.143341808806,0.0407659486567536,4.39687899011125,4.22085909757212,4.21998447794267,17.0030921246601
19061,"Dubuque","Iowa",845,"2022-05-15",5.74620319054015,724.874382979927,0.0499124637876056,6.34515275599142,6.0949540025065,6.09559043705339,13.8872563676584
19065,"Fayette","Iowa",845,"2022-05-15",3.26902560855367,795.457907878852,0.0723783790740293,4.09242497718317,3.77478044003958,3.77567426207188,9.57671599485514
19067,"Floyd","Iowa",845,"2022-05-15",3.72051653905712,796.72844846952,0.085980659520296,4.75228445330067,4.30645553442975,4.32238115569919,8.06166391869006
19089,"Howard","Iowa",845,"2022-05-15",3.40594798442075,776.606432989117,0.053480386416619,4.03207709706929,3.78025030882567,3.78031068933708,12.9607736032466
19091,"Humboldt","Iowa",845,"2022-05-15",3.14784005175145,782.27329088508,0.0545300451041626,3.80220059300141,3.52728281419162,3.52955036748059,12.711289331155
19095,"Iowa","Iowa",845,"2022-05-15",3.27983652465789,739.137204928164,0.0327156521779723,3.69237994740397,3.51431209963429,3.5088460899037,21.1870201085781
19097,"Jackson","Iowa",845,"2022-05-15",3.52636052461616,794.916482133754,0.0774860367062113,4.42317556070364,4.06304987441088,4.06876278155964,8.9454463026418
19099,"Jasper","Iowa",845,"2022-05-15",3.97029191355212,778.374624069036,0.064271702301725,4.73202824368748,4.42046594913296,4.4201938296642,10.7846401407878
19101,"Jefferson","Iowa",845,"2022-05-15",3.16607763930123,882.07108849254,-0.0792318164217171,2.3825869630421,2.67250874761758,2.61145492434921,-8.74834393383864
19103,"Johnson","Iowa",845,"2022-05-15",7.00772988807782,676.510295591241,0.0428634323697657,7.522091076515,7.30731308622883,7.30777391466618,16.1710610242419
19105,"Jones","Iowa",845,"2022-05-15",3.83791503327442,754.108836603497,0.0444682067031334,4.35304448832589,4.14962841674899,4.14919248019635,15.5874777048543
19113,"Linn","Iowa",845,"2022-05-15",6.65709369877404,681.87319303389,0.0420997162119439,7.16229029331737,6.95248035935316,6.95179171225765,16.4644145597185
19121,"Madison","Iowa",845,"2022-05-15",3.18398856586776,768.248977656084,0.0441092376281475,3.69419374616807,3.49456008720225,3.49275322926479,15.7143314605289
19123,"Mahaska","Iowa",845,"2022-05-15",3.49650756146648,782.006869429378,0.0587325473239657,4.11087485359156,3.9084452923255,3.90763539273424,11.8017557920071
19127,"Marshall","Iowa",845,"2022-05-15",4.16111273868694,775.211417621858,0.0635320086110909,4.87853287688157,4.60260063111083,4.60583679896458,10.91020409575
19131,"Mitchell","Iowa",845,"2022-05-15",3.47019025314911,1015.86728039642,-0.0200354140894097,3.28314881844776,3.3362242487512,3.32994235452324,-34.5960995598454
19139,"Muscatine","Iowa",845,"2022-05-15",4.36218829245422,736.8264968664,0.0422801219301976,4.86954975561659,4.65953137492763,4.6581491459656,16.3941622898888
19153,"Polk","Iowa",845,"2022-05-15",7.14451992624831,713.500217634922,0.0564785155568824,7.82226211293089,7.53497625015664,7.53986953514649,12.2727584768378
19155,"Pottawattamie","Iowa",845,"2022-05-15",4.42399083377291,679.214888352516,0.0275420554410903,4.75885712438997,4.62181550412942,4.61678522186054,25.1668646170043
19157,"Poweshiek","Iowa",845,"2022-05-15",4.60230895370706,739.014483630904,0.0452659564069058,5.11439745857522,4.91900754811556,4.9191706485554,15.3127700280779
19163,"Scott","Iowa",845,"2022-05-15",5.69757275802189,708.465719664187,0.0433162575069838,6.2173678481057,6.00252187087572,6.00078656057078,16.0020098792743
19169,"Story","Iowa",845,"2022-05-15",5.06349878365332,731.273833427877,0.0465711147858275,5.62235216108325,5.38890223349751,5.38949658715411,14.8836286987677
19171,"Tama","Iowa",845,"2022-05-15",3.72741311811618,1151.31747982668,-0.0121106073251039,3.62491646372068,3.65093713114656,3.64263886684045,-57.234716802611
19181,"Warren","Iowa",845,"2022-05-15",4.38023932409979,771.373155991173,0.0638269089503283,5.14616223150373,4.82428658661224,4.82702768675209,10.8597955307435
19183,"Washington","Iowa",845,"2022-05-15",3.4106761256167,744.745255576938,0.0356868937197025,3.82758866515966,3.66259497984072,3.66048438165462,19.4230180414179
19187,"Webster","Iowa",845,"2022-05-15",3.73426245996176,756.681982449485,0.0442841747101295,4.2210797422302,4.04671791795947,4.04425168293267,15.652254673302
19189,"Winnebago","Iowa",845,"2022-05-15",3.17208366336144,759.588017346962,0.0396585687069956,3.66492696339518,3.45276276558511,3.44969364431041,17.4778667803429
19191,"Winneshiek","Iowa",845,"2022-05-15",4.15216413311093,736.969799856039,0.0403869258620789,4.64571616511427,4.43630845342312,4.43487261414548,17.162662563797
19193,"Woodbury","Iowa",845,"2022-05-15",3.64507683145554,1180.58196754377,-0.010702495078478,3.5166468905138,3.57794168550183,3.57015936590619,-64.7650081104747
19195,"Worth","Iowa",845,"2022-05-15",3.11668488397166,717.009040217894,0.0253141368032703,3.41717962312898,3.30002806229009,3.29388384159455,27.3818217048744
20001,"Allen","Kansas",845,"2022-05-15",3.17805383034795,793.264496814867,0.0669458558260726,3.93209852810371,3.64590250290157,3.64667482113046,10.3538474787859
20005,"Atchison","Kansas",845,"2022-05-15",3.35240721749272,782.077055393576,0.0574795578999759,4.01913994304173,3.75567332920414,3.75476412279255,12.0590207350957
20013,"Brown","Kansas",845,"2022-05-15",3.64133850934494,795.192128086632,0.0796598773330296,4.52530810816939,4.18853709490213,4.19895765067615,8.70133376758972
20015,"Butler","Kansas",845,"2022-05-15",4.3193910636824,768.488167858844,0.0604010683876262,5.04420388433392,4.73780757208839,4.74219854239578,11.4757437088968
20035,"Cowley","Kansas",845,"2022-05-15",4.07511320029421,739.371451645289,0.0407179731653385,4.58600620955817,4.36124784752188,4.36013901245158,17.0231258256733
20037,"Crawford","Kansas",845,"2022-05-15",4.20894794496111,704.960522107043,0.0311446186814016,4.57948847008854,4.43229701045644,4.42696027573092,22.2557607030156
20045,"Douglas","Kansas",845,"2022-05-15",7.07484233013487,4644.30128926441,-0.00185969558985767,7.05252598305658,7.06237935067703,7.06182446100587,-372.720774485998
20059,"Franklin","Kansas",845,"2022-05-15",4.20041910861358,2360.51028717435,-0.00277221939922902,4.18192148204127,4.1803803916685,4.18101357281898,-250.033305716249
20061,"Geary","Kansas",845,"2022-05-15",3.67086094861126,676.875455580028,0.0224702735191754,3.93509641303775,3.83597085997779,3.82815286324549,30.8472960940345
20079,"Harvey","Kansas",845,"2022-05-15",3.46573590279973,698.037339399395,0.024413010351716,3.75869202702032,3.64302148011078,3.63662697526174,28.3925321201211
20087,"Jefferson","Kansas",845,"2022-05-15",3.93741223943297,1210.27162377629,-0.0107416062543803,3.84841271472234,3.87079033431101,3.86222099565231,-64.5291927617705
20091,"Johnson","Kansas",845,"2022-05-15",7.75098364571114,620.011736756609,0.0352336235189766,8.17378712793886,8.00080841935977,7.99761901034398,19.6728894542062
20099,"Labette","Kansas",845,"2022-05-15",3.36729582998647,636.725485723818,0.0166946524242744,3.59393319164534,3.49591476774008,3.48415839695639,41.5191142016288
20103,"Leavenworth","Kansas",845,"2022-05-15",5.2477756693398,706.028568126128,0.0391708560245915,5.7178259416349,5.52363333662203,5.52197166151194,17.6954820728142
20111,"Lyon","Kansas",845,"2022-05-15",4.27468002104443,802.281510623255,0.11134469777003,5.53589017323617,5.01095552320868,5.05409290543464,6.22523743332226
20121,"Miami","Kansas",845,"2022-05-15",4.28062652023215,1562.13860628879,-0.00592770762143724,4.2094940287749,4.23714963755167,4.23913256688209,-116.933429383935
20125,"Montgomery","Kansas",845,"2022-05-15",3.31158522297247,774.712306147851,0.0508177584307739,3.92758735585012,3.6701180712323,3.66730953198789,13.6398613784624
20139,"Osage","Kansas",845,"2022-05-15",3.27444567602301,800.441919347662,0.0816477586804601,4.20960172712979,3.83717063531144,3.84597998678623,8.4894820355409
20145,"Pawnee","Kansas",845,"2022-05-15",3.09104245335832,1064.61204934094,-0.013929565521401,2.96159347193403,2.99889913212178,2.99353549470851,-49.7608614924142
20149,"Pottawatomie","Kansas",845,"2022-05-15",3.35739475900376,806.32258302414,0.0981367075442916,4.48263131113863,4.00966750633717,4.0443517118138,7.06307759761668
20155,"Reno","Kansas",845,"2022-05-15",3.56751859710967,795.437317570995,0.0793694838696187,4.48935091067125,4.11399573938304,4.123104984197,8.73316981245068
20161,"Riley","Kansas",845,"2022-05-15",4.97968504805515,1902.09378388344,-0.00468855493141805,4.92342238887813,4.95195185750846,4.94686516353522,-147.838127247942
20169,"Saline","Kansas",845,"2022-05-15",3.27444567602301,809.074663273238,0.102584834074964,4.40348854572684,3.94367272576463,3.99253951454776,6.75681923951282
20173,"Sedgwick","Kansas",845,"2022-05-15",6.50770406071805,699.933795401962,0.0464616291945216,7.06524361105231,6.83293797070816,6.8329354650797,14.9187015732474
20177,"Shawnee","Kansas",845,"2022-05-15",6.16811529330144,677.965329522876,0.0380666389183187,6.62491496032127,6.43607011162244,6.43458176572967,18.2087833403748
20209,"Wyandotte","Kansas",845,"2022-05-15",5.88610403145016,710.768420879003,0.0455469481336225,6.43266740905363,6.20418633254829,6.20493266838552,15.2183013124488
21005,"Anderson","Kentucky",845,"2022-05-15",3.59142411796322,727.027106298101,0.0317901400971448,3.97290579912896,3.81374250765421,3.81395509864323,21.8038416452968
21009,"Barren","Kentucky",845,"2022-05-15",3.59926729542425,1188.49686196473,-0.0103279761979278,3.47533158104912,3.52054212625649,3.52697146203876,-67.1135532534454
21011,"Bath","Kentucky",845,"2022-05-15",3.67086094861126,890.478646781214,-0.074680649679122,2.87361034039453,3.16375491826058,3.14809640085741,-9.28148300179724
21015,"Boone","Kentucky",845,"2022-05-15",5.68891052869023,1503.39007480928,-0.00857551347949514,5.58600436693629,5.62416556698484,5.62888193433376,-80.82865034465
21017,"Bourbon","Kentucky",845,"2022-05-15",3.56347818757266,585.866947811595,0.0142355453114466,3.78854912330162,3.66923242398098,3.66312700475279,48.6912981129423
21019,"Boyd","Kentucky",845,"2022-05-15",4.35670882668959,694.159338253569,0.0298730736306209,4.71518571025704,4.56595144653582,4.56582034210394,23.2030754227261
21021,"Boyle","Kentucky",845,"2022-05-15",3.96488649498521,1178.21549682721,-0.0117229592735392,3.82421098370274,3.87920003102952,3.88282578007044,-59.1273213858636
21025,"Breathitt","Kentucky",845,"2022-05-15",3.12926366617852,998.403684004927,-0.0201322599215056,2.94743701985317,2.97443613655711,2.98833784672798,-34.4296757176036
21027,"Breckinridge","Kentucky",845,"2022-05-15",4.70177822450802,1051.44477779891,-0.0223907735501869,4.46572285546265,4.54826163031084,4.54504280965671,-30.9568215232188
21029,"Bullitt","Kentucky",845,"2022-05-15",5.79952546121907,514.242743763644,0.0178032119014754,6.01316400403678,5.92625087754154,5.9241479445294,38.9338274686547
21033,"Caldwell","Kentucky",845,"2022-05-15",3.54715129428524,684.821844865561,0.022858573690428,3.82145417857037,3.70922911413958,3.70716131011824,30.3232909431352
21035,"Calloway","Kentucky",845,"2022-05-15",5.65748919068536,607.065556279749,0.0242879030697576,5.94894402752245,5.82756104289882,5.82750451217366,28.5387823958762
21037,"Campbell","Kentucky",845,"2022-05-15",5.57865107723005,530.895107842254,0.0180477605459026,5.79522420378088,5.71272658812832,5.70498540105137,38.4062708942196
21039,"Carlisle","Kentucky",845,"2022-05-15",3.26902560855367,900.070578913072,-0.0558672545815187,2.68557127001757,2.88526647352305,2.87795482648304,-12.4070385371907
21043,"Carter","Kentucky",845,"2022-05-15",3.89473150831809,753.558500858042,0.0453680257298819,4.46609646596049,4.206994227681,4.21230768842726,15.2783192437532
21049,"Clark","Kentucky",845,"2022-05-15",5.4324735639414,1250.25330408254,-0.0133509049630566,5.31704201402929,5.33993013196186,5.3390172292,-51.9176177553475
21059,"Daviess","Kentucky",845,"2022-05-15",4.38559170083838,965.733108943553,-0.0353280567192203,4.01796972361111,4.14478518676794,4.13829530380384,-19.620303094193
21063,"Elliott","Kentucky",845,"2022-05-15",4.71210089681543,944.204800556293,-0.0459442847291397,4.23628361015187,4.39583991336986,4.39049090371145,-15.0866899908516
21067,"Fayette","Kentucky",845,"2022-05-15",6.9969428577546,620.48179800192,0.031874089683988,7.37943193396246,7.22169053208749,7.22006148554252,21.746414954343
21069,"Fleming","Kentucky",845,"2022-05-15",4.15888308335967,594.434251253355,0.0168954792741701,4.35169676968505,4.27829856058489,4.27715143827886,41.0256003580573
21071,"Floyd","Kentucky",845,"2022-05-15",3.90052862600241,758.773277852683,0.0482806649527155,4.50104813663449,4.23029534146366,4.23849328067142,14.3566204243208
21073,"Franklin","Kentucky",845,"2022-05-15",4.73243196559902,945.076756632781,-0.0450378572507502,4.19197767859001,4.42956700718101,4.41716696484377,-15.3903232274311
21081,"Grant","Kentucky",845,"2022-05-15",3.8255309740747,773.623578112481,0.0569707166359128,4.46516092229057,4.21029915742267,4.22432599052609,12.1667274257703
21083,"Graves","Kentucky",845,"2022-05-15",3.07797037179096,795.250506969794,0.0675570775947269,3.83382990410304,3.53618889431181,3.55086991495405,10.2601711802591
21089,"Greenup","Kentucky",845,"2022-05-15",4.48219512362928,764.001670367206,0.0589775478656728,5.18992569801735,4.89066099072198,4.89503795868899,11.7527297360456
21093,"Hardin","Kentucky",845,"2022-05-15",5.35725990218149,729.907673455722,0.0486615195658242,5.94119813697138,5.69117458923912,5.69789053914226,14.2442567914947
21097,"Harrison","Kentucky",845,"2022-05-15",4.03297561584581,887.953103877538,-0.0859148794836956,3.08890658670343,3.47379370281738,3.43157145945994,-8.06783626684231
21101,"Henderson","Kentucky",845,"2022-05-15",4.51867815463465,1353.0757301063,-0.00880703936960434,4.4129936821994,4.4513322620922,4.45702887904742,-78.7037676874931
21103,"Henry","Kentucky",845,"2022-05-15",4.21529717263976,755.199762250553,0.0493627485039251,4.77832579114611,4.55823942174045,4.56083641216724,14.0419081507349
21107,"Hopkins","Kentucky",845,"2022-05-15",3.79066214842388,743.297557851648,0.0391534907865716,4.25608006713332,4.06441126374266,4.06473658392988,17.7033303195963
21111,"Jefferson","Kentucky",845,"2022-05-15",8.40804774415544,682.881338413321,0.0535139980142771,9.05021572032677,8.76914744044011,8.78264573025538,12.9526330732198
21113,"Jessamine","Kentucky",845,"2022-05-15",4.88819858975853,671.645081885577,0.0288652116229794,5.20598287861792,5.09294648762844,5.09025507111939,24.0132374435161
21115,"Johnson","Kentucky",845,"2022-05-15",4.63055941999292,1168.23443378731,-0.0141698299925162,4.48098816454585,4.52414043316332,4.53137061004531,-48.9171133969872
21117,"Kenton","Kentucky",845,"2022-05-15",5.91697188558618,1356.76422298421,-0.0115046837593814,5.80715275848316,5.83374504519328,5.83643909927051,-60.2491294030335
21121,"Knox","Kentucky",845,"2022-05-15",3.36235754834589,773.131702759825,0.0495992672005072,3.91180974846446,3.69790806070923,3.70955241874944,13.9749480119911
21125,"Laurel","Kentucky",845,"2022-05-15",4.70048036579242,884.551746462388,-0.105506085373347,3.43440734131226,4.00238559542872,3.96193776817899,-6.56973650483908
21133,"Letcher","Kentucky",845,"2022-05-15",3.57555076880693,698.402216748393,0.0252079481627939,3.87188495812656,3.75292166154024,3.75200640594649,27.4971678013448
21137,"Lincoln","Kentucky",845,"2022-05-15",4.19827548507033,952.952575395967,-0.0371684795176458,3.75225373085858,3.940890905741,3.93809612844681,-18.6487903071438
21151,"Madison","Kentucky",845,"2022-05-15",4.82258306259331,743.623042037803,0.049841162092909,5.40163352893026,5.16941392120894,5.17147119724367,13.9071231779839
21153,"Magoffin","Kentucky",845,"2022-05-15",3.36729582998647,1060.86982496447,-0.0154607412810052,3.22928232518444,3.24852391454086,3.25907064101943,-44.8327261909192
21155,"Marion","Kentucky",845,"2022-05-15",3.30636327899132,624.935332618344,0.015480856473433,3.51515552592321,3.41968371779179,3.41472927430535,44.7744723781575
21157,"Marshall","Kentucky",845,"2022-05-15",3.30636327899132,687.723510790933,0.0217540225088593,3.57367444393042,3.46456399384551,3.45864143655334,31.8629430615722
21161,"Mason","Kentucky",845,"2022-05-15",5.1273595684044,336.448593938025,0.0102351819820976,5.27676246217063,5.20584543526004,5.19900584227908,67.7220182085994
21163,"Meade","Kentucky",845,"2022-05-15",3.06472514504094,753.550571395846,0.0358013982451842,3.52462720046814,3.31723477932673,3.31533493275723,19.360896907237
21165,"Menifee","Kentucky",845,"2022-05-15",3.61861025826738,887.68867263773,-0.0782815143868683,2.79376334053872,3.09426442396217,3.0706396575593,-8.85454485632971
21167,"Mercer","Kentucky",845,"2022-05-15",3.94019388239484,756.306427776379,0.0470788111644587,4.50513961636834,4.26553107732296,4.26974556054605,14.7231241277227
21173,"Montgomery","Kentucky",845,"2022-05-15",6.23272863953539,364.996820125169,0.013121446136798,6.39018599317697,6.32783124371434,6.32457876249298,52.8255173502614
21175,"Morgan","Kentucky",845,"2022-05-15",5.15987598042596,1130.2498238537,-0.0177773612811105,4.94654764505264,5.02664040906227,5.03543445145819,-38.9904423721452
21177,"Muhlenberg","Kentucky",845,"2022-05-15",3.19575340744735,892.313845723355,-0.0624483105345873,2.51753155657552,2.77485919174631,2.75861523370524,-11.0995345530772
21179,"Nelson","Kentucky",845,"2022-05-15",4.15888308335967,701.496887324181,0.0301134596519683,4.53216941105891,4.37034355924912,4.36967730092345,23.0178527665333
21181,"Nicholas","Kentucky",845,"2022-05-15",3.30636327899132,876.976872329912,-0.0921139098870917,2.30071736705887,2.70167363463704,2.66156590978168,-7.5248915327725
21185,"Oldham","Kentucky",845,"2022-05-15",5.2853768552723,676.299802438795,0.0322869302176387,5.67282001788397,5.51131653337397,5.51138536679577,21.4683519271607
21195,"Pike","Kentucky",845,"2022-05-15",4.83514747688087,435.745130627673,0.0119606412765992,4.97867517220006,4.92285535681301,4.91887196581706,57.9523425651162
21199,"Pulaski","Kentucky",845,"2022-05-15",4.22995712105045,650.399795321172,0.0222319808249802,4.48197188473178,4.38041399346217,4.38558098682531,31.1779317379185
21201,"Robertson","Kentucky",845,"2022-05-15",3.23023958351852,915.832753334898,-0.0430804782804472,2.7499455436252,2.92980184977943,2.92867623555539,-16.0895887935056
21205,"Rowan","Kentucky",845,"2022-05-15",4.11321304652649,1033.32446452022,-0.021445775910834,3.88864383325268,3.96245683875361,3.96309261515065,-32.3209187413817
21207,"Russell","Kentucky",845,"2022-05-15",3.09751496786393,765.974049481888,0.0418110720865029,3.59683721842273,3.37901101441544,3.39019247246945,16.5780771927085
21209,"Scott","Kentucky",845,"2022-05-15",6.00670496259569,1061.13235467437,-0.0271633925819714,5.68074425161203,5.82056377926637,5.81656121452189,-25.5176954965483
21211,"Shelby","Kentucky",845,"2022-05-15",4.74493212836325,657.477317468493,0.0261454033997796,5.08587400519351,4.93148132656033,4.92794995216171,26.5112444417586
21215,"Spencer","Kentucky",845,"2022-05-15",3.9756682705885,698.386589961786,0.0282225902530704,4.3353683288854,4.1742734072341,4.17322640235999,24.5600128955044
21217,"Taylor","Kentucky",845,"2022-05-15",3.17805383034795,771.789430438099,0.0465099552342583,3.73058999963839,3.49507369503899,3.50362351698776,14.9032003378362
21227,"Warren","Kentucky",845,"2022-05-15",5.06349878365332,1202.94946425159,-0.0139509746738278,4.89608708756739,4.96356601784321,4.96584196093653,-49.6844985218344
21229,"Washington","Kentucky",845,"2022-05-15",3.29583686600433,738.553944132922,0.0325917890515046,3.69740992154501,3.51883085043352,3.52397938936486,21.2675400992737
21231,"Wayne","Kentucky",845,"2022-05-15",3.500827222611,714.350614893106,0.0279050413883145,3.84111178848391,3.68897623390625,3.6961625123292,24.8394965954147
21235,"Whitley","Kentucky",845,"2022-05-15",3.21314515015922,888.533357433149,-0.0680539269053606,2.48623843636294,2.73540510941501,2.7367676618217,-10.1852635414246
21239,"Woodford","Kentucky",845,"2022-05-15",4.65396035015752,1254.20143230763,-0.0113243717691661,4.55467854554265,4.57284411995874,4.57468974777336,-61.2084444672896
22001,"Acadia","Louisiana",845,"2022-05-15",3.31158522297247,657.564967133642,0.0181797239814567,3.53477522983585,3.44655171495682,3.43884329084267,38.1274864935768
22005,"Ascension","Louisiana",845,"2022-05-15",5.11628148323124,752.242018026193,0.0582998989739567,5.81588027091872,5.5235545015228,5.52438077604894,11.8893375933564
22015,"Bossier","Louisiana",845,"2022-05-15",5.05715530973115,736.077088703844,0.0486625638817934,5.64110607631267,5.39993580515061,5.3977932569037,14.2439511046659
22017,"Caddo","Louisiana",845,"2022-05-15",5.5683445037611,697.990463856472,0.0392110604328234,6.03887722895498,5.84594802856706,5.84282192679086,17.6773383047737
22019,"Calcasieu","Louisiana",845,"2022-05-15",5.08406276265107,737.949070471644,0.0498188775560188,5.6818892933233,5.4327168119546,5.4327949055432,13.913343988542
22021,"Caldwell","Louisiana",845,"2022-05-15",3.33729357968267,918.253663671804,-0.0434576137644241,2.87922612632731,3.03430510961888,3.0330902833317,-15.9499595241785
22031,"De Soto","Louisiana",845,"2022-05-15",3.42006586596654,750.376554976717,0.0377494945348365,3.83623368251767,3.68880460048875,3.6843123277104,18.3617605772254
22033,"East Baton Rouge","Louisiana",845,"2022-05-15",6.50171857897502,718.218700615591,0.0533884809231014,7.14238035005224,6.87509267340124,6.87543794543673,12.9830849009981
22045,"Iberia","Louisiana",845,"2022-05-15",4.30406509320417,789.207354050588,0.0835131825020228,5.24401370095814,4.87917429654642,4.88865737071833,8.29985350568045
22047,"Iberville","Louisiana",845,"2022-05-15",3.45225255246244,-370.347852321044,0.00290553401822589,3.55157326702415,3.47549682460825,3.47259129059002,238.561027409061
22051,"Jefferson","Louisiana",845,"2022-05-15",7.19978502942734,684.463147268483,0.0462898978794138,7.7552638039803,7.52415298461415,7.52381431458324,14.9740486005307
22055,"Lafayette","Louisiana",845,"2022-05-15",5.52203218323054,760.552189045545,0.0689415203236487,6.30455111746976,5.9982695342555,6.00462282549608,10.0541325068832
22057,"Lafourche","Louisiana",845,"2022-05-15",4.69787958409236,735.233912179263,0.0448540178667649,5.23742818934357,5.01415211260768,5.01185770915971,15.4534022485763
22059,"LaSalle","Louisiana",845,"2022-05-15",3.19575340744735,638.709102279783,0.0160455771202012,3.42237554840668,3.31235318282937,3.30807244728876,43.1986444219125
22061,"Lincoln","Louisiana",845,"2022-05-15",3.8286413964891,743.165626313045,0.0394428740793603,4.29274049684062,4.1094257557588,4.10474151504462,17.5734450579162
22063,"Livingston","Louisiana",845,"2022-05-15",4.68345310438213,726.370211312497,0.0413051997256889,5.18916351323341,4.97757598289263,4.97258950246195,16.7811119462729
22069,"Natchitoches","Louisiana",845,"2022-05-15",3.73426245996176,706.267022532306,0.0279613596692601,4.07489219864638,3.93726294405839,3.92999197764658,24.7894662047486
22071,"Orleans","Louisiana",845,"2022-05-15",7.6092957089001,662.717637574669,0.0429218993068475,8.12435850058227,7.91123779991866,7.90974900404803,16.1490332849592
22073,"Ouachita","Louisiana",845,"2022-05-15",5.05715530973115,705.930993727328,0.0377205399691394,5.50980178936082,5.32376337249969,5.32119908951513,18.3758552005627
22075,"Plaquemines","Louisiana",845,"2022-05-15",4.12943588203337,789.097653480164,0.0801882828593765,5.04403115525113,4.68204811910414,4.69075386204901,8.64399580391932
22079,"Rapides","Louisiana",845,"2022-05-15",3.98898404656427,758.466755400819,0.0487826213244577,4.56279685252973,4.33322877987323,4.33046239583547,14.2088957448547
22087,"St. Bernard","Louisiana",845,"2022-05-15",5.07159599388594,720.857733581338,0.0425675635216182,5.58240675614536,5.37191170074838,5.36956893853727,16.2834591227644
22089,"St. Charles","Louisiana",845,"2022-05-15",4.43590586835078,776.626592780568,0.0688990484001744,5.19315603209772,4.91520051637259,4.918199207152,10.0603302462765
22093,"St. James","Louisiana",845,"2022-05-15",3.25809653802148,798.111718935705,0.0767101740699397,4.13377942077191,3.79173522290747,3.79506775651106,9.03592240486868
22095,"St. John the Baptist","Louisiana",845,"2022-05-15",4.49822110764513,774.287248930643,0.067595806475269,5.25305608194498,4.96817609232385,4.97139175297201,10.2542926359425
22097,"St. Landry","Louisiana",845,"2022-05-15",4.24645234041956,740.188895096618,0.0423813637201974,4.73870710486737,4.54374352915255,4.54312188646094,16.3549994553294
22099,"St. Martin","Louisiana",845,"2022-05-15",3.38196601973427,794.910825320924,0.0739283604951323,4.22050908604429,3.89779016295238,3.8994645432002,9.37593064309311
22101,"St. Mary","Louisiana",845,"2022-05-15",3.51367536508885,731.177907798808,0.0324037315433455,3.91508664019276,3.74704170684569,3.74050148589227,21.3909678776576
22103,"St. Tammany","Louisiana",845,"2022-05-15",6.61759394522417,678.633076804359,0.0410096060219294,7.10970921748733,6.90732806018554,6.90466118737768,16.9020687540693
22105,"Tangipahoa","Louisiana",845,"2022-05-15",5.09199581439187,739.052975737416,0.0503897972906718,5.69137765717622,5.44562141126965,5.44472439542657,13.7557048813185
22109,"Terrebonne","Louisiana",845,"2022-05-15",4.88171908544754,744.379303286904,0.0510642727442457,5.49557260988328,5.24025062653376,5.23916899465726,13.574014537161
22113,"Vermilion","Louisiana",845,"2022-05-15",3.44316158076119,794.383577787623,0.0743942027446697,4.28632779549008,3.95751117030325,3.96392099997388,9.31722036109338
22117,"Washington","Louisiana",845,"2022-05-15",3.76782265645406,663.616535957765,0.0214391544195669,4.03878217569442,3.92604665969191,3.91789673739103,32.3309010698355
22119,"Webster","Louisiana",845,"2022-05-15",3.68530163276605,802.275015071669,0.0961487685678047,4.78099606791168,4.34073289595184,4.35834301274068,7.2091113686093
22121,"West Baton Rouge","Louisiana",845,"2022-05-15",3.3722098447889,763.936416832,0.044120697253816,3.88542669204158,3.68517008820573,3.68105472556561,15.7102499213109
23001,"Androscoggin","Maine",845,"2022-05-15",6.40144326306903,666.392758689107,0.0368731350992751,6.84392088426033,6.65825945942518,6.65955520876396,18.798162366551
23003,"Aroostook","Maine",845,"2022-05-15",7.05691392749236,476.627296690811,0.0194205945114367,7.2899610616296,7.19615130265646,7.19285808907242,35.691347149633
23005,"Cumberland","Maine",845,"2022-05-15",8.04219424920069,596.716742220672,0.0330569161339307,8.43887724280786,8.27248817604076,8.27359266213821,20.9682953410308
23007,"Franklin","Maine",845,"2022-05-15",5.50649230216832,372.884297817202,0.011788283451909,5.64795170359123,5.60021835508789,5.58901028633168,58.7996703156724
23009,"Hancock","Maine",845,"2022-05-15",6.10543078423766,710.32651523399,0.0470831087423512,6.67042808914588,6.43043330038295,6.43501254543412,14.7217802535724
23011,"Kennebec","Maine",845,"2022-05-15",7.18365391289359,532.542150558011,0.023364678852504,7.46403005912364,7.34975779797927,7.34720666486112,29.6664544347315
23013,"Knox","Maine",845,"2022-05-15",5.81668589948476,443.440740537341,0.014667885721207,5.99270052813924,5.92677174956085,5.91936109953321,47.256107235536
23015,"Lincoln","Maine",845,"2022-05-15",5.65649118661051,1588.8454880388,-0.00755361590202626,5.56584779578619,5.60895926355429,5.60361587529633,-91.7636254676397
23017,"Oxford","Maine",845,"2022-05-15",5.87171529399806,656.78381785181,0.0320480168572056,6.25629149628453,6.09411458202359,6.0960514119985,21.6283954058174
23019,"Penobscot","Maine",845,"2022-05-15",7.34775983050788,579.877673331887,0.0282473247284259,7.68672772724899,7.54574891578144,7.54549110360686,24.5385071763067
23021,"Piscataquis","Maine",845,"2022-05-15",4.60659773797928,707.027070705199,0.0346431244495371,5.02231523137372,4.84890611945326,4.84909960912604,20.0082178375573
23023,"Sagadahoc","Maine",845,"2022-05-15",5.72917170866102,507.503951905004,0.0172426180629492,5.94001378149739,5.85402835435017,5.84987003510166,40.1996482221789
23025,"Somerset","Maine",845,"2022-05-15",5.92272674512885,454.98699464496,0.015383186185275,6.10732497935215,6.03424920532938,6.03040904842578,45.0587526024639
23027,"Waldo","Maine",845,"2022-05-15",5.75980267483911,519.318298475098,0.0179611204738224,5.97533612052498,5.88989215433073,5.88553051815587,38.591533394043
23029,"Washington","Maine",845,"2022-05-15",4.93447393313069,465.978925000955,0.013238952747274,5.11051477136426,5.03419996837617,5.02714660236161,52.3566473717244
23031,"York","Maine",845,"2022-05-15",7.50533510381372,591.994926879466,0.0302628289388501,7.86848905107992,7.71808953649396,7.71717490638567,22.904242758023
24001,"Allegany","Maryland",845,"2022-05-15",4.7779222917659,669.201431873576,0.0279740184251973,5.11361051286827,4.97861310789408,4.97374042074228,24.7782485170454
24003,"Anne Arundel","Maryland",845,"2022-05-15",7.7934100572669,629.406821844457,0.0370069445056322,8.23749339133449,8.05280113997282,8.05245866880633,18.7301921252767
24005,"Baltimore","Maryland",845,"2022-05-15",8.03027008887426,665.949778631055,0.0461376608757767,8.58392201938358,8.35034638778721,8.3532337150047,15.0234573535535
24009,"Calvert","Maryland",845,"2022-05-15",5.51802645541361,725.638906116894,0.0483549505004716,6.11018443990303,5.85550233629905,5.85651110891691,14.3345649904695
24011,"Caroline","Maryland",845,"2022-05-15",4.252568567437,703.617655066365,0.0313841473913752,4.65685338367508,4.47477376256714,4.47225759917663,22.0859012646121
24013,"Carroll","Maryland",845,"2022-05-15",6.25492710932454,681.202248843545,0.0393892675669059,6.72759832012741,6.53143505696112,6.53065198229288,17.5973614991083
24015,"Cecil","Maryland",845,"2022-05-15",5.71137264392288,720.692431985089,0.0478710004650254,6.28582464950318,6.04543232904567,6.04646964717806,14.4794797231438
24017,"Charles","Maryland",845,"2022-05-15",6.48833612154,669.04503180846,0.0379534809089045,6.94377789244685,6.75342099204446,6.75401048790233,18.2630726868934
24019,"Dorchester","Maryland",845,"2022-05-15",4.18965474202643,767.912597433681,0.0578576526099444,4.86509972655463,4.59229710291292,4.59465831029604,11.9802160871077
24021,"Frederick","Maryland",845,"2022-05-15",6.81203072762349,669.176005143166,0.0398774816929705,7.29056050793914,7.09062807713821,7.09117309947428,17.3819195980505
24023,"Garrett","Maryland",845,"2022-05-15",3.42472787907235,802.719499633756,0.0904005537514546,4.45498452225725,4.04515244001965,4.05753175533253,7.66751033921395
24025,"Harford","Maryland",845,"2022-05-15",6.7670142860648,645.047778201832,0.0347111421642099,7.18354799203532,7.01228079728663,7.00999228121427,19.9690110247838
24027,"Howard","Maryland",845,"2022-05-15",7.44349648699415,615.301858714956,0.0331266491321422,7.84101627657986,7.6777772104837,7.67538303091914,20.9241561920429
24029,"Kent","Maryland",845,"2022-05-15",4.02535169073515,780.534539934041,0.0679040708786339,4.85279566569303,4.49721977155625,4.50068018688559,10.2077411794474
24031,"Montgomery","Maryland",845,"2022-05-15",8.83602087857852,582.57167240885,0.0343241979671016,9.24791125418374,9.07627804812851,9.07629026434823,20.1941260572003
24033,"Prince George's","Maryland",845,"2022-05-15",8.1319507904256,540.414006858268,0.0271439619227406,8.45767833349849,8.32732142222591,8.32195852388478,25.5359620136824
24035,"Queen Anne's","Maryland",845,"2022-05-15",4.62216776235667,700.377599598347,0.0330291846754987,5.00796426380861,4.85501492593998,4.85337205508516,20.9859004201859
24037,"St. Mary's","Maryland",845,"2022-05-15",5.80341231560504,715.773523015924,0.046716388136395,6.36400897324178,6.13128000390302,6.1304270325598,14.8373452702766
24039,"Somerset","Maryland",845,"2022-05-15",3.74782198974739,796.921933740154,0.0870007016364345,4.7918304093846,4.33359177281787,4.35682690120243,7.9671447186314
24041,"Talbot","Maryland",845,"2022-05-15",4.62216776235667,703.489910393471,0.0335781998840704,4.98670147360924,4.86085527378492,4.85721516154516,20.6427736731884
24043,"Washington","Maryland",845,"2022-05-15",5.50416942075219,594.944486885336,0.0224298303008696,5.76571153706487,5.6689665131662,5.66117823285828,30.9029168416434
24045,"Wicomico","Maryland",845,"2022-05-15",5.53845849423082,751.71800924283,0.0627359945865401,6.2912904292693,5.9711529172503,5.9776104563366,11.0486361956659
24047,"Worcester","Maryland",845,"2022-05-15",4.82143297621008,724.891807219022,0.0418408758911299,5.31831811889472,5.11624858292458,5.11431910744799,16.566268410908
24510,"Baltimore city","Maryland",845,"2022-05-15",8.11803671341763,672.133130570666,0.0483599696653368,8.69835634940167,8.45326672166078,8.45655650107499,14.3330772404677
25001,"Barnstable","Massachusetts",845,"2022-05-15",7.52710213236849,632.093016804123,0.0362041813923918,7.96155230907719,7.78167722004566,7.78053140211523,19.1455007101917
25003,"Berkshire","Massachusetts",845,"2022-05-15",7.65390144127468,641.972133484673,0.0386506281967254,8.11770897963538,7.92429212010784,7.92445583865176,17.9336588536657
25005,"Bristol","Massachusetts",845,"2022-05-15",8.13802220026191,601.035874152727,0.0340554138467759,8.54668716642322,8.376240023756,8.37641009718934,20.3535092446268
25007,"Dukes","Massachusetts",845,"2022-05-15",4.62777001790533,748.54740573172,0.0506938102261292,5.2444061812369,4.98026146031241,4.98262668948823,13.6732113342444
25009,"Essex","Massachusetts",845,"2022-05-15",8.74079378112963,558.547977246638,0.0310560702162345,9.11346662372445,8.95772503272026,8.95818627264327,22.3192173296158
25011,"Franklin","Massachusetts",845,"2022-05-15",6.23748722094312,613.100427574513,0.0274900792199222,6.56736817158218,6.43052071078403,6.42991777548257,25.2144482747659
25013,"Hampden","Massachusetts",845,"2022-05-15",8.35420356292178,605.410882270092,0.0356120677879881,8.78154837637764,8.60206962023443,8.6034880374377,19.4638285169654
25015,"Hampshire","Massachusetts",845,"2022-05-15",7.61487580460826,625.096428026922,0.0354339191977796,8.04008283498162,7.86125139570347,7.86291323899272,19.5616854204313
25017,"Middlesex","Massachusetts",845,"2022-05-15",9.70297001994712,457.826742336657,0.0253889298253686,10.0076371778515,9.8808001318987,9.8806925287247,27.3011578403495
25019,"Nantucket","Massachusetts",845,"2022-05-15",4.16777203077692,691.915484743848,0.0280174534874107,4.48516046024394,4.36727435429082,4.3638942051888,24.7398351485228
25021,"Norfolk","Massachusetts",845,"2022-05-15",8.71332372579728,533.614597654856,0.0284390955283885,9.05459287213794,8.91157540787838,8.912397394496,24.3730388636317
25023,"Plymouth","Massachusetts",845,"2022-05-15",8.05515773181968,594.039363933138,0.0327497841143571,8.44815514119197,8.28484830301187,8.28440622062018,21.1649389241647
25025,"Suffolk","Massachusetts",845,"2022-05-15",9.16750742828088,399.918575609813,0.0208313891934524,9.41748409860231,9.31802976603287,9.31332715263505,33.2741697696192
25027,"Worcester","Massachusetts",845,"2022-05-15",8.77663009842772,598.082721412581,0.0362794677158878,9.21198371101837,9.02768832927768,9.03058637243893,19.1057704040238
26005,"Allegan","Michigan",845,"2022-05-15",5.65499231048677,748.165346428698,0.0615779783619059,6.39392805082964,6.08467633760814,6.08603815902011,11.256413396461
26007,"Alpena","Michigan",845,"2022-05-15",4.79342647830186,156.960666892496,0.00708321463484833,4.9231127760623,4.86302594416522,4.8430089807458,97.8577123937157
26009,"Antrim","Michigan",845,"2022-05-15",4.70048036579242,747.428987887108,0.0507629750143778,5.30833567511492,5.06142376978858,5.05582119089306,13.6545815205595
26011,"Arenac","Michigan",845,"2022-05-15",4.0990951649807,775.030011725459,0.0628254963459507,4.83567771709002,4.54314582699674,4.53887363940235,11.0328962105306
26015,"Barry","Michigan",845,"2022-05-15",5.03973166858389,738.223745086059,0.04951775512712,5.63394473010933,5.39238859766112,5.38635595447373,13.9979524269734
26017,"Bay","Michigan",845,"2022-05-15",5.92425579741453,746.86427684024,0.0636088452038148,6.6875619398603,6.36843523784607,6.36951771384123,10.8970250652872
26019,"Benzie","Michigan",845,"2022-05-15",4.20894794496111,776.334417990598,0.0656995202626433,4.9711924384114,4.67099589512354,4.66884458679961,10.5502624340176
26021,"Berrien","Michigan",845,"2022-05-15",6.1463292576689,709.694024299867,0.0471684374000863,6.71235050646994,6.47926670760322,6.4765083194695,14.6951482551906
26023,"Branch","Michigan",845,"2022-05-15",4.12713438504509,777.452468166049,0.0659839687359953,4.91894200987703,4.58831476043438,4.58902216619706,10.5047815982888
26025,"Calhoun","Michigan",845,"2022-05-15",6.44798482601643,709.660084766609,0.0494705310684792,7.04163119883818,6.79625896992847,6.79427854349578,14.0113147279632
26027,"Cass","Michigan",845,"2022-05-15",4.50297924509154,766.744485536409,0.0615768282034804,5.2497641675239,4.93526588211816,4.9340170425159,11.2566236485816
26029,"Charlevoix","Michigan",845,"2022-05-15",4.43421238784445,771.913109229169,0.0654900337713948,5.24489318122775,4.89517480786313,4.89264262424421,10.5840101255636
26031,"Cheboygan","Michigan",845,"2022-05-15",4.86312915698766,787.941549926537,0.0919661461327694,5.89120878049478,5.49912336026514,5.50689217991705,7.53698191896901
26033,"Chippewa","Michigan",845,"2022-05-15",5.16723195965177,768.524033987385,0.0722932790966381,6.03475130881143,5.67209643357987,5.67328491332824,9.58798921865724
26035,"Clare","Michigan",845,"2022-05-15",4.30791866252016,788.704238482615,0.0834424421894565,5.28155292125206,4.89124012095179,4.89201575784636,8.3068899036554
26037,"Clinton","Michigan",845,"2022-05-15",6.37210012849156,743.726383294274,0.06618739740472,7.1663488973482,6.83133291740796,6.8354119103246,10.4724948817902
26039,"Crawford","Michigan",845,"2022-05-15",3.86822038276975,787.235492600657,0.0721753709869261,4.6744023483331,4.37449600664958,4.37344797967823,9.60365247981203
26041,"Delta","Michigan",845,"2022-05-15",4.60944674275535,783.902021743504,0.0814238413170923,5.54479897557172,5.17782687598233,5.179413631975,8.51282829878528
26043,"Dickinson","Michigan",845,"2022-05-15",4.68872320880638,756.863356644513,0.0561831754925331,5.34507872941183,5.08972690973963,5.08200543725411,12.3372731157225
26045,"Eaton","Michigan",845,"2022-05-15",6.30418760351753,723.365624495388,0.0540508540148888,6.95279785169619,6.6826578223467,6.68254358162175,12.8239820293868
26047,"Emmet","Michigan",845,"2022-05-15",5.16151532505539,757.800411563082,0.0627924716316127,5.91502498463474,5.60133474112696,5.60106262647668,11.0386987890278
26049,"Genesee","Michigan",845,"2022-05-15",7.50831713537298,704.260339146564,0.0553140997123901,8.17208633192166,7.8941691967474,7.89551583335971,12.5311120340748
26051,"Gladwin","Michigan",845,"2022-05-15",4.1225154391888,762.494987522989,0.0530544877443836,4.74864258752248,4.50439172672507,4.49389685339949,13.0648171347828
26053,"Gogebic","Michigan",845,"2022-05-15",3.391627930646,778.990808581956,0.0552348143253861,4.03264913202221,3.78927319027227,3.7782716309237,12.5490994950511
26055,"Grand Traverse","Michigan",845,"2022-05-15",6.16931182350702,723.378503763756,0.0529002973089082,6.80411539121392,6.54255743831369,6.53961390466938,13.102897636139
26057,"Gratiot","Michigan",845,"2022-05-15",5.00010384204391,766.472750846043,0.0680034123345795,5.81614479005886,5.47541322111876,5.47612772838597,10.1928294002312
26059,"Hillsdale","Michigan",845,"2022-05-15",4.64163986576949,745.957368113271,0.048814098241921,5.17637545075067,4.99138804764058,4.98333855346294,14.1997333869558
26061,"Houghton","Michigan",845,"2022-05-15",4.93550115458722,736.42447503545,0.0476512299240236,5.50731591367551,5.2790496393431,5.26905976405538,14.5462600160608
26063,"Huron","Michigan",845,"2022-05-15",4.70307440096946,780.235168832676,0.0786930090675276,5.64739050977979,5.2531153438992,5.25392546444215,8.80824343576881
26065,"Ingham","Michigan",845,"2022-05-15",7.49910701004875,692.512795527298,0.0508458142986683,8.10925678163277,7.85401816914583,7.85502771013943,13.6323351316275
26067,"Ionia","Michigan",845,"2022-05-15",5.41546527992204,745.466799106969,0.0572863843471237,6.10290189208752,5.81622415099938,5.81646997035191,12.099684566578
26069,"Iosco","Michigan",845,"2022-05-15",3.76782265645406,798.358417793988,0.0904822164972887,4.85360925442153,4.40196508911034,4.40119817193508,7.66059019543045
26071,"Iron","Michigan",845,"2022-05-15",3.09751496786393,795.253441899401,0.0690461656533303,3.91813225087031,3.59006579787967,3.58083812743724,10.0388946149468
26073,"Isabella","Michigan",845,"2022-05-15",5.60685193515883,759.118594166181,0.0693218902089656,6.43871461766641,6.08965713548594,6.09210516662159,9.99896538410169
26075,"Jackson","Michigan",845,"2022-05-15",6.60491122334091,687.120077278442,0.0432032611330561,7.12335035693759,6.91249942293667,6.9073340512723,16.0438624858714
26077,"Kalamazoo","Michigan",845,"2022-05-15",7.09908377033287,670.55214009714,0.0418953876101038,7.60182842165411,7.39563946688063,7.3923514836036,16.5447133944831
26079,"Kalkaska","Michigan",845,"2022-05-15",4.252568567437,770.236131592986,0.0602370029964034,4.92521038623081,4.67802328050327,4.67422758841182,11.5069997855194
26081,"Kent","Michigan",845,"2022-05-15",7.94489735032344,662.51498257425,0.0447637635308972,8.48206251269421,8.25996336295563,8.25824369503972,15.4845599629154
26085,"Lake","Michigan",845,"2022-05-15",3.80348283685294,789.748428490012,0.0754144045287367,4.69466519640384,4.33415888944286,4.3313836685541,9.19117753287863
26087,"Lapeer","Michigan",845,"2022-05-15",5.50125821054473,742.183433422504,0.0562405572289877,6.17614489729259,5.89542954345195,5.89494211114764,12.3246855065419
26089,"Leelanau","Michigan",845,"2022-05-15",4.46426473291085,761.051157208037,0.0564729589633611,5.13615026675571,4.86371578915968,4.85957544565438,12.273966041157
26091,"Lenawee","Michigan",845,"2022-05-15",6.20973912131069,746.953396694594,0.0667379452953113,7.01059446485443,6.67255582854248,6.67690473837787,10.3861031006096
26093,"Livingston","Michigan",845,"2022-05-15",7.07460055063659,689.332714568273,0.0469551205516498,7.63806199725638,7.4054874458773,7.40328639449814,14.7619082310202
26095,"Luce","Michigan",845,"2022-05-15",3.11033565629299,799.027701871265,0.0754065162106078,3.99445645755763,3.64094860233789,3.63818126976724,9.19213902713672
26097,"Mackinac","Michigan",845,"2022-05-15",4.08236837117539,793.614590473814,0.0872288902291209,5.09289447854191,4.68945717786008,4.69297060277924,7.94630286753942
26099,"Macomb","Michigan",845,"2022-05-15",8.77340671064094,630.60220061877,0.0418982756101848,9.27618601796316,9.06891832790585,9.06669463991223,16.5435729863654
26101,"Manistee","Michigan",845,"2022-05-15",4.15440880296475,796.259288729748,0.0938757679347709,5.23270207572524,4.80403255636954,4.81153917850815,7.38366455805267
26103,"Marquette","Michigan",845,"2022-05-15",5.91774111639334,742.050182386421,0.0604160503875503,6.64273372104394,6.3416696375732,6.34065346910619,11.472897948701
26105,"Mason","Michigan",845,"2022-05-15",4.60517018598809,754.22829814991,0.0532950365107808,5.21074641982172,4.98324018894656,4.97823544156356,13.0058486857351
26107,"Mecosta","Michigan",845,"2022-05-15",4.71338377062832,754.647957679632,0.0549555801976787,5.35003796914479,5.1030837356935,5.09807283201207,12.6128625713103
26109,"Menominee","Michigan",845,"2022-05-15",4.05054193956371,796.310791118043,0.0924243518819365,5.14703903773266,4.69338201958267,4.69751240273727,7.49961635051957
26111,"Midland","Michigan",845,"2022-05-15",5.72031177660741,751.343269246821,0.0645220247578582,6.49457607370171,6.17116850854964,6.17196594991242,10.7427995814023
26113,"Missaukee","Michigan",845,"2022-05-15",3.29053181377464,807.383864680584,0.0985174147845731,4.39546630934751,3.96619314862453,3.98015371726665,7.03578328842309
26115,"Monroe","Michigan",845,"2022-05-15",6.82685506089447,729.328148014801,0.0616855590508008,7.56708176950408,7.25522257145801,7.25865397425008,11.2367820155299
26117,"Montcalm","Michigan",845,"2022-05-15",5.0201140380508,744.558352248536,0.0525341312525288,5.64435362496336,5.39008634959623,5.3878529568185,13.1942256212066
26119,"Montmorency","Michigan",845,"2022-05-15",3.46573590279973,737.484059049214,0.0338067999050363,3.87141750166016,3.71817179653734,3.70238350213498,20.5031881901571
26121,"Muskegon","Michigan",845,"2022-05-15",6.31999718510043,699.001978237032,0.0448233039448241,6.85787683243832,6.63764376141786,6.6337603127142,15.4639912625179
26123,"Newaygo","Michigan",845,"2022-05-15",4.78630055741189,776.90081284751,0.0758346890881334,5.69512350848063,5.31491988383298,5.31714338102882,9.1402389710385
26125,"Oakland","Michigan",845,"2022-05-15",9.24355406808584,614.186724528903,0.0409345024060331,9.73476809695824,9.53392310793729,9.53009558492807,16.9330794273387
26127,"Oceana","Michigan",845,"2022-05-15",4.24849524204936,772.349967756492,0.0628010822930102,5.00210822956548,4.68989655228542,4.68810281810043,11.0371852721572
26129,"Ogemaw","Michigan",845,"2022-05-15",3.96217278911362,789.473728908581,0.0784180724903424,4.90318965899773,4.51331690815094,4.51109929654602,8.83912545345093
26133,"Osceola","Michigan",845,"2022-05-15",3.85014760171006,781.501437240345,0.0648643025920094,4.57284010714405,4.3063455485785,4.30419771985413,10.6861116648363
26137,"Otsego","Michigan",845,"2022-05-15",4.71081637512308,781.64459680566,0.0804805304057801,5.66224016599301,5.27021663688493,5.27418008796354,8.61260701271625
26139,"Ottawa","Michigan",845,"2022-05-15",7.03476545461639,693.375054715181,0.0479779579180839,7.6105009496334,7.37025808340318,7.37061116004298,14.447200561212
26143,"Roscommon","Michigan",845,"2022-05-15",4.02279741093005,787.188330211744,0.0756782972754504,4.90483681315395,4.55391906341314,4.5525454918582,9.1591275902662
26145,"Saginaw","Michigan",845,"2022-05-15",6.6103114293284,737.117512955571,0.0642510850896692,7.38132445040442,7.05606886440137,7.06006902495608,10.7881007704786
26147,"St. Clair","Michigan",845,"2022-05-15",6.65874431813092,646.731964336473,0.0344534174793579,7.07218532788322,6.91232352074402,6.89991824048643,20.1183868327498
26149,"St. Joseph","Michigan",845,"2022-05-15",4.51242813428948,755.290683265194,0.0532695612268513,5.1516628690117,4.88712632682881,4.88531506287744,13.0120685171057
26151,"Sanilac","Michigan",845,"2022-05-15",4.77189454596838,741.180490283611,0.0482889923220997,5.35136245383358,5.11748525076862,5.10991749222308,14.3541446451498
26155,"Shiawassee","Michigan",845,"2022-05-15",5.64796769554981,745.707454617669,0.0598983479833833,6.36674787135041,6.06750496108585,6.06725613143349,11.5720583938681
26157,"Tuscola","Michigan",845,"2022-05-15",4.79932620042905,777.001553790309,0.0757499502211864,5.68112856705038,5.32831770113158,5.32957585197735,9.1504638423654
26159,"Van Buren","Michigan",845,"2022-05-15",5.52886203334256,708.480783827767,0.0421510398485376,6.0494841999067,5.83026976212885,5.82391931228232,16.4443672813446
26161,"Washtenaw","Michigan",845,"2022-05-15",8.47696625790729,587.850893553911,0.0336188629711433,8.88039261356101,8.71896590270268,8.71229829870529,20.6178055800075
26163,"Wayne","Michigan",845,"2022-05-15",9.43533364008045,622.13162318916,0.0433074950031528,9.95502358011828,9.74198682855251,9.73848610510252,16.0052476022796
26165,"Wexford","Michigan",845,"2022-05-15",4.31367131500961,776.02269528106,0.0671696422087038,5.10336837395289,4.78380947808919,4.78385881047054,10.3193519835383
27001,"Aitkin","Minnesota",845,"2022-05-15",4.27069595202955,-17056.6593918489,0.000238630900802339,4.27355952283918,4.27459901784284,4.27236636833517,2904.68325028068
27003,"Anoka","Minnesota",845,"2022-05-15",7.48581222361542,664.529677039861,0.0426614147471303,7.99774920058098,7.78487140652623,7.78444212684533,16.2476369962993
27005,"Becker","Minnesota",845,"2022-05-15",4.60517018598809,654.934639807549,0.0249488501465902,4.91655414052528,4.78309949037963,4.77981213701422,27.7827305261473
27007,"Beltrami","Minnesota",845,"2022-05-15",4.81681935787657,657.782203914161,0.0264344068545723,5.13403224013144,5.00253206378312,5.00186020585858,26.2214009330061
27009,"Benton","Minnesota",845,"2022-05-15",5.41863686520033,696.170245288736,0.0376739630549893,5.8707244218602,5.68326209380623,5.68235460658526,18.3985735598939
27011,"Big Stone","Minnesota",845,"2022-05-15",3.48781185449893,687.023579120474,0.0228357581214897,3.76736164295393,3.65287631812103,3.64766216134936,30.3535874251381
27013,"Blue Earth","Minnesota",845,"2022-05-15",5.66790853575331,445.874813850817,0.0143809853694757,5.84048036018702,5.77999052429575,5.76857543333964,48.1988655680841
27015,"Brown","Minnesota",845,"2022-05-15",4.25459902498738,786.621677417615,0.0797064954302523,5.2110769701504,4.80542399421894,4.81254449299915,8.69624460112524
27017,"Carlton","Minnesota",845,"2022-05-15",5.71890563623042,747.352136444966,0.0617273341962527,6.45963364658544,6.14580647503649,6.15099697560419,11.2291773099449
27019,"Carver","Minnesota",845,"2022-05-15",6.46925031679577,676.514500914864,0.0395707897825659,6.94409979418656,6.74766733002159,6.74624584527373,17.5166375088458
27021,"Cass","Minnesota",845,"2022-05-15",4.43928424994241,766.075625617297,0.059982914936851,5.15399443959981,4.85831213282081,4.85916465450037,11.5557435194618
27023,"Chippewa","Minnesota",845,"2022-05-15",3.66721795733276,790.100613614469,0.0734922455558709,4.54912490400321,4.17936208241019,4.18166367622386,9.43156894060334
27025,"Chisago","Minnesota",845,"2022-05-15",5.57052315386032,714.824426166715,0.0445016785885033,6.10454329692236,5.88317236768491,5.88203490397984,15.5757536017757
27027,"Clay","Minnesota",845,"2022-05-15",5.72358510195238,690.803255388343,0.0383626674754215,6.18393711165744,5.99339231734951,5.99212377428033,18.0682738238689
27031,"Cook","Minnesota",845,"2022-05-15",3.38196601973427,777.382490595073,0.0541167908819952,4.03806015260176,3.7600237365644,3.76078355590824,12.8083570600369
27033,"Cottonwood","Minnesota",845,"2022-05-15",3.31158522297247,774.064932845224,0.0503188120957352,3.92159999982966,3.66612650055199,3.66381690764262,13.775110176313
27035,"Crow Wing","Minnesota",845,"2022-05-15",5.48182869147758,738.510607984225,0.0540138095479525,6.12999440605301,5.85768962254258,5.85992535831325,12.8327771427524
27037,"Dakota","Minnesota",845,"2022-05-15",7.90754646987525,652.378029575925,0.0421461647162223,8.41330044646992,8.20268625536138,8.20256962288881,16.4462694346456
27039,"Dodge","Minnesota",845,"2022-05-15",5.1383162730426,568.272108851352,0.0189373417355791,5.37305203459714,5.27885830228903,5.27087766519165,36.6021372079732
27041,"Douglas","Minnesota",845,"2022-05-15",5.05715530973115,711.917256594684,0.0394835024241154,5.53095733882054,5.33503821593901,5.33353982669996,17.555362062728
27043,"Faribault","Minnesota",845,"2022-05-15",3.90916177314711,771.545722839276,0.0562841333406591,4.52829926354053,4.30345557213048,4.30315070653172,12.3151435301434
27045,"Fillmore","Minnesota",845,"2022-05-15",4.70307440096946,657.627652619121,0.0257883087458827,5.01253410592005,4.88711407016077,4.88359256219064,26.8783496967638
27047,"Freeborn","Minnesota",845,"2022-05-15",4.80050197951807,727.15012219562,0.0425388318792825,5.31096796206946,5.09758861921981,5.09827380267305,16.294457321418
27049,"Goodhue","Minnesota",845,"2022-05-15",5.9246376954524,576.728800329181,0.0225039339770559,6.19468490317707,6.08733771091721,6.08216523329179,30.8011559786236
27051,"Grant","Minnesota",845,"2022-05-15",3.3964241029095,760.511447023436,0.0426870287377011,3.90537449008129,3.69889098890537,3.69523330407341,16.2378877391333
27053,"Hennepin","Minnesota",845,"2022-05-15",9.25966100766561,576.340057100871,0.0351197110408545,9.68109754015586,9.50703079214909,9.50549898495159,19.7366994208355
27055,"Houston","Minnesota",845,"2022-05-15",4.55687989686031,680.299815347565,0.0285339676142373,4.89928750823116,4.75779430856268,4.75661767015997,24.2920013764259
27057,"Hubbard","Minnesota",845,"2022-05-15",3.95672318434605,727.567302836692,0.0353197969038884,4.39493759201109,4.20594513930957,4.20396176267327,19.6248914580717
27059,"Isanti","Minnesota",845,"2022-05-15",4.95482051498986,747.308526331417,0.0534549761578473,5.59628022888403,5.32867279979284,5.32900534809479,12.966934612657
27061,"Itasca","Minnesota",845,"2022-05-15",5.07695793702733,757.315302241946,0.0612264484102133,5.79720776252016,5.50329995036037,5.50554307589882,11.3210417810928
27065,"Kanabec","Minnesota",845,"2022-05-15",4.07995582477,709.284350520667,0.031212451156547,4.45450523864856,4.30024154881609,4.29844298286583,22.2073933598949
27067,"Kandiyohi","Minnesota",845,"2022-05-15",5.27299955856375,749.673040637314,0.0583768079404877,5.9735212538496,5.68117352206471,5.68163721414716,11.873673895746
27071,"Koochiching","Minnesota",845,"2022-05-15",4.27468002104443,694.010512343366,0.0293655528198211,4.63944864475737,4.48341966460793,4.48023889078318,23.604090984185
27075,"Lake","Minnesota",845,"2022-05-15",3.92902058179672,788.559165510398,0.0754128415545318,4.78425359945164,4.45345033414631,4.45691047267844,9.19136802528153
27079,"Le Sueur","Minnesota",845,"2022-05-15",4.52952256764878,716.703079653202,0.0368718923797568,4.98865348633966,4.79001153061566,4.78762581430708,18.7987959343387
27083,"Lyon","Minnesota",845,"2022-05-15",4.21529717263976,-6883.96442142824,0.000545742696709666,4.22184608500028,4.21966311421344,4.21911737151673,1270.09886662523
27085,"McLeod","Minnesota",845,"2022-05-15",4.96882074366325,720.390695512186,0.0413985129300828,5.44842949355796,5.25947644983864,5.25861033417383,16.7432869323251
27087,"Mahnomen","Minnesota",845,"2022-05-15",3.36235754834589,1067.52665123287,-0.0148696415552521,3.20480404943661,3.26785151176804,3.25827005745913,-46.6149219525147
27089,"Marshall","Minnesota",845,"2022-05-15",3.3770998300831,775.529990363985,0.0525617830856474,4.01940005904558,3.74758367419362,3.74503231168263,13.1872843702903
27091,"Martin","Minnesota",845,"2022-05-15",4.32885187218663,695.111129489073,0.0299222853609792,4.69447355338969,4.53957489931408,4.53830786971348,23.1649144508146
27093,"Meeker","Minnesota",845,"2022-05-15",4.02279741093005,662.205917595796,0.0226380059641477,4.29655956942631,4.18583645124559,4.18126345267908,30.6187383136879
27095,"Mille Lacs","Minnesota",845,"2022-05-15",4.64026150579937,754.086868239836,0.0535779367936944,5.24598358471872,5.0150476375166,5.01530706335523,12.9371756741764
27097,"Morrison","Minnesota",845,"2022-05-15",4.90421601709019,743.526900874466,0.0508350624323641,5.51423676627856,5.25982621246239,5.26006145411674,13.6352184377107
27099,"Mower","Minnesota",845,"2022-05-15",5.22651442806953,675.763855956013,0.0318231681490874,5.60839244585858,5.45071177084419,5.44927660511314,21.7812122700242
27103,"Nicollet","Minnesota",845,"2022-05-15",5.52886203334256,626.005219859746,0.0258364340930134,5.83889924245872,5.71376365315426,5.70971707199365,26.8282835806426
27105,"Nobles","Minnesota",845,"2022-05-15",3.14784005175145,541.328890006617,0.0105732064656457,3.28478978887137,3.23242570347662,3.22185249701097,65.5569512249768
27107,"Norman","Minnesota",845,"2022-05-15",3.64133850934494,592.355991311978,0.0147389782738591,3.82688740299044,3.75173150312178,3.74451135726195,47.0281703168872
27109,"Olmsted","Minnesota",845,"2022-05-15",7.51370924783971,599.569959117685,0.0312511249437315,7.88872274716449,7.7342973827934,7.73246712244583,22.1799113410469
27111,"Otter Tail","Minnesota",845,"2022-05-15",5.03787981620282,717.647425260889,0.0411751025832104,5.53198104720135,5.3266130944298,5.32610553428529,16.8341336650994
27113,"Pennington","Minnesota",845,"2022-05-15",4.64576358295334,532.759604156445,0.0152026904231689,4.85331290857946,4.76188302918472,4.75218241591552,45.5937180371435
27115,"Pine","Minnesota",845,"2022-05-15",4.90421601709019,753.517065903396,0.0567073269231595,5.58470394016811,5.30121459890997,5.30116730555231,12.2232384802617
27117,"Pipestone","Minnesota",845,"2022-05-15",3.11668488397166,644.381327425693,0.0159941186442842,3.32067768192225,3.23828860544726,3.22864371448165,43.3376290357615
27119,"Polk","Minnesota",845,"2022-05-15",4.33635659784069,755.559476139744,0.0511362232113618,4.93160415473871,4.6956276531861,4.69431016032022,13.5549154206198
27121,"Pope","Minnesota",845,"2022-05-15",4.15216413311093,791.069273228987,0.0841160381317132,5.12525133646353,4.73090522310494,4.74097640003292,8.24036885183038
27123,"Ramsey","Minnesota",845,"2022-05-15",8.19553074644851,641.073026830436,0.0411986902322325,8.6899150292353,8.48384329043772,8.48392157807414,16.8244955519884
27127,"Redwood","Minnesota",845,"2022-05-15",4.05054193956371,612.832392672879,0.0179132321044952,4.28426486192749,4.18133198846784,4.17593456429518,38.6947021350773
27129,"Renville","Minnesota",845,"2022-05-15",3.60316593583991,668.864558090583,0.0207413139975654,3.79846970472613,3.75340985165273,3.74835513382287,33.4186725412529
27131,"Rice","Minnesota",845,"2022-05-15",5.86889328043405,727.513757591018,0.0521743206524375,6.4949851282633,6.23237761201521,6.23411352500111,13.285217169906
27135,"Roseau","Minnesota",845,"2022-05-15",3.81299162482197,795.880644354039,0.0846145973467516,4.74851668134215,4.39743331783113,4.40529380624923,8.19181562395694
27137,"St. Louis","Minnesota",845,"2022-05-15",7.02769471808719,706.851821448274,0.0527810053019767,7.66106678171091,7.3939166471416,7.39716175520103,13.1325119063995
27139,"Scott","Minnesota",845,"2022-05-15",6.72708949349912,687.729994628441,0.0441786908530288,7.25723378373547,7.03589609814577,7.03634032947032,15.6896269938344
27141,"Sherburne","Minnesota",845,"2022-05-15",5.73979291217923,696.244010485017,0.0399273305518932,6.21892087880195,6.02033988679032,6.01928422604248,17.3602184513454
27143,"Sibley","Minnesota",845,"2022-05-15",4.1155467698727,717.92007393023,0.0336445237121073,4.51105525197199,4.35393130090281,4.35105843585745,20.6020803412506
27145,"Stearns","Minnesota",845,"2022-05-15",6.57048272219016,687.527949173261,0.0430930304050051,7.08759908705022,6.87207539807178,6.8721339350252,16.084902223062
27147,"Steele","Minnesota",845,"2022-05-15",5.37130225930453,602.425053588125,0.0226088749694697,5.64260875893817,5.53340595220859,5.52956438409082,30.6581898257189
27149,"Stevens","Minnesota",845,"2022-05-15",3.59926729542425,795.601441852818,0.0791579736334019,4.46439557877654,4.15118544503752,4.15337311085806,8.75650485660564
27153,"Todd","Minnesota",845,"2022-05-15",4.61935482098004,699.708598385976,0.0328813899241742,5.00755295856975,4.85092980827142,4.84952455044926,21.0802275134467
27157,"Wabasha","Minnesota",845,"2022-05-15",5.12140969959817,546.229202278891,0.0175113417314839,5.35445693040278,5.25293873731522,5.24398909171856,39.5827567749264
27159,"Wadena","Minnesota",845,"2022-05-15",3.66356164612965,636.186895801018,0.0179901620227376,3.88251271116964,3.79643310612496,3.78949278028881,38.5292350165542
27161,"Waseca","Minnesota",845,"2022-05-15",3.54302757710137,982.061822964551,-0.0252794252933461,3.28788813714877,3.3773073877297,3.36607160004795,-27.4194200428437
27163,"Washington","Minnesota",845,"2022-05-15",7.47695762177189,674.533250185751,0.0451870700921209,8.01920246287734,7.79178014774448,7.79326711241674,15.3395026308822
27169,"Winona","Minnesota",845,"2022-05-15",5.68309374059764,680.137478582059,0.0355498817996238,6.10969232219313,5.9323667499468,5.93194291319501,19.4978758148017
27171,"Wright","Minnesota",845,"2022-05-15",6.1935303728193,705.39249514046,0.046011776083972,6.74567168582696,6.5153407573391,6.5156128054071,15.0645604137285
27173,"Yellow Medicine","Minnesota",845,"2022-05-15",3.63758615972639,794.341440306235,0.0792342685320907,4.56853380194935,4.18922220974614,4.19222603945103,8.74807319359821
28001,"Adams","Mississippi",845,"2022-05-15",4.28062652023215,793.236202028671,0.0915371870107002,5.37907276436054,4.91325653114447,4.92138682930705,7.57230152242847
28007,"Attala","Mississippi",845,"2022-05-15",3.6959969218828,764.858978964638,0.0487966588206362,4.25219067274442,4.04288508050815,4.03757353362725,14.2048082248371
28011,"Bolivar","Mississippi",845,"2022-05-15",4.10146202999096,708.001135612428,0.0311516978094323,4.48580910830307,4.32916940724546,4.31952391465699,22.2507031494787
28027,"Coahoma","Mississippi",845,"2022-05-15",3.10394585819422,804.89852998225,0.0872952438469318,4.11173431074847,3.71529643198004,3.71501256512274,7.94026283694615
28029,"Copiah","Mississippi",845,"2022-05-15",4.68609162834031,1590.38560378976,-0.00624491142243883,4.61115269127104,4.65052107441291,4.64237724838324,-110.993917074527
28033,"DeSoto","Mississippi",845,"2022-05-15",5.38318358719128,760.682437238549,0.067868746842125,6.19760854929678,5.85685943604487,5.85826481508616,10.2130540611326
28035,"Forrest","Mississippi",845,"2022-05-15",4.27268997063642,737.184077293547,0.0414687179337475,4.76126911301687,4.5679245011313,4.56297099617265,16.7149411676375
28039,"George","Mississippi",845,"2022-05-15",3.14784005175145,-801.608977784947,0.00192366839729681,3.18099533205118,3.16322939892982,3.16130573053253,360.325709739774
28045,"Hancock","Mississippi",845,"2022-05-15",3.94849268520954,799.771838419785,0.0974859402754978,5.09151144050787,4.62393754404592,4.63089426713802,7.1102271630257
28047,"Harrison","Mississippi",845,"2022-05-15",5.36464000947911,737.365582587711,0.0522694057679405,5.9918728786944,5.73276769517806,5.73052584985469,13.2610495638175
28049,"Hinds","Mississippi",845,"2022-05-15",5.9734460416053,721.75495727867,0.0502787163569038,6.54855355987858,6.32801224612356,6.32539705610363,13.7860954054522
28059,"Jackson","Mississippi",845,"2022-05-15",4.83401175841694,762.650659001366,0.0624958363705041,5.583961794863,5.27186123693241,5.27148261301047,11.0910937562408
28061,"Jasper","Mississippi",845,"2022-05-15",4.03550406219917,794.953484412051,0.0895852655755414,5.11052724910566,4.65130496194972,4.66260092122796,7.73729001199935
28067,"Jones","Mississippi",845,"2022-05-15",3.82241084673846,719.527234157352,0.0316112763731522,4.18763321296782,4.04998324973939,4.04368978135053,21.9272126939057
28071,"Lafayette","Mississippi",845,"2022-05-15",4.36944785246702,776.551380181262,0.0683294000948081,5.15535893019563,4.84683181718471,4.84775365313068,10.1442011725289
28073,"Lamar","Mississippi",845,"2022-05-15",4.16555719044736,741.748972598395,0.042450527038124,4.68021421969278,4.46904009833836,4.46271087971423,16.3283527655014
28075,"Lauderdale","Mississippi",845,"2022-05-15",4.41193211745279,743.729695278843,0.0457377864214334,4.95204407311982,4.73535014383849,4.73209662240282,15.1548038239806
28079,"Leake","Mississippi",845,"2022-05-15",3.14168618617707,789.2204934331,0.0609414060869453,3.82587140363148,3.57205902103268,3.56827602878569,11.3739938912967
28081,"Lee","Mississippi",845,"2022-05-15",4.67815507874458,731.813531829173,0.0431743516770145,5.1889728436256,4.98565631921549,4.98037554048368,16.0546054228063
28087,"Lowndes","Mississippi",845,"2022-05-15",3.45225255246244,773.651185656995,0.0520318650249765,4.07663493276215,3.82220290462056,3.81647560763728,13.3215901491753
28089,"Madison","Mississippi",845,"2022-05-15",5.02481992908821,747.054657254511,0.0540620947823883,5.67356506647687,5.40528182822427,5.40325459256493,12.8213156251162
28093,"Marshall","Mississippi",845,"2022-05-15",3.5715427474094,785.95702334926,0.065746485131836,4.34209358243007,4.03538284735708,4.03176814333225,10.5427260357726
28101,"Newton","Mississippi",845,"2022-05-15",3.64507683145554,793.263475102559,0.0775861174257735,4.55713891787472,4.18820753651586,4.18817965343595,8.9339072962773
28105,"Oktibbeha","Mississippi",845,"2022-05-15",3.23023958351852,779.147696908583,0.0530765223152222,3.86674689074693,3.60860074438954,3.60177523972507,13.059393312232
28107,"Panola","Mississippi",845,"2022-05-15",3.8098320645316,795.816703852022,0.0848544362369989,4.76740192057304,4.4028062638212,4.40381311819059,8.16866166695141
28109,"Pearl River","Mississippi",845,"2022-05-15",4.48057830840238,775.734786094426,0.0697201181806657,5.31721972657036,4.96795845708591,4.96861913566704,9.94185320747439
28115,"Pontotoc","Mississippi",845,"2022-05-15",3.35240721749272,752.879062957807,0.0386839029934629,3.83438471316134,3.63141923395571,3.62319453844696,17.918232828706
28117,"Prentiss","Mississippi",845,"2022-05-15",3.41538201665411,802.112868089902,0.0889531011541565,4.43761509108966,4.03357281924126,4.0380537247332,7.79227673421656
28121,"Rankin","Mississippi",845,"2022-05-15",5.16315198663186,755.548091916248,0.0612853859293736,5.91109241053719,5.59189015973697,5.59214968813748,11.3101544527882
28123,"Scott","Mississippi",845,"2022-05-15",3.40594798442075,800.436189399457,0.0855265712706702,4.41007592231464,4.00099261001493,4.00463398331544,8.1044659017875
28127,"Simpson","Mississippi",845,"2022-05-15",3.03769647265303,718.802742241155,0.0251407041979495,3.34867285729317,3.22502878410429,3.21368140203868,27.5707146109487
28137,"Tate","Mississippi",845,"2022-05-15",3.84098723231139,797.444688299683,0.0885963138555461,4.83339951788848,4.45659250059176,4.46116142930021,7.82365710711286
28149,"Warren","Mississippi",845,"2022-05-15",3.62624388312245,778.090554076439,0.0585889728293882,4.33027851905068,4.04025453004451,4.03636669292817,11.8306764410838
28151,"Washington","Mississippi",845,"2022-05-15",3.99688922607139,802.332631284307,0.104404364373112,5.1854900608469,4.70940769628195,4.72771977668318,6.63906326830197
28161,"Yalobusha","Mississippi",845,"2022-05-15",3.38680864421006,756.898289694915,0.04079714421789,3.87987819068455,3.67878437123584,3.67238865373529,16.9900906999268
29003,"Andrew","Missouri",845,"2022-05-15",4.08957128346944,754.485936005568,0.0476905853234517,4.650502789163,4.42707908064028,4.4234053807336,14.5342560981128
29015,"Benton","Missouri",845,"2022-05-15",4.16555719044736,691.806425471861,0.0281274708129946,4.5058400919695,4.37267938749378,4.36244948613832,24.643068165223
29017,"Bollinger","Missouri",845,"2022-05-15",3.6959969218828,745.056410669611,0.0388747402917781,4.15740426108944,3.97088983957492,3.96812010392525,17.8302716714623
29019,"Boone","Missouri",845,"2022-05-15",7.38443301531557,633.765705621227,0.0358060381643084,7.81410547328727,7.64564310467976,7.63507528246573,19.3583880288347
29023,"Butler","Missouri",845,"2022-05-15",4.36218829245422,761.032129671887,0.0552400397063923,5.02506876893092,4.7498389801713,4.74886857039897,12.547912424468
29027,"Callaway","Missouri",845,"2022-05-15",4.10852919721406,784.392171811437,0.0736837000301489,4.98159493193589,4.62497366244036,4.6243150974251,9.40706262411269
29029,"Camden","Missouri",845,"2022-05-15",3.72051653905712,783.241096380535,0.0650278131222101,4.47124113505463,4.18011442221837,4.17571123091259,10.6592417502535
29031,"Cape Girardeau","Missouri",845,"2022-05-15",5.07249165001389,727.537203499523,0.0451037303700019,5.61373641445391,5.39592543462644,5.3882177626039,15.3678459602745
29037,"Cass","Missouri",845,"2022-05-15",5.50300595348889,713.689300591379,0.0435741257557069,6.02676780939104,5.81363473257398,5.80802483377884,15.9073112435116
29043,"Christian","Missouri",845,"2022-05-15",4.24235397402728,791.39840886485,0.0872883762638596,5.28981448919359,4.85271581307563,4.8533726078743,7.94088755259538
29047,"Clay","Missouri",845,"2022-05-15",5.77055065112104,751.498394219849,0.0652027790937016,6.55298400024546,6.2258807845393,6.22697010477695,10.6306386045883
29051,"Cole","Missouri",845,"2022-05-15",4.13858926401986,785.412369117588,0.0756470565910683,5.03715828162697,4.66807948911583,4.66811866015734,9.16291012229266
29069,"Dunklin","Missouri",845,"2022-05-15",5.80857139841507,661.23236025463,0.0324922978604438,6.19847897274039,6.04200377593379,6.03601748343818,21.3326611597939
29071,"Franklin","Missouri",845,"2022-05-15",8.04352571561718,541.262070704821,0.0269250233292923,8.36662599556869,8.25381997795926,8.23200087892223,25.7436055702821
29073,"Gasconade","Missouri",845,"2022-05-15",3.69244452027843,787.058050657781,0.0697451560842667,4.52938639328964,4.18039560337991,4.1806606128683,9.93828416875975
29077,"Greene","Missouri",845,"2022-05-15",5.94204918754463,728.65553877799,0.0533663652626308,6.5824455706962,6.3169953547673,6.31561374438305,12.9884652467669
29079,"Grundy","Missouri",845,"2022-05-15",3.95672318434605,713.821990553547,0.0314226976806489,4.34192581694973,4.18040216324191,4.17668206811059,22.0588056316631
29081,"Harrison","Missouri",845,"2022-05-15",3.93182563272433,695.069346863742,0.0273092603714274,4.28566006675624,4.13049708839957,4.12299045532432,25.3813970474703
29089,"Howard","Missouri",845,"2022-05-15",5.83564581018003,561.098289880446,0.0209236644969961,6.08672978414398,5.99885276957852,5.982111461659,33.1274275908723
29091,"Howell","Missouri",845,"2022-05-15",5.14499967302467,660.636796276358,0.0286848114117762,5.48921740996599,5.35768515843626,5.3457933529071,24.1642578927809
29095,"Jackson","Missouri",845,"2022-05-15",6.75610147935347,731.16110505975,0.062074329981597,7.50099343913263,7.18725943923379,7.19062178922465,11.1664061579954
29099,"Jefferson","Missouri",845,"2022-05-15",5.86565834028987,778.729679426734,0.0952014674014632,6.97544203555056,6.51463778996984,6.53206861210011,7.2808455529047
29101,"Johnson","Missouri",845,"2022-05-15",4.0990951649807,798.551106542119,0.0988951651784399,5.28583714712198,4.77749635982022,4.79136132122978,7.00890866918799
29107,"Lafayette","Missouri",845,"2022-05-15",3.35739475900376,804.907288779821,0.0945431156306052,4.45229164224811,4.01992092883095,4.019196568418,7.33154578137852
29111,"Lewis","Missouri",845,"2022-05-15",3.83791503327442,714.44092211408,0.0307928613039759,4.23583760644396,4.05933451525378,4.05346506240225,22.5099958629193
29113,"Lincoln","Missouri",845,"2022-05-15",3.68887945411394,807.080021192195,0.10989443828884,4.93645583903034,4.43450356780013,4.45814052213582,6.30739090488018
29127,"Marion","Missouri",845,"2022-05-15",3.99951045955126,807.402182437461,0.11889660561959,5.30252912622759,4.77358369169518,4.83178669888839,5.82983153259791
29133,"Mississippi","Missouri",845,"2022-05-15",4.0943445622221,682.540650434731,0.025726251790772,4.35955389521655,4.2833474582319,4.2744283247575,26.943185746498
29141,"Morgan","Missouri",845,"2022-05-15",3.22457384598284,753.011580769205,0.0370610761386674,3.66861734195883,3.49224201655669,3.48400137895351,18.7028346928317
29145,"Newton","Missouri",845,"2022-05-15",3.38196601973427,798.409599732948,0.0801475518076079,4.295139381794,3.94754369345218,3.94299888238753,8.64838868969856
29147,"Nodaway","Missouri",845,"2022-05-15",3.89182029811063,687.81921245561,0.0256115200878766,4.20491953823654,4.08498211902815,4.07110093872577,27.0638829004161
29153,"Ozark","Missouri",845,"2022-05-15",3.14784005175145,725.324089573994,0.0274460837819034,3.47675765070105,3.34883233643375,3.33996263822477,25.2548664526403
29157,"Perry","Missouri",845,"2022-05-15",4.12713438504509,738.416453402806,0.0405198372318119,4.60238682033021,4.4185032600766,4.41077324566777,17.1063663606171
29159,"Pettis","Missouri",845,"2022-05-15",5.18017712424381,626.38057194727,0.0242495599368665,5.47117184348621,5.36529183360396,5.34992404380188,28.5839075993357
29161,"Phelps","Missouri",845,"2022-05-15",4.64439089914137,772.342729080271,0.0685230189675221,5.45835668613361,5.12289513024356,5.12405203191402,10.1155376835991
29163,"Pike","Missouri",845,"2022-05-15",3.23587340123677,687.616762736336,0.0210766748961207,3.46465205017811,3.39885298268749,3.38341012550961,32.8869323067427
29165,"Platte","Missouri",845,"2022-05-15",5.12226185133273,748.777159152766,0.0559514090234018,5.7754633888011,5.51741354361913,5.51392171449654,12.3883775700811
29167,"Polk","Missouri",845,"2022-05-15",3.32708940950844,779.632917494359,0.0547133540687281,3.95944580805201,3.71754335720772,3.71008288798954,12.6687020446462
29169,"Pulaski","Missouri",845,"2022-05-15",4.4576640488795,741.863850414158,0.0454568923859505,5.00644709952658,4.78077309357275,4.77586229558115,15.2484506568289
29175,"Randolph","Missouri",845,"2022-05-15",3.68530163276605,749.624571897198,0.0405711026090633,4.15348399820554,3.97708063081557,3.96929935102949,17.0847508690854
29177,"Ray","Missouri",845,"2022-05-15",4.16333743370905,743.914939923566,0.0437194719392793,4.72542175106696,4.47458335446141,4.46937373728401,15.8544270965266
29183,"St. Charles","Missouri",845,"2022-05-15",7.34849559803854,669.920780951807,0.0432063107954199,7.86697132758358,7.65763201114245,7.65093977360648,16.0427300502921
29186,"Ste. Genevieve","Missouri",845,"2022-05-15",3.16607763930123,806.889479131517,0.0956214990358224,4.31353562773111,3.81627411699538,3.83542813255199,7.24886335760406
29187,"St. Francois","Missouri",845,"2022-05-15",3.48781185449893,806.472550327777,0.101851207113603,4.63702570591974,4.18701950169772,4.20077030429415,6.80548812530835
29189,"St. Louis","Missouri",845,"2022-05-15",8.46902283512621,638.470074439344,0.0420236489025905,8.9733066219573,8.77012498958528,8.76318837744434,16.4942169150194
29205,"Shelby","Missouri",845,"2022-05-15",3.8098320645316,690.323589369659,0.0255178888363459,4.12564067392444,3.99802587381469,3.98845728638602,27.1631867747882
29207,"Stoddard","Missouri",845,"2022-05-15",3.46573590279973,754.430568685838,0.0404652689728471,3.94817328165531,3.75770935626793,3.74899278560966,17.1294346523449
29209,"Stone","Missouri",845,"2022-05-15",3.44316158076119,806.32173676806,0.100618569273609,4.59608149330112,4.13203796369732,4.14749156567646,6.88885943781499
29213,"Taney","Missouri",845,"2022-05-15",4.21318523943662,723.44529936403,0.0361477076123723,4.64695773078509,4.47449800132681,4.46621919272323,19.1754118405755
29217,"Vernon","Missouri",845,"2022-05-15",3.9262076404201,674.584290442422,0.0237268710012282,4.20951965426402,4.10469104242038,4.0922957374287,29.2135941786874
29219,"Warren","Missouri",845,"2022-05-15",3.94296780927757,791.330550376668,0.0799970882627219,4.85337931636844,4.50520755002317,4.50294742711662,8.66465512199082
29221,"Washington","Missouri",845,"2022-05-15",3.78093759853188,738.732427955313,0.0373884561587366,4.2348996515993,4.05029098671998,4.04265679164304,18.5390693217478
29225,"Webster","Missouri",845,"2022-05-15",3.12926366617852,790.605902741325,0.0625686712485406,3.84134708797896,3.57191905774793,3.5672443649183,11.0781828465969
29510,"St. Louis city","Missouri",845,"2022-05-15",7.35873990239161,683.139945559608,0.0469127715698199,7.92169316122945,7.69090068205383,7.68712930338035,14.7752340645306
30009,"Carbon","Montana",845,"2022-05-15",3.04452243772342,945.699736115685,-0.0292770317534306,2.74325014954697,2.85031151830968,2.83958321544941,-23.6754595342038
30013,"Cascade","Montana",845,"2022-05-15",4.3640081291712,654.379347636006,0.0234806698738301,4.6402652984099,4.52979377009711,4.52837281828801,29.5199065565194
30021,"Dawson","Montana",845,"2022-05-15",3.18398856586776,589.864327323485,0.0128460578915033,3.36741002663068,3.28082229347998,3.27391097110828,53.9579679940885
30029,"Flathead","Montana",845,"2022-05-15",5.00777406181523,705.399615281511,0.0372505922655383,5.46095115711947,5.26781803770031,5.268528207674,18.6076821441896
30031,"Gallatin","Montana",845,"2022-05-15",6.01580866692605,705.222557824613,0.0446351301065472,6.55143022820461,6.32286141250541,6.32825457767188,15.5291847230053
30035,"Glacier","Montana",845,"2022-05-15",3.23587340123677,795.115379329229,0.0710493726192493,4.04161661034223,3.70388919688314,3.73321900957151,9.75585223355163
30041,"Hill","Montana",845,"2022-05-15",3.27983652465789,1146.16816692916,-0.0108196296403034,3.18279061814047,3.20397477665221,3.20409911717577,-64.0638546423027
30047,"Lake","Montana",845,"2022-05-15",3.61861025826738,734.130949386559,0.0335279660692895,3.95190952958682,3.85570306822653,3.85330602075241,20.6737020410804
30049,"Lewis and Clark","Montana",845,"2022-05-15",4.52488935472729,2674.04028763454,-0.00249051937984299,4.5378266472085,4.50651199040685,4.50745571906839,-278.314309123603
30053,"Lincoln","Montana",845,"2022-05-15",3.73426245996176,934.329251146362,-0.0403723961571688,3.32382914260396,3.47411386949682,3.45165568686158,-17.1688392698204
30063,"Missoula","Montana",845,"2022-05-15",5.46625018588989,1889.83576394341,-0.00520676697596724,5.40376898217828,5.43061653786374,5.42980281705812,-133.124294549629
30067,"Park","Montana",845,"2022-05-15",3.90341463089155,755.460490684731,0.0455750180555724,4.39978988011949,4.21778264984979,4.22243975728056,15.2089282710705
30081,"Ravalli","Montana",845,"2022-05-15",3.70657903121334,546.335758610566,0.0127091594834583,3.88473559220861,3.80473736497356,3.79554314759755,54.5391834497092
30111,"Yellowstone","Montana",845,"2022-05-15",5.02763287046483,628.810829798755,0.0238063006056321,5.31330847773242,5.19439671079052,5.19427697470425,29.1161231659807
31001,"Adams","Nebraska",845,"2022-05-15",3.20158432775814,858.692073699332,-0.197941114823792,1.32463652852873,2.55506034542953,1.8159965239916,-3.50178476653013
31055,"Douglas","Nebraska",845,"2022-05-15",7.0731486447554,892.411205754551,-0.134954892621245,5.45368993330047,6.13623089133553,6.12846439640668,-5.13613969154333
31109,"Lancaster","Nebraska",845,"2022-05-15",4.92518114555524,870.206133903392,-0.16890649486795,3.07513426271855,3.8965237103962,3.74283568147959,-4.10373314005387
31153,"Sarpy","Nebraska",845,"2022-05-15",4.46754880811204,497.946211746084,0.0130705080520352,4.62766289022636,4.53538086325959,4.55904236447629,53.0313877471671
31177,"Washington","Nebraska",845,"2022-05-15",3.36729582998647,863.244048161032,-0.149417351134157,1.68005589224634,2.33521459380294,2.32137437204737,-4.63900059329514
32001,"Churchill","Nevada",845,"2022-05-15",3.0513021247088,748.181363869811,0.0331848144923161,3.44520218082557,3.28938166645922,3.28359582615501,20.8874809506753
32003,"Clark","Nevada",845,"2022-05-15",8.65683090247252,607.982473131989,0.0373111075673053,9.10456419328018,8.91725827333765,8.91800865544366,18.5775021368524
32005,"Douglas","Nevada",845,"2022-05-15",4.47408477909183,732.727282867932,0.0416771096428716,4.9709421093164,4.76423367598628,4.76582454659193,16.6313639909168
32007,"Elko","Nevada",845,"2022-05-15",3.53472877428668,721.079064057113,0.0298781348521717,3.9116733790741,3.74843604511976,3.74387571825188,23.1991449261955
32019,"Lyon","Nevada",845,"2022-05-15",4.1155467698727,736.987160712807,0.0399517846353,4.5949681854963,4.39472747737661,4.3952092623198,17.3495924371675
32023,"Nye","Nevada",845,"2022-05-15",3.63381967693091,777.840312450005,0.0583531061378109,4.32744811875175,4.03836759651189,4.04229141989559,11.8784967319984
32031,"Washoe","Nevada",845,"2022-05-15",6.96831267164799,680.008045910014,0.043554144402341,7.49096240447608,7.27037306919282,7.27319168246438,15.9146090474616
32510,"Carson City","Nevada",845,"2022-05-15",4.6388812433304,736.787792093412,0.0444110553196275,5.11669573883592,4.94751811726938,4.94975863056779,15.6075368074761
33001,"Belknap","New Hampshire",845,"2022-05-15",6.09324724141793,620.299650276514,0.027734353855544,6.42605948768446,6.28698806097548,6.28738771840674,24.9923680995145
33003,"Carroll","New Hampshire",845,"2022-05-15",5.92081213608142,609.286018033561,0.025662996605653,6.22876809534926,6.10127975277454,6.10045311232099,27.0095963932466
33005,"Cheshire","New Hampshire",845,"2022-05-15",6.33201010911683,607.887438796228,0.027279911420037,6.65936904615728,6.52216562773069,6.52296948905709,25.4087034920073
33007,"Coos","New Hampshire",845,"2022-05-15",5.01822546336293,709.351187258546,0.0383126088717354,5.46524816858074,5.28421935005699,5.28641372546508,18.0918815234038
33009,"Grafton","New Hampshire",845,"2022-05-15",6.97754783063965,338.582441618788,0.013915643188017,7.14453554889586,7.08111581540573,7.07495733295577,49.8106462773366
33011,"Hillsborough","New Hampshire",845,"2022-05-15",8.04145888746152,533.323341798081,0.0262212942276388,8.35611441819318,8.22622968503815,8.22500794705499,26.4345144271837
33013,"Merrimack","New Hampshire",845,"2022-05-15",6.81360157306118,632.460285320472,0.0328303504877723,7.20756577891445,7.04175269346542,7.04341402647559,21.1129997170791
33015,"Rockingham","New Hampshire",845,"2022-05-15",7.79051877335277,590.116142381243,0.0311765587725103,8.16463747862289,8.00713551157464,8.00875468476034,22.2329598855895
33017,"Strafford","New Hampshire",845,"2022-05-15",7.14463265946527,572.343349851828,0.0266932753417861,7.4649519635667,7.33133084531368,7.33148558685777,25.9671086325956
33019,"Sullivan","New Hampshire",845,"2022-05-15",5.84643877505773,402.882329808629,0.0133749769770189,6.00693849878196,5.94930122460791,5.94006361389686,51.8241774734209
34001,"Atlantic","New Jersey",845,"2022-05-15",7.32081055635698,676.277871711143,0.0447148509054366,7.85738876722222,7.6318022871925,7.63381451269504,15.5014981940971
34003,"Bergen","New Jersey",845,"2022-05-15",9.2180108782804,553.442495728135,0.0321681014835159,9.60402809608259,9.44353885058764,9.44318758866501,21.5476558638419
34005,"Burlington","New Jersey",845,"2022-05-15",8.06013399180591,669.76769377198,0.0473478517115879,8.62830821234497,8.38434052969208,8.39156895378703,14.639464210164
34007,"Camden","New Jersey",845,"2022-05-15",8.05855332082082,680.784157979794,0.0506140169129533,8.66592152377626,8.40487830527623,8.41285143921149,13.6947672371476
34009,"Cape May","New Jersey",845,"2022-05-15",6.52712214657516,680.45013024256,0.0409096049811773,7.01803740634929,6.8136553751199,6.8134893814434,16.9433848329473
34011,"Cumberland","New Jersey",845,"2022-05-15",6.51110831932486,653.488199689715,0.0349099001162009,6.93002712071927,6.75647131989094,6.75547762013827,19.8553183553301
34013,"Essex","New Jersey",845,"2022-05-15",8.79493314726683,590.915446046943,0.0353090266244463,9.21864146676019,9.04083970605169,9.04209633363795,19.6308776203998
34015,"Gloucester","New Jersey",845,"2022-05-15",7.35573238132766,704.92465620513,0.054456514228817,8.00921055207347,7.72769750378438,7.73692798092938,12.7284529752944
34017,"Hudson","New Jersey",845,"2022-05-15",8.49815598539616,608.365686900328,0.0366878113681689,8.93840972181418,8.75264275091297,8.75497066497334,18.8931188509472
34019,"Hunterdon","New Jersey",845,"2022-05-15",6.83656611986923,680.28360445936,0.0428044102593692,7.35021904298166,7.13237181047722,7.13619699168481,16.1933589637116
34021,"Mercer","New Jersey",845,"2022-05-15",8.06916349993283,553.889465209095,0.0282029583630324,8.40759900028922,8.27066234615507,8.26658420847406,24.5771089556513
34023,"Middlesex","New Jersey",845,"2022-05-15",8.93032408029919,572.842186122462,0.0334271491096747,9.33144986961528,9.16420075280311,9.16431412406691,20.7360543456974
34025,"Monmouth","New Jersey",845,"2022-05-15",8.57879884446917,577.665459989368,0.0327017511461567,8.97121985822305,8.80831052278596,8.80771110249227,21.1960263981584
34027,"Morris","New Jersey",845,"2022-05-15",8.48097368442066,583.042030405495,0.033005295371084,8.87703722887367,8.71298730355835,8.71201075201825,21.0010900604517
34029,"Ocean","New Jersey",845,"2022-05-15",8.35285748653062,611.80539330878,0.0366040968612078,8.79210664886512,8.60895836669089,8.60908616455908,18.9363278976165
34031,"Passaic","New Jersey",845,"2022-05-15",8.14102332793648,633.609787532011,0.0394448129617538,8.61436108347752,8.41485245979333,8.41713701866876,17.5725812474261
34033,"Salem","New Jersey",845,"2022-05-15",5.53508201381421,728.035612938386,0.049436094449999,6.1283151472142,5.88028568909065,5.8811346749642,14.0210748496933
34035,"Somerset","New Jersey",845,"2022-05-15",8.0453135177849,616.194720108103,0.0359478271543504,8.47668744363711,8.29637581209988,8.29694830786535,19.2820327521816
34037,"Sussex","New Jersey",845,"2022-05-15",6.96575460899423,643.543391545848,0.035456962551707,7.39123815961472,7.21456931453895,7.21395334685618,19.5489723506103
34039,"Union","New Jersey",845,"2022-05-15",8.32731170163318,611.691129110499,0.0364738858774502,8.76499833216259,8.58150993418974,8.58262890277533,19.0039301786729
34041,"Warren","New Jersey",845,"2022-05-15",6.48659623419373,689.584692857605,0.0431245752671501,7.00409113739953,6.7863987236436,6.78846826106378,16.0731364022951
35001,"Bernalillo","New Mexico",845,"2022-05-15",7.54915793554622,606.958533308956,0.0323940543403572,7.93788658763051,7.77675092206364,7.77591631592872,21.3973580854437
35005,"Chaves","New Mexico",845,"2022-05-15",3.80029304148484,730.3745216886,0.0344584342046433,4.19102354200166,4.04018434195671,4.04150208091734,20.1154578424386
35006,"Cibola","New Mexico",845,"2022-05-15",4.95179479407332,2001.09912212323,-0.00426474768581195,4.90061782184358,4.91868640378818,4.92194156027264,-162.529469883042
35009,"Curry","New Mexico",845,"2022-05-15",4.8497956261182,1350.53877046082,-0.00951857257531261,4.74537746823842,4.78587621404211,4.78316561809101,-72.8204964636918
35013,"Doña Ana","New Mexico",845,"2022-05-15",6.20195698086863,666.980827929255,0.0358454898763054,6.6321028593843,6.45278183326587,6.45287541000277,19.3370820974086
35015,"Eddy","New Mexico",845,"2022-05-15",3.8286413964891,739.368288237397,0.03795449705654,4.27487997256677,4.09751873957624,4.09432287588488,18.2625837335528
35017,"Grant","New Mexico",845,"2022-05-15",4.1225154391888,788.825208619283,0.0797667464557249,5.03924756645897,4.65580316620893,4.68088266437887,8.68967597850668
35025,"Lea","New Mexico",845,"2022-05-15",3.04452243772342,970.981321797066,-0.0235951431134946,2.80738131563454,2.88260854285165,2.87935643592896,-29.3766889747542
35027,"Lincoln","New Mexico",845,"2022-05-15",3.75787232560089,620.864707347583,0.0171486403678547,3.96365601001515,3.88163842821159,3.87791280817587,40.4199496689695
35028,"Los Alamos","New Mexico",845,"2022-05-15",4.64301632847821,2457.92635539513,-0.00286973240921242,4.60857890888581,4.62280572367964,4.62292820161372,-241.537217315037
35031,"McKinley","New Mexico",845,"2022-05-15",4.65123555283134,456.781800847538,0.0121373034034348,4.79688319367256,4.73873829299697,4.73619667665538,57.1088286681362
35035,"Otero","New Mexico",845,"2022-05-15",3.9810158769151,781.170508938463,0.0666863385969897,4.72335942358212,4.43401933477833,4.44782024709403,10.3941406162496
35039,"Rio Arriba","New Mexico",845,"2022-05-15",5.25972502735505,755.372899183668,0.0621517808907381,6.00554639804391,5.68380164973064,5.69478749359022,11.1524910569898
35043,"Sandoval","New Mexico",845,"2022-05-15",6.08515003118531,611.090596487503,0.0265832243578107,6.40414872347904,6.27378965800059,6.27123260168998,26.0746089800911
35045,"San Juan","New Mexico",845,"2022-05-15",5.09724976693303,653.236387629102,0.0272925207551153,5.42476001599441,5.29083181605481,5.28829741221884,25.3969644936528
35047,"San Miguel","New Mexico",845,"2022-05-15",3.9262076404201,718.667913584316,0.0322065475149125,4.29416617640916,4.15238388843739,4.15165347302449,21.5219337073929
35049,"Santa Fe","New Mexico",845,"2022-05-15",6.44344967085104,615.152460666366,0.0286569721418658,6.78733333655343,6.6462214591115,6.6440484758441,24.1877326442072
35053,"Socorro","New Mexico",845,"2022-05-15",3.46573590279973,769.560161740584,0.0489710056167999,4.03716178244993,3.80715006158851,3.80853294211733,14.1542362022101
35055,"Taos","New Mexico",845,"2022-05-15",4.35119917087862,559.199761211135,0.0156344486734097,4.57777030490661,4.46888101124096,4.46064031159249,44.3346097479482
35061,"Valencia","New Mexico",845,"2022-05-15",4.89034912822175,733.862855866296,0.0460757557416584,5.44325819712166,5.20828354188588,5.21287941841336,15.0436421367963
36001,"Albany","New York",845,"2022-05-15",8.06085575293432,410.337376667724,0.0187608959104188,8.28598650385935,8.1947592776151,8.19218202430725,36.9463795263107
36003,"Allegany","New York",845,"2022-05-15",5.58403322154627,611.002192034921,0.0243846579631793,5.87664911710442,5.7579542852844,5.75472582728853,28.4255445209276
36007,"Broome","New York",845,"2022-05-15",7.72096860121304,77.7553813665499,0.0101292530146755,7.84251963738915,7.79462721041215,7.79187337231577,68.4302366182085
36009,"Cattaraugus","New York",845,"2022-05-15",6.27125844671076,613.505217285927,0.0276883130444006,6.60351820324357,6.46789008644754,6.46507663802157,25.0339260267833
36011,"Cayuga","New York",845,"2022-05-15",6.30104788351286,1446.34123440347,-0.0104178680888212,6.19176857976246,6.23098119784141,6.22812280689111,-66.5344554807448
36013,"Chautauqua","New York",845,"2022-05-15",6.7614074112179,682.354424133686,0.0428899280811513,7.27608654819172,7.05711656920931,7.06163690778596,16.1610711784933
36015,"Chemung","New York",845,"2022-05-15",6.81029994283142,254.931658380803,0.011640178519972,6.94998208507108,6.89567490904652,6.89178119247122,59.5478135812656
36017,"Chenango","New York",845,"2022-05-15",5.90497251575454,365.481288054124,0.0123390791970669,6.00319291755513,5.99350893627062,5.99134607013401,56.1749519141359
36019,"Clinton","New York",845,"2022-05-15",6.73323180934694,286.860904832811,0.0121917822938987,6.89005281404927,6.82239638864042,6.81857428540423,56.8536382827986
36021,"Columbia","New York",845,"2022-05-15",6.28838948664094,648.17124101813,0.0327812655412907,6.68176467313643,6.51470436524264,6.51785834542998,21.1446132147299
36023,"Cortland","New York",845,"2022-05-15",6.00635315960173,1593.60667992676,-0.00797014320545234,5.9107114411363,5.95344076428036,5.95056215716356,-86.9679706740735
36025,"Delaware","New York",845,"2022-05-15",5.73703302082298,552.200176943417,0.0199204513187447,5.97214778056694,5.87545102039654,5.87647618005419,34.7957568565582
36027,"Dutchess","New York",845,"2022-05-15",7.67455114256523,569.399131967638,0.0283611475394359,8.01488491303846,7.87310638398995,7.87307917534128,24.4400259050214
36029,"Erie","New York",845,"2022-05-15",9.49329342306914,250.449199791012,0.016102587630623,9.68652447463662,9.60950440887503,9.6060115364835,43.0457015021459
36031,"Essex","New York",845,"2022-05-15",5.62298551435168,600.561554354354,0.0234840545309643,5.90479416872325,5.78735203680422,5.78737389606843,29.5156519776436
36033,"Franklin","New York",845,"2022-05-15",5.94803498918065,495.696978804093,0.0172755817492413,6.15534197017155,6.07082870107898,6.06896406142534,40.1229429272556
36035,"Fulton","New York",845,"2022-05-15",6.20253551718792,317.452468619122,0.0118698015868474,6.34497313623009,6.28673644861707,6.28562412829585,58.3958523222498
36037,"Genesee","New York",845,"2022-05-15",6.33960316002443,508.231773412992,0.0191085301484162,6.56890552180542,6.47543348111461,6.47336287106334,36.2742280633969
36039,"Greene","New York",845,"2022-05-15",5.72358510195238,647.131186336719,0.0296760528218153,6.07969773581416,5.92825038595499,5.93131747170509,23.3571218086794
36041,"Hamilton","New York",845,"2022-05-15",3.44316158076119,674.519359871203,0.0209762274050555,3.72287426733646,3.59253769831279,3.58999517259658,33.044415812964
36043,"Herkimer","New York",845,"2022-05-15",6.38952132882548,1857.01309878229,-0.00628263425168853,6.31412971780522,6.34666858120264,6.34554288906366,-110.327476149619
36045,"Jefferson","New York",845,"2022-05-15",6.87979662439264,483.628532502186,0.019305127519601,7.11145815462785,7.01600276081678,7.01493251702985,35.9048226879711
36049,"Lewis","New York",845,"2022-05-15",5.27006485359615,644.835023823307,0.0270031281064738,5.59410239087383,5.45777203991143,5.45908675034147,25.669143879437
36051,"Livingston","New York",845,"2022-05-15",6.20195698086863,508.669532544536,0.0187183419276172,6.42657708400004,6.3336010321598,6.33298537436195,37.030372841799
36053,"Madison","New York",845,"2022-05-15",6.426950671471,1473.18616460886,-0.0101501754629165,6.305148565916,6.36156621642217,6.35589944323058,-68.2891821025507
36055,"Monroe","New York",845,"2022-05-15",8.9149333003069,-44.9002519491204,0.0100745064550162,9.0358273777671,8.99150945866745,8.98545484549201,68.8020980139249
36057,"Montgomery","New York",845,"2022-05-15",6.0028283057583,602.16867726681,0.0252398558641182,6.30570657612772,6.17935690978779,6.17950729680713,27.4624064531741
36059,"Nassau","New York",845,"2022-05-15",9.60437853576439,504.565514118243,0.0286326509050414,9.94797034662489,9.80274424441324,9.80480709209968,24.2082782645145
36063,"Niagara","New York",845,"2022-05-15",7.78256903998108,562.192462882625,0.0280142472761381,8.11874000729474,7.9776762108107,7.97866877091405,24.7426666055865
36065,"Oneida","New York",845,"2022-05-15",8.01716619489247,1903.88121783638,-0.00753577190806788,7.92673693199565,7.96667735570128,7.96441579153599,-91.9809130392939
36067,"Onondaga","New York",845,"2022-05-15",8.45756450206581,1616.99292347555,-0.0108849955341092,8.3269445556565,8.38884470437278,8.38136953332705,-63.679142392654
36069,"Ontario","New York",845,"2022-05-15",6.94270865824557,2112.76409753452,-0.00545482754557135,6.87725072769871,6.90744978332394,6.90452486542657,-127.070411441824
36071,"Orange","New York",845,"2022-05-15",8.07766888373864,568.050525507576,0.0297028295377848,8.43410283819206,8.28426347652385,8.28558869050313,23.3360656660066
36073,"Orleans","New York",845,"2022-05-15",5.93715920225044,550.218256490156,0.0204883824989781,6.18301979223818,6.08241681593107,6.08057787974329,33.8312299955605
36075,"Oswego","New York",845,"2022-05-15",7.13920707816679,1316.1626284571,-0.0149932116707686,6.95928853811757,7.04234105588601,7.03425459647141,-46.2307340001964
36077,"Otsego","New York",845,"2022-05-15",6.21689120443676,425.733796318517,0.0150069958620538,6.39697515478141,6.32345866147646,6.32194017547114,46.1882702528501
36079,"Putnam","New York",845,"2022-05-15",6.74372259930043,612.876815735594,0.0296919163983264,7.10002559608035,6.95049153186368,6.95156601408871,23.3446427391603
36083,"Rensselaer","New York",845,"2022-05-15",7.43787920121123,373.774746338043,0.0159534026584587,7.62932003311273,7.5534106945463,7.54955301982044,43.4482345490372
36087,"Rockland","New York",845,"2022-05-15",7.85499081470571,551.942552379516,0.0272688343231267,8.18221682658323,8.04590409022962,8.0458726549676,25.4190249699118
36089,"St. Lawrence","New York",845,"2022-05-15",6.53378883793334,1373.25998307336,-0.0122525391841273,6.38675836772381,6.45346810155972,6.44802106364445,-56.5717171064341
36091,"Saratoga","New York",845,"2022-05-15",7.9060735606137,488.017637641748,0.0224615617317972,8.17561230139527,8.06443035115824,8.06330449273628,30.8592603148652
36093,"Schenectady","New York",845,"2022-05-15",7.48404756445852,524.283835315472,0.0237049869522417,7.76850740788542,7.65177277737105,7.64998247312421,29.240563682082
36095,"Schoharie","New York",845,"2022-05-15",5.45654137176293,311.505738675561,0.0103246937026118,5.58043769619427,5.53363600318659,5.52881422768121,67.1348904408273
36097,"Schuyler","New York",845,"2022-05-15",4.87301391622021,1370.87820801437,-0.00921053660574448,4.77914672883945,4.80586559435404,4.80854015998,-75.2558955281324
36099,"Seneca","New York",845,"2022-05-15",5.50125821054473,1583.91276093155,-0.00739503137929227,5.41251783399322,5.45080628740217,5.44949299088968,-93.7314725263927
36101,"Steuben","New York",845,"2022-05-15",6.86767705541473,501.153030673683,0.0202677836224086,7.11089045888363,7.01075397171248,7.00955154077159,34.1994563131995
36103,"Suffolk","New York",845,"2022-05-15",9.47603972817812,525.570541272438,0.0301372516637783,9.83768674814346,9.68423802331957,9.68700048982457,22.9996812016218
36105,"Sullivan","New York",845,"2022-05-15",6.34663836492045,601.540550346835,0.0266151682147699,6.66602038349769,6.53060162928017,6.53294454242384,26.0433139090696
36107,"Tioga","New York",845,"2022-05-15",6.46525563771539,2570.72374913886,-0.00373557919970315,6.42042868731895,6.43714838738951,6.43910658331747,-185.552800115984
36109,"Tompkins","New York",845,"2022-05-15",7.31312514445963,-0.382456131632836,0.00870213923565551,7.4175508152875,7.38226590907659,7.37404011910922,79.6525040325595
36111,"Ulster","New York",845,"2022-05-15",7.28804908851951,560.354420922327,0.0260617354029231,7.60078991335459,7.47062145708157,7.47048123633997,26.596355532111
36113,"Warren","New York",845,"2022-05-15",6.71745915251853,604.790717951474,0.0285594985623597,7.06017313526685,6.91700859091004,6.91737564245505,24.2702853849642
36115,"Washington","New York",845,"2022-05-15",6.44639986021423,657.178518037489,0.0352606257810344,6.86952736958664,6.68967195593842,6.69322424068147,19.657824136881
36117,"Wayne","New York",845,"2022-05-15",6.72245787015804,92.490848926619,0.00899314457957467,6.83037560511294,6.79388707528264,6.78540988221506,77.0750625019672
36119,"Westchester","New York",845,"2022-05-15",9.09213581892239,494.092085955965,0.0262848447513836,9.40755395593899,9.27503168082048,9.27612973218208,26.3706020376422
36121,"Wyoming","New York",845,"2022-05-15",5.74939298590825,326.398522336671,0.0111942687783251,5.88372421124815,5.83301510870098,5.82775286735653,61.9198265010439
36123,"Yates","New York",845,"2022-05-15",5.36731023803499,1519.15499919944,-0.00790292384560482,5.27247515188773,5.31337689417724,5.31198977111576,-87.707688205225
37001,"Alamance","North Carolina",845,"2022-05-15",6.64155509534626,686.77959721519,0.0433464145416323,7.16171206984585,6.94430672983805,6.94497999713769,15.9908769361814
37003,"Alexander","North Carolina",845,"2022-05-15",3.93741223943297,784.04395005412,0.0695798624274126,4.72837260634474,4.42186974334069,4.42447127642486,9.96189351887629
37005,"Alleghany","North Carolina",845,"2022-05-15",3.20158432775814,794.790077848892,0.0701719973377472,4.01453450488025,3.6843700318669,3.69278830912237,9.8778317114694
37009,"Ashe","North Carolina",845,"2022-05-15",4.24645234041956,764.692126566935,0.0563743019829412,4.92192042240399,4.64064915788996,4.64107245430015,12.2954459067128
37011,"Avery","North Carolina",845,"2022-05-15",3.87713574642771,636.730186068529,0.0191539224733505,4.12326132689598,4.01846222370819,4.01121320374116,36.1882628231551
37013,"Beaufort","North Carolina",845,"2022-05-15",5.02950377840064,484.634503514602,0.0141530447613597,5.19934031553696,5.13804428717909,5.12857509173016,48.9751281259536
37015,"Bertie","North Carolina",845,"2022-05-15",3.50941096630239,760.007695282323,0.0436708575634287,4.01738283625721,3.81955711365654,3.81510696924639,15.8720762364971
37017,"Bladen","North Carolina",845,"2022-05-15",3.62624388312245,795.092013189779,0.0789392423517491,4.49227336256218,4.17454151591536,4.17881857958469,8.7807680934068
37019,"Brunswick","North Carolina",845,"2022-05-15",6.27314651200528,710.818905999897,0.0485608715467317,6.85587697056607,6.61219638504239,6.6130726128324,14.2737796600892
37021,"Buncombe","North Carolina",845,"2022-05-15",7.24463559559269,661.05347072299,0.0404849181756297,7.73045461370024,7.52877185560971,7.5280300228221,17.121120945656
37023,"Burke","North Carolina",845,"2022-05-15",5.54182361238113,758.511484710823,0.0678614037115958,6.34426187843652,6.01155396198805,6.0168534383623,10.2141591928418
37025,"Cabarrus","North Carolina",845,"2022-05-15",6.69385459474911,654.845408164783,0.0361527873999824,7.1276880435489,6.94961451663256,6.94692410654899,19.1727175249641
37027,"Caldwell","North Carolina",845,"2022-05-15",5.1857883614116,645.386474496166,0.0266465979072428,5.50554753629852,5.37959007891354,5.3723145467623,26.0125957907572
37029,"Camden","North Carolina",845,"2022-05-15",3.2188758248682,757.354457363935,0.0390804938771719,3.69879454949033,3.49663251688514,3.4924392820084,17.7363976703691
37031,"Carteret","North Carolina",845,"2022-05-15",4.64713438508712,771.570697086866,0.0675943973154961,5.43657025691877,5.11693782763881,5.12029516629559,10.2545064101199
37033,"Caswell","North Carolina",845,"2022-05-15",4.17438726989564,750.381369959184,0.0465395185502808,4.72928211783866,4.50175203043562,4.50016389974761,14.8937333722324
37035,"Catawba","North Carolina",845,"2022-05-15",5.71373280550937,724.570374742164,0.049499708525836,6.30772930781941,6.06044513746421,6.06023076519022,14.0030557997763
37037,"Chatham","North Carolina",845,"2022-05-15",5.81199605929643,700.691785758532,0.0417204117570719,6.31264100038129,6.10342267952147,6.10403894159593,16.6141020993747
37039,"Cherokee","North Carolina",845,"2022-05-15",3.49650756146648,691.201313325658,0.0237698139902044,3.82215487211827,3.66919838034773,3.66289625939791,29.1608163549615
37041,"Chowan","North Carolina",845,"2022-05-15",3.13549421592915,767.442259066369,0.0429094117516367,3.62832292250938,3.44079026187702,3.43586009819061,16.1537329985305
37045,"Cleveland","North Carolina",845,"2022-05-15",5.08140436498446,722.160849303362,0.0431664693747093,5.60469772218467,5.38783478794196,5.38356965060742,16.0575370328075
37047,"Columbus","North Carolina",845,"2022-05-15",4.19397440317094,757.962778939509,0.0508099907374972,4.77803033106352,4.5541395468898,4.54964433833342,13.6419466033953
37049,"Craven","North Carolina",845,"2022-05-15",5.84685157176121,717.970005799904,0.0479132332184982,6.42181037038318,6.18023167212343,6.1822442042907,14.466716896332
37051,"Cumberland","North Carolina",845,"2022-05-15",7.70132939651856,427.443154828853,0.0186673169689469,7.92533720014592,7.84639497484299,7.83200061530119,37.1315910965136
37053,"Currituck","North Carolina",845,"2022-05-15",3.87713574642771,748.037957526574,0.0421922513151282,4.38639262327284,4.17545304379545,4.17248150563361,16.4283051734529
37055,"Dare","North Carolina",845,"2022-05-15",5.02294022928664,710.424670599655,0.0387646340744959,5.48811583818059,5.29762994927138,5.29429266780811,17.8809163844521
37057,"Davidson","North Carolina",845,"2022-05-15",6.0031813507752,691.990489724542,0.0405594298609784,6.48989450910694,6.28805478250628,6.28709735980205,17.0896677526232
37059,"Davie","North Carolina",845,"2022-05-15",4.97476135519337,718.126231504496,0.0408189671707485,5.46458896124235,5.26307905930852,5.26049412538861,16.9810073258459
37061,"Duplin","North Carolina",845,"2022-05-15",4.17877324183889,749.330772100439,0.0457265738357829,4.69471203021209,4.49983563672654,4.49885925868937,15.1585199243056
37063,"Durham","North Carolina",845,"2022-05-15",7.96718113962351,2333.08896230375,-0.00533603913817072,7.90314866996546,7.93567162955797,7.92982886565632,-129.899193505085
37065,"Edgecombe","North Carolina",845,"2022-05-15",4.3658246600976,682.836960783216,0.0277323299526679,4.69128521935595,4.56380705072781,4.55995096976628,24.9941920402278
37067,"Forsyth","North Carolina",845,"2022-05-15",7.38549675090031,696.031153772246,0.0512992702547375,8.00108799395715,7.74266993185384,7.74459164268347,13.5118331531418
37069,"Franklin","North Carolina",845,"2022-05-15",5.68406555797248,687.738309922149,0.0373626408946261,6.13725053912311,5.94586126594651,5.94560404423486,18.5518786671111
37071,"Gaston","North Carolina",845,"2022-05-15",6.26040057673871,660.784891021015,0.0349323258089408,6.679588486446,6.50768780084569,6.5049268574013,19.8425717300088
37073,"Gates","North Carolina",845,"2022-05-15",3.09104245335832,788.95959515974,0.0606384379436707,3.82267167684998,3.51593109691462,3.51551151896401,11.4308218362062
37075,"Graham","North Carolina",845,"2022-05-15",3.54302757710137,4608.52108927525,-0.000940687970257041,3.5337141986981,3.53550207333931,3.53644276130957,-736.851328470316
37077,"Granville","North Carolina",845,"2022-05-15",5.36062124988419,707.889928374355,0.0405769309176847,5.8475444208964,5.64623072611434,5.64465976630798,17.0822968835687
37079,"Greene","North Carolina",845,"2022-05-15",3.24147565678544,744.681369138814,0.0340067374814273,3.64955650656257,3.48519905001064,3.47952281915543,20.3826427318559
37081,"Guilford","North Carolina",845,"2022-05-15",8.072333640779,562.85477456597,0.0291267281553818,8.42185437864358,8.28171082209135,8.27622073786667,23.7976327743448
37083,"Halifax","North Carolina",845,"2022-05-15",4.56285898791637,771.765109878493,0.0666256041401559,5.34569802746445,5.02804122469886,5.02923821689746,10.4036156895751
37085,"Harnett","North Carolina",845,"2022-05-15",6.38471247127756,597.159049480957,0.0262917455133947,6.7002134174383,6.57286933543761,6.56875468987132,26.3636805782564
37087,"Haywood","North Carolina",845,"2022-05-15",5.23339782044872,738.182104308815,0.0514591120268901,5.85696784503758,5.59345644650721,5.59361160463695,13.4698628339669
37089,"Henderson","North Carolina",845,"2022-05-15",5.62864833514717,631.530537680742,0.0269998697772207,5.95264677247382,5.82389966117069,5.81764742358771,25.6722416174296
37091,"Hertford","North Carolina",845,"2022-05-15",3.32708940950844,740.957585468026,0.0334868506359732,3.71846074969005,3.56900872819296,3.56149736396025,20.6990853841398
37093,"Hoke","North Carolina",845,"2022-05-15",5.57161070154772,629.218603555579,0.0264331235845894,5.88880818456279,5.76109678350566,5.75664256663985,26.2226739243202
37095,"Hyde","North Carolina",845,"2022-05-15",3.14168618617707,801.769949065158,0.0809599850824137,4.06662417437367,3.69220231838273,3.70840608175397,8.56160212794447
37097,"Iredell","North Carolina",845,"2022-05-15",6.2220092139025,667.109795057904,0.0359882112233388,6.65386774858256,6.47734248963811,6.47392669246587,19.2603954739054
37099,"Jackson","North Carolina",845,"2022-05-15",5.86444253466898,670.988651133524,0.0345972265801853,6.26249065031843,6.10740269177141,6.10662312073028,20.034761426713
37101,"Johnston","North Carolina",845,"2022-05-15",6.56103066589657,700.871682129894,0.0471581254365639,7.12692817113534,6.88816089583834,6.89113754395252,14.6983616109243
37105,"Lee","North Carolina",845,"2022-05-15",4.93241631923601,731.834705403613,0.0455959662407633,5.47905271572823,5.25296631968464,5.25158808292135,15.2019408230078
37107,"Lenoir","North Carolina",845,"2022-05-15",4.27864828022005,770.309493059755,0.0613949943553821,5.01538821248464,4.70856460982239,4.70841324070773,11.2899624446204
37109,"Lincoln","North Carolina",845,"2022-05-15",5.27153328264122,738.722868851603,0.0520505786732554,5.89614022672028,5.63598795539157,5.63588733335401,13.3168006625083
37111,"McDowell","North Carolina",845,"2022-05-15",5.02950377840064,637.943210202967,0.0248915356096313,5.32820220571622,5.20881474421804,5.20374452766806,27.8467022457122
37113,"Macon","North Carolina",845,"2022-05-15",4.56731996185699,1020.88876745697,-0.0253780615368488,4.28606953340543,4.39785076941042,4.38967353109905,-27.3128497049903
37115,"Madison","North Carolina",845,"2022-05-15",4.34565899050301,550.253234560093,0.0150424362919346,4.53900649542715,4.46228790144195,4.45095604454655,46.0794493064659
37117,"Martin","North Carolina",845,"2022-05-15",3.56347818757266,780.626812861194,0.0599269252956052,4.27717565377646,3.98024262497584,3.9829666646419,11.5665400342303
37119,"Mecklenburg","North Carolina",845,"2022-05-15",8.54046318978322,623.060398980218,0.0393679307495567,9.0128783587779,8.81757397179248,8.81603870503012,17.6068990003431
37121,"Mitchell","North Carolina",845,"2022-05-15",3.65989191724069,628.317927174968,0.0173915436203058,3.89017652661696,3.78793357950898,3.78163272258283,39.8554145447245
37123,"Montgomery","North Carolina",845,"2022-05-15",3.47462485021697,772.627531597193,0.0515219290723086,4.0894226873435,3.83690331165082,3.83527835372313,13.4534399825586
37125,"Moore","North Carolina",845,"2022-05-15",5.78118433572453,697.239790338444,0.0404957680394983,6.26713355219851,6.06559476146231,6.06465471200102,17.1165337544375
37129,"New Hanover","North Carolina",845,"2022-05-15",6.50770406071805,666.339778560732,0.0374737749772703,6.95738936044529,6.77103188799886,6.77002048555894,18.4968602971111
37131,"Northampton","North Carolina",845,"2022-05-15",3.26902560855367,797.236532929806,0.075450081769903,4.13190806844955,3.79348894215417,3.79717618094299,9.18683140296399
37133,"Onslow","North Carolina",845,"2022-05-15",5.88769007460579,757.549007393361,0.0714083589350474,6.74459038182636,6.38240786445708,6.38754858715112,9.70680731075795
37135,"Orange","North Carolina",845,"2022-05-15",7.13648320859025,2125.14123663837,-0.00555307308265793,7.06984633159836,7.10324707764942,7.09761169701164,-124.822268722633
37137,"Pamlico","North Carolina",845,"2022-05-15",3.27983652465789,768.5871439843,0.0459971867190129,3.83675671292029,3.60385089498887,3.60181683169098,15.069338583558
37139,"Pasquotank","North Carolina",845,"2022-05-15",4.11087386417331,765.309090260205,0.0550070477965034,4.76861101557924,4.49556111127787,4.49592319874883,12.6010612880774
37141,"Pender","North Carolina",845,"2022-05-15",4.57323713888508,735.454451694052,0.0436007657374179,5.08147514942655,4.87986833973371,4.87844249904701,15.8975919077745
37143,"Perquimans","North Carolina",845,"2022-05-15",3.21314515015922,785.503729813214,0.0589608268445928,3.92067507229433,3.62564289352562,3.62587093807137,11.7560627564963
37145,"Person","North Carolina",845,"2022-05-15",4.78152157579554,769.085960036626,0.0670808879758394,5.56194742640735,5.24617730511905,5.25108779162642,10.3330054427663
37147,"Pitt","North Carolina",845,"2022-05-15",6.03411344325533,704.869565404081,0.0446539927241348,6.56996135594495,6.35083705340017,6.34669139232427,15.5226249272287
37151,"Randolph","North Carolina",845,"2022-05-15",5.72638230657344,687.814578072454,0.0376276665270851,6.17791430489846,5.99234557195084,5.98977597226304,18.4212108944094
37153,"Richmond","North Carolina",845,"2022-05-15",4.69527202068527,746.127777038451,0.0499988278582435,5.29348705082407,5.04712500795307,5.04526381569297,13.8632686055192
37155,"Robeson","North Carolina",845,"2022-05-15",5.46986682636008,740.240951733002,0.0547086810750538,6.11419012889071,5.8524992026034,5.85282759388546,12.6697841537987
37157,"Rockingham","North Carolina",845,"2022-05-15",5.1809806598435,735.044017938367,0.0493172271394374,5.76794473264952,5.52696924761786,5.52620124981956,14.0548692772238
37159,"Rowan","North Carolina",845,"2022-05-15",5.89872249540937,688.326005620928,0.0388907968011112,6.3654120570227,6.17313285427998,6.17095807301715,17.8229102402999
37161,"Rutherford","North Carolina",845,"2022-05-15",4.56880254181722,738.517514143628,0.0450098639309181,5.10783124693763,4.88651505689293,4.88387158933365,15.3998950457571
37163,"Sampson","North Carolina",845,"2022-05-15",4.74865190946578,690.729718951462,0.0318124403337974,5.13040119347135,4.97427309139747,4.97133899180236,21.7885573469681
37165,"Scotland","North Carolina",845,"2022-05-15",4.57323713888508,752.977546054528,0.0525523808114014,5.2038657086219,4.93909720112586,4.94110380456489,13.1896437394053
37167,"Stanly","North Carolina",845,"2022-05-15",4.17218704898604,770.849840234548,0.0606316190509513,4.92026557282274,4.60059972228031,4.5966083823427,11.432107395606
37169,"Stokes","North Carolina",845,"2022-05-15",4.53566698022112,776.881881976715,0.0718599844587864,5.39798679372655,5.03419818464582,5.03868687143262,9.64580198256909
37171,"Surry","North Carolina",845,"2022-05-15",5.12140969959817,743.505965430216,0.0530748840840974,5.75830830860734,5.492604398428,5.49293388818685,13.0597964088183
37173,"Swain","North Carolina",845,"2022-05-15",5.15246548953548,714.208999569983,0.0407479884195407,5.61470608983926,5.4396913865924,5.43770140847226,17.0105864717373
37175,"Transylvania","North Carolina",845,"2022-05-15",3.99162605602711,748.044161906047,0.0434632246162018,4.51825594124297,4.29619848213915,4.29586862834052,15.9479004763388
37179,"Union","North Carolina",845,"2022-05-15",6.76256434052635,662.15288491852,0.038024593974595,7.21885946822149,7.03111508568913,7.02873649834851,18.2289173428926
37181,"Vance","North Carolina",845,"2022-05-15",4.34380542185368,760.104326927322,0.054336002496903,4.99324352153164,4.72514746112361,4.724157439332,12.7566833905283
37183,"Wake","North Carolina",845,"2022-05-15",9.00338648648903,624.265269834012,0.0417335979216779,9.50418966154916,9.29691927077872,9.29552167194077,16.608852700905
37185,"Warren","North Carolina",845,"2022-05-15",3.95672318434605,783.340120138437,0.0693114552264552,4.75891618887852,4.43752711036653,4.44190337093124,10.000470748959
37187,"Washington","North Carolina",845,"2022-05-15",3.67449071666184,625.055396586074,0.0170950591840901,3.87963142687092,3.80397843080548,3.79415613095047,40.5466382476779
37189,"Watauga","North Carolina",845,"2022-05-15",5.83020532804343,-1117.7916991683,0.00298669359658652,5.88316425451524,5.85451842790262,5.85111218321954,232.078436620395
37191,"Wayne","North Carolina",845,"2022-05-15",5.71890563623042,724.248769633443,0.0494068669345455,6.31178803944497,6.05871132437526,6.06475370477224,14.0293692671958
37193,"Wilkes","North Carolina",845,"2022-05-15",4.45434729625351,783.264453714599,0.0785929292641428,5.40212792714073,4.99999797180511,5.00449780110251,8.81945980446089
37195,"Wilson","North Carolina",845,"2022-05-15",5.18017712424381,651.322944474713,0.0274552573964117,5.50964021300075,5.37540788173542,5.37236392601869,25.2464280539048
37197,"Yadkin","North Carolina",845,"2022-05-15",5.23415972524749,527.178376273608,0.0168550397774528,5.47488138848513,5.3621219116509,5.35214500368966,41.1240311332387
37199,"Yancey","North Carolina",845,"2022-05-15",5.20948615284142,931.790716471749,-0.0567539545727895,4.52843869796795,4.85564948861603,4.81220847083189,-12.2131961689287
38003,"Barnes","North Dakota",845,"2022-05-15",3.70657903121334,711.562366441468,0.028857828955634,4.05272520816613,3.91257359628039,3.90858383390278,24.0193807242253
38015,"Burleigh","North Dakota",845,"2022-05-15",4.72991307257953,749.281003043129,0.0515442252926489,5.29457112097989,5.08384663126036,5.09072264962807,13.4476204972432
38017,"Cass","North Dakota",845,"2022-05-15",6.52523910385952,663.324559780666,0.0369334815057415,6.96844088192842,6.78662484992757,6.78377347439971,18.7674476464449
38035,"Grand Forks","North Dakota",845,"2022-05-15",5.44550508562005,674.648206254692,0.0330065119486792,5.85376409937422,5.6788818495924,5.6765506692608,21.0003159872724
38059,"Morton","North Dakota",845,"2022-05-15",3.57954279007647,763.972530860975,0.0467584025569976,4.11602383807621,3.90879599474266,3.90685160797545,14.8240132822119
38077,"Richland","North Dakota",845,"2022-05-15",3.36729582998647,1153.28757176175,-0.0107991508538758,3.25364993785312,3.30041543737905,3.29170177400934,-64.1853410456965
38079,"Rolette","North Dakota",845,"2022-05-15",4.14086457785699,532.316935714953,0.0135447575204136,4.33002958912375,4.24009015445703,4.23567788049989,51.1745728570842
38089,"Stark","North Dakota",845,"2022-05-15",3.36729582998647,764.490760642156,0.0446326556312962,3.90576974481534,3.67900925505838,3.67972441940554,15.5300456752099
38093,"Stutsman","North Dakota",845,"2022-05-15",3.61477148196022,557.115367032245,0.0128624980458237,3.79295301529118,3.71381789701081,3.70480896828099,53.8890018167974
38101,"Ward","North Dakota",845,"2022-05-15",4.31748811353631,736.407839093443,0.0414373833537875,4.78983668417771,4.60617908787473,4.60754979701282,16.7275808571679
39001,"Adams","Ohio",845,"2022-05-15",3.61861025826738,772.175093846266,0.0533522339133844,4.258837065228,3.99029605887974,3.99207589566107,12.9919054876924
39003,"Allen","Ohio",845,"2022-05-15",4.98262766910935,745.945592216854,0.0529760144851203,5.61833984293079,5.35416257871641,5.35345977050519,13.0841700210316
39005,"Ashland","Ohio",845,"2022-05-15",4.71466500078438,700.867902201882,0.0338862496533718,5.12129999662484,4.95322122435119,4.95186874835798,20.4551163864477
39007,"Ashtabula","Ohio",845,"2022-05-15",6.20599972388559,746.511167579799,0.0663822572517723,7.00258681090686,6.66197394025768,6.670675524648,10.4417537043219
39009,"Athens","Ohio",845,"2022-05-15",5.50184113099259,457.650200928692,0.0143895489009175,5.6745157178036,5.61520774047615,5.60256797329901,48.1701813818324
39011,"Auglaize","Ohio",845,"2022-05-15",3.89473150831809,735.944913909777,0.0374573719902624,4.3471185310434,4.16189131684723,4.15693311224993,18.5049602716427
39013,"Belmont","Ohio",845,"2022-05-15",4.50928841428481,730.365220078943,0.0411300904469527,5.00284949964824,4.7982275336919,4.79719904741348,16.852556681195
39015,"Brown","Ohio",845,"2022-05-15",3.89473150831809,789.560939834785,0.0766533567067265,4.78616355127698,4.42621847847578,4.43130500526518,9.04262005396457
39017,"Butler","Ohio",845,"2022-05-15",6.69243816391739,669.70670087127,0.0392994803562903,7.16403192819287,6.96744318701388,6.96753452641142,17.6375660511501
39019,"Carroll","Ohio",845,"2022-05-15",3.3322045101752,773.908273534865,0.0501731818826317,3.91811039546394,3.68658392286032,3.68341678335362,13.8150931344438
39021,"Champaign","Ohio",845,"2022-05-15",4.30213272545312,735.50530636709,0.041170824813043,4.79618262320964,4.59204647554566,4.59032849914442,16.8358827812542
39023,"Clark","Ohio",845,"2022-05-15",5.2634301075476,764.484326249805,0.0696998364201706,6.09982814458964,5.74578226349892,5.75132896248879,9.94474615953838
39025,"Clermont","Ohio",845,"2022-05-15",6.21575030300097,689.642412818419,0.0413397848390214,6.71182772106922,6.5056941507497,6.50512879687412,16.7670727668053
39027,"Clinton","Ohio",845,"2022-05-15",4.28062652023215,733.870595160703,0.0403340292609193,4.76463487136318,4.56502620811463,4.56296472505858,17.1851707667489
39029,"Columbiana","Ohio",845,"2022-05-15",5.33478704632943,685.912512139658,0.0346218055755744,5.75024871323633,5.57814488013505,5.57713968535845,20.0205381850148
39031,"Coshocton","Ohio",845,"2022-05-15",3.63381967693091,695.238044044712,0.0251350778920474,3.94022397344587,3.8119985357806,3.80976522217524,27.5768861165636
39033,"Crawford","Ohio",845,"2022-05-15",4.06044301054642,775.51113238891,0.0629634720062623,4.81600467462157,4.50059700212149,4.50118731459026,11.008719158483
39035,"Cuyahoga","Ohio",845,"2022-05-15",8.54021192999324,592.879529646442,0.0345589012426799,8.9549187449054,8.78297894322179,8.782124238692,20.0569796965627
39037,"Darke","Ohio",845,"2022-05-15",3.90052862600241,744.06749060276,0.0406288764012295,4.385176583975,4.18726335213497,4.18493076081102,17.0604565510202
39039,"Defiance","Ohio",845,"2022-05-15",3.88303546855489,758.659665349062,0.0477018643228136,4.45250797936507,4.21952994785693,4.21694851881459,14.5308195056948
39041,"Delaware","Ohio",845,"2022-05-15",6.79250474811244,669.235272447191,0.0397769776314717,7.2698284796901,7.07198707298597,7.07094359153274,17.4258383073209
39043,"Erie","Ohio",845,"2022-05-15",5.37196604957118,740.434084333925,0.0539538657745862,6.01941243886622,5.74834937811562,5.74964310999328,12.8470346027816
39045,"Fairfield","Ohio",845,"2022-05-15",6.02102334934953,704.798227725654,0.0445336126003725,6.555426700554,6.33261981010091,6.33275863755214,15.5645845932146
39047,"Fayette","Ohio",845,"2022-05-15",3.92338676407846,770.543711787574,0.0564871355071423,4.60123239016416,4.32011746682689,4.31879671262846,12.2708856509869
39049,"Franklin","Ohio",845,"2022-05-15",8.48440432097375,648.85948383427,0.0443883091412042,9.0170640306682,8.79220457454802,8.79512248496218,15.6155346750192
39051,"Fulton","Ohio",845,"2022-05-15",4.52488935472729,737.267016606952,0.0440451469944705,5.05343111866094,4.83455629958504,4.83320538368858,15.737197576999
39053,"Gallia","Ohio",845,"2022-05-15",4.07753744390572,759.417582207166,0.0498283094247126,4.61322536106936,4.42652593821165,4.42633560987871,13.9107103685154
39055,"Geauga","Ohio",845,"2022-05-15",5.66988092298052,685.479505657333,0.0366933910424006,6.11020161548932,5.92884680548023,5.92673466027732,18.8902459235503
39057,"Greene","Ohio",845,"2022-05-15",5.97271850428693,701.983189980311,0.0432752974325003,6.49202207347693,6.27693069138015,6.27564558631443,16.0171557836454
39059,"Guernsey","Ohio",845,"2022-05-15",4.28062652023215,768.631984030048,0.0599796205913085,5.00038196732785,4.69934466990658,4.70048386437131,11.5563782119087
39061,"Hamilton","Ohio",845,"2022-05-15",7.75448154747038,576.161278175062,0.0293909911851969,8.10717344169274,7.96379518675385,7.96021848576676,23.5836612719974
39063,"Hancock","Ohio",845,"2022-05-15",4.70177822450802,754.050268565096,0.0546075134636097,5.34879127808846,5.083994492796,5.08403081875329,12.6932565977731
39065,"Hardin","Ohio",845,"2022-05-15",3.87713574642771,710.47381370483,0.0299499245037366,4.23869859484209,4.08974699773995,4.08678521795387,23.1435368217194
39067,"Harrison","Ohio",845,"2022-05-15",3.2188758248682,774.617565348472,0.0492315075451689,3.80965391541023,3.56593572372279,3.56349637768438,14.0793409570893
39069,"Henry","Ohio",845,"2022-05-15",3.87120101090789,732.316188898223,0.0359497028504038,4.30259744511273,4.12858485511462,4.12284893086072,19.2810267012307
39071,"Highland","Ohio",845,"2022-05-15",4.19397440317094,736.829360681909,0.0404732407313613,4.66132901030586,4.48043437140915,4.47728708829047,17.1260607758264
39073,"Hocking","Ohio",845,"2022-05-15",3.81614123372486,971.501303654316,-0.0296074194629325,3.53812522366059,3.62837148821793,3.60888929748433,-23.4112662681644
39075,"Holmes","Ohio",845,"2022-05-15",3.05803615689015,763.461014305135,0.0398095738956496,3.52469929366558,3.34237974168589,3.3367031741597,17.4115699499032
39077,"Huron","Ohio",845,"2022-05-15",4.55987391107292,750.052178223293,0.0506946563129976,5.16820978682889,4.91484566478879,4.9147365052639,13.6729831302206
39079,"Jackson","Ohio",845,"2022-05-15",4.06780500698749,717.991292490271,0.0333525873663489,4.46953712506974,4.30484683056267,4.30127311855193,20.7824110599376
39081,"Jefferson","Ohio",845,"2022-05-15",4.99140393216837,759.866493440173,0.0622885999434185,5.73886713148939,5.42556248470456,5.4274241317723,11.1279942267058
39083,"Knox","Ohio",845,"2022-05-15",4.76217393479776,768.629566771902,0.066724744679326,5.56287087094967,5.22514583966375,5.22924714755304,10.3881578549481
39085,"Lake","Ohio",845,"2022-05-15",6.601618242157,610.444578182313,0.028758276279791,6.94671755751449,6.80832486633568,6.80292617611554,24.1025287404667
39087,"Lawrence","Ohio",845,"2022-05-15",5.07962816558321,716.89123565784,0.0412613041218189,5.57476381504504,5.3688966040375,5.36845729443594,16.7989644368368
39089,"Licking","Ohio",845,"2022-05-15",6.06079069638505,718.235485578319,0.0497746878486782,6.65808695056918,6.4080631352683,6.4092135113258,13.9256961825096
39091,"Logan","Ohio",845,"2022-05-15",4.22995712105045,776.887334386169,0.0652782623018372,4.90322428812982,4.68333883710164,4.68690495716331,10.6183460790505
39093,"Lorain","Ohio",845,"2022-05-15",7.1926119351304,699.693829753037,0.0512636894191478,7.80777620816017,7.54965655612736,7.55145776106443,13.5212113761957
39095,"Lucas","Ohio",845,"2022-05-15",7.56394204712623,457.076654880918,0.019753149405853,7.80097983999647,7.71228518267693,7.7022140929672,35.0904641238911
39097,"Madison","Ohio",845,"2022-05-15",4.15664844555826,602.99081536084,0.0176482535967029,4.39457723842012,4.28658576179601,4.28018622073518,39.2756811183538
39099,"Mahoning","Ohio",845,"2022-05-15",6.14846829591765,675.215925438313,0.0373122725134215,6.59621556607871,6.41186425435771,6.4096542035116,18.5769221188716
39101,"Marion","Ohio",845,"2022-05-15",5.16885929931115,726.413198215505,0.0453744642635846,5.69843384954848,5.48695969351194,5.48648054915624,15.276151284859
39103,"Medina","Ohio",845,"2022-05-15",6.4000201129237,732.241993299522,0.0593925250558231,7.11273041359358,6.81171305512183,6.81576778831446,11.6706130932883
39105,"Meigs","Ohio",845,"2022-05-15",3.99951045955126,750.707377046623,0.0445424477210351,4.51182136242732,4.31306276611433,4.31130759359851,15.5614973137771
39109,"Miami","Ohio",845,"2022-05-15",5.08494732706081,724.929697626543,0.0441822283092418,5.61424911078849,5.39688294339318,5.3942229252255,15.6883708016817
39113,"Montgomery","Ohio",845,"2022-05-15",6.86469864666047,658.971858555021,0.0379206160537582,7.31974603930557,7.13145837957569,7.13014295903678,18.2789008379322
39117,"Morrow","Ohio",845,"2022-05-15",4.19827548507033,775.861718915757,0.05768676434522,4.39217107855688,4.60008337878162,4.60208283548687,12.0157056549728
39119,"Muskingum","Ohio",845,"2022-05-15",4.96484063890662,693.554828368413,0.0339697961528999,5.38235018173626,5.20417468845921,5.20262921197692,20.4048083609349
39123,"Ottawa","Ohio",845,"2022-05-15",4.72738781871234,773.1002541068,0.0706637634507492,5.57535298012133,5.21790898716519,5.22203416286758,9.80908950657646
39125,"Paulding","Ohio",845,"2022-05-15",3.10394585819422,776.729237589738,0.049691141666137,3.74029011824649,3.45556529021925,3.45178384985718,13.9491095861117
39127,"Perry","Ohio",845,"2022-05-15",3.68530163276605,582.23400035014,0.0143790541255759,3.87897991020543,3.79674339763993,3.78595501164508,48.2053391347244
39129,"Pickaway","Ohio",845,"2022-05-15",4.83628190695148,628.308699503909,0.022875192121916,5.11698147484933,4.9998208948519,4.99640825180489,30.3012615966562
39131,"Pike","Ohio",845,"2022-05-15",3.30636327899132,799.958119283157,0.0819740680978868,4.26608467382456,3.87466836965129,3.88018175567653,8.45568844689085
39133,"Portage","Ohio",845,"2022-05-15",6.47477214198008,716.23386955825,0.0523145719985759,7.10254700596299,6.8396741597719,6.84097414597011,13.2496005239002
39135,"Preble","Ohio",845,"2022-05-15",3.38680864421006,792.008128737329,0.0705068791451476,4.22983961680837,3.88083507301075,3.88035679822609,9.83091563495544
39137,"Putnam","Ohio",845,"2022-05-15",3.27444567602301,783.285995014398,0.0578762839528475,3.9769112640841,3.68188609649098,3.67957966369294,11.9763594553628
39139,"Richland","Ohio",845,"2022-05-15",5.26638431944503,740.849431554106,0.0531150189251704,5.90376454654708,5.63752399967537,5.63818945192122,13.0499281481283
39141,"Ross","Ohio",845,"2022-05-15",4.88063507450128,522.710089756604,0.0153822574148586,5.06522216347958,4.99825538252002,4.98831087640529,45.0614732198147
39143,"Sandusky","Ohio",845,"2022-05-15",4.52334016774046,763.557254605112,0.0591729162051126,5.23341516220181,4.93764806255175,4.93755058117625,11.7139263198939
39145,"Scioto","Ohio",845,"2022-05-15",4.69003640663133,516.554493995896,0.0145002367309806,4.8640392474031,4.80341017807292,4.79153806374819,47.8024733954166
39147,"Seneca","Ohio",845,"2022-05-15",4.42399083377291,763.612317776196,0.0579149766687683,5.11897055379813,4.82914447344775,4.82939567045429,11.9683581075107
39149,"Shelby","Ohio",845,"2022-05-15",3.52636052461616,755.966879758546,0.0419625244372768,4.02979215491994,3.82351204999714,3.8200981956771,16.5182431194296
39151,"Stark","Ohio",845,"2022-05-15",6.5994816967196,722.167419868474,0.0560072748076395,7.27156899441128,6.98826328525118,6.99153262037308,12.3760204891347
39153,"Summit","Ohio",845,"2022-05-15",7.60304302404119,679.619140995571,0.0474061747220797,8.17191712070614,7.93283560640529,7.93488624709575,14.6214535263295
39155,"Trumbull","Ohio",845,"2022-05-15",5.87533193446824,710.427357150486,0.0453439229551862,6.41945900993047,6.19253698450142,6.19273939515454,15.2864405059304
39157,"Tuscarawas","Ohio",845,"2022-05-15",4.89356628917353,683.077351116501,0.031221882683381,5.27408312600655,5.11510929101303,5.1121194679572,22.2006849359183
39159,"Union","Ohio",845,"2022-05-15",5.50475064715623,728.905057690174,0.0495499662964347,6.09935024271345,5.85049909847886,5.85160041123127,13.9888527151192
39161,"Van Wert","Ohio",845,"2022-05-15",3.5305534028762,797.201037995884,0.0816221458803873,4.47280887079376,4.09613874780429,4.10190842403891,8.49214601115381
39165,"Warren","Ohio",845,"2022-05-15",6.45047042214418,683.435430585319,0.0412000649077844,6.94487120103759,6.74048004013018,6.73887087649867,16.823934188244
39167,"Washington","Ohio",845,"2022-05-15",4.00473240353241,707.069514988421,0.0301581166496021,4.37083047306261,4.21961058155604,4.21583922007962,22.9837688013947
39169,"Wayne","Ohio",845,"2022-05-15",5.29688777373844,738.299866954653,0.0520833907992689,5.92188846332967,5.66067914808464,5.66147150933332,13.3084111829692
39171,"Williams","Ohio",845,"2022-05-15",4.16998197642772,766.443183665833,0.0565695099671747,4.83990717437542,4.56576912626389,4.56596854619794,12.2530172342337
39173,"Wood","Ohio",845,"2022-05-15",5.96468046320116,710.45063512515,0.0460417576648352,6.51718155517919,6.28569063627294,6.28697276685501,15.0547506375792
40001,"Adair","Oklahoma",845,"2022-05-15",3.66721795733276,790.320416187565,0.0722880701703872,4.45869808271358,4.15784735143957,4.17323444852547,9.58868010898834
40005,"Atoka","Oklahoma",845,"2022-05-15",3.14168618617707,695.177401103908,0.0219059080627567,3.43534143358036,3.29824131766697,3.29502754261637,31.6420199780897
40009,"Beckham","Oklahoma",845,"2022-05-15",3.18398856586776,880.324170992076,-0.0822488958969571,2.32963179129488,2.64312275592951,2.60824629458906,-8.42743447192692
40013,"Bryan","Oklahoma",845,"2022-05-15",4.17218704898604,801.004437686732,0.104904041848844,5.34964060301644,4.85432752535871,4.90651534192795,6.60744017431377
40015,"Caddo","Oklahoma",845,"2022-05-15",3.11668488397166,887.831219277429,-0.0673624458919189,2.41367856981728,2.66848187830712,2.64514776272823,-10.2898161042442
40017,"Canadian","Oklahoma",845,"2022-05-15",5.67773179745626,2174.38714193179,-0.00425493593203889,5.62667256627179,5.64466934964778,5.64794724593199,-162.904257932693
40019,"Carter","Oklahoma",845,"2022-05-15",3.76782265645406,962.808737102404,-0.0308806470178952,3.42184549695808,3.55324786534168,3.55165812732879,-22.446005751054
40027,"Cleveland","Oklahoma",845,"2022-05-15",5.87493073085203,757.528672922209,0.0712360397124506,6.72976320740143,6.35634739092868,6.37358300883918,9.73028797442817
40031,"Comanche","Oklahoma",845,"2022-05-15",4.37305796469112,944.016599265792,-0.0420419240348046,3.86855487627347,4.08594164501674,4.07876449644749,-16.487047072016
40037,"Creek","Oklahoma",845,"2022-05-15",4.22787595484662,1306.57803865974,-0.0090857361803186,4.13017613262909,4.16142061515471,4.16427580158439,-76.289600182474
40039,"Custer","Oklahoma",845,"2022-05-15",3.2188758248682,779.867169879525,0.0532401834364122,3.84036510740164,3.59199910679253,3.59155710892309,13.0192485416173
40041,"Delaware","Oklahoma",845,"2022-05-15",3.27983652465789,908.891837609703,-0.0488087712566681,2.77682068826349,2.95188671158587,2.93817512586121,-14.2012831446817
40047,"Garfield","Oklahoma",845,"2022-05-15",3.63381967693091,803.359669816823,0.0991754075021768,4.82392456695703,4.2985315645278,4.32804752944615,6.98910342813294
40049,"Garvin","Oklahoma",845,"2022-05-15",3.24147565678544,807.201110529513,0.0988288234484934,4.42742153816735,3.85535573262889,3.93327742092489,7.01361360353736
40051,"Grady","Oklahoma",845,"2022-05-15",3.89763426797605,610.621764304784,0.0171209736366585,4.13263040980095,4.02000325764816,4.01748108343266,40.4852665081975
40067,"Jefferson","Oklahoma",845,"2022-05-15",3.46573590279973,918.338613730023,-0.0448629319289165,2.97614471202871,3.15901820053897,3.15169537929731,-15.4503317272756
40071,"Kay","Oklahoma",845,"2022-05-15",3.7744016275521,629.342724981649,0.0179320763131341,3.99270724730355,3.90797347882463,3.89992616174404,38.6540391896649
40079,"Le Flore","Oklahoma",845,"2022-05-15",3.2470467018349,803.707998348672,0.0866305597706767,4.18356313550097,3.75108063505556,3.85346062022964,8.00118552153886
40081,"Lincoln","Oklahoma",845,"2022-05-15",3.3770998300831,1001.73570486059,-0.0208803605424919,3.1265355035732,3.23415449732222,3.23093730628566,-33.19613084024
40083,"Logan","Oklahoma",845,"2022-05-15",3.98898404656427,605.755066751384,0.0171121812501906,4.2137879296914,4.11256572059002,4.1087693153156,40.5060681876675
40087,"McClain","Oklahoma",845,"2022-05-15",4.81218435537242,549.076695245829,0.0165410755231132,5.01067726164978,4.93985637372737,4.92797188403421,41.9046016440343
40089,"McCurtain","Oklahoma",845,"2022-05-15",3.44316158076119,525.447742904316,0.0111057639594888,3.62661228774297,3.5320076924371,3.52090192847761,62.4132822459024
40097,"Mayes","Oklahoma",845,"2022-05-15",4.46754880811204,605.054721915349,0.0190152738736991,4.69573209459643,4.60812923866146,4.60065572522793,36.4521271249566
40101,"Muskogee","Oklahoma",845,"2022-05-15",3.6959969218828,1114.74511358769,-0.0135329430903156,3.55571466944074,3.59831548649082,3.60126632025059,-51.2192489049904
40109,"Oklahoma","Oklahoma",845,"2022-05-15",6.91473089271856,368.668131559261,0.0146706203329596,7.09077833671408,7.0226887164544,7.01742523504928,47.2472986709834
40113,"Osage","Oklahoma",845,"2022-05-15",3.66721795733276,789.807548206366,0.073063136513245,4.5439755954917,4.17592921006918,4.17865991292548,9.48696173800711
40115,"Ottawa","Oklahoma",845,"2022-05-15",3.71008166176454,884.069256561007,-0.0874280612861925,2.80375292801832,3.15375801511567,3.09808523276119,-7.92820028675867
40119,"Payne","Oklahoma",845,"2022-05-15",4.81912882772523,400.979361220312,0.0110106500760639,4.96603043068598,4.90258974263662,4.89620337825768,62.9524302172475
40123,"Pontotoc","Oklahoma",845,"2022-05-15",4.04305126783455,454.193953792643,0.0105798543103827,4.20873001266321,4.12518069071219,4.11711024800723,65.5157585563077
40125,"Pottawatomie","Oklahoma",845,"2022-05-15",4.34750912979117,703.86768352834,0.0319359079641919,4.73074002536147,4.57297537724985,4.57106048554051,21.7043204576221
40131,"Rogers","Oklahoma",845,"2022-05-15",4.14765962098982,756.057267853482,0.0491198646186598,4.71269401418133,4.48968160157635,4.49149867332044,14.1113414285883
40137,"Stephens","Oklahoma",845,"2022-05-15",5.83355681840301,976.150361442977,-0.0430048360146482,5.33906593501454,5.5507576145769,5.53252296630047,-16.117889167717
40143,"Tulsa","Oklahoma",845,"2022-05-15",7.33292963934556,358.202013809826,0.0152199258808258,7.51556874991547,7.44634355278723,7.43946912051134,45.5420864718651
40145,"Wagoner","Oklahoma",845,"2022-05-15",5.17856811343811,1740.4138417582,-0.00575131997451985,5.10955227374387,5.13416656444765,5.13830887361647,-120.519669159568
40147,"Washington","Oklahoma",845,"2022-05-15",3.54715129428524,786.992769057055,0.0667251814765197,4.33761928195406,4.01284132023825,4.01422756462088,10.3880898518629
41003,"Benton","Oregon",845,"2022-05-15",6.64731772863692,574.832411067282,0.0250683643328807,6.94813810063149,6.82499150513821,6.82279627896709,27.6502755168108
41005,"Clackamas","Oregon",845,"2022-05-15",7.93041173540805,614.629375637263,0.0351883115105718,8.35267147353491,8.17736805358473,8.17672991598205,19.6982222449548
41007,"Clatsop","Oregon",845,"2022-05-15",5.08051665964432,692.919967938564,0.0345425316301411,5.49502703920602,5.32436307920901,5.32231438105531,20.0664846451242
41009,"Columbia","Oregon",845,"2022-05-15",5.75438505436481,651.748359761369,0.0305675161558776,6.12119524823534,5.96999090338235,5.96835766745595,22.6759405973738
41011,"Coos","Oregon",845,"2022-05-15",4.80402104473326,755.345474410906,0.0567485436992654,5.48500356912444,5.19892047795737,5.20126085062812,12.2143606756365
41013,"Crook","Oregon",845,"2022-05-15",4.55987391107292,658.966919064989,0.0251880699788227,4.86213075081879,4.74175519971936,4.73619040092468,27.5188683032373
41015,"Curry","Oregon",845,"2022-05-15",3.36729582998647,755.841631830395,0.0398769415090425,3.8345016231043,3.65122004224754,3.64643442054977,17.3821550582751
41017,"Deschutes","Oregon",845,"2022-05-15",7.31055015853442,645.544911344627,0.0375950570853442,7.76169084355855,7.57355559593525,7.57371555813183,18.4371892024645
41019,"Douglas","Oregon",845,"2022-05-15",5.32579355783206,736.399620710104,0.0514070855177985,5.94267858404564,5.68425624270614,5.68564315645665,13.4834950003139
41027,"Hood River","Oregon",845,"2022-05-15",4.6291656915443,726.146154063791,0.0405046839637413,5.09767025526753,4.91481892024592,4.91269847929049,17.1127660489941
41029,"Jackson","Oregon",845,"2022-05-15",6.45159819941495,613.488264763257,0.028482401552714,6.79338701804752,6.65457880359128,6.65097501028395,24.3359809135861
41031,"Jefferson","Oregon",845,"2022-05-15",4.29241447598419,756.504186518895,0.0510309742898368,4.87324440254133,4.64854626916387,4.64963129601305,13.5828717794634
41033,"Josephine","Oregon",845,"2022-05-15",5.4211669108257,675.208803352112,0.032897187599221,5.81593316201635,5.65355301175975,5.65144722402025,21.0701045026827
41035,"Klamath","Oregon",845,"2022-05-15",4.82373182779719,687.181031616275,0.0315650071376278,5.20251191344873,5.04712926765193,5.04468687776058,21.9593544692617
41039,"Lane","Oregon",845,"2022-05-15",7.54629541005109,650.015932649346,0.0397206750823103,8.02294351103881,7.8238075791766,7.82434013562726,17.4505387716495
41041,"Lincoln","Oregon",845,"2022-05-15",5.03043792139244,742.599658538534,0.0513909580501851,5.62218835872214,5.38884614348459,5.39017462774374,13.4877263794744
41043,"Linn","Oregon",845,"2022-05-15",6.39930777762111,608.136325989244,0.0275994409427164,6.73050106893371,6.5960636859767,6.59250386422012,25.1145369936513
41045,"Malheur","Oregon",845,"2022-05-15",3.5179216559703,746.483936641751,0.0377813630952428,3.98654070211864,3.78568638466107,3.782391197637,18.3462724415897
41047,"Marion","Oregon",845,"2022-05-15",7.2372645548481,626.038962229724,0.0338251516737292,7.64316637493285,7.47559985254128,7.4740406165642,20.4920642262275
41049,"Morrow","Oregon",845,"2022-05-15",3.09751496786393,1813.74558093848,-0.00319735467090806,3.07504172543884,3.07193613049667,3.07513348516757,-216.787704806952
41051,"Multnomah","Oregon",845,"2022-05-15",8.91097122330647,451.887794569663,0.0229597809567108,9.186488594787,9.07897513842196,9.07168969000345,30.1896251478544
41053,"Polk","Oregon",845,"2022-05-15",5.93413805191626,626.261398924865,0.0277635299476404,6.26730041128795,6.13096727402494,6.12848276154974,24.9661041613642
41057,"Tillamook","Oregon",845,"2022-05-15",4.78749174278205,636.716838755919,0.0235508524832203,5.0701019725807,4.95788005714513,4.95234771016459,29.4319358950511
41059,"Umatilla","Oregon",845,"2022-05-15",4.93857650298747,729.170111142155,0.0445829990633756,5.47612481990382,5.25023028168054,5.2506574964311,15.5473430482912
41061,"Union","Oregon",845,"2022-05-15",3.58351893845611,804.746233594959,0.0997540750228216,4.71375575907931,4.25028515264501,4.28179746361586,6.94856005031743
41065,"Wasco","Oregon",845,"2022-05-15",4.15664844555826,737.578223981743,0.0405836396043095,4.64365212080998,4.44254417646677,4.44073392278843,17.0794730910813
41067,"Washington","Oregon",845,"2022-05-15",8.37967016935884,577.997116505017,0.0319831219320122,8.76346763254299,8.60531553352561,8.60355202288293,21.6722802118378
41071,"Yamhill","Oregon",845,"2022-05-15",6.02586597382531,702.655649741528,0.043874145259598,6.55235571694048,6.33384933464817,6.3329849906425,15.7985341129423
42001,"Adams","Pennsylvania",845,"2022-05-15",5.54963179482894,719.429748014786,0.0460282010152016,6.10197020701136,5.87355714405397,5.87182920193535,15.0591847013752
42003,"Allegheny","Pennsylvania",845,"2022-05-15",8.53399411923727,630.847701208741,0.040802774669737,9.02362741527411,8.82017128218997,8.81961354192543,16.987746205261
42005,"Armstrong","Pennsylvania",845,"2022-05-15",4.61228765375696,726.632415994665,0.0406843604741539,5.1004999794468,4.90312704088743,4.89707817707604,17.0371900278558
42007,"Beaver","Pennsylvania",845,"2022-05-15",6.06079069638505,701.533654163765,0.0437708575306319,6.58604098675263,6.36980228431974,6.36718669909947,15.8358145045448
42009,"Bedford","Pennsylvania",845,"2022-05-15",4.03802613163188,782.107288761406,0.0697501644894447,4.87502810550522,4.52559417249852,4.52627728305799,9.93757055103202
42011,"Berks","Pennsylvania",845,"2022-05-15",6.86156174065997,688.627960037707,0.0453291224876748,7.40551121051207,7.18046355135555,7.17886559807369,15.2914317004133
42013,"Blair","Pennsylvania",845,"2022-05-15",5.13915414489724,766.862936253199,0.0702674387187443,5.98236340952217,5.627443348045,5.63102621592845,9.86441505765377
42015,"Bradford","Pennsylvania",845,"2022-05-15",6.56687333387222,583.514386096808,0.0256032813456385,6.87411271001988,6.75386368417872,6.74609630329169,27.072591641775
42017,"Bucks","Pennsylvania",845,"2022-05-15",7.70853895462124,635.182212376674,0.0376360815340794,8.16017193303019,7.97484319362739,7.9719915253598,18.4170921176346
42019,"Butler","Pennsylvania",845,"2022-05-15",6.19527964440238,715.324724813343,0.0496913252056364,6.79157554687002,6.54324786419085,6.54311892084183,13.949058063787
42021,"Cambria","Pennsylvania",845,"2022-05-15",5.57486626600749,730.875824441264,0.0511047038208054,6.19001511746843,5.93542822624868,5.93259919275313,13.5632755644258
42025,"Carbon","Pennsylvania",845,"2022-05-15",5.35860579740484,734.852531770942,0.0509627657960478,5.97015898695742,5.71455439536626,5.71534515797717,13.6010510758759
42027,"Centre","Pennsylvania",845,"2022-05-15",6.25958146406492,689.594646606782,0.0416180762376186,6.75899837891634,6.55296659816722,6.55090799772825,16.6549548470818
42029,"Chester","Pennsylvania",845,"2022-05-15",7.62482822765973,623.388901371917,0.035200542705115,8.04723474012111,7.874690619983,7.87123202659554,19.6913776689933
42031,"Clarion","Pennsylvania",845,"2022-05-15",4.22160634183303,787.153345249475,0.0793059335182539,5.14272449052627,4.77531204600302,4.77674787646081,8.74016797747426
42033,"Clearfield","Pennsylvania",845,"2022-05-15",5.17129535410903,721.110844720425,0.0435375118513063,5.69858814919194,5.48073152531281,5.47605793706817,15.920688874625
42035,"Clinton","Pennsylvania",845,"2022-05-15",4.41539232851768,780.305764371932,0.0739668124076219,5.30299407740915,4.93182244471453,4.93316001537103,9.37105653194973
42037,"Columbia","Pennsylvania",845,"2022-05-15",5.62916155045225,689.077965404131,0.0372984737816828,6.07674323583244,5.89416074108026,5.89025086692403,18.5837947315782
42039,"Crawford","Pennsylvania",845,"2022-05-15",5.42871886616363,755.948001351846,0.0645764244640665,6.20269463532512,5.87857402742092,5.8807538374121,10.7337497594907
42041,"Cumberland","Pennsylvania",845,"2022-05-15",6.36647044773144,727.031240918219,0.0563560270952662,7.04274277287463,6.75790526270762,6.7609626373983,12.2994330205042
42043,"Dauphin","Pennsylvania",845,"2022-05-15",6.32946622578109,733.330745058056,0.0593373060421765,7.0415138982872,6.74189899687877,6.74482736807633,11.6814737101017
42045,"Delaware","Pennsylvania",845,"2022-05-15",7.6977050316683,629.130592616543,0.0365046078859147,8.13576032629928,7.95645053054712,7.9532372868697,18.9879366113502
42047,"Elk","Pennsylvania",845,"2022-05-15",3.86822038276975,796.049146785427,0.0880124070375761,4.92436926722066,4.47850088385271,4.48430723203278,7.87556213823368
42049,"Erie","Pennsylvania",845,"2022-05-15",6.69879636265988,721.654589709701,0.0566037698143754,7.37804160043238,7.09419880844261,7.09502275136051,12.2456010056049
42051,"Fayette","Pennsylvania",845,"2022-05-15",5.34846715023351,737.407240146684,0.0521329883110715,5.97406300996637,5.71538127303661,5.71339806841101,13.2957500234596
42055,"Franklin","Pennsylvania",845,"2022-05-15",5.63987867267672,706.273064717158,0.0421745900386332,6.14597375314032,5.93793284499978,5.93510080294715,16.4351847860288
42057,"Fulton","Pennsylvania",845,"2022-05-15",3.09104245335832,781.242484445068,0.0526758887633888,3.72721501854536,3.46592954783053,3.45977367470204,13.1587182833012
42059,"Greene","Pennsylvania",845,"2022-05-15",3.78093759853188,771.437398176079,0.0552734616430035,4.45297388177503,4.173031346357,4.1678518300329,12.5403251389753
42061,"Huntingdon","Pennsylvania",845,"2022-05-15",4.20255814686233,684.768038820272,0.0270933447851135,4.53087318333308,4.39988681928614,4.39221156035812,25.5836695711634
42063,"Indiana","Pennsylvania",845,"2022-05-15",5.28610018260945,750.421880082442,0.0588605891260978,5.97894798066887,5.69816630644006,5.69812430649213,11.7760829589219
42065,"Jefferson","Pennsylvania",845,"2022-05-15",4.50771484983738,702.44056656128,0.0327577502234372,4.89923056414437,4.74264031018988,4.73701910140144,21.1597919830288
42067,"Juniata","Pennsylvania",845,"2022-05-15",3.14784005175145,802.810161441605,0.0845391252052943,4.15846592071638,3.7343491585325,3.73961392818851,8.19912885160227
42069,"Lackawanna","Pennsylvania",845,"2022-05-15",7.03878354138854,693.279585012532,0.0479741250867491,7.61447304242953,7.37470700663598,7.37460241699578,14.4483548018137
42071,"Lancaster","Pennsylvania",845,"2022-05-15",7.15995820132416,681.885182733091,0.0452832841670849,7.70335761132918,7.47657103767991,7.47694119049375,15.3069105589248
42073,"Lawrence","Pennsylvania",845,"2022-05-15",4.7523579050601,766.802437146962,0.0648232559383441,5.52278342214566,5.20730925631313,5.20612069662851,10.6928782043781
42075,"Lebanon","Pennsylvania",845,"2022-05-15",5.77455154554441,730.95867825699,0.0529574610178879,6.41004107775906,6.14443973916787,6.14525377266963,13.0887540157149
42077,"Lehigh","Pennsylvania",845,"2022-05-15",7.2677247898703,681.852017370752,0.0459406877200682,7.81671533616988,7.589361327049,7.58930960391078,15.087871230477
42079,"Luzerne","Pennsylvania",845,"2022-05-15",7.23025277111928,716.315891195011,0.0584574109073228,7.93174170200716,7.63656930832204,7.63945464747054,11.8573020905569
42081,"Lycoming","Pennsylvania",845,"2022-05-15",5.75980267483911,742.011308492348,0.0587802795018374,6.46516602886116,6.17068580940539,6.17126463135197,11.7921722461064
42083,"McKean","Pennsylvania",845,"2022-05-15",4.29631311639985,789.664417450109,0.085039276498725,5.3009728401693,4.88713675763859,4.89158805189092,8.15090637054441
42085,"Mercer","Pennsylvania",845,"2022-05-15",5.35658627467201,734.575215772242,0.0508095540712679,5.96630092352723,5.71545109359216,5.71225315317088,13.6420638446798
42087,"Mifflin","Pennsylvania",845,"2022-05-15",3.8098320645316,683.410399565075,0.024391313326555,4.11212176780695,3.98901326973636,3.98057125781748,28.4177883855607
42089,"Monroe","Pennsylvania",845,"2022-05-15",6.4118182677099,674.311074730236,0.03869792900926,6.87619341582102,6.68606739612994,6.68270377077472,17.9117383877076
42091,"Montgomery","Pennsylvania",845,"2022-05-15",8.21909515591192,634.756826029512,0.040045644378379,8.69964288845246,8.50004556864681,8.49941466656057,17.3089281323734
42093,"Montour","Pennsylvania",845,"2022-05-15",4.44265125649032,735.182280127406,0.042384543967283,4.95126578409772,4.74405191939769,4.7393430642613,16.3537722877234
42095,"Northampton","Pennsylvania",845,"2022-05-15",7.30249642372733,676.412008030335,0.0446395626952954,7.83817117607088,7.61532742466932,7.6149733625944,15.5276427166478
42097,"Northumberland","Pennsylvania",845,"2022-05-15",5.55848141010592,752.018635322264,0.063009612797323,6.29978707529211,5.99713834571913,5.99954869968718,11.0006576740842
42099,"Perry","Pennsylvania",845,"2022-05-15",3.42006586596654,769.973796035481,0.0485439128222006,3.98187289438964,3.7654511326607,3.75987325572194,14.2787661781345
42101,"Philadelphia","Pennsylvania",845,"2022-05-15",8.66507117774768,459.540526290012,0.0227752803557542,8.93837454201673,8.83706823938734,8.82449814023796,30.4341887227228
42103,"Pike","Pennsylvania",845,"2022-05-15",5.50416942075219,656.725972385082,0.0300324573666114,5.86455890915153,5.71911127170079,5.71439662231847,23.079935554343
42105,"Potter","Pennsylvania",845,"2022-05-15",3.68530163276605,800.884002146837,0.0932552057853159,4.76683289871846,4.32956058473864,4.33808807326326,7.43279878825906
42107,"Schuylkill","Pennsylvania",845,"2022-05-15",5.69035945432406,748.450140044351,0.0621558509983598,6.43622966630437,6.12383964395195,6.12545041131258,11.1517607663072
42109,"Snyder","Pennsylvania",845,"2022-05-15",3.53888678443534,792.462432786165,0.0737574827094588,4.39134108433764,4.0557957644754,4.05518916340155,9.3976523479028
42111,"Somerset","Pennsylvania",845,"2022-05-15",4.41019751164058,624.401825172967,0.0205772060936117,4.68333454994573,4.56784649107337,4.55423795429586,33.6851940640831
42113,"Sullivan","Pennsylvania",845,"2022-05-15",3.53888678443534,765.354778696977,0.0472042781307688,4.0900251250899,3.87414178651263,3.86931673135072,14.6839906891434
42115,"Susquehanna","Pennsylvania",845,"2022-05-15",5.48361069373115,619.637292518366,0.0248844768536354,5.78222441597478,5.66653300146901,5.6578020317066,27.8546012695735
42117,"Tioga","Pennsylvania",845,"2022-05-15",5.08317741509435,720.348481065347,0.0424905794455834,5.59394932442458,5.38334975248392,5.38061147121343,16.3129613576497
42119,"Union","Pennsylvania",845,"2022-05-15",4.73243196559902,678.790621178161,0.0295080646390585,5.11107354636598,4.9455947184248,4.93898841807243,23.4900929301361
42121,"Venango","Pennsylvania",845,"2022-05-15",4.78391392143417,774.059206758351,0.0725667224215414,5.65590790848153,5.28877615050024,5.29188097838496,9.55186010101766
42123,"Warren","Pennsylvania",845,"2022-05-15",4.90527477843843,727.1468392881,0.0434141188682662,5.42038996022518,5.21264718049211,5.20917361051629,15.9659391605574
42125,"Washington","Pennsylvania",845,"2022-05-15",6.47741182675085,705.385766075138,0.0481183277421195,7.05483175965628,6.81489648818124,6.81424012094569,14.4050554764648
42127,"Wayne","Pennsylvania",845,"2022-05-15",5.37329230971254,709.274213009386,0.0411035376677315,5.86653476172532,5.66292640517072,5.66101707338666,16.8634433893047
42129,"Westmoreland","Pennsylvania",845,"2022-05-15",6.80255348088674,683.764163577512,0.0435402890697336,7.32503694972355,7.10939892655145,7.10733550437488,15.9196733730869
42131,"Wyoming","Pennsylvania",845,"2022-05-15",4.96084462959324,677.024170181638,0.0305059722959676,5.33780781690291,5.18262428135521,5.17438643566501,22.7216878660697
42133,"York","Pennsylvania",845,"2022-05-15",7.12032887894661,683.65444962937,0.0455422547176256,7.66683593555812,7.43930123570705,7.43912466196999,15.2198696541848
44001,"Bristol","Rhode Island",845,"2022-05-15",6.28280064973837,647.489372083104,0.0326361236141755,6.67443413310848,6.50885550581333,6.5112535150376,21.2386491960361
44003,"Kent","Rhode Island",845,"2022-05-15",7.39308725512913,585.822336820983,0.0290862979959108,7.74212283108006,7.59633225695911,7.59669134110051,23.8307116518367
44005,"Newport","Rhode Island",845,"2022-05-15",6.72434741808776,599.437185349275,0.0279525637736277,7.05977818337129,6.92030196194428,6.92001536450315,24.7972667614091
44007,"Providence","Rhode Island",845,"2022-05-15",8.64639020417321,522.976032287045,0.0272736167758835,8.97367360548381,8.8385058558264,8.83730552160439,25.4145677214639
44009,"Washington","Rhode Island",845,"2022-05-15",7.13226931931853,556.267806238363,0.0251373283544635,7.43391725957209,7.30934276656725,7.30823061779977,27.5744172485565
45003,"Aiken","South Carolina",845,"2022-05-15",5.55903191934086,733.622712469094,0.0522576956826974,6.18612426753323,5.92687136577027,5.92483578911974,13.2640211456826
45007,"Anderson","South Carolina",845,"2022-05-15",5.43932077401126,720.710648021961,0.045597705778573,5.98649324335413,5.76035534953643,5.75850471446127,15.2013608738549
45013,"Beaufort","South Carolina",845,"2022-05-15",5.92349156352178,689.726291033038,0.0394180166593484,6.39650776343395,6.20303420788058,6.19941768013722,17.5845270590386
45015,"Berkeley","South Carolina",845,"2022-05-15",5.93375976554898,694.509740969892,0.0407845845151807,6.42317477973115,6.22303800204558,6.21925185715524,16.9953228358118
45019,"Charleston","South Carolina",845,"2022-05-15",6.70231130476733,663.09750437529,0.0378870364779136,7.1569557425023,6.96932581149319,6.96752056011273,18.2951015702698
45021,"Cherokee","South Carolina",845,"2022-05-15",4.16555719044736,730.593604458849,0.0381221579835938,4.62827379103842,4.43441314590212,4.43241229633252,18.1822650453903
45023,"Chester","South Carolina",845,"2022-05-15",3.61091791264422,776.69447487584,0.0571470274114127,4.30348690850121,4.01252428078071,4.01094710452411,12.1291904751203
45025,"Chesterfield","South Carolina",845,"2022-05-15",3.28519846779927,768.510115755739,0.0459533331537458,3.83663846564422,3.60910232201541,3.60687179987549,15.0837193515623
45027,"Clarendon","South Carolina",845,"2022-05-15",3.76451686831956,742.095818674267,0.038708176614546,4.25419046143355,4.04050906612934,4.03547410462138,17.9069964328795
45029,"Colleton","South Carolina",845,"2022-05-15",3.8098320645316,791.088979366715,0.0774813588633242,4.71946864841888,4.35069452411956,4.35220157657487,8.94598637309195
45031,"Darlington","South Carolina",845,"2022-05-15",3.76451686831956,777.819210034124,0.0597951552009065,4.43565184893541,4.18494027282059,4.18308295472591,11.5920291239488
45033,"Dillon","South Carolina",845,"2022-05-15",3.18398856586776,715.501095623443,0.0257149484342574,3.51006228737579,3.37179722677529,3.36399320490756,26.9550289914849
45035,"Dorchester","South Carolina",845,"2022-05-15",5.80728412082903,717.346039655683,0.0473468945032569,6.37544685486812,6.13947792093495,6.13871238235183,14.6397601750262
45037,"Edgefield","South Carolina",845,"2022-05-15",3.11668488397166,1644.11145313796,-0.00391413980367498,3.10043496767411,3.09795054774912,3.08928590534594,-177.087997702369
45039,"Fairfield","South Carolina",845,"2022-05-15",3.3722098447889,799.53079817033,0.0819396494852837,4.29930800669576,3.94071566368154,3.94578739118589,8.45924024466853
45041,"Florence","South Carolina",845,"2022-05-15",4.73745079671096,748.658614203456,0.0519469275565235,5.36826748156381,5.10429862925857,5.10107928960662,13.3433720368877
45043,"Georgetown","South Carolina",845,"2022-05-15",4.62076228074793,748.68680396952,0.0506034448646999,5.22800361912433,4.97806469780268,4.97498639480083,13.6976283415731
45045,"Greenville","South Carolina",845,"2022-05-15",6.73101810048208,666.913013737713,0.0388880657398601,7.19767488936041,7.00566658443998,7.0032345606611,17.8241619214676
45047,"Greenwood","South Carolina",845,"2022-05-15",3.99162605602711,627.261991131247,0.018842372807269,4.23459734706836,4.13441797679273,4.12352266567799,36.7866185246343
45051,"Horry","South Carolina",845,"2022-05-15",6.81751792489853,724.891977340615,0.0592271308931455,7.52824349561628,7.2302509733102,7.23210784115055,11.7032037532003
45053,"Jasper","South Carolina",845,"2022-05-15",3.31678003984957,789.669554305924,0.0655625452102179,4.08654266379092,3.77708724389225,3.7757178563211,10.572304329209
45055,"Kershaw","South Carolina",845,"2022-05-15",4.88496408559086,688.778543831278,0.0323069481992013,5.27318712944111,5.11382847100991,5.11111272298527,21.4550497399529
45057,"Lancaster","South Carolina",845,"2022-05-15",5.16723195965177,746.131371035967,0.05480340861904,5.80196173305345,5.55127527241567,5.55085581998505,12.6478844660609
45059,"Laurens","South Carolina",845,"2022-05-15",3.85922481986117,724.651951432637,0.0328456377645272,4.18282787326302,4.09450727628356,4.08914428421286,21.1031731376071
45063,"Lexington","South Carolina",845,"2022-05-15",6.55941286979044,721.015146870423,0.0551281335166849,7.22095047199066,6.94424337958027,6.94530980440723,12.5733837941413
45069,"Marlboro","South Carolina",845,"2022-05-15",3.07797037179096,784.429903380906,0.0548313678092618,3.70496082062893,3.46255409299478,3.46178994645579,12.6414351538913
45071,"Newberry","South Carolina",845,"2022-05-15",4.19827548507033,767.314439570564,0.0576600532973255,4.88297392787513,4.60214500423559,4.60189585815161,12.021271936495
45073,"Oconee","South Carolina",845,"2022-05-15",4.96284463025991,690.592135753099,0.033216756395491,5.3614457070058,5.20020798429462,5.19536192502835,20.8673951275398
45075,"Orangeburg","South Carolina",845,"2022-05-15",4.64026150579937,776.248795373656,0.0727870403860871,5.51370599043242,5.14515531100507,5.14977078850198,9.52294772370546
45077,"Pickens","South Carolina",845,"2022-05-15",5.31461244903454,713.3430647489,0.0419606904153981,5.81814073401932,5.61088047245036,5.60833728194233,16.5189651003832
45079,"Richland","South Carolina",845,"2022-05-15",6.95395706216827,711.907238628201,0.0542884468075749,7.60541842385917,7.33345447890614,7.33397618982129,12.7678580125308
45083,"Spartanburg","South Carolina",845,"2022-05-15",5.89715386763674,686.189948329466,0.0383404972795186,6.35723983499096,6.16751020170202,6.16553734859337,18.0787217105351
45085,"Sumter","South Carolina",845,"2022-05-15",5.42683621734901,753.869601186745,0.0630181401287212,6.18399522330098,5.86610775273816,5.86796319825006,10.9991691145457
45089,"Williamsburg","South Carolina",845,"2022-05-15",3.2188758248682,799.88325229887,0.0794935861368787,4.14294717255378,3.77144290502418,3.77533092782635,8.7195359304388
45091,"York","South Carolina",845,"2022-05-15",6.3297209055227,715.262285101946,0.0507442429155921,6.9386518205098,6.68447536749058,6.68493060593184,13.6596220720629
46003,"Aurora","South Dakota",845,"2022-05-15",3.42936825862885,1048.54563412038,-0.0167509262911711,3.292321430002,3.33618284281974,3.31211177459065,-41.379632893811
46011,"Brookings","South Dakota",845,"2022-05-15",3.76782265645406,768.361005169821,0.0521104675188506,4.35846712340734,4.13740027920792,4.13259592908601,13.3014961017036
46013,"Brown","South Dakota",845,"2022-05-15",3.69953674858792,727.516556196175,0.0328896113372919,4.09421208463542,3.93760760736017,3.92976402794896,21.0749580909161
46029,"Codington","South Dakota",845,"2022-05-15",3.94296780927757,787.962532273585,0.0753626248267883,4.82603165512337,4.44695102045625,4.47050618306509,9.19749255221748
46081,"Lawrence","South Dakota",845,"2022-05-15",3.31678003984957,782.274169992253,0.0572760660606049,3.99362124565421,3.71630506650632,3.7177125022738,12.1018643254324
46083,"Lincoln","South Dakota",845,"2022-05-15",4.378448813326,736.708147981477,0.0422749921134526,4.8739621348284,4.68385892741063,4.67437375812017,16.3961516231572
46093,"Meade","South Dakota",845,"2022-05-15",3.36729582998647,784.689088737965,0.060266024985755,4.05656105993177,3.78849147887736,3.78915800488676,11.5014584207899
46099,"Minnehaha","South Dakota",845,"2022-05-15",5.72218356002709,706.397925802246,0.0428300503146177,6.2361441638025,6.02573414311458,6.02199391222941,16.1836648677337
46102,"Oglala Lakota","South Dakota",845,"2022-05-15",3.12926366617852,793.818151820488,0.0670178986664941,3.89922520552386,3.56696678269721,3.59838895684398,10.3427173091371
46103,"Pennington","South Dakota",845,"2022-05-15",5.09287339233323,692.146534561321,0.0344454110508858,5.50621832494386,5.33906207206041,5.33399126968943,20.1230631138635
47001,"Anderson","Tennessee",845,"2022-05-15",4.84867643182119,698.741733402058,0.0342810320840855,5.25385155439536,5.09106761454925,5.08864365640979,20.2195540338393
47003,"Bedford","Tennessee",845,"2022-05-15",3.75787232560089,643.880375370362,0.019161123384248,3.98780580621186,3.89773829234273,3.89200018929063,36.1746629704274
47009,"Blount","Tennessee",845,"2022-05-15",5.08583110970782,607.925707116687,0.0219931575234255,5.36796437080138,5.24574753161932,5.2397832123718,31.5164923372943
47011,"Bradley","Tennessee",845,"2022-05-15",3.76782265645406,755.018169720524,0.0441170621225667,4.27855343119986,4.07690727090574,4.07664209131203,15.7115444050702
47013,"Campbell","Tennessee",845,"2022-05-15",4.31175743882733,721.717295820314,0.0364529832888945,4.74919323829406,4.57225038654331,4.56692832184959,19.0148272657595
47015,"Cannon","Tennessee",845,"2022-05-15",3.17805383034795,745.857827507984,0.0335440666779965,3.56044011141958,3.41619258517542,3.41286229709393,20.6637789989435
47019,"Carter","Tennessee",845,"2022-05-15",3.97834564835922,730.158187473548,0.0362103037554882,4.41192904170209,4.23265023932148,4.23181777464764,19.1422636286195
47021,"Cheatham","Tennessee",845,"2022-05-15",3.96488649498521,692.860528111834,0.0270315323658309,4.3017837850262,4.15922006820422,4.15410722154603,25.6421711939688
47023,"Chester","Tennessee",845,"2022-05-15",3.11668488397166,604.604167948448,0.0132914343933908,3.28824547091153,3.21666713144012,3.2097249247254,52.1499155053283
47025,"Claiborne","Tennessee",845,"2022-05-15",3.52214999207982,752.562261051461,0.0404077734335645,4.0180576261785,3.80669766736765,3.80500440611477,17.1538078359989
47029,"Cocke","Tennessee",845,"2022-05-15",3.83174217416734,727.120479587603,0.0335970001229411,4.19557726264812,4.06906904246837,4.06692117502793,20.6312223717451
47031,"Coffee","Tennessee",845,"2022-05-15",3.74106520728451,785.981031679816,0.0692546585693797,4.57212111011706,4.2248982171663,4.22584781727017,10.008672266654
47035,"Cumberland","Tennessee",845,"2022-05-15",3.97834564835922,779.522515907699,0.0654449999318497,4.7432889414813,4.43558300488295,4.43646064788217,10.5912931665023
47037,"Davidson","Tennessee",845,"2022-05-15",7.79447006561067,619.207806193694,0.0353022900458543,8.21809754616092,8.04312889561166,8.04158609593165,19.6346236932396
47043,"Dickson","Tennessee",845,"2022-05-15",4.49344022204479,762.286227044692,0.0578203843561796,5.18728483431894,4.89677546269389,4.89818291253805,11.9879379612921
47045,"Dyer","Tennessee",845,"2022-05-15",3.31158522297247,765.589652804936,0.0441552763264149,3.81547275785951,3.62226781916499,3.62067215725737,15.6979468418656
47047,"Fayette","Tennessee",845,"2022-05-15",3.76451686831956,741.236497271626,0.0381164778923746,4.22191460302805,4.03234494125518,4.03133221356618,18.184974553974
47051,"Franklin","Tennessee",845,"2022-05-15",3.75118333745009,547.095596287054,0.0128719258018287,3.92470686124386,3.85079739616202,3.84128681806289,53.8495320149741
47053,"Gibson","Tennessee",845,"2022-05-15",3.75453342433537,1026.22667285654,-0.0204663319442355,3.56578092022173,3.617206942978,3.61126910072572,-33.8676799755109
47055,"Giles","Tennessee",845,"2022-05-15",3.48781185449893,784.555620466353,0.0626061571555559,4.22243342434247,3.9255771363168,3.92605495458782,11.0715497013768
47059,"Greene","Tennessee",845,"2022-05-15",4.19827548507033,775.12436704232,0.0642381786332216,4.93835064247745,4.64563752335949,4.64794273550288,10.7902682689306
47063,"Hamblen","Tennessee",845,"2022-05-15",3.38196601973427,758.184731529496,0.041099002743672,3.85571397626757,3.6711489035886,3.66965903893997,16.8653041263068
47065,"Hamilton","Tennessee",845,"2022-05-15",6.89770494312864,605.689726471698,0.0294383376335203,7.25096499473089,7.10719058828864,7.10377330656328,23.5457310527849
47073,"Hawkins","Tennessee",845,"2022-05-15",3.67086094861126,676.393111101485,0.0224112248058894,3.93556546456746,3.83180160839018,3.82773952225249,30.9285720242204
47077,"Henderson","Tennessee",845,"2022-05-15",2.99573227355399,1494.84678521552,-0.00461656839618043,2.96774615221215,2.95879972638455,2.96341629478073,-150.143379470654
47079,"Henry","Tennessee",845,"2022-05-15",3.55125807623789,801.494654850524,0.0907235893268353,4.58202619215113,4.16895029537587,4.18632320152574,7.64020896552996
47089,"Jefferson","Tennessee",845,"2022-05-15",4.3193910636824,740.266793862405,0.0433094576115725,4.83910455502127,4.62512394111263,4.62255726696341,16.0045223095736
47093,"Knox","Tennessee",845,"2022-05-15",6.53731252278977,631.121149418949,0.0312971490632227,6.91287831154844,6.75957204255328,6.75639256623233,22.1472946037268
47099,"Lawrence","Tennessee",845,"2022-05-15",3.67086094861126,971.696817880982,-0.0282323449142461,3.37932184755358,3.48072027189937,3.47323453421154,-24.5515270752512
47103,"Lincoln","Tennessee",845,"2022-05-15",3.13549421592915,667.941217002087,0.0184382946429754,3.39373007254299,3.27050041030872,3.26456227842998,37.592803129655
47105,"Loudon","Tennessee",845,"2022-05-15",4.25662536813261,743.128897076769,0.0439411262975496,4.78391888370321,4.56471424981702,4.56421325221546,15.7744518396334
47111,"Macon","Tennessee",845,"2022-05-15",3.31158522297247,796.937010433419,0.0745821872505825,4.10671819843165,3.82689708152318,3.83366053372655,9.29373629431244
47113,"Madison","Tennessee",845,"2022-05-15",5.39880890509436,599.828900731405,0.0223327834770327,5.63168255913085,5.55658268496327,5.55513838943359,31.037205069972
47117,"Marshall","Tennessee",845,"2022-05-15",3.47462485021697,766.382436183086,0.0472878776729924,4.04867288443386,3.80767128001279,3.80563999392792,14.6580310783502
47119,"Maury","Tennessee",845,"2022-05-15",4.88388358845711,744.013206013445,0.0508695116709103,5.49323547700325,5.23869253794708,5.23997017015348,13.6259845591622
47123,"Monroe","Tennessee",845,"2022-05-15",4.64439089914137,989.833633554829,-0.031218649152098,4.30297984730705,4.43634243512353,4.42586035507668,-22.2029844143132
47125,"Montgomery","Tennessee",845,"2022-05-15",5.43059797727091,642.71632156227,0.0275268487503644,5.76092016227529,5.62674574119119,5.62328591852346,25.1807675788087
47141,"Putnam","Tennessee",845,"2022-05-15",4.20255814686233,2285.54968719157,-0.00292631292975016,4.195014985068,4.18128211595297,4.18207395635408,-236.867073754523
47145,"Roane","Tennessee",845,"2022-05-15",3.80666248977032,685.37616032806,0.0245399964461529,4.08894843339378,3.98375109941165,3.97844246489339,28.245610470274
47147,"Robertson","Tennessee",845,"2022-05-15",4.252568567437,693.746948173374,0.0290767851632809,4.60148998939637,4.45840472966185,4.45610606357997,23.8385081661391
47149,"Rutherford","Tennessee",845,"2022-05-15",6.27395459285734,709.393415615717,0.0480370466958813,6.85039915320791,6.60913764826927,6.61021391972851,14.4294295390015
47151,"Scott","Tennessee",845,"2022-05-15",3.96759285658296,752.055359917211,0.0451545429650529,4.51295454474506,4.28462310779888,4.28367465733833,15.3505524592819
47155,"Sevier","Tennessee",845,"2022-05-15",4.89570532742228,635.476117965545,0.0239370839176499,5.18295033443408,5.06778391290638,5.06326491484583,28.9570435122574
47157,"Shelby","Tennessee",845,"2022-05-15",7.73886153549376,727.431850208133,0.0687482342900948,8.5638403469749,8.20544415755203,8.22009917552442,10.0823997549536
47163,"Sullivan","Tennessee",845,"2022-05-15",5.63376867403514,604.395889317252,0.0239120134946257,5.92071283597065,5.80546642392352,5.80115276849752,28.9874033700982
47165,"Sumner","Tennessee",845,"2022-05-15",5.62091833015302,698.631353468898,0.0397607140485453,6.09804689873557,5.89943148270683,5.89924332849284,17.4329661110627
47167,"Tipton","Tennessee",845,"2022-05-15",3.95945169899926,633.189226146887,0.0192186129561519,4.20523957331907,4.09948296641968,4.09398198969232,36.0664519412192
47177,"Warren","Tennessee",845,"2022-05-15",3.27983652465789,793.942397490599,0.0699564837284486,4.06150572526168,3.76703331527006,3.76953191075703,9.90826215980991
47179,"Washington","Tennessee",845,"2022-05-15",5.4349688865088,670.392110968176,0.0320443165558709,5.81950068517925,5.66031808812999,5.6592791023999,21.6308929338969
47183,"Weakley","Tennessee",845,"2022-05-15",4.07753744390572,659.774005558034,0.0228372099797641,4.38990539864015,4.24067459788934,4.23739791376407,30.351657718878
47185,"White","Tennessee",845,"2022-05-15",3.00991690854595,643.235584924396,0.0154471492010723,3.22481506754745,3.12642693493143,3.11804695295346,44.8721748937226
47187,"Williamson","Tennessee",845,"2022-05-15",6.4350050240683,661.186300869007,0.0359872037508392,6.86685146907837,6.68862957117259,6.68691545032417,19.2609346744197
47189,"Wilson","Tennessee",845,"2022-05-15",5.58724865840025,724.890535382704,0.0485385687178389,6.16971148301431,5.92620508835323,5.92701863942512,14.2803382726281
48001,"Anderson","Texas",845,"2022-05-15",5.03509559166642,-2206.1781501564,0.00165292223352331,5.0549306584687,5.05110319407101,5.04666604730108,419.346516431362
48003,"Andrews","Texas",845,"2022-05-15",3.23587340123677,933.477099341526,-0.0351488168234476,2.86382364006116,2.98783507396609,2.98983168347264,-19.7203559949577
48005,"Angelina","Texas",845,"2022-05-15",3.94296780927757,902.203104894851,-0.064551209377093,3.24067113544769,3.51148978779721,3.49110934363792,-10.7379425923803
48007,"Aransas","Texas",845,"2022-05-15",4.19181690503092,1478.25365730466,-0.0065676347594042,4.11300528791807,4.14143332509571,4.14584346171509,-105.53984896426
48009,"Archer","Texas",845,"2022-05-15",3.83174217416734,1050.63224130823,-0.0184174059806944,3.65829062902892,3.70280835386451,3.70282033230248,-37.635440153001
48011,"Armstrong","Texas",845,"2022-05-15",3.36235754834589,1053.58325955248,-0.0159881969575306,3.22295285706614,3.24430426912865,3.25044016964318,-43.3536803681584
48013,"Atascosa","Texas",845,"2022-05-15",4.43928424994241,620.360850688934,0.020211716644628,4.68182484967795,4.58568456692993,4.58076626645481,34.2943250564605
48015,"Austin","Texas",845,"2022-05-15",4.20469261939097,1232.07757904715,-0.0108189188508119,4.11202848472411,4.12451748572374,4.12896018743529,-64.0680635577489
48017,"Bailey","Texas",845,"2022-05-15",3.58351893845611,538.432937420972,0.0120960505371463,3.79292303574042,3.68028734275328,3.66819129221613,57.3035949569929
48019,"Bandera","Texas",845,"2022-05-15",3.47903986842609,670.610036557012,0.0206992859586055,3.75464272332741,3.63133019046857,3.62393487013633,33.4865261510037
48021,"Bastrop","Texas",845,"2022-05-15",5.17776263614929,738.536199822127,0.0510306397658308,5.79013031333926,5.52794833266905,5.53497711451011,13.5829608200222
48025,"Bee","Texas",845,"2022-05-15",4.56285898791637,1008.56254172828,-0.0272338458163954,4.26380012205087,4.38300449517405,4.3722220672016,-25.4516818973343
48027,"Bell","Texas",845,"2022-05-15",5.70282963990093,633.310828153142,0.027591332380616,6.03392562846832,5.89699510480724,5.89596896656524,25.1219176732077
48029,"Bexar","Texas",845,"2022-05-15",8.62998601889136,187.551198798689,0.0132270700827429,8.78871085988428,8.73222283705149,8.72257550947056,52.4036824651197
48031,"Blanco","Texas",845,"2022-05-15",3.32194801000801,753.622034696115,0.0383897930589853,3.77670972958019,3.59231681227115,3.59067656142091,18.0555070847852
48035,"Bosque","Texas",845,"2022-05-15",3.89182029811063,956.281486461323,-0.0338017600242944,3.52489778034233,3.66141155252997,3.65520797794057,-20.5062452387615
48037,"Bowie","Texas",845,"2022-05-15",4.64439089914137,1395.94442599131,-0.00835158242573855,4.54279670868749,4.57895092354743,4.5859298221612,-82.9959096642273
48039,"Brazoria","Texas",845,"2022-05-15",6.43179106354233,648.944222835082,0.03366446782706,6.83576467746705,6.66386160647735,6.66744233833175,20.5898748829406
48041,"Brazos","Texas",845,"2022-05-15",6.04398922588763,531.885987425487,0.0196160803443692,6.27938219002006,6.18589539425851,6.18130178829821,35.3356617831611
48047,"Brooks","Texas",845,"2022-05-15",3.05803615689015,899.567337783713,-0.0528377591213881,2.51335153586156,2.70656159320741,2.68817184304043,-13.1184060809151
48049,"Brown","Texas",845,"2022-05-15",5.11884887873649,921.068437464795,-0.0631423157867007,4.36114108929608,4.70043678855581,4.67685266822958,-10.977538152092
48051,"Burleson","Texas",845,"2022-05-15",3.52636052461616,804.702814367619,0.0963452873245703,4.55686093939524,4.15272831833083,4.20077753588815,7.19440669915545
48053,"Burnet","Texas",845,"2022-05-15",4.65938777189289,1096.64008307745,-0.0182555352123002,4.46603565096038,4.53211079704618,4.53159902540679,-37.9691514107413
48055,"Caldwell","Texas",845,"2022-05-15",4.69396568477122,680.010429342976,0.0294436489353437,5.0640005389659,4.90168007726053,4.90007122731862,23.5414836687549
48057,"Calhoun","Texas",845,"2022-05-15",3.15395627876888,774.148855290657,0.0479413959429494,3.73229255312247,3.48747702573782,3.48954605036953,14.4582185588587
48059,"Callahan","Texas",845,"2022-05-15",3.89182029811063,1031.28848815717,-0.0205077879443314,3.67681029598693,3.74509946959246,3.74826578250031,-33.7992172749933
48061,"Cameron","Texas",845,"2022-05-15",7.49942329059223,511.108048494289,0.0228020882124323,7.77304834914142,7.65743195068714,7.65903790807926,30.3984079923883
48067,"Cass","Texas",845,"2022-05-15",3.41538201665411,792.039738457107,0.0699741456162493,4.19566807239078,3.89199767510519,3.90520103596786,9.90576125589711
48085,"Collin","Texas",845,"2022-05-15",7.83207086824109,1372.16929881098,-0.0147172542379656,7.6554638173855,7.73063815453333,7.72905008857533,-47.0975882696826
48091,"Comal","Texas",845,"2022-05-15",6.4220867359988,1163.08374960062,-0.0198774675109396,6.18355712586753,6.2880596988141,6.28294446342222,-34.8710005526846
48093,"Comanche","Texas",845,"2022-05-15",4.30791866252016,923.929057627938,-0.0513280952303481,3.69198151975598,3.957013135379,3.94862199590772,-13.5042451400012
48097,"Cooke","Texas",845,"2022-05-15",4.19612725653204,384.676048566918,0.00921569630441182,4.30671561218498,4.26554247546621,4.26063713066292,75.2137611379528
48099,"Coryell","Texas",845,"2022-05-15",4.29825675160842,927.58642162233,-0.0493238849280265,3.72821596222113,3.96394757394246,3.95298955711223,-14.0529721365498
48113,"Dallas","Texas",845,"2022-05-15",8.01815496536642,559.806832234967,0.0286165256252442,8.36155327286935,8.2172327811256,8.21847064474313,24.2219195173184
48115,"Dawson","Texas",845,"2022-05-15",4.33073334028633,700.182716704822,0.0309742346455368,4.70242415603277,4.54605062877271,4.54755298280509,22.3781858855332
48121,"Denton","Texas",845,"2022-05-15",7.0904339148729,579.119593952611,0.0271788672146766,7.41658032144902,7.27901031259183,7.28068598537564,25.5031666730262
48131,"Duval","Texas",845,"2022-05-15",3.65620867182439,1126.80204389078,-0.0128691808730404,3.53647720711162,3.55693847025637,3.56612440571311,-53.8610178377412
48135,"Ector","Texas",845,"2022-05-15",4.12482757894718,335.70541457854,0.0083279771812063,4.29968952617028,4.18682175849809,4.18312341921562,83.2311575161574
48139,"Ellis","Texas",845,"2022-05-15",5.66296048013595,1318.14182282526,-0.0118436836306736,5.52083627656787,5.57513145393513,5.58005469472123,-58.524628162541
48141,"El Paso","Texas",845,"2022-05-15",6.75427104369804,599.899797978693,0.0280872376189173,7.0807982779495,6.94956003124057,6.95088170703046,24.6783678040698
48143,"Erath","Texas",845,"2022-05-15",4.38559170083838,1200.30787262756,-0.0121717898331121,4.23953022284103,4.29707483600754,4.3003891720066,-56.9470217662082
48145,"Falls","Texas",845,"2022-05-15",3.10394585819422,900.62691575494,-0.0530005079743943,2.57725123623991,2.7540497665528,2.73294230237346,-13.0781233435502
48147,"Fannin","Texas",845,"2022-05-15",3.391627930646,934.96708290595,-0.0364609499210406,3.02505865492867,3.14229960511683,3.13640128119872,-19.0106725705451
48149,"Fayette","Texas",845,"2022-05-15",3.18398856586776,1175.29551413213,-0.00962287579528793,3.11103257766726,3.11290528163265,3.11662843530074,-72.031188524678
48157,"Fort Bend","Texas",845,"2022-05-15",8.43365629091697,1464.99815548092,-0.0134938898890469,8.27172961224841,8.34007571638161,8.33919906169364,-51.3674845622224
48163,"Frio","Texas",845,"2022-05-15",4.38914410244275,1493.29106540374,-0.00671851236742416,4.30852195403366,4.33716748315174,4.34211451587078,-103.169740956463
48167,"Galveston","Texas",845,"2022-05-15",6.48157712927643,590.742454735601,0.0260035343058567,6.79361954094671,6.66232796132196,6.66360186941743,26.65588348134
48171,"Gillespie","Texas",845,"2022-05-15",3.65251180994306,659.774936392835,0.020252564158668,3.89305043360815,3.79584019020025,3.79427975905374,34.2251566334766
48181,"Grayson","Texas",845,"2022-05-15",3.97298370521783,746.856754035553,0.0425672672637512,4.47566065194695,4.26955871990673,4.27095457606409,16.2835724516947
48183,"Gregg","Texas",845,"2022-05-15",3.95124371858143,677.896405192674,0.0242469570480878,4.22148238521092,4.12580128910903,4.12097241791805,28.5869760558102
48185,"Grimes","Texas",845,"2022-05-15",3.52214999207982,769.750543079121,0.0497275380994128,4.09006300268901,3.86801055794441,3.87024275877571,13.938899994893
48187,"Guadalupe","Texas",845,"2022-05-15",5.35793307622239,664.220857518963,0.0304810513955056,5.72370569296846,5.56685839030246,5.57130043599093,22.7402648145579
48199,"Hardin","Texas",845,"2022-05-15",3.72051653905712,1064.86504436495,-0.016830595998654,3.58264556394203,3.60302485029414,3.60270236706654,-41.1837572843754
48201,"Harris","Texas",845,"2022-05-15",9.13763142073617,561.23344740068,0.0327787940681319,9.53097694955375,9.36168704774333,9.36708297921309,21.1462074876585
48203,"Harrison","Texas",845,"2022-05-15",3.5715427474094,739.221269560001,0.035274536520469,3.97821744563786,3.81692506645043,3.81846450305268,19.6500719480107
48209,"Hays","Texas",845,"2022-05-15",6.33251811014376,530.160782943158,0.0203872933091922,6.56143051653862,6.47742248902552,6.47522916330811,33.9989801513975
48213,"Henderson","Texas",845,"2022-05-15",3.21314515015922,791.272197774646,0.0649502491410034,3.94428588432235,3.6612881793051,3.66779689414624,10.6719710813605
48215,"Hidalgo","Texas",845,"2022-05-15",7.66608809268608,1115.11936950161,-0.0278645887658634,7.33171302749572,7.47802498930745,7.47103597132504,-24.8755575179746
48217,"Hill","Texas",845,"2022-05-15",3.91202300542815,880.551684001179,-0.0964700505486881,2.75438239884389,3.30092266105142,3.23673265158733,-7.18510228425885
48219,"Hockley","Texas",845,"2022-05-15",3.08452777233712,872.436744970753,-0.0990152357864686,2.02354912198702,2.43811769722677,2.39142112183184,-7.00040933149674
48221,"Hood","Texas",845,"2022-05-15",4.12019794104844,1040.44595959085,-0.0206986013929329,3.90056780167982,3.97754591524807,3.97530773129791,-33.4876336522238
48223,"Hopkins","Texas",845,"2022-05-15",3.67449071666184,928.6271463091,-0.0423024867872127,3.24151884428251,3.38555087962751,3.37837330915135,-16.3854948775605
48225,"Houston","Texas",845,"2022-05-15",4.28653786749521,687.048646902508,0.0280254981776001,4.62284384562641,4.49290193478768,4.48271635473841,24.7327336044987
48227,"Howard","Texas",845,"2022-05-15",3.94573406277046,923.232350733264,-0.0483574410958935,3.44461420470581,3.61787287476526,3.60723197509921,-14.3338267048793
48231,"Hunt","Texas",845,"2022-05-15",3.85014760171006,768.284565487513,0.0532580752504997,4.45852291089429,4.21994736512792,4.22295412846356,13.0148747828329
48245,"Jefferson","Texas",845,"2022-05-15",7.326653566101,1138.21820536156,-0.0245680962274529,7.03183641137156,7.16082919874399,7.15467689250883,-28.2133045288796
48247,"Jim Hogg","Texas",845,"2022-05-15",3.38196601973427,683.630931795746,0.0217024850344522,3.65402718296748,3.53597742862151,3.53388341497544,31.9386088486913
48249,"Jim Wells","Texas",845,"2022-05-15",4.84080680154977,1100.34125486939,-0.0186662707052719,4.63560509067891,4.71269462900243,4.71014290661287,-37.1336723603917
48251,"Johnson","Texas",845,"2022-05-15",6.0974320213863,965.762075997621,-0.0484838690282247,5.5156255930476,5.77333636946928,5.75804493818873,-14.2964494058102
48253,"Jones","Texas",845,"2022-05-15",3.80348283685294,1072.81287796571,-0.0166475750510814,3.67599895817952,3.68923024632981,3.68694981149537,-41.6365253457691
48255,"Karnes","Texas",845,"2022-05-15",4.98262766910935,712.922027503257,0.0391235085961,5.44121825250449,5.25156457175627,5.25649222928205,17.7168972168575
48257,"Kaufman","Texas",845,"2022-05-15",5.4299719991597,245.022527768734,0.00912634889989429,5.53948818595843,5.49984700854816,5.49385644145896,75.9501075581248
48259,"Kendall","Texas",845,"2022-05-15",4.14086457785699,729.425010495864,0.0374484736234326,4.59024626133818,4.39868295396816,4.40300389322102,18.5093573513828
48265,"Kerr","Texas",845,"2022-05-15",3.41538201665411,972.162185440674,-0.0264322439023017,3.17615619340149,3.23170362954278,3.230356309338,-26.2235466319826
48267,"Kimble","Texas",845,"2022-05-15",3.24147565678544,619.539576151716,0.0145682925550162,3.38655146208485,3.34678592395865,3.34345370467055,47.579163992096
48273,"Kleberg","Texas",845,"2022-05-15",4.24440525679783,950.230819030373,-0.038504705799458,3.78234878720434,3.9863280497198,3.97487231620162,-18.0016225593315
48281,"Lampasas","Texas",845,"2022-05-15",3.21314515015922,776.374834118225,0.0507094664969145,3.83491181560547,3.56571105682059,3.56811141563762,13.6689898049336
48283,"La Salle","Texas",845,"2022-05-15",4.20682254564879,571.367173113195,0.0157468868911076,4.4190933829183,4.33066771451983,4.31705075388654,44.0180453033782
48285,"Lavaca","Texas",845,"2022-05-15",3.25258688221051,732.473393104712,0.0307364931902446,3.67382873889007,3.4704657915048,3.46774233454222,22.5512772803874
48287,"Lee","Texas",845,"2022-05-15",3.35739475900376,759.244000979624,0.0419009994070262,3.88656905995091,3.65198803510578,3.65070175485294,16.5424975625692
48291,"Liberty","Texas",845,"2022-05-15",4.31558153526573,1138.92391935223,-0.0144370565748556,4.14233685636747,4.20958183020415,4.21452213924174,-48.0116689275271
48299,"Llano","Texas",845,"2022-05-15",3.29583686600433,715.388511249934,0.0262167743581254,3.58151257528807,3.48417987088801,3.47935428651121,26.4390718358956
48303,"Lubbock","Texas",845,"2022-05-15",5.30188243271253,551.568384448068,0.0183817658912566,5.52246362340761,5.4331543097395,5.43055479395133,37.7084108600059
48309,"McLennan","Texas",845,"2022-05-15",7.4079243225596,1048.00594056909,-0.0356140036303395,6.98055627899553,7.17376832153738,7.15862629714722,-19.4627705369653
48313,"Madison","Texas",845,"2022-05-15",4.05550472890584,688.584055371074,0.0269573443598808,4.40525989325718,4.25620061110818,4.24420613942501,25.7127397753438
48321,"Matagorda","Texas",845,"2022-05-15",3.25258688221051,670.129528072213,0.0193370303562147,3.51683483656671,3.39056964408649,3.38794609470401,35.8455857901249
48323,"Maverick","Texas",845,"2022-05-15",3.85014760171006,711.099735578669,0.0300679744622084,4.236585552339,4.06295464243613,4.06062342294552,23.0526729171978
48325,"Medina","Texas",845,"2022-05-15",3.74106520728451,1207.8932521178,-0.0102482003405017,3.6472653475359,3.66583638702338,3.669327804901,-67.6359904695242
48329,"Midland","Texas",845,"2022-05-15",5.36664334904728,908.606003240166,-0.0782241071566365,4.42795406316764,4.85603583422449,4.81907459895082,-8.86104304357201
48339,"Montgomery","Texas",845,"2022-05-15",7.44274375831729,62.4882481161609,0.00957251609417377,7.55761395144738,7.51798430214162,7.50975137097651,72.4101347796974
48347,"Nacogdoches","Texas",845,"2022-05-15",4.3603651378927,1030.79724108797,-0.0228533972138638,4.08612437132634,4.20276452312747,4.20039135739565,-30.330159410149
48349,"Navarro","Texas",845,"2022-05-15",3.54715129428524,935.822379260273,-0.0370432665537764,3.10505473811003,3.291133207242,3.28784842840881,-18.7118266029182
48355,"Nueces","Texas",845,"2022-05-15",5.67234094882138,678.091366609537,0.0350463256867073,6.09485860553234,5.91516020866291,5.91766522862833,19.7780271391716
48361,"Orange","Texas",845,"2022-05-15",3.2470467018349,891.459793444518,-0.0656893626498225,2.592088681664,2.81177867848409,2.78722116328614,-10.5518938318062
48367,"Parker","Texas",845,"2022-05-15",5.68455111272831,1061.83879434215,-0.0256246935058649,5.37705479065793,5.51061938425629,5.50517825818726,-27.0499696084677
48373,"Polk","Texas",845,"2022-05-15",4.14313472639153,404.966827481345,0.00963387059437981,4.30665973543979,4.21793554261203,4.21057182055219,71.9489818520411
48375,"Potter","Texas",845,"2022-05-15",4.2257904483556,948.944419380992,-0.0394016334964398,3.81976848197499,3.95946695307291,3.94997901388052,-17.5918386891898
48377,"Presidio","Texas",845,"2022-05-15",3.01693448120459,622.752340221992,0.0138870747067536,3.18357937768563,3.12101350619998,3.11414400415187,49.9131167072105
48381,"Randall","Texas",845,"2022-05-15",3.86223234092513,966.582876842182,-0.0308705861623144,3.53724057228243,3.64776681901957,3.64613823778893,-22.4533209999787
48397,"Rockwall","Texas",845,"2022-05-15",5.11284800346335,602.252240620966,0.0215053467457167,5.37091216441195,5.26228111866095,5.26338543068337,32.2313882568762
48399,"Runnels","Texas",845,"2022-05-15",3.58747933967221,872.501275103855,-0.116570202491511,2.38983779019055,2.89918055423525,2.77148792223163,-5.94617806047321
48401,"Rusk","Texas",845,"2022-05-15",4.19397440317094,1081.0159621973,-0.0175998945142956,4.03065677676231,4.07026968041588,4.07077514157087,-39.3835985776469
48407,"San Jacinto","Texas",845,"2022-05-15",4.05797691805123,935.381688996335,-0.0425446116623828,3.54744157810263,3.768172303915,3.76016463641455,-16.2922436820081
48409,"San Patricio","Texas",845,"2022-05-15",3.65989191724069,765.434439911887,0.0490828730169245,4.24888639344379,3.99971242000171,4.00347202835916,14.1219765257208
48423,"Smith","Texas",845,"2022-05-15",4.76826038085416,464.0467507708,0.0126831205492446,4.9204578274451,4.8624171519414,4.85704222469887,54.6511544906216
48427,"Starr","Texas",845,"2022-05-15",5.18498868124104,1095.80853028863,-0.0202690218163981,4.94176041944427,5.04655303332717,5.04310552852625,-34.197367136838
48439,"Tarrant","Texas",845,"2022-05-15",7.75546121935868,419.863519692017,0.0184593854208364,7.97697384440872,7.88697209119928,7.88467691730453,37.549851458085
48441,"Taylor","Texas",845,"2022-05-15",6.38447142029411,961.635103064851,-0.0524887245492791,5.75460672570277,6.04044168525941,6.01705034844916,-13.2056396209282
48449,"Titus","Texas",845,"2022-05-15",3.06472514504094,763.926385188746,0.0402792925272165,3.54754289491188,3.33916882142232,3.34668019273146,17.2085242086015
48451,"Tom Green","Texas",845,"2022-05-15",4.62216776235667,958.163562196897,-0.0395726087681443,4.20116911225037,4.35491195877402,4.34515950097966,-17.5158323430505
48453,"Travis","Texas",845,"2022-05-15",8.20381228601842,541.058932996339,0.0274429082904087,8.53312718550332,8.39476915083631,8.39591264405128,25.2577887600273
48455,"Trinity","Texas",845,"2022-05-15",4.05550472890584,886.950604857744,-0.0870423268592895,3.0421819719576,3.4736433615534,3.44620844089081,-7.96333468520976
48459,"Upshur","Texas",845,"2022-05-15",3.72397077392521,904.090404970742,-0.0592049383643641,3.08400921566757,3.31379162092752,3.30953620537466,-11.7075906116838
48465,"Val Verde","Texas",845,"2022-05-15",3.51367536508885,801.85875561319,0.0886274448515599,4.4438903716806,4.04631313849515,4.13406747904977,7.82090899405801
48467,"Van Zandt","Texas",845,"2022-05-15",3.3322045101752,700.005432832799,0.0238566371574502,3.62607923881159,3.50243832023207,3.49920097027735,29.0546893086934
48469,"Victoria","Texas",845,"2022-05-15",5.26712151077956,1113.07722257548,-0.0192880294486068,5.03566515739628,5.13540475642259,5.13210530463931,-35.9366508852989
48471,"Walker","Texas",845,"2022-05-15",5.93034873324791,790.190449393112,0.119060474567459,7.35907442805742,6.60697598198476,6.76377205522012,5.82180764084905
48473,"Waller","Texas",845,"2022-05-15",4.31558153526573,406.356072611541,0.010041646936635,4.47499897829033,4.39209061432041,4.38587306382218,69.0272407438594
48479,"Webb","Texas",845,"2022-05-15",7.82632911687086,505.633109596381,0.023406411763508,8.10720605803296,7.99406394569914,7.99017399921542,29.6135600605216
48481,"Wharton","Texas",845,"2022-05-15",3.71008166176454,1203.42916571451,-0.0102085413383662,3.58757916570414,3.62841333105761,3.63862187239598,-67.8987484681017
48485,"Wichita","Texas",845,"2022-05-15",4.50613880538191,792.223125000552,0.0933299378835995,5.5789720305742,5.11789404076077,5.15944837056711,7.42684712192174
48487,"Wilbarger","Texas",845,"2022-05-15",3.19575340744735,1042.31024379428,-0.0159261728921481,3.03091384581453,3.07997206230528,3.08427019720231,-43.5225201468005
48489,"Willacy","Texas",845,"2022-05-15",4.58350868920691,1214.26219451247,-0.0123218805300652,4.46375148134184,4.49220640429547,4.49725552549645,-56.2533599371198
48491,"Williamson","Texas",845,"2022-05-15",7.41551907728373,177.876646255615,0.011199603571371,7.54991432014018,7.50201592920529,7.49391630228333,61.8903317552959
48493,"Wilson","Texas",845,"2022-05-15",4.00992722040952,632.298837928016,0.0194806218483754,4.27991525797296,4.14747103081411,4.14629157334815,35.5813682928068
48497,"Wise","Texas",845,"2022-05-15",4.45931830897553,1032.05243349352,-0.0232192752148905,4.18068700639685,4.2980551272647,4.2967833824713,-29.8522315681684
48499,"Wood","Texas",845,"2022-05-15",3.08452777233712,797.631407839066,0.071738264646356,3.90030845289085,3.5767558584937,3.58669562486161,9.6621682163196
48503,"Young","Texas",845,"2022-05-15",4.19827548507033,757.570118272639,0.0508438590530708,4.80117959694408,4.54761545028156,4.55418249844183,13.6328593751399
48505,"Zapata","Texas",845,"2022-05-15",4.14539973302239,1267.62555835911,-0.00974757088469697,4.0513395915972,4.06967905391224,4.07716673682951,-71.1097348005071
49003,"Box Elder","Utah",845,"2022-05-15",4.07753744390572,779.674214955376,0.0661248425031408,4.78253114499176,4.5363319252576,4.54041134142771,10.4824019887385
49005,"Cache","Utah",845,"2022-05-15",4.83967749595261,724.202156761348,0.0417941937483097,5.34120782093233,5.13602992776049,5.13223685219078,16.5847721512268
49007,"Carbon","Utah",845,"2022-05-15",4.03044076024262,763.029307726706,0.0520838900478269,4.6339397538413,4.39501676874184,4.39502799057741,13.308283615595
49011,"Davis","Utah",845,"2022-05-15",6.81281645878672,675.546110297177,0.0414269098231598,7.30993937666464,7.1062920130157,7.10280482754884,16.7318099157963
49013,"Duchesne","Utah",845,"2022-05-15",3.68530163276605,748.774069819538,0.0407769755944612,4.20924123568424,3.97129263621123,3.97074046192728,16.998494136826
49019,"Grand","Utah",845,"2022-05-15",4.04054185622913,738.246006445775,0.0397089265501497,4.51704897483093,4.31979625252653,4.31850434208018,17.4557017975428
49021,"Iron","Utah",845,"2022-05-15",4.34194841110647,1476.6739777434,-0.00678542351718133,4.23867749915127,4.30425526522922,4.2944504464862,-102.152382795979
49025,"Kane","Utah",845,"2022-05-15",3.0513021247088,1488.27811284393,-0.00484976487091393,3.08579923980188,3.01923803792284,3.0173537706124,-142.923873426738
49035,"Salt Lake","Utah",845,"2022-05-15",8.34185292290638,638.166456327022,0.0413303595185462,8.83781723712893,8.63443066052004,8.6311654395362,16.7708964701579
49043,"Summit","Utah",845,"2022-05-15",5.54740709980683,680.911385371522,0.034869918961591,5.96584612734592,5.79583836004987,5.79149653253797,19.8780840679166
49045,"Tooele","Utah",845,"2022-05-15",4.91475352239297,695.483824391399,0.0340083281452436,5.32285346013589,5.15703071075281,5.15281181940968,20.3816893791319
49047,"Uintah","Utah",845,"2022-05-15",3.52214999207982,760.797556338438,0.0446566663946548,4.07279710097168,3.83629319958333,3.8347466568424,15.5216955612905
49049,"Utah","Utah",845,"2022-05-15",7.12113705309439,693.059748445743,0.0484628070101333,7.70269073721599,7.46036666337998,7.46037670216532,14.3026626669605
49051,"Wasatch","Utah",845,"2022-05-15",4.31175743882733,765.002496827248,0.0576059798358281,5.01157641353692,4.71138181742583,4.71499929767813,12.0325560390667
49053,"Washington","Utah",845,"2022-05-15",5.53677167909934,626.649226727198,0.0259514957183667,5.84818962771974,5.72735712682568,5.71843214912791,26.7093345247681
49057,"Weber","Utah",845,"2022-05-15",6.30157185523038,642.831961838827,0.0319604126206258,6.68509680667789,6.53581158139518,6.52529474357476,21.6876793421816
50001,"Addison","Vermont",845,"2022-05-15",5.40138955168785,554.551264141353,0.0189224504198281,5.62845895672579,5.53390680719848,5.53384670462665,36.6309418273662
50003,"Bennington","Vermont",845,"2022-05-15",6.23553054666406,594.611994271057,0.0254109019230217,6.54046136974032,6.41646572099677,6.41340686012521,27.2775512911634
50005,"Caledonia","Vermont",845,"2022-05-15",4.44600696433729,789.924458997244,0.0872582007448953,5.41660001816644,5.03442220379985,5.05681436955156,7.94363366013475
50007,"Chittenden","Vermont",845,"2022-05-15",7.60411159048303,2150.67929300669,-0.00580165692023656,7.53449170744019,7.5640151168336,7.56349999204137,-119.474003735416
50011,"Franklin","Vermont",845,"2022-05-15",6.19177803592229,1490.81554810568,-0.00951387540439779,6.07761153106952,6.13046492348975,6.12518090809151,-72.8564492488032
50013,"Grand Isle","Vermont",845,"2022-05-15",4.14765962098982,1227.8449937543,-0.0107662859873726,4.04645468968106,4.07051815765928,4.07229561907821,-64.3812714405796
50015,"Lamoille","Vermont",845,"2022-05-15",3.42936825862885,577.030547901854,0.0127152883030582,3.49631585796186,3.52178817239101,3.51837527675026,54.5128953460879
50019,"Orleans","Vermont",845,"2022-05-15",5.37329230971254,368.957631517408,0.0114680663671369,5.53956193989737,5.46171788639157,5.4535687742825,60.4415041184484
50021,"Rutland","Vermont",845,"2022-05-15",6.66568371778241,662.535867340874,0.0375607375862585,7.11641256881751,6.92739284679899,6.92860888088622,18.4540353865024
50023,"Washington","Vermont",845,"2022-05-15",7.61212496527882,113.825862769324,0.0104825062956776,7.73791504082695,7.69556113714973,7.68550250934856,66.1241845231002
50025,"Windham","Vermont",845,"2022-05-15",5.24551918098107,753.119535490073,0.0603065203468871,5.96313674487754,5.66423571306719,5.66766482340928,11.4937352805786
50027,"Windsor","Vermont",845,"2022-05-15",6.47697236288968,430.907077579276,0.0158325211899622,6.66696261716923,6.5925826962228,6.58780001121942,43.7799622841749
51001,"Accomack","Virginia",845,"2022-05-15",4.44265125649032,756.199065698812,0.0530143403953353,5.07882334123435,4.81325882560543,4.81375163925767,13.0747110195289
51003,"Albemarle","Virginia",845,"2022-05-15",6.61549129702525,631.608628034097,0.0317455143877438,6.99643746967818,6.83717572832815,6.83770989773946,21.8344920196837
51007,"Amelia","Virginia",845,"2022-05-15",3.67086094861126,754.681669706816,0.0423723853399527,4.12360979182359,3.96522296584207,3.96746764599093,16.3584649530311
51009,"Amherst","Virginia",845,"2022-05-15",4.40671924726425,517.515701626068,0.0137319940270768,4.59313638742181,4.51133501281731,4.50284320545379,50.4768046937099
51011,"Appomattox","Virginia",845,"2022-05-15",3.25809653802148,1093.33318185576,-0.0129695187100014,3.12997521742252,3.16526945887366,3.16730990705147,-53.4443255805187
51013,"Arlington","Virginia",845,"2022-05-15",7.96316178177472,515.223133412406,0.0245188700335805,8.25738822217768,8.1378022131992,8.13479387200978,28.2699479874328
51019,"Bedford","Virginia",845,"2022-05-15",5.59842195899838,771.352633588848,0.081553339212863,6.57706202955273,6.16181505033088,6.16929533348842,8.49931084674236
51021,"Bland","Virginia",845,"2022-05-15",3.10394585819422,593.626646154948,0.0126369590416333,3.26505348998934,3.198610640197,3.19240457148565,54.8507895195615
51023,"Botetourt","Virginia",845,"2022-05-15",4.7043688995321,732.979753926453,0.0438288191147417,5.21651683614954,5.01406964703,5.01117063333529,15.8148723730229
51025,"Brunswick","Virginia",845,"2022-05-15",3.81928095372953,684.8920024143,0.0246243009215434,4.11491761894681,3.99087717049627,3.99165106018033,28.1489079738107
51029,"Buckingham","Virginia",845,"2022-05-15",3.50512830451039,949.444989296632,-0.0324813683133288,3.16514658763229,3.27487782778005,3.27775872631709,-21.3398393156827
51031,"Campbell","Virginia",845,"2022-05-15",6.11557671781601,962.589713021133,-0.0498865407798267,5.51693822845809,5.79822427507352,5.76637093235722,-13.8944727320168
51033,"Caroline","Virginia",845,"2022-05-15",4.85759510855303,756.952244655321,0.0584915882240552,5.55949416724169,5.26608174304847,5.26703622612142,11.8503737307458
51035,"Carroll","Virginia",845,"2022-05-15",4.19397440317094,759.61514119671,0.0521373471409978,4.8167014539992,4.55796335498497,4.55893583315792,13.2946384610907
51036,"Charles City","Virginia",845,"2022-05-15",3.38680864421006,785.1784457541,0.0614754164415512,4.10788287453841,3.81375134154042,3.81713655930092,11.2751929255976
51037,"Charlotte","Virginia",845,"2022-05-15",3.42472787907235,782.445646074837,0.058955229514711,4.1005928994054,3.82903659512145,3.83741448567533,11.7571789011013
51041,"Chesterfield","Virginia",845,"2022-05-15",7.6205650210071,588.239820163283,0.0302691435394968,7.98379474348106,7.83595905823775,7.83244902578358,22.8994645869478
51043,"Clarke","Virginia",845,"2022-05-15",3.90629233071916,727.741527239694,0.0350319899395611,4.35302156764428,4.15442870081354,4.15151626029609,19.7861206787224
51047,"Culpeper","Virginia",845,"2022-05-15",4.9894602969598,796.77178055104,0.115421369664575,6.37451673293471,5.78318336167827,5.79740988461183,6.00536263409708
51049,"Cumberland","Virginia",845,"2022-05-15",3.49216915986788,723.052644085524,0.029861035613509,3.85050158722999,3.70014990731288,3.70119640916244,23.2124293856161
51053,"Dinwiddie","Virginia",845,"2022-05-15",4.5013957134859,674.34457073226,0.0271732458959164,4.8274746642369,4.69309808591854,4.69160843475732,25.5084425031501
51057,"Essex","Virginia",845,"2022-05-15",3.07136968775961,759.033294270327,0.0381586262549156,3.54748177808932,3.34296548269235,3.33848007154402,18.164888220279
51059,"Fairfax","Virginia",845,"2022-05-15",8.98675029241164,565.622145868773,0.0327531911089061,9.37978858571851,9.21738148107249,9.21602263017398,21.1627373423003
51061,"Fauquier","Virginia",845,"2022-05-15",5.18818357213755,774.910161367613,0.079515756808305,6.12985686108436,5.73773312676842,5.74479386979568,8.71710473976838
51063,"Floyd","Virginia",845,"2022-05-15",3.34739467566918,773.832505316034,0.050124589995427,3.91811362200349,3.70211064306859,3.69826680563717,13.8284857915682
51065,"Fluvanna","Virginia",845,"2022-05-15",4.58058471051548,765.705506738573,0.0616544310275778,5.32043788284642,5.00722975354284,5.01216572770852,11.2424552300207
51067,"Franklin","Virginia",845,"2022-05-15",5.02199905274657,744.883068092101,0.0527981606640693,5.6555769807154,5.39021248691692,5.39158617739506,13.1282448449317
51069,"Frederick","Virginia",845,"2022-05-15",5.57865107723005,733.479799836723,0.0523540010539836,6.20500668426657,5.94542260411411,5.94512908460794,13.2396219315735
51071,"Giles","Virginia",845,"2022-05-15",3.86822038276975,793.018783197502,0.0811255468238513,4.78488346543878,4.42994197312269,4.43609921053671,8.54412953375812
51073,"Gloucester","Virginia",845,"2022-05-15",4.78986986518701,772.205472341448,0.070652750754622,5.63770287424247,5.28116659752698,5.28443912046936,9.81061845655883
51075,"Goochland","Virginia",845,"2022-05-15",4.66747406932424,695.882251822845,0.0323865320431374,5.05611245384189,4.89382124457474,4.8941797936262,21.4023279688207
51079,"Greene","Virginia",845,"2022-05-15",4.42911467077278,755.406825824088,0.0524179344675806,5.06321467396856,4.79779228906664,4.79604021204584,13.2234737518824
51083,"Halifax","Virginia",845,"2022-05-15",4.92310430161039,749.436351762465,0.0543607109189973,5.57543283263836,5.30132063247415,5.30362927804337,12.7508851308586
51085,"Hanover","Virginia",845,"2022-05-15",6.21146029213146,704.417324775529,0.0458130825479566,6.76121728270694,6.53222258963608,6.53215186996716,15.1298961346765
51087,"Henrico","Virginia",845,"2022-05-15",7.65498471829328,663.966478560807,0.0434859489017125,8.17681610511383,7.95753739522745,7.95938636060527,15.9395666431611
51089,"Henry","Virginia",845,"2022-05-15",5.82008293035236,1495.24801655522,-0.00888225951594598,5.71349581616101,5.75662624217731,5.75790711374074,-78.0372583480098
51093,"Isle of Wight","Virginia",845,"2022-05-15",4.6037405931785,691.13342515674,0.0310710278247679,4.99828982303002,4.82475087171298,4.82123778795188,22.3084728470878
51095,"James City","Virginia",845,"2022-05-15",6.19644412779452,744.487217301645,0.0648755480966763,6.97495070495463,6.6464972047045,6.65057296447125,10.6842593380025
51099,"King George","Virginia",845,"2022-05-15",4.44768060489532,777.593988282959,0.0714516543083852,5.31643262767164,4.94286777215905,4.94784218505402,9.70092557365184
51101,"King William","Virginia",845,"2022-05-15",4.08477511120595,1188.06627072571,-0.0118461798385706,3.98110148069456,4.00195324591851,4.00185185233596,-58.5122959473477
51103,"Lancaster","Virginia",845,"2022-05-15",3.55942138687705,777.994717041719,0.057383054805558,4.24664920789589,3.95989166105546,3.96110277051596,12.0793008129084
51107,"Loudoun","Virginia",845,"2022-05-15",7.8951699433522,641.514796695851,0.0397771209738694,8.37249539503864,8.17287531726394,8.17360979016929,17.4257755108845
51109,"Louisa","Virginia",845,"2022-05-15",4.96782720160437,1419.47319411726,-0.00863801278978065,4.90184070864255,4.90861437676487,4.90736111207591,-80.2438242948639
51111,"Lunenburg","Virginia",845,"2022-05-15",3.79388276312392,977.821529074931,-0.0281216576597791,3.53830996687515,3.59743758546023,3.59703115950547,-24.6481622436972
51113,"Madison","Virginia",845,"2022-05-15",4.09672268462707,924.361603819186,-0.0488360220052004,3.53385287644537,3.77042456264534,3.75487053059067,-14.1933587564961
51115,"Mathews","Virginia",845,"2022-05-15",4.15216413311093,961.046862337545,-0.0347168548537464,3.78576409202901,3.91839241770207,3.90914614913471,-19.9657251061482
51117,"Mecklenburg","Virginia",845,"2022-05-15",4.64026150579937,494.952267110437,0.0134481727120478,4.80163957834394,4.74370037153389,4.7343987147837,51.5421087609157
51119,"Middlesex","Virginia",845,"2022-05-15",3.66721795733276,773.111126356972,0.0543977322470666,4.29137582570609,4.04609977062075,4.04800208306223,12.7422072929763
51121,"Montgomery","Virginia",845,"2022-05-15",6.40664422041928,692.209548317177,0.0433495137708134,6.92683838566904,6.71080895036952,6.71009081681497,15.9897336847785
51125,"Nelson","Virginia",845,"2022-05-15",3.8255309740747,781.921356123565,0.065868118102305,4.61594839130236,4.28481727041933,4.28660780079083,10.5232576932495
51127,"New Kent","Virginia",845,"2022-05-15",4.47895887485008,753.955747389318,0.0520541319025185,5.1036084576803,4.84213475339669,4.84333779816771,13.3158916540573
51131,"Northampton","Virginia",845,"2022-05-15",3.36729582998647,1163.83847962116,-0.0104970414402263,3.27338144324052,3.29312349856129,3.29381653990489,-66.0326230497381
51133,"Northumberland","Virginia",845,"2022-05-15",3.70306408910589,771.874899244586,0.0540399641593298,4.32995757308524,4.08112094382117,4.0813438382212,12.8265662522701
51135,"Nottoway","Virginia",845,"2022-05-15",4.34750912979117,1110.84195088553,-0.0160518306546557,4.1548871619353,4.22646100037068,4.23514631520858,-43.1818149264429
51137,"Orange","Virginia",845,"2022-05-15",4.84418708645859,793.650238290447,0.104513743065482,6.09835200324437,5.56854191012288,5.57578328791697,6.63211516714754
51139,"Page","Virginia",845,"2022-05-15",3.90629233071916,735.152594721499,0.0372569289658916,4.35337547830986,4.16925644263502,4.1670908334804,18.6045173286965
51141,"Patrick","Virginia",845,"2022-05-15",4.15888308335967,492.748661711989,0.0119765789927936,4.30260203127319,4.24797676505328,4.24271913630923,57.8752230480019
51143,"Pittsylvania","Virginia",845,"2022-05-15",5.44118008660145,738.671493290613,0.0536984138353771,6.08556105262597,5.81539213135417,5.81706898344909,12.9081500002015
51145,"Powhatan","Virginia",845,"2022-05-15",4.72991307257953,718.698026356728,0.0389928781083925,5.19782760988024,5.00460066497835,5.00286321933828,17.7762507972131
51147,"Prince Edward","Virginia",845,"2022-05-15",4.01766919456313,970.099976124427,-0.0312215592056012,3.6872653967489,3.79827880460645,3.79911828012392,-22.200914950961
51149,"Prince George","Virginia",845,"2022-05-15",5.54350193445341,1305.23226929845,-0.0119155576693182,5.40051524242159,5.46205502026522,5.46009303076818,-58.1716105780559
51153,"Prince William","Virginia",845,"2022-05-15",7.64437237379795,656.313465533848,0.0416164004401018,8.14376917907918,7.93440492843119,7.93568717687866,16.6556255041228
51155,"Pulaski","Virginia",845,"2022-05-15",4.51711930786536,775.990381322564,0.0704713185656301,5.35649805186969,5.00642180501536,5.01041853782477,9.83587641991424
51157,"Rappahannock","Virginia",845,"2022-05-15",3.33729357968267,899.979057828807,-0.0562482450174301,2.6987378004602,2.96069016547726,2.94355586456066,-12.3230010171011
51159,"Richmond","Virginia",845,"2022-05-15",3.54715129428524,709.010875717196,0.0270797389760922,3.87210816199834,3.73878790388856,3.73670946711789,25.5965237025328
51161,"Roanoke","Virginia",845,"2022-05-15",6.07829733672326,724.725734352831,0.0527290050610922,6.71104539745637,6.44666228144052,6.4474003721509,13.1454629147063
51163,"Rockbridge","Virginia",845,"2022-05-15",3.42006586596654,793.547204520679,0.0725431338490212,4.24034896630583,3.92773974646135,3.92786780290969,9.55496604272077
51165,"Rockingham","Virginia",845,"2022-05-15",5.01822546336293,477.490256847046,0.0139129083508896,5.21051973300226,5.12668916366198,5.11561582181916,49.820437472775
51169,"Scott","Virginia",845,"2022-05-15",4.42570169817654,923.574993216518,-0.0529548556074766,3.79024343088682,4.07617082547046,4.0550177089242,-13.0893979902021
51171,"Shenandoah","Virginia",845,"2022-05-15",4.64850331069446,699.600247830605,0.0331861638029417,5.05756313902128,4.88343468790034,4.88080645731505,20.8866316901173
51173,"Smyth","Virginia",845,"2022-05-15",4.71081637512308,700.71526249143,0.0336368661585748,5.08874446741088,4.94725000801318,4.9462744382331,20.6067704789213
51175,"Southampton","Virginia",845,"2022-05-15",4.41366371961706,1016.4899642381,-0.025008015264045,4.11356753644852,4.24426639589768,4.23860761276875,-27.7170008591809
51177,"Spotsylvania","Virginia",845,"2022-05-15",6.39311285668945,658.950836124207,0.0353114740760436,6.81685054560197,6.64181847304563,6.64029317522176,19.6295169968619
51179,"Stafford","Virginia",845,"2022-05-15",6.61204103483309,694.845629612221,0.0455517875016031,7.15866248485233,6.92967927004818,6.93090354734431,15.2166845381326
51185,"Tazewell","Virginia",845,"2022-05-15",4.60659773797928,751.162738587332,0.0518543420263783,5.22884984229582,4.96871162781157,4.96957813216393,13.3671965253622
51187,"Warren","Virginia",845,"2022-05-15",4.5417738694293,725.574307579538,0.0396919063661012,5.01807674582251,4.82051449602035,4.81961721399201,17.4631869320322
51191,"Washington","Virginia",845,"2022-05-15",4.83401175841694,1220.77220672232,-0.0126952851943372,4.68166833608489,4.7482333445635,4.74514476205658,-54.5987876561549
51193,"Westmoreland","Virginia",845,"2022-05-15",3.18988828799495,789.608180539564,0.0624586426729311,3.89690835739338,3.62893280756197,3.62709878670547,11.0976984272562
51195,"Wise","Virginia",845,"2022-05-15",3.74782198974739,1361.9781806694,-0.00725363304044407,3.69919458120913,3.69315427312654,3.69704655846428,-95.5586223751829
51197,"Wythe","Virginia",845,"2022-05-15",4.07024701064304,758.475116919043,0.0499264378778825,4.66936426517763,4.42220891395311,4.41973207578822,13.8833694135229
51199,"York","Virginia",845,"2022-05-15",5.63325781834076,723.451592663151,0.0483340609027756,6.21326654917407,5.97177867024481,5.97159624466019,14.3407602757446
51510,"Alexandria city","Virginia",845,"2022-05-15",7.29825177139638,571.070950183239,0.0271382053235571,7.62391023527906,7.48940482388802,7.48821920866128,25.5413787424721
51520,"Bristol city","Virginia",845,"2022-05-15",3.86523084392139,978.687695148695,-0.0282874652737723,3.58367377713298,3.67422890381223,3.66721858700498,-24.5036864862763
51540,"Charlottesville city","Virginia",845,"2022-05-15",6.15697898558556,737.291623667457,0.0599462206047428,6.87633363284248,6.579888716858,6.57660252981876,11.5628170311225
51550,"Chesapeake city","Virginia",845,"2022-05-15",6.6631326959908,672.332631460787,0.0397401876944975,7.14001494832477,6.94084777706874,6.94131400985228,17.4419704780589
51570,"Colonial Heights city","Virginia",845,"2022-05-15",4.52952256764878,514.131007309648,0.0138998268299581,4.69632048960828,4.63608796936696,4.62682135545849,49.8673248983227
51580,"Covington city","Virginia",845,"2022-05-15",3.55534806148941,1003.72435842082,-0.0217154496483115,3.29476266570967,3.40182717162044,3.40333991395123,-31.9195407779107
51590,"Danville city","Virginia",845,"2022-05-15",4.94368115929915,745.697662743308,0.0523966740897792,5.56988892022066,5.31273968189176,5.3104578779276,13.2288392841933
51600,"Fairfax city","Virginia",845,"2022-05-15",4.16333743370905,723.053143150186,0.0356357803119992,4.59512186262278,4.41681833678971,4.41278789589304,19.4508770255986
51610,"Falls Church city","Virginia",845,"2022-05-15",4.94571574799694,727.260807524525,0.0438686462036957,5.47213950244129,5.24985449978252,5.25279627142281,15.8005145028057
51630,"Fredericksburg city","Virginia",845,"2022-05-15",5.04893983677776,730.238474662739,0.0459991770455452,5.6009299613243,5.37289803575163,5.37093407609658,15.068686552232
51650,"Hampton city","Virginia",845,"2022-05-15",6.42994986624428,570.473920110796,0.0238565034926768,6.7162279081564,6.59985140724489,6.59694539069302,29.0548520982013
51660,"Harrisonburg city","Virginia",845,"2022-05-15",5.12481395820496,617.692277334627,0.0230527932037658,5.40144747665015,5.29036781953071,5.28618351063132,30.0678175713091
51670,"Hopewell city","Virginia",845,"2022-05-15",3.31158522297247,736.100268221179,0.0319156956047918,3.69902056012987,3.5405240326376,3.53499509220601,21.7180659053496
51683,"Manassas city","Virginia",845,"2022-05-15",4.93652732194253,760.249287601305,0.061899476173498,5.6793210360245,5.36820972560819,5.36982365515702,11.1979490523817
51685,"Manassas Park city","Virginia",845,"2022-05-15",3.90052862600241,897.482725287751,-0.0693953359898213,3.15628900307621,3.4521704973139,3.41476127407366,-9.98838280229112
51690,"Martinsville city","Virginia",845,"2022-05-15",4.63749907310345,1174.20550708255,-0.0138761898736696,4.47098479461941,4.54022603384198,4.54036574398776,-49.9522698140076
51700,"Newport News city","Virginia",845,"2022-05-15",6.56385552653213,623.60868834814,0.0303332674330861,6.92785473572916,6.77728519745402,6.77618839856373,22.851055597258
51710,"Norfolk city","Virginia",845,"2022-05-15",6.54082383487622,587.413825377478,0.0258954150782448,6.85156881581516,6.725467438196,6.72209174042393,26.7671778369087
51730,"Petersburg city","Virginia",845,"2022-05-15",3.23587340123677,811.219845770867,0.109241819665799,4.45489825424244,3.93197071421654,4.00056613889736,6.34507171960769
51735,"Poquoson city","Virginia",845,"2022-05-15",3.5305534028762,677.541000500926,0.0217319656883418,3.7913369911363,3.68753109059558,3.68267716269459,31.895282299833
51740,"Portsmouth city","Virginia",845,"2022-05-15",5.35860579740484,686.436234168554,0.0348949882050076,5.77734565586494,5.60356264266377,5.60287071483989,19.8638032627412
51750,"Radford city","Virginia",845,"2022-05-15",4.30983989269805,763.37221153967,0.0559465710424217,4.95842086342857,4.69606781038873,4.701465889995,12.3894488553081
51760,"Richmond city","Virginia",845,"2022-05-15",6.96521523465537,620.92079880873,0.0317931378094367,7.34673288836861,7.18762888153049,7.18776719932143,21.8017858040488
51770,"Roanoke city","Virginia",845,"2022-05-15",5.78074351579233,729.122691772153,0.0521363984045611,6.40638029664706,6.14347349380993,6.14569830462426,13.2948803862774
51775,"Salem city","Virginia",845,"2022-05-15",4.30791866252016,568.286460638722,0.0159557971945353,4.52687569539236,4.42784299398253,4.41960924288191,43.4417141374384
51790,"Staunton city","Virginia",845,"2022-05-15",4.26066577766961,1006.2850657484,-0.0256226604505565,3.95319385226293,4.08743319237974,4.08130715451571,-27.0521159150314
51800,"Suffolk city","Virginia",845,"2022-05-15",5.82346846045867,730.605513123303,0.0532336557967728,6.46227233001995,6.19463657111979,6.19610405103608,13.0208449933654
51810,"Virginia Beach city","Virginia",845,"2022-05-15",7.29970083700279,652.588277541694,0.0389500760211346,7.7671017492564,7.57202280969241,7.57235136915073,17.7957850501714
51820,"Waynesboro city","Virginia",845,"2022-05-15",6.28599809450887,967.262957850161,-0.0493937764821557,5.693272776723,5.97181103343005,5.94024165913378,-14.0330873629465
51830,"Williamsburg city","Virginia",845,"2022-05-15",3.94849268520954,638.36508641231,0.0194932456423253,4.16443784834177,4.08777159786293,4.08494540470582,35.5583258569794
51840,"Winchester city","Virginia",845,"2022-05-15",4.61370508843793,742.493772861227,0.0473170301407686,5.18150945012716,4.94585620298314,4.94492429942331,14.6490001273923
53005,"Benton","Washington",845,"2022-05-15",6.04872216237651,708.066768738474,0.0458468431686205,6.59888428039996,6.36995609612416,6.36965006455685,15.1187548074055
53007,"Chelan","Washington",845,"2022-05-15",5.59842195899838,731.518889609594,0.0516073437933165,6.21771008451818,5.95803619482609,5.9596733655516,13.4311733488154
53009,"Clallam","Washington",845,"2022-05-15",6.06478139007499,755.838707839255,0.0720614101134695,6.92951831143662,6.55970761915925,6.56921126086928,9.61884009025774
53011,"Clark","Washington",845,"2022-05-15",7.71435868773555,669.123918104057,0.0451459244742824,8.25610978142694,8.02926110487667,8.03038015905553,15.3534829252373
53015,"Cowlitz","Washington",845,"2022-05-15",5.73657229747919,733.231261981755,0.0537289510390104,6.38131970994732,6.10951653138922,6.11267495475226,12.9008135680274
53017,"Douglas","Washington",845,"2022-05-15",5.09023834469522,748.178607067741,0.0552164045225582,5.73264403024308,5.47496636219396,5.47675317635313,12.5532835133582
53021,"Franklin","Washington",845,"2022-05-15",4.98458461689631,741.778681147001,0.0506479925742677,5.58248853879268,5.33760025983015,5.33912056491618,13.6855805201667
53025,"Grant","Washington",845,"2022-05-15",4.89356628917353,775.177815804467,0.075291359437883,5.78404668306916,5.412189648432,5.42060580523871,9.20619823755217
53027,"Grays Harbor","Washington",845,"2022-05-15",5.86848948474917,729.758453234403,0.0532330111190033,6.50728561817721,6.2399946207771,6.24112056258219,13.0210026821591
53029,"Island","Washington",845,"2022-05-15",6.04398922588763,607.78691905178,0.0260277724287003,6.35632249503203,6.23097773084052,6.22618363288853,26.631060435876
53031,"Jefferson","Washington",845,"2022-05-15",5.14082778545526,711.19814714217,0.0399126850382318,5.61978000591404,5.42264617250638,5.42021658072288,17.366588589467
53033,"King","Washington",845,"2022-05-15",9.96536852766727,474.404854369638,0.0272579344851117,10.2924637414886,10.1593559045811,10.1561740690631,25.4291894691633
53035,"Kitsap","Washington",845,"2022-05-15",7.39721133415469,674.605697897894,0.044724704782079,7.93390779153964,7.70941422285642,7.71028426762924,15.4980828590664
53037,"Kittitas","Washington",845,"2022-05-15",4.86423230105983,1328.77912934584,-0.00995180033069313,4.74481069709151,4.79449181297328,4.79456969874498,-69.6504308292999
53039,"Klickitat","Washington",845,"2022-05-15",4.4526847854799,780.513026978194,0.0749578025147873,5.35850640614846,4.97091695781027,4.97738940308341,9.24716516900565
53041,"Lewis","Washington",845,"2022-05-15",5.36797668257815,736.894224622678,0.0520628128049445,5.99273043623749,5.73181744535617,5.73241637221276,13.3136713753221
53045,"Mason","Washington",845,"2022-05-15",5.48893772615669,740.843196517815,0.055356138292042,6.15321138566119,5.87344708360725,5.87643069420098,12.5215956521951
53047,"Okanogan","Washington",845,"2022-05-15",4.50456027308886,669.702139491375,0.0264603298479778,4.82366151963885,4.6922609471862,4.6897825820247,26.1957120165272
53049,"Pacific","Washington",845,"2022-05-15",5.62143552695793,977.459886610562,-0.040895097948713,5.13069435157338,5.36945320158789,5.33516984131694,-16.9493952900964
53053,"Pierce","Washington",845,"2022-05-15",8.36812955063754,669.052893268743,0.0489515716916633,8.9555484109375,8.70700427164628,8.71079055247918,14.1598554776943
53055,"San Juan","Washington",845,"2022-05-15",5.238719003662,777.08011757311,0.0832601524605388,6.23784083318847,5.80857984930439,5.82154007088577,8.32507700353374
53057,"Skagit","Washington",845,"2022-05-15",6.27125844671076,713.902801791109,0.0497335272772825,6.86806077403816,6.61987743212076,6.61939313765174,13.937221397859
53059,"Skamania","Washington",845,"2022-05-15",3.22457384598284,802.401651169199,0.083711246456115,4.15193960279158,3.79895363782744,3.81055257117564,8.28021574046592
53061,"Snohomish","Washington",845,"2022-05-15",8.67999208172133,644.622217796899,0.0444267100580466,9.21311260241789,8.98807612168672,8.99097905212766,15.6020371450936
53063,"Spokane","Washington",845,"2022-05-15",7.3596494895018,649.669096174615,0.0386676537629104,7.82366133465672,7.63100208647842,7.63032306584217,17.9257625717339
53065,"Stevens","Washington",845,"2022-05-15",4.84418708645859,714.561350360625,0.0386179785926046,5.30760282956985,5.11763777917349,5.11451293660682,17.9488208813882
53067,"Thurston","Washington",845,"2022-05-15",7.4489161025442,675.371115482536,0.0452467142954736,7.99187667408988,7.76477360654943,7.76564310261252,15.3192821037457
53071,"Walla Walla","Washington",845,"2022-05-15",5.64443679654725,384.411924328237,0.0123893426934508,5.79310890886866,5.74355153809486,5.73116219540141,55.9470504376601
53073,"Whatcom","Washington",845,"2022-05-15",7.26312937718782,663.253802780357,0.0411065539050907,7.75870573039015,7.55068825652918,7.55087525452346,16.8622060161094
53075,"Whitman","Washington",845,"2022-05-15",4.50297924509154,760.053127808639,0.0563246456260756,5.17887499260445,4.89660412934589,4.89725176447407,12.3062856917301
53077,"Yakima","Washington",845,"2022-05-15",5.82008293035236,640.538345419191,0.0291789564394416,6.17023040762566,6.02818590437746,6.02433562542845,23.7550366819497
54001,"Barbour","West Virginia",845,"2022-05-15",3.74444930526875,735.065866282941,0.0356352670971481,4.16697908778103,3.9986542034815,3.99389617494879,19.4511571548012
54003,"Berkeley","West Virginia",845,"2022-05-15",6.07993319509559,708.955243760895,0.0463958526047551,6.63668342635265,6.40562243689397,6.40470416332888,14.9398521989637
54005,"Boone","West Virginia",845,"2022-05-15",4.35853865336667,774.883646188554,0.0666685285257131,5.14123383387736,4.8238076693541,4.82521835304666,10.39691734448
54007,"Braxton","West Virginia",845,"2022-05-15",3.51367536508885,687.454452775201,0.0230985030479333,3.80075582409587,3.68129558584995,3.67536488642438,30.0083160853129
54009,"Brooke","West Virginia",845,"2022-05-15",4.05797691805123,620.758069205953,0.0187290489808963,4.33094144827875,4.20285880473854,4.1890802609175,37.0092032578354
54011,"Cabell","West Virginia",845,"2022-05-15",5.76384671539885,715.158053089941,0.0461691511391707,6.3178765290689,6.08778969215667,6.08703077337305,15.0132104112234
54013,"Calhoun","West Virginia",845,"2022-05-15",3.77767495289707,1131.61708037451,-0.013004770695538,3.63635601282637,3.69625487592054,3.6866415580283,-53.2994542378029
54019,"Fayette","West Virginia",845,"2022-05-15",4.89783979995091,747.737967213995,0.053086189974928,5.53487407965005,5.27000083347029,5.26944312977541,13.0570150332377
54025,"Greenbrier","West Virginia",845,"2022-05-15",5.30756023362922,771.22614990475,0.0771741036204665,6.23364947707482,5.84160222335805,5.84777895897249,8.98160325863666
54027,"Hampshire","West Virginia",845,"2022-05-15",4.15664844555826,2479.53694248809,-0.00255314333005913,4.1553350891383,4.14291228706858,4.13877644224785,-271.487766628399
54029,"Hancock","West Virginia",845,"2022-05-15",4.48380932898382,774.109379133275,0.0680492803073309,5.30040069267179,4.95978657097633,4.96015429113514,10.185959020132
54033,"Harrison","West Virginia",845,"2022-05-15",5.23110861685459,758.93515642751,0.0645299292063247,6.00546776733049,5.68102540757411,5.68281812129886,10.741483666342
54035,"Jackson","West Virginia",845,"2022-05-15",3.55942138687705,792.937872971256,0.0750744721507763,4.43405801078504,4.08403125710534,4.08494269193248,9.23279459318554
54037,"Jefferson","West Virginia",845,"2022-05-15",5.45471042831582,739.702610340855,0.0543853678231642,6.10733484219378,5.83453763394686,5.83540800307797,12.7451042128415
54039,"Kanawha","West Virginia",845,"2022-05-15",6.20801498295255,722.773441920451,0.0529574107152393,6.84350391153542,6.57851737973833,6.57871685795922,13.0887664483279
54041,"Lewis","West Virginia",845,"2022-05-15",3.59926729542425,740.776657687106,0.0365448837364374,4.0646441136027,3.85987766700117,3.85508148157931,18.9670101445373
54043,"Lincoln","West Virginia",845,"2022-05-15",4.24440525679783,761.170978231625,0.0538561649424383,4.89170277791795,4.62050406156594,4.6213984113949,12.8703404949235
54045,"Logan","West Virginia",845,"2022-05-15",4.92206425991498,722.072529389672,0.0417380635270227,5.42292102223925,5.21778809667329,5.21423070460414,16.6070756998867
54047,"McDowell","West Virginia",845,"2022-05-15",3.76451686831956,722.139479710392,0.0321109452650159,4.16994405910607,3.9945571804035,3.98929348517467,21.5860098430398
54049,"Marion","West Virginia",845,"2022-05-15",5.37660028494208,766.256725005897,0.0729097030932248,6.25151672206078,5.88088045035597,5.88696820659465,9.50692639186397
54051,"Marshall","West Virginia",845,"2022-05-15",4.70953020131233,10738.9713530869,-0.000475759554536312,4.70382108665789,4.7134164704992,4.70619988443058,-1456.92750455743
54053,"Mason","West Virginia",845,"2022-05-15",3.70306408910589,764.115756799347,0.0483032178513722,4.24509174502411,4.04263441463537,4.0411866140655,14.3499172807233
54055,"Mercer","West Virginia",845,"2022-05-15",4.90421601709019,709.815472732408,0.0376712664709352,5.35627121474141,5.16890458222306,5.16791488238674,18.3998905663215
54057,"Mineral","West Virginia",845,"2022-05-15",3.74444930526875,635.921127392279,0.0183480497389179,3.96462590213577,3.8810468578731,3.87288565344118,37.7777033757281
54059,"Mingo","West Virginia",845,"2022-05-15",3.38196601973427,720.919714404834,0.0284983979135823,3.73557813751704,3.59034473165455,3.58145480512935,24.3223209480696
54061,"Monongalia","West Virginia",845,"2022-05-15",5.83856308668115,720.67398535456,0.0489295071492129,6.4257171724717,6.18095926063808,6.18106963672564,14.1662408012032
54063,"Monroe","West Virginia",845,"2022-05-15",4.21318523943662,790.176345984539,0.0841505149925435,5.20249232412186,4.78875088981305,4.80223884438442,8.23699273404761
54065,"Morgan","West Virginia",845,"2022-05-15",3.8286413964891,7838.61733171708,-0.000541346960480143,3.78218405656293,3.8274113984835,3.82485196776574,-1280.41206686589
54067,"Nicholas","West Virginia",845,"2022-05-15",4.16333743370905,773.596407160515,0.0626807211510252,4.9143937400103,4.60290779919916,4.60210248176623,11.0583791607925
54069,"Ohio","West Virginia",845,"2022-05-15",5.4614075614141,719.591225207238,0.0453572222690068,6.00569422864218,5.78086113050255,5.77890811729715,15.2819583273639
54071,"Pendleton","West Virginia",845,"2022-05-15",3.500827222611,787.887736984749,0.0664448222670314,4.25992792118553,3.9655457826214,3.96594097848022,10.4319216593626
54075,"Pocahontas","West Virginia",845,"2022-05-15",4.12713438504509,589.355042848734,0.0165603205212916,4.34948467372587,4.25499800335913,4.24305662869413,41.8559036746158
54077,"Preston","West Virginia",845,"2022-05-15",4.32318613465095,726.417761972055,0.0380162387286294,4.77416434094592,4.59066777732425,4.58929980575136,18.2329237120964
54079,"Putnam","West Virginia",845,"2022-05-15",5.15823394393222,612.531240887777,0.0226766698163917,5.43035398172892,5.32474636450333,5.31697063264696,30.5665331890536
54081,"Raleigh","West Virginia",845,"2022-05-15",5.78470391700843,722.682008563892,0.0493079010831754,6.37639873000653,6.13011342216963,6.12985922459066,14.0575276037547
54083,"Randolph","West Virginia",845,"2022-05-15",4.61228765375696,700.940097771394,0.033167631932997,5.01029923695292,4.84592576597946,4.84446107728794,20.8983017527508
54087,"Roane","West Virginia",845,"2022-05-15",3.07797037179096,755.603597612001,0.0366734157595423,3.53518534249921,3.33790976379976,3.33468428210776,18.9005350661832
54091,"Taylor","West Virginia",845,"2022-05-15",3.95124371858143,753.892006717948,0.0459976787879963,4.51273996152273,4.27427376102313,4.2732274700974,15.0691773764208
54093,"Tucker","West Virginia",845,"2022-05-15",3.09751496786393,690.825102052997,0.0207446063190038,3.34350980641619,3.25048462288915,3.24272721209696,33.4133687523857
54097,"Upshur","West Virginia",845,"2022-05-15",4.46261864200419,764.470460079453,0.0587373904500046,5.14125676222244,4.87312796592452,4.87378037515422,11.8007826913919
54099,"Wayne","West Virginia",845,"2022-05-15",4.34008794545355,789.601327850405,0.0852667835115372,5.32053406958689,4.92858660851186,4.93695543003431,8.12915829604569
54103,"Wetzel","West Virginia",845,"2022-05-15",3.29583686600433,685.645224782479,0.0213980134697664,3.55966172086447,3.45102063241602,3.44562296029269,32.3930621662289
54107,"Wood","West Virginia",845,"2022-05-15",4.59222967471236,720.383543233486,0.0383912866076294,5.05292511400391,4.86550831734237,4.86096868096577,18.0548046655513
54109,"Wyoming","West Virginia",845,"2022-05-15",3.56347818757266,1440.15534442712,-0.00598385280413847,3.51943500701927,3.53167196764336,3.52159121794369,-115.836268579428
55001,"Adams","Wisconsin",845,"2022-05-15",4.32885187218663,783.592070868132,0.0765903787286206,5.23938920025043,4.86325700856817,4.86498452328697,9.0500555300287
55003,"Ashland","Wisconsin",845,"2022-05-15",3.99688922607139,740.295900218779,0.0399270227529609,4.46001213356383,4.27886788102295,4.27637838534212,17.3603522819277
55005,"Barron","Wisconsin",845,"2022-05-15",5.37527840768417,674.243428707279,0.0324287499781326,5.76442340742176,5.60449462891273,5.6022796575311,21.3744649740539
55007,"Bayfield","Wisconsin",845,"2022-05-15",4.57618264911484,695.163250677347,0.0315954526079599,4.95532808041036,4.79909330682884,4.79735081737056,21.9381943712153
55009,"Brown","Wisconsin",845,"2022-05-15",7.11986677172951,695.877146699527,0.0494013725698709,7.71268324256796,7.46447753867258,7.46567637971861,14.0309295977473
55011,"Buffalo","Wisconsin",845,"2022-05-15",4.3603651378927,678.800898356464,0.0271062404484741,4.69477649460939,4.55320652142848,4.55010882103202,25.5714982635655
55013,"Burnett","Wisconsin",845,"2022-05-15",4.08957128346944,761.391566541064,0.0517667875775603,4.69050752760427,4.45216043225236,4.45193879651236,13.3898047956217
55015,"Calumet","Wisconsin",845,"2022-05-15",5.29186804286813,631.286905008959,0.0253547485513321,5.59612502548412,5.47656987948608,5.46935128272746,27.3379631100119
55017,"Chippewa","Wisconsin",845,"2022-05-15",5.84188672912586,629.187322316338,0.0277112685693979,6.17442195195864,6.04050054427135,6.03586560911164,25.0131883650178
55019,"Clark","Wisconsin",845,"2022-05-15",4.25662536813261,707.153911564562,0.0320417817209672,4.64112674878422,4.48421020861436,4.48091784017938,21.6326041602852
55021,"Columbia","Wisconsin",845,"2022-05-15",6.13463681676919,699.492616852691,0.0436606011681078,6.65856403078648,6.43994806999686,6.44026102494594,15.875804776281
55023,"Crawford","Wisconsin",845,"2022-05-15",3.92055790787798,777.924015930838,0.0631574024426241,4.67844673718946,4.36146744586274,4.36265972497635,10.9749159045868
55025,"Dane","Wisconsin",845,"2022-05-15",8.81829199846612,565.394727652943,0.0321126099404283,9.20364331775126,9.0462780952295,9.04308026804912,21.5848908527147
55027,"Dodge","Wisconsin",845,"2022-05-15",5.65997985199781,727.471546623511,0.050298210649542,6.26355837979232,6.0118574803813,6.0120673265446,13.7807522694897
55029,"Door","Wisconsin",845,"2022-05-15",4.67682617489452,766.204719030925,0.0633756808494901,5.4373343450884,5.11929310055288,5.12045594084095,10.9371161188168
55031,"Douglas","Wisconsin",845,"2022-05-15",5.67626444576231,702.994357280481,0.0414165620091166,6.17130144140125,5.96612209924218,5.96618037982613,16.7359903124593
55033,"Dunn","Wisconsin",845,"2022-05-15",5.54852006597625,658.274503499619,0.030532424854124,5.91490916422574,5.76514872479628,5.76224703995512,22.7020023424809
55035,"Eau Claire","Wisconsin",845,"2022-05-15",6.78008423195926,661.755910231192,0.038038199419422,7.23654262499233,7.04718623114728,7.04635162789521,18.2223972516961
55039,"Fond du Lac","Wisconsin",845,"2022-05-15",6.36376674693241,706.498496863108,0.0476681280540117,6.93578428358056,6.69721955489153,6.69744364331049,14.541103434449
55043,"Grant","Wisconsin",845,"2022-05-15",5.27884325671266,682.507271293434,0.0323952238496026,5.49075488732918,5.50693746013662,5.50560982365988,21.3965856132971
55045,"Green","Wisconsin",845,"2022-05-15",5.55461933633998,667.077683751017,0.032122050275698,5.94008393964836,5.7807204260824,5.77947368826987,21.5785472786072
55047,"Green Lake","Wisconsin",845,"2022-05-15",4.81102224019224,682.65664969129,0.0306096673215082,5.18354361605926,5.02639891436761,5.0252899114428,22.6447146020727
55049,"Iowa","Wisconsin",845,"2022-05-15",4.9638431325895,726.119145958536,0.0434950436861521,5.4751932457836,5.26898348489579,5.26830843839256,15.9362336904751
55053,"Jackson","Wisconsin",845,"2022-05-15",4.17438726989564,759.706894911539,0.0516951090993102,4.77110213666209,4.53607631198328,4.53625303359081,13.408370591275
55055,"Jefferson","Wisconsin",845,"2022-05-15",5.99253540210947,667.542165628332,0.0347478293690898,6.40950935453855,6.23861971826544,6.2357702076931,19.9479274862717
55057,"Juneau","Wisconsin",845,"2022-05-15",4.86753445045558,753.900726207149,0.0566851513934584,5.56077218653606,5.26333998407661,5.26433051020979,12.2280202755167
55059,"Kenosha","Wisconsin",845,"2022-05-15",6.74540440258954,691.675630544987,0.0454773846494284,7.29113301838268,7.06296749055425,7.06374609513554,15.2415796533422
55061,"Kewaunee","Wisconsin",845,"2022-05-15",4.35119917087862,728.010084161326,0.0388534908548971,4.81744106113739,4.62640946210491,4.6231736068629,17.8400232593922
55063,"La Crosse","Wisconsin",845,"2022-05-15",6.82778399732913,650.020518628458,0.0359395864650039,7.25905903490917,7.08050224759876,7.07936110258416,19.2864539839627
55065,"Lafayette","Wisconsin",845,"2022-05-15",4.04054185622913,736.444821748522,0.0390182502164875,4.50876085882698,4.31427084185723,4.31366960774454,17.7646915664878
55067,"Langlade","Wisconsin",845,"2022-05-15",4.37485814519527,772.396816101039,0.064412635084745,5.12745083606765,4.82705851950529,4.82574659078848,10.7610436934928
55069,"Lincoln","Wisconsin",845,"2022-05-15",4.91160391349008,760.373786003083,0.0616832531266678,5.6518029510101,5.34214245683453,5.34338668537676,11.237202083628
55071,"Manitowoc","Wisconsin",845,"2022-05-15",5.69084196338047,692.243279897533,0.0385149451032343,6.15302130461928,5.96211137097905,5.96044657910311,17.9968367786077
55073,"Marathon","Wisconsin",845,"2022-05-15",6.7973024544206,687.755057175873,0.0446471477366104,7.33306822725993,7.10944755803462,7.10983248857687,15.5250047472029
55075,"Marinette","Wisconsin",845,"2022-05-15",4.81681935787657,771.338977519962,0.0701536211360234,5.65866281150885,5.30491808921184,5.30789470582873,9.8804191335466
55077,"Marquette","Wisconsin",845,"2022-05-15",3.95945169899926,760.735742869907,0.0499335903167944,4.55715202610064,4.31149172796251,4.30898683121682,13.881380773191
55078,"Menominee","Wisconsin",845,"2022-05-15",4.37305796469112,771.797502020199,0.06384662357001,5.12065869789083,4.82253042738741,4.81998432968119,10.8564422330005
55079,"Milwaukee","Wisconsin",845,"2022-05-15",8.757693805038,609.978293757311,0.0380733364172076,9.21457384204449,9.02562993428737,9.02420715995845,18.205580224555
55081,"Monroe","Wisconsin",845,"2022-05-15",5.47287073369548,657.332977240438,0.0299609127636531,5.83240168685932,5.68457567478959,5.68259712304105,23.1350488560826
55083,"Oconto","Wisconsin",845,"2022-05-15",4.62216776235667,691.156656440435,0.0310539097807015,4.99481467972509,4.8435511283802,4.83954513082158,22.3207700883675
55085,"Oneida","Wisconsin",845,"2022-05-15",4.52334016774046,759.127448791266,0.055931711070492,5.19452070058636,4.91500249667598,4.9148621452339,12.3927404918179
55087,"Outagamie","Wisconsin",845,"2022-05-15",6.59987049921284,624.0023319109,0.0305552858861901,6.96653392984712,6.81832195529771,6.81375750041617,22.6850170259158
55089,"Ozaukee","Wisconsin",845,"2022-05-15",6.56606947530804,698.788048881039,0.0464979728930774,7.12404515002497,6.89049875996689,6.89155528555958,14.9070408328089
55091,"Pepin","Wisconsin",845,"2022-05-15",3.34739467566918,786.823806743933,0.0623593380764244,4.06434426978946,3.78407317241066,3.78391004220415,11.1153710405082
55093,"Pierce","Wisconsin",845,"2022-05-15",5.54182361238113,709.681599307767,0.0425252580061124,6.05212670845448,5.83970947169528,5.83950041842392,16.2996584397046
55095,"Polk","Wisconsin",845,"2022-05-15",5.58938655338878,544.146109792874,0.0188923882308111,5.81609521215851,5.73463541462819,5.72163327100446,36.6892301858116
55097,"Portage","Wisconsin",845,"2022-05-15",5.90224293714421,627.833259078896,0.0278188886322151,6.23606960073079,6.10188625143418,6.09697515756972,24.9164224252029
55099,"Price","Wisconsin",845,"2022-05-15",3.3322045101752,798.351431938116,0.0792294255198709,4.25054522750675,3.88642228636948,3.8868104888143,8.74860793211358
55101,"Racine","Wisconsin",845,"2022-05-15",6.92475285535071,719.265141857803,0.0573550419647238,7.6130133589274,7.32219579883179,7.32623814910378,12.0852004778632
55103,"Richland","Wisconsin",845,"2022-05-15",4.71081637512308,677.11315276027,0.0287168897697916,5.02220631436973,4.91582674649864,4.91183460351162,24.1372650769824
55105,"Rock","Wisconsin",845,"2022-05-15",6.93425809884813,682.678440574267,0.0440769728202548,7.46318177269118,7.2417705685378,7.24279690858991,15.725834516508
55107,"Rusk","Wisconsin",845,"2022-05-15",3.73426245996176,742.292579415118,0.0382188214324794,4.19288831715151,4.00528732004776,4.00179420998912,18.1362782676205
55109,"St. Croix","Wisconsin",845,"2022-05-15",6.55840041652991,695.300347834556,0.0453242306970529,7.10229118489454,6.87412688353157,6.87567003140928,15.2930820865541
55111,"Sauk","Wisconsin",845,"2022-05-15",6.17467856268496,703.943723279492,0.045383268684981,6.71927778690473,6.4921163595404,6.49236144347983,15.2731876888659
55113,"Sawyer","Wisconsin",845,"2022-05-15",4.21106883653024,795.478023055316,0.0945840487218773,5.34607742119277,4.86049569595167,4.87315717758338,7.32837291199209
55115,"Shawano","Wisconsin",845,"2022-05-15",5.6757748496693,753.784954918783,0.0658327655494761,6.46576803626301,6.13403858094091,6.13660420851563,10.5289087398131
55117,"Sheboygan","Wisconsin",845,"2022-05-15",6.15182042460891,714.043525425067,0.0488408431989664,6.7379105429965,6.49392431786282,6.49370632700168,14.1919576968854
55119,"Taylor","Wisconsin",845,"2022-05-15",3.8255309740747,773.434566371686,0.0574702329054986,4.51517376894069,4.22758451969805,4.22782260441319,12.0609774054635
55121,"Trempealeau","Wisconsin",845,"2022-05-15",4.84867643182119,706.333210757641,0.0361638269099781,5.26786855269294,5.10381515730793,5.10182322019104,19.1668647868873
55123,"Vernon","Wisconsin",845,"2022-05-15",5.15329159449778,665.426825427221,0.0294764871313314,5.49952177934617,5.36317146545505,5.3596270044171,23.5152573463607
55125,"Vilas","Wisconsin",845,"2022-05-15",3.75787232560089,776.77619203982,0.0590319659448186,4.44060926974494,4.17531981666444,4.17109608721462,11.7418955893808
55127,"Walworth","Wisconsin",845,"2022-05-15",5.5851061830226,766.166376543916,0.0756444817630363,6.49283996417904,6.10699698509688,6.11461755536385,9.16322201441338
55129,"Washburn","Wisconsin",845,"2022-05-15",4.27666611901606,706.071292517835,0.0320100304969375,4.67118237688276,4.50457548602486,4.50073633249462,21.6540618612113
55131,"Washington","Wisconsin",845,"2022-05-15",6.64230052959621,693.659601061293,0.0453893837776011,7.18697313492743,6.95928582808951,6.96002621603942,15.2711300059994
55133,"Waukesha","Wisconsin",845,"2022-05-15",7.87359778968554,658.353905751805,0.0433458138600399,8.39374755600602,8.17611273646405,8.17701848670582,15.9910985360215
55135,"Waupaca","Wisconsin",845,"2022-05-15",5.09637602288443,771.195042030541,0.0740698951541626,5.98521476473438,5.61078462459623,5.61486528896357,9.35801487388755
55137,"Waushara","Wisconsin",845,"2022-05-15",4.6291656915443,740.708102016327,0.0465009535775556,5.17517938169686,4.95551631782736,4.95467236658719,14.9060853000336
55139,"Winnebago","Wisconsin",845,"2022-05-15",7.00163586597687,639.104232647434,0.034852082541337,7.41986085647292,7.24766703867265,7.24560044376623,19.8882571719444
55141,"Wood","Wisconsin",845,"2022-05-15",6.05007032570845,698.040399284081,0.0426182540328181,6.56148937410227,6.34870566185703,6.34839810393818,16.2640914389921
56001,"Albany","Wyoming",845,"2022-05-15",3.71705033108063,708.79611890322,0.0285292215706667,4.08549525358943,3.92423069444813,3.9167548820753,24.2960425275897
56005,"Campbell","Wyoming",845,"2022-05-15",3.10394585819422,792.368436383257,0.064864094907527,3.86794740192066,3.55660923191325,3.55799452254691,10.6861458800608
56013,"Fremont","Wyoming",845,"2022-05-15",3.2188758248682,1166.1347447056,-0.00984786810839143,3.09355753412396,3.15145663865139,3.14994074810946,-70.3855060740822
56021,"Laramie","Wyoming",845,"2022-05-15",4.92518114555524,761.115612184914,0.0624354359838659,5.67440637736163,5.36040269920779,5.3622291974423,11.1018233417808
56025,"Natrona","Wyoming",845,"2022-05-15",4.54329478227,616.676788591395,0.020411071163747,4.8031988145425,4.69435078314435,4.68617228041623,33.9593730774441
56027,"Niobrara","Wyoming",845,"2022-05-15",3.5715427474094,787.082755197955,0.066586493697883,4.32261171189527,4.02919951104954,4.03764820329458,10.409726388431
56029,"Park","Wyoming",845,"2022-05-15",3.74106520728451,747.358868592827,0.0401345485536316,4.19972456916811,4.02765541964239,4.02200704715993,17.2705862041452
56033,"Sheridan","Wyoming",845,"2022-05-15",3.67449071666184,793.991314678226,0.0792843873669283,4.59918307769781,4.21779403739154,4.22948142823034,8.74254318636604
56039,"Teton","Wyoming",845,"2022-05-15",4.64163986576949,3371.97531776467,-0.0018337523534374,4.62101066955511,4.63109356412584,4.62880359929543,-377.993887375594
78010,"St. Croix","Virgin Islands",845,"2022-05-15",6.35163338030097,742.08504846884,0.0648688814218497,7.13005995736316,6.81342601783582,6.80571555025392,10.6853573757859
78020,"St. John","Virgin Islands",845,"2022-05-15",3.500827222611,795.09756483715,0.0768223305158791,4.37137768123888,4.02996066078114,4.03858353622215,9.02273044706281
78030,"St. Thomas","Virgin Islands",845,"2022-05-15",7.07278533866603,729.616562991963,0.0640746975304916,7.84168170903193,7.53444655795811,7.52130822137947,10.8177987142287
99999,"New York City","New York",845,"2022-05-15",11.1347662765277,374.68336736277,0.023929439645044,11.4219195522682,11.3004874639139,11.302272354043,28.9662938556734
