"fips","county","state","days_from_start","datetime","log_rolled_cases.x","t0.hat","tau.hat","predicted.grf.future","predicted.grf.future.0","predicted.grf.future.last","Predicted_Double_Days"
1001,"Autauga","Alabama",189,"2020-07-28",5.87090981670924,-268.09479033478,0.0129860151946493,6.02674199904503,5.96751929715529,5.96181192307179,53.3764338151666
1003,"Baldwin","Alabama",189,"2020-07-28",7.48845338726208,-26.3754566917072,0.0355956607535068,7.91560131630416,7.7353430705764,7.73762301253663,19.472799939292
1005,"Barbour","Alabama",189,"2020-07-28",5.33822465713989,-86.3275924519744,0.0197472429977279,5.57519157311262,5.47749751818046,5.47645535812399,35.1009596954724
1007,"Bibb","Alabama",189,"2020-07-28",4.85759510855303,-2.8758764815599,0.0259847745216013,5.16774480815917,5.03961464075261,5.03948853020424,26.6751277746792
1009,"Blount","Alabama",189,"2020-07-28",5.98285617257138,20.2787385961925,0.0365429396357695,6.42137144820061,6.23739008416977,6.23865675002177,18.9680191979265
1011,"Bullock","Alabama",189,"2020-07-28",3.77767495289707,117.442264600361,0.0562243902750221,4.41686077423121,4.16336718890449,4.17124568482222,12.3282293888721
1013,"Butler","Alabama",189,"2020-07-28",4.57618264911484,-116.965501150673,0.0152050073234934,4.75864273699676,4.68598825005579,4.68261770037929,45.5867705824092
1015,"Calhoun","Alabama",189,"2020-07-28",6.60645711736858,46.766706871384,0.0481403380095015,7.1841411734826,6.94007309181604,6.94343948343509,14.3984693340362
1017,"Chambers","Alabama",189,"2020-07-28",5.22804817070148,1268.61376278537,-0.004820193464331,5.17020584912951,5.19559817753284,5.19430681645116,-143.80069714819
1019,"Cherokee","Alabama",189,"2020-07-28",4.76947323727937,-95.6571258047525,0.0170547173563146,4.97412984555515,4.89738992639796,4.88885625877357,40.6425486906884
1021,"Chilton","Alabama",189,"2020-07-28",5.86808552594748,24.1830652244916,0.0366845054634387,6.30301928248343,6.12410092283744,6.12487706419155,18.8948214458217
1023,"Choctaw","Alabama",189,"2020-07-28",4.13630876132113,108.657411304379,0.0549000085201685,4.79510886356315,4.51915589293135,4.52060882096231,12.6256297447623
1025,"Clarke","Alabama",189,"2020-07-28",5.10507929801273,24.2031208603901,0.0319473028853872,5.48844693263738,5.32717441696904,5.32871041821044,21.6965789896772
1027,"Clay","Alabama",189,"2020-07-28",4.55387689160054,69.6868507724253,0.0398368597346109,5.03191920841587,4.83425290517529,4.83273490974282,17.3996440778119
1029,"Cleburne","Alabama",189,"2020-07-28",4.08717607274349,93.7710391539519,0.0451452177178664,4.61514869446608,4.4067161397956,4.40319259676855,15.3537232867443
1031,"Coffee","Alabama",189,"2020-07-28",5.54685015186706,40.9569249429437,0.0387774811863808,6.01217992610363,5.8172920299012,5.81829252017173,17.874992375817
1033,"Colbert","Alabama",189,"2020-07-28",6.1894367998514,-26.3816149943529,0.0294200460435554,6.54247735237406,6.39475773479828,6.39537712215629,23.5603703520302
1035,"Conecuh","Alabama",189,"2020-07-28",4.89996972620873,-88.6930200833447,0.017968812420322,5.11559547525259,5.02763408781969,5.02575141315098,38.5750134369494
1037,"Coosa","Alabama",189,"2020-07-28",3.33729357968267,138.36518859869,0.07240284133586,4.17292410531125,3.84824833924055,3.84411346903369,9.57348037412781
1039,"Covington","Alabama",189,"2020-07-28",5.81285039510235,-95.1664782199529,0.0208221647246718,6.06271637179841,5.96002637143115,5.95860554817505,33.2889106260239
1041,"Crenshaw","Alabama",189,"2020-07-28",4.60517018598809,102.195915049135,0.056083091727928,5.26082310075374,5.00103673424454,4.99775182808359,12.3592897467665
1043,"Cullman","Alabama",189,"2020-07-28",6.26149168432104,-13.0175129089072,0.0317813964447724,6.64286844165831,6.48078784084565,6.48396145943445,21.8098402870513
1045,"Dale","Alabama",189,"2020-07-28",5.94878070137031,23.8127989732966,0.0371364295227222,6.39441785564298,6.20750085853306,6.20873570802936,18.6648848440273
1047,"Dallas","Alabama",189,"2020-07-28",5.93828978462073,1130.05175882382,-0.00627691849757094,5.86296676264988,5.89819256680574,5.89435135513773,-110.427940211137
1049,"DeKalb","Alabama",189,"2020-07-28",6.68300329197133,-470.660678475614,0.0102083468760225,6.8055034544836,6.7623421941403,6.75446172010349,67.9000418949336
1051,"Elmore","Alabama",189,"2020-07-28",6.35610766069589,-208.77089612455,0.0161827358478219,6.55030049086975,6.47183478293496,6.46938681163064,42.8325091058839
1053,"Escambia","Alabama",189,"2020-07-28",6.24527585558748,-149.987867780202,0.0186991099320335,6.46966517477188,6.37866726334404,6.37616962511172,37.0684585030709
1055,"Etowah","Alabama",189,"2020-07-28",6.83978229539593,-86.3002262249584,0.0253043898294909,7.14343497334982,7.01697801589589,7.01691302420237,27.3923688826561
1057,"Fayette","Alabama",189,"2020-07-28",4.25662536813261,105.966900619894,0.0545085919471099,4.9075774758438,4.63862688243921,4.63818551176238,12.7162921623899
1059,"Franklin","Alabama",189,"2020-07-28",5.31741946842152,-361.869668102458,0.00977335346179341,5.4522574519787,5.39139280673614,5.38583294265407,70.9221438956074
1061,"Geneva","Alabama",189,"2020-07-28",4.69787958409236,42.9435180694728,0.0333049535887769,5.09753902715768,4.932570514488,4.9310142592138,20.8121347087996
1063,"Greene","Alabama",189,"2020-07-28",3.99162605602711,487.115081474082,-0.0132894195595406,3.86875045781891,3.9036118639332,3.89860011911033,-52.1578220519293
1065,"Hale","Alabama",189,"2020-07-28",4.76095218754744,1625.9648877846,-0.00333241622787274,4.76523819734164,4.73551460497478,4.73762527395233,-208.001381928937
1067,"Henry","Alabama",189,"2020-07-28",4.47082213345701,83.0582056324402,0.0441203571253289,4.9830323018722,4.78037249752433,4.77966463333431,15.7103710332847
1069,"Houston","Alabama",189,"2020-07-28",6.40357419793482,15.6568035403769,0.0380813516763405,6.86771268681428,6.6691556585437,6.6701436596692,18.2017483636378
1071,"Jackson","Alabama",189,"2020-07-28",5.95250094375629,-293.475766923706,0.0124666032416833,6.10210018265649,6.04851352730378,6.03976716644807,55.6003240916772
1073,"Jefferson","Alabama",189,"2020-07-28",8.57500377350062,-535.730719011637,0.0119141833841359,8.71797397411025,8.66591200663457,8.65840305718957,58.1783205958449
1075,"Lamar","Alabama",189,"2020-07-28",4.48219512362928,93.4610117576998,0.0494518995868707,5.07074775029754,4.82982758453942,4.82835842073737,14.0165936263442
1077,"Lauderdale","Alabama",189,"2020-07-28",6.01754991758366,-257.542214885745,0.0136284815238805,6.18109169587023,6.11713879041377,6.11294928825082,50.8601915294362
1079,"Lawrence","Alabama",189,"2020-07-28",4.88712158373089,79.7962951893333,0.0468996912596396,5.44991787884657,5.21487502602973,5.21541942254837,14.7793548729914
1081,"Lee","Alabama",189,"2020-07-28",6.92193991397409,-525.357078922524,0.00977859298925656,7.05385727470238,6.99946418445288,6.99039006489889,70.8841426697568
1083,"Limestone","Alabama",189,"2020-07-28",6.30209555254531,-250.200083346099,0.0145142661051079,6.4762667458066,6.407154027847,6.40369541528107,47.7562679049967
1085,"Lowndes","Alabama",189,"2020-07-28",4.29436569611546,-64.138889373254,0.0173062985288687,4.50204127846188,4.41511650724701,4.41550978581754,40.0517291091277
1087,"Macon","Alabama",189,"2020-07-28",4.65667774313402,1698.49339832613,-0.00307474284686929,4.61978082897159,4.63478982911794,4.63515454320594,-225.432569512507
1089,"Madison","Alabama",189,"2020-07-28",7.97497518065723,-284.323536836719,0.0170287729600866,8.17932045617827,8.09530646328524,8.09417659137784,40.7044701450069
1091,"Marengo","Alabama",189,"2020-07-28",5.14832469686944,-75.5089799211552,0.0198954335533129,5.40178886914912,5.28906218334957,5.28759273174263,34.8395112226405
1093,"Marion","Alabama",189,"2020-07-28",5.58026876429083,-114.884749800309,0.0186703027438473,5.804312397217,5.71497692128633,5.71096088349776,37.125652972519
1095,"Marshall","Alabama",189,"2020-07-28",6.91501458066372,-499.257908583833,0.0101206506266371,7.03646238818337,6.99128861210095,6.98585913505018,68.4884012037342
1097,"Mobile","Alabama",189,"2020-07-28",8.05697014735885,-120.356274443947,0.0264721670748493,8.37463615225704,8.23985980096496,8.24227531688279,26.1839984085961
1099,"Monroe","Alabama",189,"2020-07-28",5.10767557813836,-216.7812097903,0.0127442990174386,5.26060716634762,5.20616676335326,5.19688567126043,54.3888039358997
1101,"Montgomery","Alabama",189,"2020-07-28",7.41103824255696,-278.694341666207,0.0160171360986804,7.60324387574112,7.52324463535193,7.52315819524772,43.2753506175834
1103,"Morgan","Alabama",189,"2020-07-28",6.76602711915344,-306.767392868052,0.0137866272647265,6.93146664633016,6.86473060357658,6.86253351000653,50.2767767090782
1105,"Perry","Alabama",189,"2020-07-28",5.44796814105244,-152.529088929171,0.0161886990464562,5.64223252960991,5.5638552317428,5.56128903437763,42.8167315094834
1107,"Pickens","Alabama",189,"2020-07-28",4.67948221895265,954.089514731471,-0.00611173836006849,4.63324476755004,4.63982930192583,4.63670005043217,-113.412443354689
1109,"Pike","Alabama",189,"2020-07-28",5.15576582256413,-108.540639621056,0.0176182711999052,5.36547958023637,5.28093748490954,5.27909372096347,39.3425196317602
1111,"Randolph","Alabama",189,"2020-07-28",5.14749447681345,1194.08537677828,-0.00510948328599375,5.09970055064339,5.11571334043139,5.11172809381149,-135.65895840388
1113,"Russell","Alabama",189,"2020-07-28",6.27341594485078,-223.06865107844,0.0154111988929404,6.45835033156606,6.38341720486702,6.38129433710136,44.9768499761213
1115,"St. Clair","Alabama",189,"2020-07-28",6.49548132894464,-150.064786443685,0.0194437773525693,6.72880665717547,6.6336208794593,6.63158777041263,35.6487923098107
1117,"Shelby","Alabama",189,"2020-07-28",7.30451594646016,-281.4762465685,0.0156925643366535,7.4928267185,7.41807216772497,7.41436389681673,44.1704214613889
1119,"Sumter","Alabama",189,"2020-07-28",4.03550406219917,91.4829439755524,0.0436190280539492,4.55893239884656,4.3405782804587,4.34083725857681,15.890935939761
1121,"Talladega","Alabama",189,"2020-07-28",6.20282465988186,4.78632328162719,0.0346113353258711,6.61816068379231,6.44320849190138,6.44510400716296,20.02659458336
1123,"Tallapoosa","Alabama",189,"2020-07-28",5.29186804286813,-138.246866537674,0.0164217827770544,5.48892943619278,5.41094558594342,5.40682052230751,42.2090092147885
1125,"Tuscaloosa","Alabama",189,"2020-07-28",7.19679357420506,-464.754787098843,0.0110932415718862,7.32991247306769,7.2788835509141,7.27444626520826,62.4837362522241
1127,"Walker","Alabama",189,"2020-07-28",6.11336607425034,-362.72083145792,0.0112157062486942,6.26644872065819,6.20245921314986,6.1918760179912,61.8014742175196
1129,"Washington","Alabama",189,"2020-07-28",5.07606627401685,75.7229309563051,0.0468443999857345,5.63430713139465,5.40612639246131,5.40397707391699,14.7967992069709
1131,"Wilcox","Alabama",189,"2020-07-28",4.57323713888508,6.7247362091484,0.0259432978845299,4.91042455069903,4.7538760690414,4.75484022407679,26.7177744188518
1133,"Winston","Alabama",189,"2020-07-28",4.91893762891555,-204.440916712792,0.012663283957165,5.07089703640153,5.01710746308273,5.00758061661571,54.7367636155516
2016,"Aleutians West Census Area","Alaska",189,"2020-07-28",4.39972621177328,-33.5998786666993,0.0202193412916025,4.64235830727251,4.55972501540384,4.5412616008145,34.2813927794881
2020,"Anchorage","Alaska",189,"2020-07-28",6.68959926917897,54.5810309019282,0.0514698646051357,7.27881519207563,7.04413705856183,7.04988832141492,13.4670488426111
2090,"Fairbanks North Star Borough","Alaska",189,"2020-07-28",5.38711286533117,-77.733341774495,0.0205824478792336,5.63410223988197,5.53795189274641,5.53119000048581,33.6766153679557
2110,"Juneau City and Borough","Alaska",189,"2020-07-28",4.17218704898604,109.413609166734,0.0560211516733987,4.85066933372255,4.57299679233437,4.56433511069983,12.3729548546408
2122,"Kenai Peninsula Borough","Alaska",189,"2020-07-28",5.05806398766737,105.54031214675,0.0644670419429642,5.83166849098294,5.50129799208785,5.50933328126812,10.7519619276652
2170,"Matanuska-Susitna Borough","Alaska",189,"2020-07-28",4.79460921055091,-91.0820735684918,0.0174297406892169,5.00376609882151,4.92215638954313,4.91661739537543,39.7680718789331
2261,"Valdez-Cordova Census Area","Alaska",189,"2020-07-28",3.99426110366512,115.310835361711,0.0583388787441015,4.70731539179597,4.40690491234765,4.40263325487383,11.8813936003188
2290,"Yukon-Koyukuk Census Area","Alaska",189,"2020-07-28",3.57555076880693,118.011725269783,0.0543342201453972,4.23743208795131,3.96103428577934,3.95589030982471,12.7571018541372
2997,"Bristol Bay plus Lake and Peninsula","Alaska",189,"2020-07-28",3.30636327899132,280.745030426632,-0.0343508936375571,2.91106752649677,3.07760006839226,3.06590702352842,-20.1784322665219
4001,"Apache","Arizona",189,"2020-07-28",6.17586727010576,-518.119628612653,0.0087960327819191,6.28141966348879,6.23608619150778,6.23743949957919,78.8022507129306
4003,"Cochise","Arizona",189,"2020-07-28",6.43592140443025,570.920813602313,-0.016633691386386,6.23631710779362,6.3250448131642,6.31948556472555,-41.671278158212
4005,"Coconino","Arizona",189,"2020-07-28",6.65415252018322,481.847719922046,-0.0223407871711248,6.38606307412972,6.51247084165726,6.49776700998535,-31.0260858424822
4007,"Gila","Arizona",189,"2020-07-28",5.84354441703136,-135.906939643587,0.0182792788373436,6.06701949779449,5.96885738256947,5.97149936889276,37.9198318887659
4009,"Graham","Arizona",189,"2020-07-28",5.48361069373115,24.4986484490824,0.0343797130269496,5.89616725005455,5.72239064992412,5.7242686849198,20.1615173464828
4011,"Greenlee","Arizona",189,"2020-07-28",3.20738144544247,77.2660565508176,0.0295500961634364,3.50859944678736,3.41445459965544,3.41423211858652,23.4566810451739
4012,"La Paz","Arizona",189,"2020-07-28",4.64576358295334,419.877358443171,-0.0196956741147863,4.4094154935759,4.51258964315922,4.50789386414984,-35.1928640025361
4013,"Maricopa","Arizona",189,"2020-07-28",10.8027861610881,985.558821720696,-0.0134772219684363,10.6410594974669,10.7159013049436,10.708445607309,-51.4310131704662
4015,"Mohave","Arizona",189,"2020-07-28",7.24013753035182,1584.4377410922,-0.00517585976896126,7.18635904582657,7.20149322621882,7.20390651196909,-133.919234967807
4017,"Navajo","Arizona",189,"2020-07-28",7.12585757305693,824.568862804221,-0.0111242646760288,6.99236639694459,7.04885195340319,7.04798772032473,-62.3094829857455
4019,"Pima","Arizona",189,"2020-07-28",8.64887287067729,764.345458133469,-0.0149029733057516,8.47003719100827,8.55098474666744,8.54455205753703,-46.510663767507
4021,"Pinal","Arizona",189,"2020-07-28",8.0768704096688,766.366104201573,-0.0138690599459634,7.91044169031724,7.98512520115821,7.97978699004706,-49.9779497140096
4023,"Santa Cruz","Arizona",189,"2020-07-28",6.35957386867238,448.417320542274,-0.0240512756714651,6.0709585606148,6.20189696652,6.19121493897212,-28.8195599280544
4025,"Yavapai","Arizona",189,"2020-07-28",6.53004429434433,1553.23847794025,-0.00476910662353537,6.47281501486191,6.49272477473761,6.49666054797958,-145.341095361402
4027,"Yuma","Arizona",189,"2020-07-28",8.08961392934856,617.489300162644,-0.0186616230811542,7.86567445237471,7.968317761817,7.95898256778048,-37.1429203958114
5001,"Arkansas","Arkansas",189,"2020-07-28",4.86202479464461,-10.858419137171,0.0249585281722437,5.16288168170087,5.04047502692772,5.03673449185032,27.7719573757075
5003,"Ashley","Arkansas",189,"2020-07-28",4.51242813428948,101.181316254196,0.0544856296936514,5.1662556906133,4.89189208522108,4.89382754214504,12.7216512768083
5005,"Baxter","Arkansas",189,"2020-07-28",3.40119738166216,66.2492669784701,0.0289846402038382,3.76077831281331,3.60897695171381,3.60408986308903,23.9142930767917
5007,"Benton","Arkansas",189,"2020-07-28",7.14767166231068,-586.308687110139,0.00927897060219536,7.25901930953702,7.21987845174846,7.21262445652605,74.7008704172368
5009,"Boone","Arkansas",189,"2020-07-28",4.34194841110647,122.680677056783,0.070129574266371,5.14185290350638,4.83173254616052,4.83285543097107,9.88380705017809
5011,"Bradley","Arkansas",189,"2020-07-28",4.08477511120595,68.739018058236,0.035150269450147,4.47325780574329,4.33174409516489,4.33082699735698,19.7195410277871
5015,"Carroll","Arkansas",189,"2020-07-28",4.88819858975853,-123.690621478477,0.0158867324791063,5.07883937950781,5.00338110139803,4.99940571711227,43.6305691854224
5017,"Chicot","Arkansas",189,"2020-07-28",4.94875989037817,-146.659815944671,0.0149663178038127,5.12835570402392,5.05523169701772,5.05352411500486,46.3138087568448
5019,"Clark","Arkansas",189,"2020-07-28",4.25459902498738,130.644749392461,0.0786829224865229,5.14234211764025,4.80604604035125,4.80537948239304,8.8093725888063
5021,"Clay","Arkansas",189,"2020-07-28",3.64507683145554,466.222889093677,-0.0129353177673276,3.49541893843203,3.56007910399103,3.55452960708425,-53.585632222404
5023,"Cleburne","Arkansas",189,"2020-07-28",4.21318523943662,448.352444259214,-0.0161567277316693,4.07718973431737,4.11310015217393,4.10008814531493,-42.901458269999
5025,"Cleveland","Arkansas",189,"2020-07-28",3.33729357968267,134.193474172248,0.0661000606863017,4.0854151080239,3.80324616151342,3.79999400448678,10.4863319846178
5027,"Columbia","Arkansas",189,"2020-07-28",4.29825675160842,84.1921420152989,0.043113716634655,4.82045230668015,4.59950875806462,4.600052768051,16.0771845868373
5029,"Conway","Arkansas",189,"2020-07-28",4.00992722040952,335.601794810027,-0.0264503941093467,3.69252249109736,3.8414232600166,3.82477446164409,-26.2055520872186
5031,"Craighead","Arkansas",189,"2020-07-28",6.11998339790896,73.6083840503989,0.0554388423909205,6.78524950660001,6.50663127514178,6.5080552946454,12.5029158378218
5033,"Crawford","Arkansas",189,"2020-07-28",5.47646355193151,-29.9893836825874,0.0255922207807038,5.78357020129996,5.65577621981133,5.65560909739644,27.0842920002694
5035,"Crittenden","Arkansas",189,"2020-07-28",5.72124810626383,52.9977342814213,0.0435880144496912,6.23318482447998,6.02447896526683,6.02636420741167,15.9022426075399
5037,"Cross","Arkansas",189,"2020-07-28",3.99688922607139,131.853324364356,0.0766470571201553,4.91665391151325,4.53089748350402,4.53341862591248,9.0433632627713
5041,"Desha","Arkansas",189,"2020-07-28",4.252568567437,739.12523900725,-0.0077527048026477,4.21068964889069,4.1966259750922,4.19829963381847,-89.407142178717
5043,"Drew","Arkansas",189,"2020-07-28",4.1155467698727,82.9338530809613,0.040543738413139,4.58412428406704,4.39946310759932,4.39935293876467,17.0962818844381
5045,"Faulkner","Arkansas",189,"2020-07-28",6.20801498295255,-289.234265512385,0.0131182702423945,6.36543422586128,6.30690314280779,6.29984287464931,52.8383062516802
5047,"Franklin","Arkansas",189,"2020-07-28",3.8286413964891,116.528958949088,0.0570368568937101,4.53277839561506,4.23069648270178,4.22789939474507,12.1526188206977
5051,"Garland","Arkansas",189,"2020-07-28",5.89676132592414,80.4159920386029,0.0569273331084244,6.57988932322523,6.29314911203334,6.29525265768311,12.1759995192427
5053,"Grant","Arkansas",189,"2020-07-28",4.13173209429372,89.1256236968611,0.0436095979922214,4.66074858624928,4.43844806740721,4.43699928023927,15.8943721674201
5055,"Greene","Arkansas",189,"2020-07-28",4.59222967471236,121.536141624155,0.0735181878628266,5.47444792906628,5.10213980822483,5.10685698975215,9.42824083005486
5057,"Hempstead","Arkansas",189,"2020-07-28",4.65803367554516,82.471754345599,0.0456608833542924,5.18379998224305,4.97899215527227,4.97765985902521,15.1803278789346
5059,"Hot Spring","Arkansas",189,"2020-07-28",6.74624424474859,749.421080956208,-0.0119313631415011,6.60306788705058,6.66859895188441,6.66272470275808,-58.0945506678076
5061,"Howard","Arkansas",189,"2020-07-28",4.91370475459889,105.034618372059,0.0622260622730938,5.66041750187602,5.34311981185562,5.34928719051055,11.1391779463387
5063,"Independence","Arkansas",189,"2020-07-28",4.89677313318311,137.625128361512,0.105591087590616,6.1638661842705,5.5946174687281,5.63591074631742,6.56444778035934
5067,"Jackson","Arkansas",189,"2020-07-28",3.03082359336526,24.7952799241169,0.0189936519208955,3.25180286033567,3.16888369657175,3.16377915681153,36.4936234193801
5069,"Jefferson","Arkansas",189,"2020-07-28",6.03923378214331,-5.48078393221218,0.0318725395621325,6.4217042568889,6.26273994609155,6.26234155907824,21.7474725918442
5071,"Johnson","Arkansas",189,"2020-07-28",5.72358510195238,-177.183920146368,0.0158467328767929,5.91374589647389,5.83814650693722,5.83451223208993,43.7406994835536
5073,"Lafayette","Arkansas",189,"2020-07-28",3.19575340744735,75.0556366775332,0.0291139131284023,3.52116368714023,3.40499496838866,3.39955079934617,23.808107742265
5075,"Lawrence","Arkansas",189,"2020-07-28",3.97029191355212,88.6261699417298,0.041382833597056,4.44343334197996,4.26288830150078,4.25997174873151,16.7496307118335
5077,"Lee","Arkansas",189,"2020-07-28",4.72104664337389,260.456599716324,-0.0617480591720054,3.98006993330982,4.40385532657487,4.28881022916985,-11.2254083748465
5079,"Lincoln","Arkansas",189,"2020-07-28",4.63611498983751,22.7965908431637,0.0288399777483365,4.99518246601918,4.84158802908942,4.83799483407587,24.0342481054766
5081,"Little River","Arkansas",189,"2020-07-28",3.73766961828337,148.005988042805,0.100930142571617,4.84404246942357,4.41060707641284,4.44418061628469,6.86759339577976
5083,"Logan","Arkansas",189,"2020-07-28",4.20894794496111,-125.331972035172,0.0136507443969148,4.38642061680872,4.31602850082411,4.30450315573951,50.7772441125336
5085,"Lonoke","Arkansas",189,"2020-07-28",5.13495774763547,89.4303783382088,0.0542310491399185,5.77938238916312,5.51258727451768,5.5145750916149,12.7813714016779
5087,"Madison","Arkansas",189,"2020-07-28",3.79066214842388,452.033543874844,-0.0143474407405097,3.67342609832703,3.68551351556076,3.69023006324031,-48.3115555656457
5091,"Miller","Arkansas",189,"2020-07-28",5.51859968558121,534.570357178408,-0.0157417750034489,5.32969838553982,5.42035869353584,5.40840726055707,-44.032339453974
5093,"Mississippi","Arkansas",189,"2020-07-28",5.83146345360255,-17.4320449460432,0.0289500285575942,6.17886379629368,6.03544348567988,6.03411365350571,23.9428841730147
5095,"Monroe","Arkansas",189,"2020-07-28",3.26902560855367,114.467647182412,0.0470144540790915,3.83319905750277,3.60068947861557,3.59812678710731,14.7432782989222
5101,"Newton","Arkansas",189,"2020-07-28",4.05550472890584,145.965131769075,0.103861723243801,5.19670763674035,4.6961246298718,4.78253679161245,6.67375004873428
5103,"Ouachita","Arkansas",189,"2020-07-28",3.74106520728451,113.516473686855,0.0526068594030179,4.33919927182076,4.11329939550257,4.10931322310563,13.175984813117
5107,"Phillips","Arkansas",189,"2020-07-28",4.48057830840238,57.5197803445009,0.0354633260131537,4.91096917601609,4.72635786459555,4.72882159049446,19.5454645258837
5109,"Pike","Arkansas",189,"2020-07-28",3.78418963391826,127.163408286855,0.0665801646414188,4.58315160961529,4.25315785618847,4.25025078640819,10.4107159285807
5111,"Poinsett","Arkansas",189,"2020-07-28",4.04054185622913,116.461940135682,0.0594324776337729,4.72714396391975,4.45913881540476,4.45656919966554,11.6627677013765
5113,"Polk","Arkansas",189,"2020-07-28",3.68171096463532,94.8451161337895,0.0414395499860141,4.19181286630328,3.97285490923305,3.97178781453742,16.7267062695875
5115,"Pope","Arkansas",189,"2020-07-28",6.32076829425058,-29.1760811550175,0.0296504573121139,6.67657378199595,6.52850821279109,6.52832149543538,23.3772846490551
5117,"Prairie","Arkansas",189,"2020-07-28",3.52214999207982,-3.58761605751908,0.0187760261903421,3.74746230636393,3.66388357461159,3.65358217541221,36.9166070356507
5119,"Pulaski","Arkansas",189,"2020-07-28",7.59538727885397,-406.190839874553,0.0128693750659844,7.74981977964578,7.69164027613137,7.68547290431586,53.8602050997823
5121,"Randolph","Arkansas",189,"2020-07-28",4.38202663467388,104.484331318638,0.0550070913056531,5.03401074305358,4.76702358793608,4.76707627381345,12.6010513209723
5123,"St. Francis","Arkansas",189,"2020-07-28",5.19533497329518,14.4599411390599,0.0306437016018526,5.56305939251741,5.40993558673833,5.40984088450815,22.6195643583097
5125,"Saline","Arkansas",189,"2020-07-28",5.99431761609039,-36.7240674052195,0.0271575170146064,6.32020782026567,6.1845051729896,6.18442023519264,25.5232162861996
5131,"Sebastian","Arkansas",189,"2020-07-28",6.70108247989577,-100.295757837123,0.023570814179137,6.98393225004541,6.86529006825202,6.86607817914973,29.4070105212345
5133,"Sevier","Arkansas",189,"2020-07-28",5.15163870155948,523.118588915715,-0.0152297775399686,4.98194333837476,5.03885776835224,5.0450302587797,-45.5126267432909
5135,"Sharp","Arkansas",189,"2020-07-28",3.48781185449893,10.2752010087749,0.020118041430293,3.73641920073831,3.63556918165931,3.62863814451098,34.4540090028958
5137,"Stone","Arkansas",189,"2020-07-28",3.18988828799495,10.4884504349394,0.0181774544733893,3.37212774650679,3.32347346613506,3.31713046930868,38.1322468211746
5139,"Union","Arkansas",189,"2020-07-28",4.67815507874458,92.6833610052027,0.0514018331346589,5.31066463764436,5.0389846829826,5.03796791068719,13.4848727815618
5143,"Washington","Arkansas",189,"2020-07-28",7.45810376805105,686.119058215765,-0.0148532577005795,7.2798646756441,7.35958587083805,7.35413096414699,-46.6663404441506
5145,"White","Arkansas",189,"2020-07-28",4.73368903678907,92.6598710853095,0.0516359565577659,5.33606640731289,5.09521887958635,5.09514073269343,13.4237308024789
5149,"Yell","Arkansas",189,"2020-07-28",5.62916155045225,349.03035765854,-0.0341098548795454,5.21984329189771,5.40924213883866,5.39039256629543,-20.3210240268599
6001,"Alameda","California",189,"2020-07-28",8.23088160798664,-668.576353773862,0.00965412842093649,8.34673114903788,8.30288910615626,8.2984605069332,71.7980070636669
6005,"Amador","California",189,"2020-07-28",3.84405002184194,77.7438706296262,0.0362836646349966,4.29076573910742,4.10010138161157,4.09803567428692,19.1035604460798
6007,"Butte","California",189,"2020-07-28",6.33277201391559,-39.6429653444517,0.028316437336457,6.67256926195307,6.531502494337,6.53098707527079,24.4786154530651
6009,"Calaveras","California",189,"2020-07-28",3.9810158769151,692.004643668142,-0.00794848977705554,3.94248783956831,3.93592254133482,3.92537644847571,-87.2048904888591
6011,"Colusa","California",189,"2020-07-28",5.27957132372698,-139.560471167721,0.0163515860238603,5.48694591050608,5.40307937753898,5.394032425894,42.3902109280716
6013,"Contra Costa","California",189,"2020-07-28",8.10453081643698,-285.463892669439,0.0172633741230949,8.31169130591412,8.22231704739894,8.22537443529865,40.1513154738769
6015,"Del Norte","California",189,"2020-07-28",3.43858491373377,126.91075190899,0.0603304539443589,4.16818570000509,3.86460965128914,3.86089809134428,11.4891756193185
6017,"El Dorado","California",189,"2020-07-28",5.74071118588931,-135.977735883958,0.0179409707054469,5.95600283435467,5.86991007221701,5.86629798082744,38.6348761134483
6019,"Fresno","California",189,"2020-07-28",8.80907358144381,-311.471769642797,0.0177791634582825,9.0224235429432,8.93567199390619,8.93352772565179,38.9864901229106
6021,"Glenn","California",189,"2020-07-28",4.87519732320115,9.52485672027285,0.0281469083616112,5.2486987696128,5.07160954530838,5.07222568173243,24.6260502807232
6023,"Humboldt","California",189,"2020-07-28",4.24849524204936,-5.07883375071847,0.0223872226443657,4.50159662024673,4.40697373600155,4.40520580055992,30.9617316793154
6025,"Imperial","California",189,"2020-07-28",7.69191771506353,748.274300955485,-0.0136315222969375,7.52833944750028,7.60988725283246,7.59649705898497,-50.8488461861423
6029,"Kern","California",189,"2020-07-28",9.25333144092413,48.9686039207114,0.0685272589160724,10.075658547917,9.71191597119279,9.73302225333664,10.1149118106251
6031,"Kings","California",189,"2020-07-28",7.1112790434267,-75.9679906066576,0.0273544409326391,7.43953233461837,7.30078418078666,7.30276012995517,25.3394753073855
6033,"Lake","California",189,"2020-07-28",4.43590586835078,497.938845902951,-0.0141945164531297,4.28587591600844,4.35235198702954,4.33654425317887,-48.8320389672108
6035,"Lassen","California",189,"2020-07-28",5.73841391862584,-173.209489023381,0.0160645618186538,5.93118866044969,5.85303486768461,5.85086585135642,43.1475933414554
6037,"Los Angeles","California",189,"2020-07-28",11.0242153845505,-1006.38352878848,0.00926106176533746,11.1353481257346,11.0955730415061,11.0890428169079,74.8453253118638
6039,"Madera","California",189,"2020-07-28",7.00345499329765,-104.50046357823,0.0242753682487535,7.29475941228269,7.1744117680881,7.17338257103892,28.5535186719788
6041,"Marin","California",189,"2020-07-28",7.62705741701893,826.309840370846,-0.0118744209377445,7.48456436576599,7.55428900962295,7.54393647045472,-58.3731353464722
6045,"Mendocino","California",189,"2020-07-28",5.13243143050236,54.2152693677777,0.0395457262614845,5.60698014564017,5.40836162448375,5.40925151433275,17.5277393055501
6047,"Merced","California",189,"2020-07-28",7.6423185632588,-185.183131512425,0.0207006168779994,7.89072596579479,7.79106062462086,7.7872228814048,33.4843731781066
6051,"Mono","California",189,"2020-07-28",4.17438726989564,113.844549213125,0.0593011643030684,4.87191388550514,4.58995608429725,4.58949542001712,11.6885931112162
6053,"Monterey","California",189,"2020-07-28",7.62252415961302,-303.664132564754,0.015630684421108,7.81009237266631,7.73242690100865,7.73193895056078,44.345286609709
6055,"Napa","California",189,"2020-07-28",5.8975462553208,-368.865676213737,0.0106672316786055,6.02555303546406,5.98092062883354,5.97221687707104,64.9791062427324
6057,"Nevada","California",189,"2020-07-28",4.88927443709199,-12.2993749538692,0.0248685984227031,5.18011350742784,5.06428301692761,5.06335462605091,27.8723862430122
6059,"Orange","California",189,"2020-07-28",9.72473675584064,1346.17366965836,-0.00836771388797632,9.62432418918492,9.6777510611114,9.66616275862481,-82.8359083304626
6061,"Placer","California",189,"2020-07-28",6.7016093040365,-354.064976252561,0.0124550186312273,6.85106952761123,6.7936716566698,6.78879443445509,55.6520388353402
6065,"Riverside","California",189,"2020-07-28",9.56519365770265,-776.149452930393,0.00996219247796217,9.6847399674382,9.64404931165237,9.63492900504839,69.5777743798154
6067,"Sacramento","California",189,"2020-07-28",8.49588199823509,-505.158835407328,0.0123279011480911,8.64381681201218,8.58450263073277,8.58217730627173,56.2258872969043
6069,"San Benito","California",189,"2020-07-28",5.61156275255943,-147.977715342065,0.0169034320474715,5.81440393712909,5.7325906540299,5.72988677689173,41.0062985205203
6071,"San Bernardino","California",189,"2020-07-28",9.58727862139633,-450.432813464963,0.015111574335248,9.76861751341931,9.69488352433332,9.69305964174307,45.868627926024
6073,"San Diego","California",189,"2020-07-28",9.2984166579394,-853.893248399925,0.00895893356303682,9.40592386069584,9.36593273255166,9.36112919288066,77.369385059374
6075,"San Francisco","California",189,"2020-07-28",7.61403019818764,-246.11726919649,0.01770221923991,7.82645682906656,7.73635841134756,7.73794573286701,39.1559482551901
6077,"San Joaquin","California",189,"2020-07-28",8.67160506162012,-461.853185146178,0.0134265886753465,8.83272412572428,8.76917614055875,8.76559118234755,51.6249657541594
6079,"San Luis Obispo","California",189,"2020-07-28",6.75026569788936,-158.369032673406,0.0197163442183412,6.98686182850945,6.8873841320791,6.88828010741775,35.1559687173215
6081,"San Mateo","California",189,"2020-07-28",7.36508970602004,-582.112142635071,0.00961359218336828,7.48045281222046,7.43755781812836,7.43238485130362,72.1007472897701
6083,"Santa Barbara","California",189,"2020-07-28",7.78512696648212,3647.35737241419,-0.00224785551398508,7.7581527003143,7.76945845743878,7.76939197788422,-308.35931235238
6085,"Santa Clara","California",189,"2020-07-28",8.28907299138881,-687.869319342742,0.00950724243587046,8.40315990061926,8.36272323947818,8.3556236884399,72.9072793962556
6087,"Santa Cruz","California",189,"2020-07-28",6.19934941746155,-270.054351621511,0.0136533201263737,6.36318925897804,6.29807719437432,6.29492265834617,50.7676648715658
6089,"Shasta","California",189,"2020-07-28",5.06620514525107,34.4397034546213,0.0338739977271569,5.47269311797695,5.3014299032097,5.30332312934117,20.462514821634
6093,"Siskiyou","California",189,"2020-07-28",3.4106761256167,110.041554392623,0.0460297522597931,3.95664595594447,3.73553384806481,3.73288439143525,15.0586771931295
6095,"Solano","California",189,"2020-07-28",7.42006551445232,2369.78025276202,-0.00339469876035164,7.3793291293281,7.39998654332581,7.39630262312986,-204.185180922547
6097,"Sonoma","California",189,"2020-07-28",7.0747214476929,-390.68687799993,0.0123105672297842,7.22244825445031,7.16214406029666,7.16089541830139,56.3050562676711
6099,"Stanislaus","California",189,"2020-07-28",8.47464351483626,-515.867305515987,0.0121089290041749,8.61995066288636,8.56996344876634,8.55940601786548,57.242649644817
6101,"Sutter","California",189,"2020-07-28",6.00811093822273,-134.387698036995,0.0188704242508912,6.23455602923343,6.14171340017724,6.14020390797897,36.7319341284661
6103,"Tehama","California",189,"2020-07-28",4.43251603459627,3.36241216191193,0.0244811953533632,4.71599842026489,4.60430945456894,4.60388440206981,28.3134532670899
6107,"Tulare","California",189,"2020-07-28",8.20095486162583,-160.553116588715,0.0238017143563241,8.48657543390172,8.36736758307637,8.3675668621201,29.1217334257175
6109,"Tuolumne","California",189,"2020-07-28",4.41193211745279,-117.107821270621,0.0146865134800004,4.59846223778454,4.52595199958204,4.51473771181279,47.1961695676682
6111,"Ventura","California",189,"2020-07-28",8.05552047781078,3239.2778046164,-0.00263659182338156,8.0238813759302,8.0381834887186,8.03706433504711,-262.895141528183
6113,"Yolo","California",189,"2020-07-28",6.59441345974978,-351.3549026447,0.0123178351915202,6.74222748204802,6.68392584827187,6.68063830609042,56.271834277919
6115,"Yuba","California",189,"2020-07-28",5.55737948161977,-51.0758246840222,0.0236407954288355,5.8410690267658,5.72533513792748,5.72286504962162,29.3199601784333
8001,"Adams","Colorado",189,"2020-07-28",7.08995778107031,-27.7341234111951,0.0334851920268957,7.49178008539306,7.32159072782039,7.32435412525858,20.7001106639377
8003,"Alamosa","Colorado",189,"2020-07-28",3.00991690854595,-579.159131704678,0.0039709137122128,3.07809002523308,3.03461705102055,3.03771330453144,174.556092324073
8005,"Arapahoe","Colorado",189,"2020-07-28",7.04913082562971,11.3630539946333,0.0408321103259703,7.53911614954135,7.33089049001171,7.3349555979115,16.9755414311536
8013,"Boulder","Colorado",189,"2020-07-28",5.84561267009542,-63.9182017973217,0.0235787958597503,6.12855822041242,6.0104074950096,6.01066424111367,29.3970559261327
8014,"Broomfield","Colorado",189,"2020-07-28",4.25459902498738,-186.754822466839,0.011458991878352,4.38598440204755,4.34220591376603,4.33481196813584,60.4893683422031
8015,"Chaffee","Colorado",189,"2020-07-28",5.14666356691937,101.830066555676,0.0623655113067026,5.8729560489734,5.58916243514884,5.58322214606629,11.1142707890451
8031,"Denver","Colorado",189,"2020-07-28",7.49092814204766,-13.2946574846039,0.0379682259902665,7.94654685393086,7.75166357427692,7.75670572397953,18.2559801645102
8035,"Douglas","Colorado",189,"2020-07-28",6.20743960894358,-11.9976498359917,0.0316709900049204,6.58749148900262,6.42923519014512,6.42913653897802,21.8858703328269
8037,"Eagle","Colorado",189,"2020-07-28",5.48004350802223,90.7421267109092,0.0587622611876919,6.18519064227453,5.88429191343538,5.89137933633607,11.7957880883101
8041,"El Paso","Colorado",189,"2020-07-28",7.3496900668717,-88.2530658693878,0.0269958027594726,7.67363969998537,7.5405505678164,7.53866068618801,25.6761092357858
8043,"Fremont","Colorado",189,"2020-07-28",3.89182029811063,76.4416908959191,0.0361013163190059,4.31621233553191,4.14803535041322,4.14452951234367,19.200052830069
8045,"Garfield","Colorado",189,"2020-07-28",5.68455111272831,2.926931073659,0.0313936862418825,6.0612753476309,5.90514130008824,5.90430691642149,22.0791905486784
8051,"Gunnison","Colorado",189,"2020-07-28",3.42472787907235,142.133553947433,0.0815294750435087,4.39170306912525,3.99459268198729,3.99543420437691,8.50179864631832
8059,"Jefferson","Colorado",189,"2020-07-28",6.72090921631674,26.1706761134103,0.0425833999082841,7.23191001521615,7.01558927638668,7.01899301567473,16.277403449533
8067,"La Plata","Colorado",189,"2020-07-28",4.18314006100523,-54.5019398178708,0.0175392286712621,4.39361080506038,4.31029580579782,4.30591466170406,39.5198211706802
8069,"Larimer","Colorado",189,"2020-07-28",6.11935505984242,-25.9629392653382,0.0291449294873376,6.46909421369047,6.32608404463114,6.32336956625378,23.782770888538
8077,"Mesa","Colorado",189,"2020-07-28",4.75112409861117,46.8228659542983,0.0346564137617745,5.16994448128354,4.99575018138929,4.99371899494359,20.0005455072352
8083,"Montezuma","Colorado",189,"2020-07-28",3.19575340744735,127.608836225294,0.0564613021310361,3.86145416097683,3.59337660322536,3.5909825223646,12.2765000876402
8085,"Montrose","Colorado",189,"2020-07-28",3.84405002184194,129.289592527354,0.0703401106053658,4.69241744015493,4.33712251239503,4.3364307960795,9.8542236370477
8097,"Pitkin","Colorado",189,"2020-07-28",3.93741223943297,364.639134800641,-0.0217971163545397,3.67584684317849,3.79860677438151,3.78483242495119,-31.7999486393337
8099,"Prowers","Colorado",189,"2020-07-28",3.06472514504094,269.734551465293,-0.0364392244750294,2.68682987240943,2.82517108817142,2.80965057371573,-19.0220069319789
8101,"Pueblo","Colorado",189,"2020-07-28",5.03787981620282,15.0115135471703,0.0298119707558246,5.39562346527272,5.25008298786824,5.24656361149359,23.2506326481123
8113,"San Miguel","Colorado",189,"2020-07-28",3.49216915986788,-23.9358775209613,0.0167449056357732,3.68280551500947,3.61299911351228,3.60938349931829,41.3945110015509
8117,"Summit","Colorado",189,"2020-07-28",3.64133850934494,627.528659689541,-0.00824730157362061,3.55894699411994,3.58282281795756,3.5836073983296,-84.045329781199
8119,"Teller","Colorado",189,"2020-07-28",3.94849268520954,99.7655564394086,0.0466923824699691,4.49341544551579,4.27983139047891,4.27533936249932,14.8449735030281
8123,"Weld","Colorado",189,"2020-07-28",6.289715570909,-48.7684599780039,0.0270213394525331,6.6139716443394,6.48092859772792,6.47886494707673,25.6518438613141
9001,"Fairfield","Connecticut",189,"2020-07-28",6.42440584650016,22.9767716732868,0.0398973856955914,6.90317447484726,6.69322995839595,6.7036875463693,17.3732481082473
9003,"Hartford","Connecticut",189,"2020-07-28",6.36204239621571,-59.6670704954891,0.0261095698457683,6.67535723436493,6.53859746428885,6.54480938513609,26.5476292659907
9005,"Litchfield","Connecticut",189,"2020-07-28",4.0943445622221,107.8112917413,0.0531478098946268,4.6870367013861,4.45053416989216,4.46637923148449,13.0418766442909
9007,"Middlesex","Connecticut",189,"2020-07-28",4.04305126783455,348.488674342029,-0.0249111340917554,3.79866581400831,3.87582412756017,3.86867332919226,-27.8247942468966
9009,"New Haven","Connecticut",189,"2020-07-28",6.19119324058399,-379.75452726649,0.0109820727659671,6.3229781137756,6.27112142998422,6.26806774994576,63.116243657388
9011,"New London","Connecticut",189,"2020-07-28",4.48542093287817,378.883295681849,-0.0230159332906639,4.2092297333902,4.32673204019154,4.32430939984352,-30.1159710452025
9013,"Tolland","Connecticut",189,"2020-07-28",3.7744016275521,64.2777406950178,0.031456078763534,4.14346576360817,3.99271383739278,3.99459417889684,22.0353969027916
9015,"Windham","Connecticut",189,"2020-07-28",3.82241084673846,-240.068066355475,0.00898003671358507,3.91590724549421,3.88483191853065,3.88527110373356,77.1875664507415
10001,"Kent","Delaware",189,"2020-07-28",5.90691766322643,-247.555649582157,0.0136874993270176,6.07116765515064,6.00626132054028,6.00273015851555,50.6408923938173
10003,"New Castle","Delaware",189,"2020-07-28",7.06010842584725,1077.47264782853,-0.00790187415698283,6.96528593596346,7.00617310846167,7.00479530674837,-87.7193393351394
10005,"Sussex","Delaware",189,"2020-07-28",6.50321831144679,588.528549152829,-0.0160760429024501,6.31030579661739,6.3991406971176,6.39068601112964,-43.1167784737813
11001,"District of Columbia","District of Columbia",189,"2020-07-28",7.16879999190562,-56.3889464863409,0.0298216706578601,7.52666003979994,7.37437444558657,7.37755168651064,23.2430700651324
12001,"Alachua","Florida",189,"2020-07-28",7.3992233192624,-552.10419132279,0.0100518695674941,7.51984575407233,7.47235849975978,7.46958640623486,68.9570408674478
12003,"Baker","Florida",189,"2020-07-28",5.28465300435398,-29.5239179092329,0.0247167347992251,5.57421486984472,5.46190335750927,5.45767014794856,28.0436387002735
12005,"Bay","Florida",189,"2020-07-28",7.66782652585992,-50.3783768421632,0.0327155884820537,8.06041358764456,7.89183916887362,7.8968356452343,21.1870613588435
12007,"Bradford","Florida",189,"2020-07-28",4.90315613357815,42.9751959725387,0.0347680407527698,5.32037262261139,5.14897005756181,5.14653241884754,19.9363313420163
12009,"Brevard","Florida",189,"2020-07-28",7.86310187525793,1660.32110706114,-0.00532614607868794,7.79918812231367,7.82777502314894,7.82581885270711,-130.14047499251
12011,"Broward","Florida",189,"2020-07-28",10.2873738855024,-648.587417065698,0.0123559084303224,10.4356447866663,10.3751193056505,10.3738652445147,56.0984394201973
12013,"Calhoun","Florida",189,"2020-07-28",5.06530383829505,-52.7430459934907,0.0214980154428929,5.34748184408027,5.22458361673843,5.2157899463953,32.2423798792598
12015,"Charlotte","Florida",189,"2020-07-28",6.67347855467559,-178.199038328543,0.0183933773180414,6.88278410402513,6.80277120933901,6.80223219590188,37.6846061805117
12017,"Citrus","Florida",189,"2020-07-28",6.52335250860338,-37.8689532854177,0.0294018266729351,6.8761744286786,6.730048483581,6.72916529531393,23.5749699591965
12019,"Clay","Florida",189,"2020-07-28",7.36996072413033,-413.479178372378,0.0123350921520097,7.51798182995445,7.46114470040832,7.4563063691944,56.1931092218888
12021,"Collier","Florida",189,"2020-07-28",8.29025674186333,-796.670643099783,0.00845366056401853,8.39170066863155,8.35558898997677,8.34943236581146,81.9937322194128
12023,"Columbia","Florida",189,"2020-07-28",7.4218612308697,66.6103987290234,0.0632241795739422,8.18055138575701,7.86179960299962,7.8644304878873,10.9633242413101
12027,"DeSoto","Florida",189,"2020-07-28",6.16751649088834,1267.51018760034,-0.00570044123479664,6.10808085690163,6.12907503280659,6.12761340224476,-121.595355869794
12029,"Dixie","Florida",189,"2020-07-28",4.99817705917421,16.8213596729967,0.0298972228114651,5.35694373291179,5.21393913768509,5.20745761885447,23.184333372066
12031,"Duval","Florida",189,"2020-07-28",9.33325308545256,1249.35376561862,-0.00876070783870842,9.22812459138806,9.27639519524487,9.2719281305816,-79.1199973017403
12033,"Escambia","Florida",189,"2020-07-28",8.38753998318937,2823.86650371749,-0.00317725914222479,8.34941287348267,8.36420145330163,8.3652991691938,-218.158843686445
12035,"Flagler","Florida",189,"2020-07-28",6.03718879165558,-83.8175304332351,0.0225421718357627,6.30769485368473,6.1950998340189,6.19498399450592,30.7489085616978
12037,"Franklin","Florida",189,"2020-07-28",4.32318613465095,-0.146240750847005,0.0233343945867137,4.57695377838082,4.49843259552104,4.48652689675795,29.7049566888962
12039,"Gadsden","Florida",189,"2020-07-28",6.54164823723123,43.7741312209345,0.0466507948511127,7.10145777544458,6.86847191474591,6.86820380118902,14.8582072989784
12041,"Gilchrist","Florida",189,"2020-07-28",5.25749537202778,22.5755431964307,0.0325693855573905,5.64832799871647,5.48936924524019,5.48548107092951,21.2821693961205
12043,"Glades","Florida",189,"2020-07-28",5.14082778545526,105.612370603731,0.0655821310715636,5.92781335831402,5.59535658341141,5.5999027029562,10.5691469495491
12045,"Gulf","Florida",189,"2020-07-28",5.295456134267,28.5710414175205,0.0340699454114719,5.70429547920466,5.53820614755027,5.5339457521473,20.3448280350503
12047,"Hamilton","Florida",189,"2020-07-28",5.17048399503815,836.717928678123,-0.00795432858096121,5.09648093241867,5.11975277122637,5.11480369497142,-87.1408785172644
12049,"Hardee","Florida",189,"2020-07-28",5.66296048013595,-343.27728657501,0.0107400045940161,5.79184053526414,5.74639727746947,5.73814051229406,64.5388160211904
12051,"Hendry","Florida",189,"2020-07-28",6.16841456010003,-331.903767826615,0.0119565216320985,6.31189281968521,6.25896697709143,6.25211021152472,57.9723101657863
12053,"Hernando","Florida",189,"2020-07-28",6.8301025701276,-205.880141982519,0.0175184674330857,7.04032417932463,6.95531769427772,6.9527318421592,39.5666563418016
12055,"Highlands","Florida",189,"2020-07-28",6.41789873546157,52.2703005873694,0.0486658399380172,6.9947265459544,6.75383156463712,6.75855961502769,14.2429922393771
12057,"Hillsborough","Florida",189,"2020-07-28",9.51592200153003,1368.43522490724,-0.00803414302565617,9.41951228522216,9.46296130169782,9.45968300035044,-86.2751855856256
12059,"Holmes","Florida",189,"2020-07-28",5.17210605541002,25.7740354117209,0.0327363839689879,5.57258253825325,5.40271885720716,5.40126074319294,21.1736024729116
12061,"Indian River","Florida",189,"2020-07-28",6.98233252876299,-243.256788164504,0.0163422389583536,7.17843939626323,7.09689686058165,7.09672820147146,42.4144563254983
12063,"Jackson","Florida",189,"2020-07-28",6.60857882710462,84.8662106535298,0.0666632322911394,7.40853761459829,7.07041144888845,7.0752214531426,10.3977433547289
12065,"Jefferson","Florida",189,"2020-07-28",4.67015503607751,112.636972544342,0.0651940112132207,5.43477014671222,5.12672227569386,5.12651311457005,10.6320683090502
12067,"Lafayette","Florida",189,"2020-07-28",3.83791503327442,50.490656163021,0.0288770931882867,4.2018868817469,4.04084881003789,4.04005468559243,24.0033571260248
12069,"Lake","Florida",189,"2020-07-28",7.76490243460737,-498.125027091987,0.0113834005881743,7.90150324166546,7.84695672890128,7.84458623872459,60.8910470286025
12071,"Lee","Florida",189,"2020-07-28",8.92170546476913,1265.60965670448,-0.00824854457379046,8.82272292988364,8.86910657218055,8.8639656527526,-84.0326647154703
12073,"Leon","Florida",189,"2020-07-28",7.68235077229638,1275.98769396773,-0.00703519903633954,7.59792838386031,7.63837138986404,7.633104379042,-98.525596359047
12075,"Levy","Florida",189,"2020-07-28",5.55240572171167,22.8775858186884,0.0344607902626355,5.9659352048633,5.79600372926125,5.79363125355012,20.1140825639015
12077,"Liberty","Florida",189,"2020-07-28",4.56880254181722,-57.3988189634706,0.0189263665888464,4.79591894088338,4.71724611330018,4.70128710793915,36.6233622975699
12079,"Madison","Florida",189,"2020-07-28",5.70092124237517,-143.763187346634,0.0173934153146553,5.90964222615103,5.83095360612672,5.82267514957776,39.851125728937
12081,"Manatee","Florida",189,"2020-07-28",8.36730010184162,-643.68457058415,0.0101092860725147,8.4886115347118,8.4400426386205,8.43806510434922,68.5653937961543
12083,"Marion","Florida",189,"2020-07-28",7.80855521708779,7.16599938239119,0.044157544306048,8.33844574876037,8.10963914536555,8.11765802723013,15.6971405781958
12085,"Martin","Florida",189,"2020-07-28",7.05937213915305,829.909921845059,-0.0109293446352206,6.9282200035304,6.99030437652721,6.98286672670651,-63.4207451310693
12086,"Miami-Dade","Florida",189,"2020-07-28",10.9829412921594,-524.191563145972,0.0155084328361246,11.1690424861929,11.0898120053252,11.0915003220123,44.694856526403
12087,"Monroe","Florida",189,"2020-07-28",6.64583377362522,-149.854276543482,0.0199257266216617,6.89139776533801,6.78725820682211,6.78531385997685,34.7865447379173
12089,"Nassau","Florida",189,"2020-07-28",6.49655949616499,-188.60183327982,0.0174356616524915,6.70578743599489,6.63064229110157,6.61860912773243,39.7545670692053
12091,"Okaloosa","Florida",189,"2020-07-28",7.29525036526075,-295.19482933238,0.0152239755496205,7.4779380718562,7.40347238072436,7.40181819410809,45.5299720037466
12093,"Okeechobee","Florida",189,"2020-07-28",5.96907285679308,-13.5021307887844,0.0302228276371186,6.3317467884385,6.17743238909854,6.18063265025291,22.9345575762291
12095,"Orange","Florida",189,"2020-07-28",9.5491873377153,1861.26988629938,-0.00569329206689806,9.48086783291252,9.50956844812134,9.50933429324701,-121.748045316354
12097,"Osceola","Florida",189,"2020-07-28",8.47407690034261,-453.523790164288,0.0132921736115273,8.63358298368094,8.57006952448913,8.5671221156233,52.1470152901729
12099,"Palm Beach","Florida",189,"2020-07-28",9.5504590135992,-645.264328739031,0.0115167850377955,9.68866043405275,9.63118212713322,9.63107650886377,60.1858225438082
12101,"Pasco","Florida",189,"2020-07-28",8.07411521972877,1937.8608427061,-0.00460362363029378,8.01887173616525,8.0421692696428,8.04188985431671,-150.565562310252
12103,"Pinellas","Florida",189,"2020-07-28",8.88575717974739,1031.30245316657,-0.010487113717822,8.75991181513353,8.81916102774293,8.81234738372264,-66.0951334380973
12105,"Polk","Florida",189,"2020-07-28",8.78061184487518,-867.311360126808,0.00835205646766346,8.88083652248714,8.84674746421771,8.83907624014882,82.9911990230901
12107,"Putnam","Florida",189,"2020-07-28",6.5049295418109,2236.63194321601,-0.00317212002388289,6.47312944845056,6.48764117403789,6.48272470164372,-218.512280538328
12109,"St. Johns","Florida",189,"2020-07-28",7.43366654016617,3793.55511372774,-0.0020594412070049,7.40895324568211,7.42081496626927,7.41925045171714,-336.570511555417
12111,"St. Lucie","Florida",189,"2020-07-28",7.73942139367765,-250.210081126627,0.0178241402723688,7.95331107694608,7.86102461686805,7.86419037558423,38.8881129730823
12113,"Santa Rosa","Florida",189,"2020-07-28",7.43989499225161,-13.3597073825704,0.0376971322612969,7.89226057938717,7.69799999046975,7.70377491808069,18.3872655287254
12115,"Sarasota","Florida",189,"2020-07-28",8.03384375893427,-653.093936765558,0.0095973025321103,8.14901138931959,8.1060716512793,8.10102487665904,72.2231250125584
12117,"Seminole","Florida",189,"2020-07-28",7.98348878526532,1136.97284461369,-0.00837745674537202,7.88295930432086,7.92814250984511,7.92484658804772,-82.7395714030827
12119,"Sumter","Florida",189,"2020-07-28",6.33556070883985,-121.976555951339,0.0207060331440799,6.58403310656881,6.484101445829,6.48050294084841,33.4756143649912
12121,"Suwannee","Florida",189,"2020-07-28",6.02896675150356,632.79592356137,-0.0134336486473882,5.8677629677349,5.94831063986471,5.93493121097184,-51.5978345685486
12123,"Taylor","Florida",189,"2020-07-28",5.12140969959817,56.5977198214955,0.040198728723085,5.60379444427519,5.40388111278737,5.40280080065977,17.2430124677523
12125,"Union","Florida",189,"2020-07-28",4.80985877292894,122.746461819216,0.0782728847249563,5.73376574971971,5.34595664652674,5.35776896600363,8.85552107853953
12127,"Volusia","Florida",189,"2020-07-28",8.19387407203994,-618.508463918856,0.0102103272930321,8.31639799955632,8.26910109458701,8.26534636309116,67.886871856985
12129,"Wakulla","Florida",189,"2020-07-28",5.96247701023473,96.5248249184638,0.0681619328532588,6.78042020447384,6.43496456044072,6.43961054020754,10.1691244884762
12131,"Walton","Florida",189,"2020-07-28",6.5694814204143,-68.8031953584329,0.0259865442408664,6.8813199513047,6.75365243905677,6.75138723010036,26.6733111619322
12133,"Washington","Florida",189,"2020-07-28",5.69469367733832,89.2379877735483,0.0600946892487864,6.41582994832376,6.11707655921144,6.11535650207983,11.5342501845775
13001,"Appling","Georgia",189,"2020-07-28",5.35927806633773,-23.637868249362,0.0258106968229009,5.66900642821254,5.53989426094252,5.53995294409804,26.8550355426646
13003,"Atkinson","Georgia",189,"2020-07-28",4.62777001790533,-120.268972728004,0.0152094706746266,4.81028366600085,4.73396341915397,4.73423631262772,45.5733927490519
13005,"Bacon","Georgia",189,"2020-07-28",4.71338377062832,696.666345760368,-0.00923307531304167,4.62269007711084,4.64845349685776,4.64875224343703,-75.0721896073866
13009,"Baldwin","Georgia",189,"2020-07-28",5.62040086571715,-228.286589033677,0.0136322670084669,5.78398806981875,5.71852993125269,5.71582673477642,50.8460683853563
13011,"Banks","Georgia",189,"2020-07-28",4.14991441337691,-54.6390406368723,0.017509394308028,4.38853779149686,4.27638391578535,4.27248017353311,39.587159233837
13013,"Barrow","Georgia",189,"2020-07-28",5.90614005821058,47.9239189180645,0.0434032198109403,6.42697869594186,6.20434225306442,6.20996259688716,15.969948395055
13015,"Bartow","Georgia",189,"2020-07-28",6.34713899071313,-30.814441213668,0.0295470777236986,6.70170392339751,6.55121782743479,6.55396853477902,23.4590773084811
13017,"Ben Hill","Georgia",189,"2020-07-28",4.7779222917659,-157.338859338333,0.0140174417314507,4.95290687223234,4.87675249424872,4.87604438388605,49.4489075709686
13019,"Berrien","Georgia",189,"2020-07-28",4.55687989686031,-134.281840360636,0.0142837977604675,4.71767901166633,4.65908376753093,4.65686648118358,48.526812839533
13021,"Bibb","Georgia",189,"2020-07-28",7.36445653698799,-546.551132541766,0.0100806859492028,7.48542476837842,7.44437791158835,7.43502133863241,68.7599220978369
13023,"Bleckley","Georgia",189,"2020-07-28",3.81614123372486,-195.399464038867,0.0101520658183996,3.9735131202089,3.89735776027206,3.88720569445366,68.2764663822103
13025,"Brantley","Georgia",189,"2020-07-28",4.52952256764878,-95.9541994832591,0.016179512848921,4.72367672183583,4.64655541065673,4.64277915759123,42.8410414474359
13027,"Brooks","Georgia",189,"2020-07-28",4.96284463025991,-230.951453593859,0.0118919658730923,5.07729211560534,5.05397634789126,5.04608839137156,58.2870139350393
13029,"Bryan","Georgia",189,"2020-07-28",5.69853061250125,-71.5758379566898,0.0222968284406718,5.96609255378931,5.85561754694696,5.85460841158595,31.087254512645
13031,"Bulloch","Georgia",189,"2020-07-28",6.12530839091455,654.308490667947,-0.0130240225563761,5.96902012023804,6.04060638657767,6.03414023301992,-53.2206680048019
13033,"Burke","Georgia",189,"2020-07-28",5.12651175148206,110.606117882341,0.0698493062850074,5.96470342690215,5.60314080171863,5.61545689547711,9.92346549200767
13035,"Butts","Georgia",189,"2020-07-28",4.73745079671096,-28.6917620067336,0.0223001178246772,5.0106527669845,4.8930659433818,4.8935516214837,31.0826689800226
13039,"Camden","Georgia",189,"2020-07-28",5.76025282114426,-94.0592976744959,0.0207159151638489,6.00884380311045,5.90735593845711,5.9052642272912,33.4596456433433
13043,"Candler","Georgia",189,"2020-07-28",4.73745079671096,-46.8577887986521,0.0205930566210552,5.00118419559491,4.88324332426353,4.88160219305835,33.6592664855417
13045,"Carroll","Georgia",189,"2020-07-28",6.59792497330735,-337.133585604769,0.0126607172432584,6.74985358022645,6.69119424443016,6.68654999401016,54.7478604286053
13047,"Catoosa","Georgia",189,"2020-07-28",4.83967749595261,81.880892420182,0.0473924773791216,5.40838722450207,5.16900968421998,5.17142483760646,14.6256794093087
13049,"Charlton","Georgia",189,"2020-07-28",5.25675104746793,78.7770677563002,0.0498181927520221,5.83983463347387,5.60333685055339,5.60547839673209,13.9135352422396
13051,"Chatham","Georgia",189,"2020-07-28",7.83150384622545,-504.293481439059,0.0113781461795216,7.96804160037971,7.91541397867324,7.9111508694821,60.9191664110866
13053,"Chattahoochee","Georgia",189,"2020-07-28",4.45600704767187,407.833304094874,-0.019907703483585,4.21711460586885,4.31319315901222,4.31665312328677,-34.8180382097555
13055,"Chattooga","Georgia",189,"2020-07-28",4.19827548507033,136.808282030991,0.0882083788047591,5.22120548071482,4.7976278013049,4.81573413670364,7.85806507218731
13057,"Cherokee","Georgia",189,"2020-07-28",6.91629018143198,-116.799741069872,0.0229930057679984,7.19220625064796,7.07600538844588,7.07724122180797,30.1460012472431
13059,"Clarke","Georgia",189,"2020-07-28",6.65064859774167,1224.30355636934,-0.00640396116635346,6.58521604221239,6.60439250146385,6.6058208695772,-108.237255435238
13063,"Clayton","Georgia",189,"2020-07-28",7.46090120281925,-369.55241874118,0.013478219858177,7.62263984111737,7.55873554872891,7.55524874182649,51.4272053619475
13065,"Clinch","Georgia",189,"2020-07-28",3.78418963391826,121.444546963146,0.0604933614930237,4.51010997183454,4.20446343100131,4.20764316436943,11.4582354733235
13067,"Cobb","Georgia",189,"2020-07-28",8.39017117897723,-356.05251757106,0.0155358431004319,8.57660129618241,8.49919194893495,8.49892208068025,44.6160003083885
13069,"Coffee","Georgia",189,"2020-07-28",6.35312703255775,-193.247685621182,0.0168407316325787,6.55521581214869,6.47053969441671,6.4710121539858,41.158970743233
13071,"Colquitt","Georgia",189,"2020-07-28",5.88927360621143,385.456405054491,-0.0292334890251739,5.53847173790934,5.70479844933962,5.68463918303521,-23.7107236827959
13073,"Columbia","Georgia",189,"2020-07-28",6.79266504305547,-164.068209947069,0.0195153273092318,7.02684897076625,6.92903952866111,6.92927233422009,35.5180914763366
13075,"Cook","Georgia",189,"2020-07-28",5.13747769856998,1438.46451246472,-0.00410857403667086,5.10475743739745,5.10712272301693,5.10871768031328,-168.707482054186
13077,"Coweta","Georgia",189,"2020-07-28",6.04195394703037,-145.946778073152,0.0183119046723675,6.26169680309878,6.17097999551506,6.17013727973694,37.8522711297147
13079,"Crawford","Georgia",189,"2020-07-28",3.3964241029095,-110.800892954169,0.0116805315538738,3.58359751090784,3.48986835534049,3.47818782378662,59.3420922124099
13081,"Crisp","Georgia",189,"2020-07-28",4.16555719044736,391.130662674793,-0.0204038542174711,3.981417594575,4.03718827487381,4.02273021092506,-33.9713846791959
13083,"Dade","Georgia",189,"2020-07-28",3.12299405316492,-4.16922884531628,0.0167521666539789,3.35326828061518,3.24435298952482,3.24025921974277,41.3765690657878
13085,"Dawson","Georgia",189,"2020-07-28",4.39268392914787,71.1011436123333,0.0389081348535939,4.859581547391,4.66430417662938,4.66504087312303,17.8149680823346
13087,"Decatur","Georgia",189,"2020-07-28",5.40653095118827,111.193651680408,0.0742590594910166,6.29763966508047,5.91498967439341,5.92634436762539,9.33417666895981
13089,"DeKalb","Georgia",189,"2020-07-28",8.40903511543945,2546.80164917355,-0.00355892553163771,8.3663280090598,8.38174091181227,8.38412263671798,-194.763046992158
13091,"Dodge","Georgia",189,"2020-07-28",4.45101950616083,-10.1640379760576,0.0229372445216525,4.72883495062808,4.61090759669492,4.6115802178124,30.2192872341585
13095,"Dougherty","Georgia",189,"2020-07-28",6.19847871649231,-251.837627196532,0.014221990782125,6.36914260587781,6.30174666515089,6.29803265196718,48.7377042482078
13097,"Douglas","Georgia",189,"2020-07-28",6.87123947568809,-389.741294998022,0.011976198219638,7.01495385432375,6.95901569482706,6.95507286322556,57.8770631420711
13099,"Early","Georgia",189,"2020-07-28",4.04054185622913,324.259033908728,-0.0291798822579932,3.74258350798065,3.86328362656312,3.83628268042318,-23.7542829827585
13101,"Echols","Georgia",189,"2020-07-28",3.47462485021697,22.3984111525183,0.0214874592288834,3.73025706242964,3.62415222629351,3.62503706481915,32.2582196981306
13103,"Effingham","Georgia",189,"2020-07-28",5.80728412082903,-98.025091621001,0.0205737787476683,6.04920718127338,5.95367627494882,5.95130057206271,33.690805615303
13105,"Elbert","Georgia",189,"2020-07-28",5.10594547390058,10.9781768706456,0.0295104130886615,5.46007043096452,5.31214957872614,5.31251836552121,23.4882235798409
13107,"Emanuel","Georgia",189,"2020-07-28",5.20714148588217,52.9346321359314,0.0397293470482808,5.68389365046154,5.48180409040321,5.48524691522014,17.4467297365246
13109,"Evans","Georgia",189,"2020-07-28",4.84418708645859,116.031277095524,0.0712708269253004,5.69943700956219,5.33356080660538,5.34308287493569,9.72553863148578
13111,"Fannin","Georgia",189,"2020-07-28",4.81566261974874,54.70785581469,0.0372149075642933,5.25817408541712,5.07684275362588,5.07616697269879,18.6255247137843
13113,"Fayette","Georgia",189,"2020-07-28",5.99253540210947,-68.6763277202057,0.0237162517604148,6.27713042323445,6.15843757406869,6.15854916443237,29.226674921578
13115,"Floyd","Georgia",189,"2020-07-28",6.09485884531227,12.9631149159123,0.0356347628893956,6.52247599998502,6.3398527385746,6.34430218553804,19.4514323754969
13117,"Forsyth","Georgia",189,"2020-07-28",6.52314266703299,-108.226490300454,0.022322215416974,6.79100925203668,6.67836476399164,6.67939817495181,31.0518990885139
13119,"Franklin","Georgia",189,"2020-07-28",4.74244456489145,-254.738898300862,0.0108092639682916,4.87215573251095,4.82767257055754,4.81810941266949,64.1252894362889
13121,"Fulton","Georgia",189,"2020-07-28",8.92189610436555,-547.90580785324,0.0121899512322965,9.06817551915311,9.01045460037724,9.00722576299163,56.8621783099097
13123,"Gilmer","Georgia",189,"2020-07-28",5.43932077401126,74.5626640195669,0.0497026058363097,6.03575204404698,5.78538709329285,5.78723901486543,13.9458921498553
13127,"Glynn","Georgia",189,"2020-07-28",6.95722548398023,444.339431693761,-0.0267236716263715,6.63654142446377,6.79703809111098,6.77015978259563,-25.9375728848552
13129,"Gordon","Georgia",189,"2020-07-28",5.93979524218771,-5.78257869495006,0.0312978951125705,6.31536998353856,6.15574500895513,6.1588805079757,22.1467666776591
13131,"Grady","Georgia",189,"2020-07-28",4.85091356921954,-11.3582590926764,0.0248308599377839,5.14888388847295,5.02467228628656,5.02472958878403,27.9147473062428
13133,"Greene","Georgia",189,"2020-07-28",4.61653394463841,109.013890216392,0.0611823444803038,5.32201413378225,5.04183075626355,5.04481035600054,11.3292026719095
13135,"Gwinnett","Georgia",189,"2020-07-28",8.7037438880164,-709.680269837555,0.00973921455108154,8.82061446262938,8.78153905218487,8.77191838987397,71.1707475920603
13137,"Habersham","Georgia",189,"2020-07-28",5.39816270151775,-53.9610064759294,0.0226850725732823,5.67038357239714,5.5574201453193,5.55695820953073,30.5552110675772
13139,"Hall","Georgia",189,"2020-07-28",7.30720231476474,-199.84991769056,0.0190366129520846,7.53564167018976,7.43936485701837,7.44045860542933,36.4112661377633
13141,"Hancock","Georgia",189,"2020-07-28",3.66356164612965,127.404620155525,0.0637888217460173,4.37561845749959,4.10566397007125,4.11008339835177,10.8662797271878
13143,"Haralson","Georgia",189,"2020-07-28",4.37485814519527,68.9990821429877,0.0380419411141988,4.83136143856565,4.64069212675428,4.64115173299466,18.2206049496574
13145,"Harris","Georgia",189,"2020-07-28",5.28392862909594,1099.16858256355,-0.00577372161781902,5.21464396968211,5.25069800079589,5.24351257777121,-120.052061121329
13147,"Hart","Georgia",189,"2020-07-28",4.82258306259331,10.8428069255224,0.0278508965002629,5.15679382059646,5.01859771759884,5.01753933809515,24.8877870252185
13149,"Heard","Georgia",189,"2020-07-28",4.06290303638728,1278.83423854557,-0.00371097550053298,4.01837133038088,4.03811720298323,4.03692620788355,-186.78301176076
13151,"Henry","Georgia",189,"2020-07-28",7.06756339468488,-265.505547216005,0.0157229725827802,7.25623906567824,7.17899902313418,7.17762420276434,44.0849958180986
13153,"Houston","Georgia",189,"2020-07-28",6.60006484378638,-92.3245087381765,0.023885195250777,6.8866871867957,6.76536011334694,6.76726121054182,29.0199503618208
13155,"Irwin","Georgia",189,"2020-07-28",4.01509519056796,-103.484069864941,0.01404559122528,4.20643082380614,4.11448956992757,4.11341432914492,49.3498044647906
13157,"Jackson","Georgia",189,"2020-07-28",5.82978560085993,-0.143393482804239,0.0317519469938882,6.22793463306736,6.05050744871158,6.05204922981715,21.8300685842467
13159,"Jasper","Georgia",189,"2020-07-28",3.5305534028762,-32.1794260413675,0.01635585301468,3.73206915330665,3.64876848008774,3.64504437397896,42.3791519731695
13161,"Jeff Davis","Georgia",189,"2020-07-28",5.07606627401685,100.820012513956,0.0606317809906227,5.77093215594403,5.49091626326858,5.50048874095121,11.4320768619208
13163,"Jefferson","Georgia",189,"2020-07-28",5.4553211153577,-91.8138293241094,0.0197789977708012,5.69266908860731,5.59444619884861,5.59377409975331,35.0446058284716
13165,"Jenkins","Georgia",189,"2020-07-28",4.50771484983738,655.837294324006,-0.00955353657725491,4.39307241091032,4.44224986201661,4.4408400937966,-72.5539882487279
13167,"Johnson","Georgia",189,"2020-07-28",4.65667774313402,95.7448157043913,0.0527620633804131,5.2896703880199,5.02440546075036,5.02601218679691,13.1372265630018
13169,"Jones","Georgia",189,"2020-07-28",4.81681935787657,3935.06621365891,-0.00128866465911647,4.81840248763866,4.80766544223419,4.80779870526275,-537.880181361675
13171,"Lamar","Georgia",189,"2020-07-28",4.16111273868694,82.0827020464222,0.0410236579688117,4.67330426797879,4.44606432338278,4.44827834446862,16.896279241771
13173,"Lanier","Georgia",189,"2020-07-28",3.92338676407846,586.788026777057,-0.00979880005469941,3.8292537381589,3.85343523228673,3.85479516369556,-70.7379655356391
13175,"Laurens","Georgia",189,"2020-07-28",5.92387375347483,-131.323163045931,0.0187866749028264,6.14931385230875,6.05721106244904,6.05538047779461,36.8956818673465
13177,"Lee","Georgia",189,"2020-07-28",4.3658246600976,26.2691181691249,0.0275973623696783,4.68412465121171,4.56086684441098,4.55900619668535,25.1164285657066
13179,"Liberty","Georgia",189,"2020-07-28",5.8124233184356,5.43142285691252,0.03255009034304,6.20302440255208,6.03849523036507,6.04027395083688,21.2947851528209
13181,"Lincoln","Georgia",189,"2020-07-28",4.02279741093005,-57.6454616486561,0.0166699737087978,4.22826317703897,4.1432870100799,4.13948722689163,41.5805803097415
13183,"Long","Georgia",189,"2020-07-28",3.7744016275521,472.454832775821,-0.0131054576780428,3.62306711083392,3.68903910169958,3.6826634238058,-52.8899636768321
13185,"Lowndes","Georgia",189,"2020-07-28",7.13295386013249,-389.662894447498,0.0124340513029038,7.28216247576734,7.22475550193394,7.21999221925282,55.745883917824
13187,"Lumpkin","Georgia",189,"2020-07-28",4.54329478227,78.0217904171781,0.042855722218349,5.05604137769958,4.84265544807706,4.84328483779844,16.1739703516925
13189,"McDuffie","Georgia",189,"2020-07-28",4.76826038085416,-120.751519858801,0.0156554836157637,4.9588982294177,4.88129408587334,4.87784876616451,44.2750411020204
13191,"McIntosh","Georgia",189,"2020-07-28",4.20894794496111,489.507411658196,-0.0139546430701849,4.09579116814395,4.12246936003578,4.11126544346982,-49.6714374616218
13193,"Macon","Georgia",189,"2020-07-28",3.69244452027843,36.7071989198845,0.0251935990313319,4.01315895899014,3.86876674958341,3.86879971349775,27.5128289411099
13195,"Madison","Georgia",189,"2020-07-28",5.05259949319529,-139.475279293033,0.0157274172028935,5.27615967869873,5.16832237056743,5.16269141361554,44.0725372524882
13197,"Marion","Georgia",189,"2020-07-28",3.57954279007647,-50.0113475017952,0.0153459812564507,3.77528552763674,3.69028644716128,3.68696465887163,45.1679934294575
13199,"Meriwether","Georgia",189,"2020-07-28",4.71466500078438,-305.609547424383,0.00968540982090276,4.85829403688271,4.79086704919554,4.7824628695307,71.5661178388152
13201,"Miller","Georgia",189,"2020-07-28",3.85014760171006,141.808738276301,0.0912546210853748,4.94520305473456,4.45400774260821,4.48892994930768,7.59574882143733
13205,"Mitchell","Georgia",189,"2020-07-28",4.55987391107292,61.0651322550808,0.0370917868519965,5.00497535329688,4.81852287186501,4.8195164190369,18.6873493942403
13207,"Monroe","Georgia",189,"2020-07-28",5.15576582256413,-88.1944105460424,0.0189352173525462,5.38128293406806,5.29147305413067,5.28831234403195,36.6062436809968
13209,"Montgomery","Georgia",189,"2020-07-28",4.26066577766961,87.6045822794512,0.0441998787745422,4.79106432296412,4.57100368517567,4.57006492909141,15.6821059192402
13211,"Morgan","Georgia",189,"2020-07-28",4.44265125649032,121.949356337193,0.0715971824665088,5.30181744608843,4.93496575218629,4.94383153375588,9.68120750958574
13213,"Murray","Georgia",189,"2020-07-28",5.37461681321743,-30.0546530955457,0.0250884357637512,5.67135764328465,5.55053240980398,5.55023586356369,27.6281545444708
13215,"Muscogee","Georgia",189,"2020-07-28",7.51347541175773,1066.32941921034,-0.00851549914144544,7.41128942206038,7.45882432857754,7.45386691776761,-81.398303146595
13217,"Newton","Georgia",189,"2020-07-28",6.51746023566342,-377.817945970857,0.0115895103305848,6.65026901270418,6.60573421687363,6.59858680797751,59.8081507145929
13219,"Oconee","Georgia",189,"2020-07-28",5.10247625966657,-114.440848360219,0.0171711410869185,5.33062360633599,5.22760747339057,5.222674247275,40.3669841771905
13221,"Oglethorpe","Georgia",189,"2020-07-28",4.19612725653204,55.1929829151571,0.0326915965933905,4.60320620005633,4.42487020645617,4.42496843268577,21.2026102359309
13223,"Paulding","Georgia",189,"2020-07-28",6.29816112124047,-178.670628898889,0.0173660633626782,6.50655388159261,6.42252947681057,6.41972356477922,39.9138921748727
13225,"Peach","Georgia",189,"2020-07-28",4.84867643182119,89.7732412287151,0.0514575317568792,5.46616681290374,5.20508673235689,5.20887915411934,13.4702764958656
13227,"Pickens","Georgia",189,"2020-07-28",4.76461296039711,113.888851971079,0.0679579937620146,5.58010888554129,5.23501183232526,5.24031891673121,10.1996416048907
13229,"Pierce","Georgia",189,"2020-07-28",5.0706995348389,1544.27087097682,-0.00372771309231786,5.02596697773109,5.04445885451807,5.04460554319267,-185.944348020881
13231,"Pike","Georgia",189,"2020-07-28",4.14991441337691,92.6313858333254,0.0453947683351473,4.69239429322142,4.46698145285783,4.46767779172294,15.2693186017048
13233,"Polk","Georgia",189,"2020-07-28",5.62401750618734,57.9173976442751,0.0446058171477135,6.1592873119599,5.93387730619877,5.93625822622134,15.5393898124222
13235,"Pulaski","Georgia",189,"2020-07-28",3.09104245335832,-65.0074350579254,0.0124134544522306,3.24000390678509,3.18383540795496,3.17793663452393,55.8383794959987
13237,"Putnam","Georgia",189,"2020-07-28",4.90315613357815,-205.468322086471,0.0125893579927395,5.05422842949102,5.00174785447198,4.99128163952733,55.0581833449883
13241,"Rabun","Georgia",189,"2020-07-28",4.58496747867057,56.7428504729645,0.0360291543202962,5.01731733051412,4.83758864144407,4.83717155891264,19.2385081925022
13243,"Randolph","Georgia",189,"2020-07-28",3.49216915986788,-15.0656635717536,0.017491045843399,3.69175919750098,3.61896823517328,3.61460648077167,39.6286869730853
13245,"Richmond","Georgia",189,"2020-07-28",7.36996072413033,-133.044039827422,0.023245857982828,7.64891101992426,7.53050133102515,7.53268173001013,29.8180940910841
13247,"Rockdale","Georgia",189,"2020-07-28",6.12468339089421,1239.71249069999,-0.00580146909774009,6.05506576172133,6.0841934257151,6.08407310721003,-119.477871704937
13251,"Screven","Georgia",189,"2020-07-28",3.95945169899926,70.2036895629726,0.0346481327432102,4.3586072626282,4.20057182602414,4.20198862820173,20.0053257039018
13253,"Seminole","Georgia",189,"2020-07-28",3.64133850934494,140.608771784716,0.0831154267143954,4.60386556934777,4.2120747080004,4.22314649634571,8.33957314496821
13255,"Spalding","Georgia",189,"2020-07-28",5.65449218544509,-144.01292481279,0.0172386261567965,5.86135569932665,5.77524638450242,5.77516256854267,40.2089571555947
13257,"Stephens","Georgia",189,"2020-07-28",5.39622158152941,-41.9576785724315,0.0239114523651482,5.68991369610595,5.56325766849237,5.56360174808545,28.9880836167957
13259,"Stewart","Georgia",189,"2020-07-28",4.35853865336667,279.897430209501,-0.0466516445685451,3.91395309434794,4.09760897690865,4.03197714138685,-14.8579366701962
13261,"Sumter","Georgia",189,"2020-07-28",4.83401175841694,-215.92963401188,0.0120871557076797,4.9790576269091,4.92729408897831,4.9186218483707,57.3457641585231
13263,"Talbot","Georgia",189,"2020-07-28",3.64880123054653,-80.9117073746634,0.0138197289881589,3.82684474956621,3.74814399163166,3.74553933346364,50.1563511957327
13267,"Tattnall","Georgia",189,"2020-07-28",5.12226185133273,59.9399346580912,0.0413397315675248,5.6246865782944,5.40945673393853,5.4116399723054,16.7670943733089
13269,"Taylor","Georgia",189,"2020-07-28",3.24147565678544,557.460080991963,-0.00889972875110106,3.21689667517949,3.1813890522017,3.17917755552773,-77.8840793854745
13271,"Telfair","Georgia",189,"2020-07-28",4.69527202068527,-302.154893817709,0.00965797543209722,4.81116772587044,4.76992144356799,4.76287784870995,71.7694081366522
13273,"Terrell","Georgia",189,"2020-07-28",3.78743112784243,0.943029581909481,0.0207308062621791,4.04368826382503,3.93366910655149,3.93254677167768,33.4356113213267
13275,"Thomas","Georgia",189,"2020-07-28",5.84395840999939,12.2344729545476,0.034022882882972,6.25223300459505,6.07989646056821,6.08211859018019,20.37297024312
13277,"Tift","Georgia",189,"2020-07-28",5.84105685355956,647.777199302298,-0.0125945321640365,5.68992246759112,5.75513399554137,5.7528951284113,-55.035563967927
13279,"Toombs","Georgia",189,"2020-07-28",5.43932077401126,71.8094460236685,0.0483052052121047,5.99905019523166,5.77355450702801,5.77745721049599,14.3493268999973
13281,"Towns","Georgia",189,"2020-07-28",3.90629233071916,47.4592788133492,0.0288820694198043,4.29016342098065,4.11114651368357,4.10846681665779,23.9992214714593
13283,"Treutlen","Georgia",189,"2020-07-28",3.8286413964891,42.0835151101782,0.0269851422157417,4.15345823409891,4.01936397457887,4.01753739199929,25.6862526429673
13285,"Troup","Georgia",189,"2020-07-28",6.24277897538889,464.875264924196,-0.022226161413942,5.97606503842159,6.09802828797977,6.0871958454913,-31.18609496488
13287,"Turner","Georgia",189,"2020-07-28",3.32194801000801,-102.945967021108,0.0116817495375702,3.49221191200732,3.40503921927303,3.403720256771,59.3359049798732
13289,"Twiggs","Georgia",189,"2020-07-28",3.64880123054653,52.0794367880217,0.0276590786281242,3.98071017408402,3.84370698373077,3.8424147809434,25.060385773485
13291,"Union","Georgia",189,"2020-07-28",4.49184150068109,79.0298031085234,0.0427147604033905,4.99635393455684,4.79106953228726,4.79084482350482,16.2273456298007
13293,"Upson","Georgia",189,"2020-07-28",4.25864761351338,650.091960253955,-0.00922628661083718,4.18958257297988,4.19688565914285,4.19406360723752,-75.1274277287003
13295,"Walker","Georgia",189,"2020-07-28",4.75727796418555,92.6604181976682,0.0520834217796266,5.38227902554107,5.11584819468734,5.12186191664294,13.3084032668353
13297,"Walton","Georgia",189,"2020-07-28",5.69325102260386,-92.8936281872808,0.0205611485532385,5.93998480524272,5.8378124555974,5.83717906247653,33.7115010265694
13299,"Ware","Georgia",189,"2020-07-28",6.21831550321051,-282.406533216445,0.0133323936530811,6.37830422704748,6.31869250727437,6.31164225878208,51.9897025692575
13301,"Warren","Georgia",189,"2020-07-28",3.00284974132285,317.031264893384,-0.0231110398806852,2.79715838976078,2.85280815360755,2.84107246215805,-29.9920377507217
13303,"Washington","Georgia",189,"2020-07-28",5.23492104998924,84.0988333316073,0.0524010001541403,5.86373305183893,5.59697063738241,5.60172805106822,13.227747152173
13305,"Wayne","Georgia",189,"2020-07-28",6.00670496259569,-90.8364216204811,0.0218555638556897,6.26897172886397,6.16308959532653,6.15969390958552,31.7149072490983
13309,"Wheeler","Georgia",189,"2020-07-28",3.28519846779927,421.162283498696,-0.0140325074460923,3.1595914197746,3.18357680643559,3.18697091567662,-49.3958177626315
13311,"White","Georgia",189,"2020-07-28",4.6388812433304,71.7784383733769,0.0411652351980229,5.11360980102564,4.92732357809366,4.92703788971656,16.8381688389633
13313,"Whitfield","Georgia",189,"2020-07-28",7.21953745403013,-245.304222639977,0.016816833083155,7.42133945102799,7.33783388758188,7.33725528561222,41.2174621186109
13315,"Wilcox","Georgia",189,"2020-07-28",3.01693448120459,-174.231134452012,0.00844113966227577,3.12517271323223,3.0844635985028,3.07602245884052,82.1153550696103
13317,"Wilkes","Georgia",189,"2020-07-28",4.5417738694293,815.716588552796,-0.00726247510854334,4.50067629871608,4.49427219955277,4.4909365436695,-95.4422796911964
13319,"Wilkinson","Georgia",189,"2020-07-28",4.30791866252016,6.53853648921456,0.0242752346188013,4.59922147794578,4.47877317547358,4.47784530485177,28.5536758529658
13321,"Worth","Georgia",189,"2020-07-28",4.27468002104443,956.028760272228,-0.00553694401169345,4.20823669290411,4.2363309681386,4.23592141296258,-125.185874933192
15001,"Hawaii","Hawaii",189,"2020-07-28",3.2470467018349,386.648568834025,-0.0162459295850478,3.09726322476771,3.14447823934263,3.13332519473957,-42.665898367422
15003,"Honolulu","Hawaii",189,"2020-07-28",6.35685143164874,49.4455855865982,0.0472437226185542,6.92377610307139,6.68213738446596,6.68755748997862,14.6717308065754
16001,"Ada","Idaho",189,"2020-07-28",8.38019457040655,-353.242299883784,0.0155985382614499,8.56737702954395,8.50005578730315,8.4893843382367,44.4366753436752
16005,"Bannock","Idaho",189,"2020-07-28",5.1433330059722,13.6092770040153,0.0301855225186961,5.50555927619655,5.3569083980047,5.35463166360307,22.9629015078546
16011,"Bingham","Idaho",189,"2020-07-28",4.64576358295334,-45.6513631872871,0.0202296364300899,4.88851922011442,4.79100278298502,4.78737103796397,34.2639465101285
16013,"Blaine","Idaho",189,"2020-07-28",3.15395627876888,331.81962928638,-0.0216466685263512,2.94004249453417,3.01081521765695,3.00242959908442,-32.0209633974925
16015,"Boise","Idaho",189,"2020-07-28",3.25258688221051,129.602286861735,0.0595595467584619,3.95461770031346,3.67222978151504,3.66950370951974,11.6378854152625
16017,"Bonner","Idaho",189,"2020-07-28",4.49024021931412,92.0041860735867,0.0487566669875446,5.07048926770879,4.83270459239068,4.83153688822693,14.2164594790086
16019,"Bonneville","Idaho",189,"2020-07-28",5.86403693742148,90.6990447366534,0.0626672176360629,6.59891788077346,6.29782961384897,6.30270746087392,11.0607620173177
16021,"Boundary","Idaho",189,"2020-07-28",3.28519846779927,127.929370191343,0.057675037555565,3.92597613064523,3.69163988396304,3.68892373068822,12.0181487509593
16027,"Canyon","Idaho",189,"2020-07-28",7.95652685184464,-287.282620149912,0.016882707979585,8.15911934759966,8.08132530741722,8.07470580770173,41.0566350728874
16031,"Cassia","Idaho",189,"2020-07-28",5.00202691955966,1409.11468898581,-0.00408290502475363,4.95303205926262,4.97128306574743,4.97344658438638,-169.768137235024
16039,"Elmore","Idaho",189,"2020-07-28",4.34565899050301,-16.7546222186783,0.0216187915986133,4.5994978393873,4.4980286155919,4.4969905316933,32.062253683245
16043,"Fremont","Idaho",189,"2020-07-28",3.35240721749272,118.272145940998,0.0504071123632719,3.91803667330809,3.7096201778975,3.70525700403562,13.7509797340621
16045,"Gem","Idaho",189,"2020-07-28",4.47571211875121,28.6799015894281,0.0288679755910518,4.83019251680877,4.68029525378855,4.67778794788857,24.0109382929782
16047,"Gooding","Idaho",189,"2020-07-28",3.86822038276975,130.629862867452,0.071842736746295,4.69636955308284,4.36217302181279,4.37111953999382,9.64811770753836
16051,"Jefferson","Idaho",189,"2020-07-28",4.17877324183889,138.315834015677,0.0896940840403106,5.1739284315931,4.79266587261669,4.80663183012106,7.7279029935623
16053,"Jerome","Idaho",189,"2020-07-28",4.85425991924688,-32.8739364132801,0.0223905536746766,5.12461415799607,5.01086087397721,5.01099379496962,30.9571255195839
16055,"Kootenai","Idaho",189,"2020-07-28",6.81783057145415,-188.619002415079,0.0182970555104955,7.03739523758009,6.95557341666254,6.94590996002762,37.8829905261175
16057,"Latah","Idaho",189,"2020-07-28",3.74106520728451,62.4777472238437,0.0307940974220088,4.11169725999505,3.95992484608038,3.95662388923857,22.5090922802805
16065,"Madison","Idaho",189,"2020-07-28",4.33448568990488,-14.4597744094652,0.021929837346711,4.61534862082506,4.49292681231,4.48799455133186,31.6074930060484
16067,"Minidoka","Idaho",189,"2020-07-28",5.11542421785513,-9.67873504505851,0.0264030328467199,5.43054239726647,5.29882059800614,5.30024544778217,26.2525591125815
16069,"Nez Perce","Idaho",189,"2020-07-28",3.14784005175145,373.360320890749,-0.0167500599633508,2.97079601003919,3.03808318365463,3.03058963200799,-41.3817730847861
16073,"Owyhee","Idaho",189,"2020-07-28",4.90527477843843,31.056335254179,0.0320201207150623,5.28151605634596,5.13135828892165,5.12941562344387,21.6472382077525
16075,"Payette","Idaho",189,"2020-07-28",5.02669610224644,1015.8050336898,-0.00604311815708609,4.95417868436141,4.98860765715694,4.98439427514684,-114.700252840029
16079,"Shoshone","Idaho",189,"2020-07-28",3.72741311811618,139.482505471372,0.0829907052405048,4.69042672935717,4.30526415126898,4.30834805479971,8.35210616118063
16081,"Teton","Idaho",189,"2020-07-28",3.40119738166216,682.417964757966,-0.00686461651733687,3.33907279520692,3.35575919347801,3.3531450660408,-100.973911479159
16083,"Twin Falls","Idaho",189,"2020-07-28",5.96541386990804,-51.7614173981523,0.0253027570657742,6.26904695469733,6.14259330924662,6.14253316936846,27.3941364871076
16085,"Valley","Idaho",189,"2020-07-28",3.2470467018349,408.498799226518,-0.0147176288722468,3.12747846281397,3.1512845775757,3.14402329972917,-47.0963894100511
16087,"Washington","Idaho",189,"2020-07-28",3.95672318434605,-152.728436046391,0.0117639628815584,4.10242837739366,4.04809890757965,4.03907092451696,58.9212315219513
17001,"Adams","Illinois",189,"2020-07-28",5.37989735354046,-46.2752895209059,0.0233628947540723,5.66025209058933,5.55154316751169,5.54343761681897,29.6687199020628
17007,"Boone","Illinois",189,"2020-07-28",4.43081679884331,37.1608720483289,0.0301746330194879,4.79291239507717,4.64112327592918,4.64203922997973,22.9711884188379
17011,"Bureau","Illinois",189,"2020-07-28",3.76782265645406,133.789065052855,0.0738468017551898,4.59407858004682,4.28321893431995,4.28475026874039,9.3862857169875
17017,"Cass","Illinois",189,"2020-07-28",3.50941096630239,102.99816268116,0.043443528625626,4.04032798179683,3.81328413180474,3.81351566668177,15.9551307752446
17019,"Champaign","Illinois",189,"2020-07-28",6.09999859321547,-100.154427314717,0.0214671953235463,6.35760493709803,6.25363026190337,6.25026896048029,32.2886697639382
17021,"Christian","Illinois",189,"2020-07-28",3.35739475900376,148.289578847876,0.0930734870371313,4.44057526463827,3.99717477850756,4.00890916826368,7.44731075008951
17023,"Clark","Illinois",189,"2020-07-28",3.69953674858792,108.430489367792,0.048844938129135,4.27732732882885,4.04327131497614,4.04145131549186,14.1907679098174
17027,"Clinton","Illinois",189,"2020-07-28",4.02023659006838,134.164523687822,0.0799226900425179,4.94205760692963,4.57400435768553,4.57969542036601,8.67272085300432
17029,"Coles","Illinois",189,"2020-07-28",4.79932620042905,112.23290051057,0.0665635592694446,5.57583629169411,5.26494043975458,5.26527111531516,10.4133130524787
17031,"Cook","Illinois",189,"2020-07-28",9.22693056200342,-329.841223997187,0.0179567736707204,9.44241184605206,9.35189235325007,9.35262797769846,38.6008752613597
17035,"Cumberland","Illinois",189,"2020-07-28",3.20738144544247,481.17101040252,-0.0108822044101749,3.10328922705635,3.14318194823712,3.13120601457125,-63.69547514765
17037,"DeKalb","Illinois",189,"2020-07-28",5.27665586976686,-96.4172589939441,0.0188205749930963,5.50346095217117,5.41473407906024,5.40839989471853,36.8292244426222
17041,"Douglas","Illinois",189,"2020-07-28",3.69953674858792,110.045082201457,0.0499113268076938,4.29012399297155,4.05180242440461,4.04891603624178,13.8875727193271
17043,"DuPage","Illinois",189,"2020-07-28",7.36327958696304,-162.18548378211,0.0212697525803754,7.61851661792755,7.51302966987043,7.51216785502567,32.5883988514036
17049,"Effingham","Illinois",189,"2020-07-28",3.78418963391826,102.749484797559,0.0463503869367789,4.32219746168711,4.11186830277874,4.10864234247571,14.954506884816
17055,"Franklin","Illinois",189,"2020-07-28",4.22370058343614,23.2400479771055,0.0263567961284552,4.55339883462914,4.41554698841861,4.40819815633533,26.2986129718404
17059,"Gallatin","Illinois",189,"2020-07-28",3.3964241029095,143.49273546386,0.0827513522806721,4.34504714492454,3.97359604121785,3.9756835688742,8.37626409063337
17063,"Grundy","Illinois",189,"2020-07-28",4.25053397873921,91.3360388744748,0.0457256222335235,4.78582474788996,4.57049759725916,4.57061333437387,15.1588353903639
17073,"Henry","Illinois",189,"2020-07-28",4.23410650459726,85.3877996626599,0.0427040289974701,4.72358661067974,4.53344913701068,4.53303470757955,16.2314235174627
17075,"Iroquois","Illinois",189,"2020-07-28",3.93182563272433,145.58583715634,0.100614942284366,5.07241808482951,4.59558168669881,4.63613022871489,6.88910776891284
17077,"Jackson","Illinois",189,"2020-07-28",5.07249165001389,131.962063081441,0.0974768015486943,6.24221326859822,5.73362737061911,5.75482926085475,7.11089376700245
17081,"Jefferson","Illinois",189,"2020-07-28",3.81299162482197,139.735773085023,0.0844324786081378,4.75052813540223,4.40287294698128,4.40401897507893,8.20948516478987
17083,"Jersey","Illinois",189,"2020-07-28",3.14168618617707,97.5466326067774,0.0364617640216354,3.58978344902706,3.40202976846607,3.39691853432852,19.010248109462
17085,"Jo Daviess","Illinois",189,"2020-07-28",3.84405002184194,138.632972909212,0.0838921256958631,4.81264184749836,4.42567042990227,4.43129490171298,8.2623628238106
17087,"Johnson","Illinois",189,"2020-07-28",3.30636327899132,105.271911760367,0.0419683760035415,3.80771052132343,3.604772616582,3.60014191101611,16.5159400140109
17089,"Kane","Illinois",189,"2020-07-28",6.77601819399178,-54.8316178731888,0.0283715290895429,7.11647654306629,6.9700213179317,6.97461889761858,24.4310829484133
17091,"Kankakee","Illinois",189,"2020-07-28",5.6619679242232,30.3597654061936,0.0368521171501221,6.10419333002467,5.91883444338832,5.91993274427406,18.8088835639026
17093,"Kendall","Illinois",189,"2020-07-28",5.39557370330785,-15.6341676301272,0.0270273058332605,5.71990137330698,5.58552668736374,5.58476484414067,25.646181119057
17095,"Knox","Illinois",189,"2020-07-28",4.33448568990488,-26.7799394590523,0.020590537938963,4.5871587954715,4.48980258631469,4.47861945547762,33.6633837646523
17097,"Lake","Illinois",189,"2020-07-28",7.30528421692914,-70.3636700365195,0.0287198412252831,7.64992231163254,7.50344597398581,7.50632310550612,24.1347845596633
17099,"LaSalle","Illinois",189,"2020-07-28",5.17776263614929,78.8012388971693,0.0490789398314543,5.75199094448682,5.5225302335747,5.52131521496947,14.1231082606987
17101,"Lawrence","Illinois",189,"2020-07-28",3.29583686600433,128.123008849995,0.0585640520090098,3.975151639924,3.70998807285752,3.7057852300674,11.8357107608146
17103,"Lee","Illinois",189,"2020-07-28",3.2188758248682,72.2160227825839,0.0289836094569297,3.58770645269507,3.42762228310279,3.42176109106671,23.9151435431111
17107,"Logan","Illinois",189,"2020-07-28",3.85014760171006,47.9456879042436,0.0282423278250759,4.18139841812445,4.05458001908971,4.04784389648559,24.5428487642053
17111,"McHenry","Illinois",189,"2020-07-28",6.39811942335174,-198.512548193339,0.0167265608764235,6.59883815386882,6.52093227769899,6.5152053494867,41.4399101931919
17113,"McLean","Illinois",189,"2020-07-28",5.20792365252353,63.5985263340676,0.0432448982986138,5.72568826326984,5.51319114604068,5.51063794061383,16.0284150924264
17115,"Macon","Illinois",189,"2020-07-28",4.61370508843793,135.480461632373,0.0950896328295717,5.75478068239279,5.22826587074861,5.27933251824493,7.28940852892204
17117,"Macoupin","Illinois",189,"2020-07-28",3.95398720452718,94.822033881672,0.0443381630758514,4.4860451614374,4.26672831003496,4.26435434605814,15.6331957048862
17119,"Madison","Illinois",189,"2020-07-28",6.66057514983969,51.8561262300295,0.050403964707695,7.26542272633203,7.01007493542104,7.01340290279355,13.7518384630986
17121,"Marion","Illinois",189,"2020-07-28",3.75787232560089,118.466847918005,0.0573430730281225,4.44598920193836,4.16532361543832,4.15927383679775,12.0877229621093
17131,"Mercer","Illinois",189,"2020-07-28",3.12926366617852,98.6623035524943,0.0365731904606069,3.55995011117136,3.39010049154879,3.38527599940277,18.9523301585224
17133,"Monroe","Illinois",189,"2020-07-28",4.48702994368387,58.5472804714176,0.0357667012763448,4.91623035900001,4.74048090646427,4.73739685261828,19.3796787465658
17135,"Montgomery","Illinois",189,"2020-07-28",4.32318613465095,47.021677516068,0.0315263659717898,4.69674511649176,4.54852404417417,4.54387069645348,21.9862695618069
17137,"Morgan","Illinois",189,"2020-07-28",3.18988828799495,145.115462916912,0.0810667303054614,4.12504304443297,3.75886949873668,3.75735540013318,8.55032857435042
17139,"Moultrie","Illinois",189,"2020-07-28",3.19575340744735,146.858656554805,0.0842061826827626,4.13800494342247,3.77759531965632,3.78519668622669,8.23154735764831
17141,"Ogle","Illinois",189,"2020-07-28",4.46754880811204,503.314053819669,-0.0140790124323673,4.32667838436831,4.38080812258585,4.36899572108547,-49.2326563308104
17143,"Peoria","Illinois",189,"2020-07-28",6.10861246048198,38.9234889524739,0.0421061439675844,6.61388618809299,6.40229411184665,6.40335546825507,16.4619011679998
17145,"Perry","Illinois",189,"2020-07-28",3.41538201665411,138.170831268932,0.0739456960781109,4.27621813543733,3.93896024429407,3.93300188920089,9.37373258110593
17157,"Randolph","Illinois",189,"2020-07-28",4.69003640663133,91.5836779201317,0.0507914391064515,5.30345526463926,5.04934784132982,5.04557648037649,13.6469293399466
17161,"Rock Island","Illinois",189,"2020-07-28",6.07731453566136,1352.50797967155,-0.00520091830042068,6.01490351605631,6.04646523922454,6.04090810755842,-133.273999036647
17163,"St. Clair","Illinois",189,"2020-07-28",7.12390298778389,-34.9716473356806,0.0325334493047999,7.51430437944149,7.3507015093113,7.35163713291749,21.3056775525391
17165,"Saline","Illinois",189,"2020-07-28",4.18095903505887,115.007313614357,0.0599106842985372,4.85232726454069,4.60641985943339,4.60033382514863,11.5696755708208
17167,"Sangamon","Illinois",189,"2020-07-28",5.87613385913031,68.3557116907833,0.0508121407900263,6.48587954861063,6.23333969373364,6.23181884466049,13.6413693613948
17177,"Stephenson","Illinois",189,"2020-07-28",3.30636327899132,130.064944700199,0.061139778225133,4.03125465829169,3.73616492763596,3.73434172656725,11.3370902002227
17179,"Tazewell","Illinois",189,"2020-07-28",4.81912882772523,44.3331138016626,0.0345044481114994,5.23318220506322,5.06352732767405,5.06065996450573,20.0886325820971
17181,"Union","Illinois",189,"2020-07-28",4.27666611901606,85.1979411357981,0.0432851923146066,4.79608842679134,4.58245629617817,4.57966246521831,16.0134943035945
17183,"Vermilion","Illinois",189,"2020-07-28",4.52334016774046,99.0036002978157,0.0532180208054649,5.16195641740604,4.89982894553555,4.89586631337871,13.0246704042922
17187,"Warren","Illinois",189,"2020-07-28",3.18398856586776,124.169727654524,0.0528420460294757,3.79565855758944,3.55823058416496,3.55388288807409,13.1173418261152
17189,"Washington","Illinois",189,"2020-07-28",3.12299405316492,147.028460089456,0.0831583124686712,4.07239061795305,3.7029629724024,3.70510224044562,8.3352723255547
17193,"White","Illinois",189,"2020-07-28",3.5715427474094,123.952363712728,0.058883232309345,4.24239770484263,3.98898751444506,3.98372537357482,11.7715545389641
17195,"Whiteside","Illinois",189,"2020-07-28",4.44600696433729,117.510370713572,0.0668297915781783,5.24544556626045,4.9112934234974,4.91381550538454,10.3718291527079
17197,"Will","Illinois",189,"2020-07-28",7.09447192511031,-194.587046325913,0.0187393414380135,7.31934402236647,7.22693045056501,7.2256473151764,36.9888762021204
17199,"Williamson","Illinois",189,"2020-07-28",4.81566261974874,86.3440273421646,0.0493125252729983,5.40741292302472,5.16276058303815,5.16085029665973,14.056209385397
17201,"Winnebago","Illinois",189,"2020-07-28",6.0282785202307,7.45712179573523,0.0341462571673711,6.43803360623915,6.26427739779911,6.2673023204023,20.2993604002459
17203,"Woodford","Illinois",189,"2020-07-28",3.58351893845611,90.5008757534225,0.0385723446913145,4.0693485850708,3.85573005181576,3.85352535129531,17.9700556475641
18003,"Allen","Indiana",189,"2020-07-28",6.39478449886976,-322.261516158424,0.0126313857458378,6.54636112781981,6.48600455013613,6.48320419909062,54.8749911139675
18005,"Bartholomew","Indiana",189,"2020-07-28",4.51867815463465,120.920563847404,0.071634726469391,5.37829487226734,5.01236206169754,5.02012123992039,9.67613355592447
18011,"Boone","Indiana",189,"2020-07-28",4.93755243735778,-51.4404175460318,0.0209867352246721,5.19296652692088,5.08891701720395,5.08445958393049,33.0278708498251
18013,"Brown","Indiana",189,"2020-07-28",3.16607763930123,136.029002937211,0.0651962840617158,3.90988615996991,3.62551613068795,3.62245162773324,10.6316976578573
18017,"Cass","Indiana",189,"2020-07-28",4.23203396499529,138.816848803566,0.0925349441471239,5.29143970211853,4.85815461280928,4.87977857402516,7.49065325481681
18019,"Clark","Indiana",189,"2020-07-28",5.54350193445341,85.2116054703713,0.0561149106719291,6.21688086251656,5.93430881147602,5.93630630915691,12.3522816353102
18023,"Clinton","Indiana",189,"2020-07-28",3.59926729542425,-10.3196509004897,0.0185224051131474,3.82153615678202,3.73169817936129,3.72892413121628,37.4220937467749
18027,"Daviess","Indiana",189,"2020-07-28",4.02023659006838,131.95905987052,0.0770018534810582,4.93127108863945,4.55620871024331,4.55924956443579,9.00169475440554
18029,"Dearborn","Indiana",189,"2020-07-28",5.12820666714205,28.8593170545553,0.0330552023478289,5.524869095316,5.36169138571566,5.35959308357685,20.9693824671284
18031,"Decatur","Indiana",189,"2020-07-28",3.43398720448515,120.827513663109,0.0545208911725456,4.09847094674333,3.81813314911463,3.81563344269297,12.7134235272549
18033,"DeKalb","Indiana",189,"2020-07-28",3.52636052461616,141.681532353614,0.0820797846242586,4.4584481255351,4.09522319072784,4.10091901698597,8.44479775054242
18035,"Delaware","Indiana",189,"2020-07-28",4.73368903678907,83.7864726478548,0.0469655719365327,5.27017249110925,5.06444778429864,5.0624480403448,14.7586232207847
18037,"Dubois","Indiana",189,"2020-07-28",5.56232862562335,94.0861452796706,0.0616704490067691,6.28507318061335,5.99403854215656,5.99402176867073,11.2395351699785
18039,"Elkhart","Indiana",189,"2020-07-28",7.03627412978312,2051.3199350594,-0.0037681138607666,6.99105676345392,7.006506032316,7.00989733275775,-183.950699520245
18041,"Fayette","Indiana",189,"2020-07-28",3.74782198974739,124.347159623914,0.0618716696484204,4.4332808691202,4.18027498995341,4.18092367728633,11.2029816634768
18043,"Floyd","Indiana",189,"2020-07-28",5.23720155268797,103.670980577458,0.065196881405206,6.01956412955044,5.6920590462798,5.69357972252441,10.6316002486677
18045,"Fountain","Indiana",189,"2020-07-28",3.07797037179096,140.946123311453,0.0707042535310139,3.89254325525217,3.57555093679406,3.57290014650806,9.80347215257568
18047,"Franklin","Indiana",189,"2020-07-28",3.83483336673702,135.755094534806,0.0785456301637294,4.73197406391794,4.37954837875992,4.38465277788313,8.82477076210441
18049,"Fulton","Indiana",189,"2020-07-28",3.71705033108063,121.714548226587,0.0592717238591232,4.40302678426398,4.13406570811368,4.13195239809449,11.6943988706557
18051,"Gibson","Indiana",189,"2020-07-28",4.77912349311153,486.612577533533,-0.0157928779169198,4.58960895810849,4.6776780213979,4.66857334769309,-43.8898587202612
18053,"Grant","Indiana",189,"2020-07-28",5.52203218323054,53.6505519795737,0.0423632954883339,6.03039172909055,5.81954528724866,5.81857525164888,16.3619749731422
18055,"Greene","Indiana",189,"2020-07-28",3.5305534028762,115.811701285443,0.0514430287175477,4.12512895358427,3.89497970963951,3.89065460389903,13.4740740939988
18057,"Hamilton","Indiana",189,"2020-07-28",6.49655949616499,12.2004909322593,0.0378147733449191,6.95033677630402,6.76085647010414,6.76126290957942,18.3300630744909
18059,"Hancock","Indiana",189,"2020-07-28",4.80752776954246,27.1981170655793,0.0306858253523521,5.17982509887382,5.02461009593035,5.02232854700893,22.5885135107443
18061,"Harrison","Indiana",189,"2020-07-28",3.53472877428668,131.037106647992,0.0660461499921653,4.29054899825173,3.99855945308643,3.99705182423184,10.4948915363298
18063,"Hendricks","Indiana",189,"2020-07-28",5.48479693349066,-9.79966910928968,0.0283013740874739,5.82441342254035,5.68477996168175,5.68290655210298,24.4916440600222
18065,"Henry","Indiana",189,"2020-07-28",4.49503639157761,399.317399170527,-0.0210059690195867,4.27087898811904,4.3583883932889,4.3479946084405,-32.9976293839922
18067,"Howard","Indiana",189,"2020-07-28",5.13747769856998,28.5425317355991,0.0330474808056966,5.53404746823834,5.37032532034615,5.36881006420986,20.9742819622264
18069,"Huntington","Indiana",189,"2020-07-28",3.70657903121334,427.7090264496,-0.0153352481299148,3.5533154145456,3.60473113307686,3.59923229430394,-45.1996064679129
18071,"Jackson","Indiana",189,"2020-07-28",4.05550472890584,-128.459705633916,0.0129792887075729,4.21125619339671,4.15188558791184,4.14635974985885,53.4040960315123
18073,"Jasper","Indiana",189,"2020-07-28",4.14539973302239,50.5414796289916,0.0311729809554526,4.53437568533375,4.36493061751632,4.36361059971056,22.2355116294614
18077,"Jefferson","Indiana",189,"2020-07-28",4.27268997063642,-98.3221866262579,0.0151620930852185,4.46254039067236,4.38799269137796,4.37882462223295,45.71579772424
18081,"Johnson","Indiana",189,"2020-07-28",5.61884686385042,3.04056585638207,0.0310503118582424,5.99145060614933,5.83885628421514,5.83619904685812,22.3233564842907
18083,"Knox","Indiana",189,"2020-07-28",3.63381967693091,131.321192217364,0.0685408356848136,4.43313953651932,4.11180487305117,4.1136055267246,10.1129082193774
18085,"Kosciusko","Indiana",189,"2020-07-28",5.48716519984327,-309.060621610479,0.0111287840872804,5.62071060889063,5.57264096642939,5.56506668845423,62.2841790373287
18087,"LaGrange","Indiana",189,"2020-07-28",3.96488649498521,-95.2711924887661,0.0142883761349617,4.16179235555832,4.06004107185015,4.06490512792994,48.5112635622679
18089,"Lake","Indiana",189,"2020-07-28",7.35773840005452,-334.088877471721,0.014201691485755,7.52815869788358,7.46109730994219,7.4571502404548,48.8073678586248
18091,"LaPorte","Indiana",189,"2020-07-28",5.2257466737132,-128.958026620837,0.0166979154685316,5.42612165933558,5.34774238228906,5.34263208199292,41.5110006914474
18093,"Lawrence","Indiana",189,"2020-07-28",4.00212484012533,441.27720738982,-0.0157389106626738,3.86039605469849,3.89944040543376,3.89195246548661,-44.0403529453792
18095,"Madison","Indiana",189,"2020-07-28",4.6525988795592,102.835999729013,0.057323429895339,5.34048003830327,5.05226324572507,5.05386288882657,12.0918650859778
18097,"Marion","Indiana",189,"2020-07-28",7.62343245661869,-24.0083257422379,0.0366496505820906,8.06322826360378,7.87695350536383,7.87998001069332,18.9127909693814
18099,"Marshall","Indiana",189,"2020-07-28",5.52999582031208,544.545142679869,-0.0153635628037361,5.35489518949933,5.42727869369075,5.42245088068593,-45.1163046888698
18103,"Miami","Indiana",189,"2020-07-28",3.90629233071916,127.306338235749,0.0691516028781968,4.75027681857064,4.39112785629999,4.39035355086654,10.0235880545076
18105,"Monroe","Indiana",189,"2020-07-28",5.69900919590355,18.0512705394743,0.034341987518857,6.11111304612983,5.94066815067596,5.93940310853555,20.1836652633847
18107,"Montgomery","Indiana",189,"2020-07-28",3.13549421592915,91.0542333480829,0.0336489854663522,3.53131857682554,3.37313774192504,3.37103711419362,20.5993485673756
18109,"Morgan","Indiana",189,"2020-07-28",4.13858926401986,88.5025285766845,0.0428570729054647,4.60702696994214,4.43957926787079,4.43858877435811,16.173460611482
18113,"Noble","Indiana",189,"2020-07-28",4.90633241999656,482.408018098569,-0.0164416909815604,4.70903212821784,4.7967548185455,4.79124058312564,-42.1579009931106
18115,"Ohio","Indiana",189,"2020-07-28",3.03082359336526,-6.93545793585152,0.0159087617387164,3.22845184863877,3.15117324443042,3.14218492553627,43.570152846847
18117,"Orange","Indiana",189,"2020-07-28",3.01693448120459,630.283332945156,-0.0068063189537653,2.95587088032898,2.96945259889057,2.96929024852823,-101.83877441954
18119,"Owen","Indiana",189,"2020-07-28",3.07136968775961,114.699083918614,0.0439791873175582,3.57554821743237,3.38265709190573,3.37922399898252,15.7608001156314
18123,"Perry","Indiana",189,"2020-07-28",3.63381967693091,375.654122915086,-0.0192626489939388,3.46061431002723,3.50579072528918,3.49898113397334,-35.9840009947777
18127,"Porter","Indiana",189,"2020-07-28",5.73979291217923,39.9781857499792,0.0398536356597688,6.21803654009646,6.01831663565147,6.01876836179761,17.3923198996788
18129,"Posey","Indiana",189,"2020-07-28",4.60517018598809,42.2647001543454,0.0324913426013349,4.99506629720411,4.83611338992552,4.83260958419743,21.3332883489852
18133,"Putnam","Indiana",189,"2020-07-28",3.61477148196022,107.365740096244,0.0468870857394253,4.15580214355791,3.9466394333248,3.9429810821362,14.7833282796058
18137,"Ripley","Indiana",189,"2020-07-28",4.07024701064304,49.5026136161961,0.0300576182876095,4.40336252005681,4.28351221413543,4.28065033865631,23.0606155793015
18139,"Rush","Indiana",189,"2020-07-28",3.14784005175145,106.008928633417,0.0404179892073913,3.63725815125613,3.43367956995212,3.43076597620319,17.149472157145
18141,"St. Joseph","Indiana",189,"2020-07-28",6.75227037614174,-68.9958792682123,0.0266892504165388,7.0725413811402,6.93940476391967,6.93909512905751,25.9710246538215
18143,"Scott","Indiana",189,"2020-07-28",4.07268306544092,102.988164503977,0.0499835975553148,4.64906615331435,4.42522047117767,4.42256824832812,13.8674928268792
18145,"Shelby","Indiana",189,"2020-07-28",4.80869395043265,47.0636042579323,0.0351162590805316,5.23008905939903,5.05403307797419,5.05450776399637,19.738639556405
18147,"Spencer","Indiana",189,"2020-07-28",4.19397440317094,-55.1127078046082,0.0175284785893703,4.40162372227188,4.32554416914279,4.31667375329653,39.5440583748259
18149,"Starke","Indiana",189,"2020-07-28",4.14991441337691,374.832770606003,-0.0219631144372621,3.92772460595229,4.00961142492973,3.99617261231608,-31.5596033768311
18151,"Steuben","Indiana",189,"2020-07-28",3.96217278911362,110.726002834132,0.0540733813134909,4.61105336487551,4.34174882365504,4.34068645830806,12.8186394806979
18153,"Sullivan","Indiana",189,"2020-07-28",3.11668488397166,9.11018252994952,0.0178828636021929,3.34212511445563,3.24700876701176,3.24186492918701,38.7604130959736
18157,"Tippecanoe","Indiana",189,"2020-07-28",5.62143552695793,-368.569452476797,0.0101732651013566,5.74351470817421,5.69971444692603,5.69264838266743,68.134190316884
18159,"Tipton","Indiana",189,"2020-07-28",3.70306408910589,147.760827061719,0.100479761108033,4.84706057288758,4.36325947574132,4.40642241686212,6.89837608008136
18163,"Vanderburgh","Indiana",189,"2020-07-28",6.80223602056662,-49.1221932769761,0.0291788436139359,7.15238214393385,7.00863374761887,7.00648792586417,23.7551285352822
18167,"Vigo","Indiana",189,"2020-07-28",4.84643427841549,114.317938403524,0.0695506729763663,5.68104235413189,5.33071538989091,5.33328898925005,9.96607438716633
18169,"Wabash","Indiana",189,"2020-07-28",3.44316158076119,120.205782983673,0.053632413943916,4.06502682157467,3.82068724219733,3.8185884783686,12.924034731772
18173,"Warrick","Indiana",189,"2020-07-28",5.32161527877286,56.7165253951555,0.0418091609715556,5.82332521043153,5.61549915721042,5.61427940557375,16.5788349838333
18177,"Wayne","Indiana",189,"2020-07-28",5.13579843705026,104.068527519586,0.0642525187848721,5.90682866246873,5.5838224217109,5.58556606854436,10.7878600507587
18179,"Wells","Indiana",189,"2020-07-28",3.71705033108063,81.3263777877553,0.0362932294241433,4.16187607984653,3.97205680002847,3.97110293704963,19.0985258561434
18181,"White","Indiana",189,"2020-07-28",4.07753744390572,63.0944663726502,0.0336908159589004,4.47769587335849,4.31508092572387,4.31337315561802,20.5737724312026
18183,"Whitley","Indiana",189,"2020-07-28",3.81928095372953,-7.09788385387697,0.0200401828124813,4.07011872125978,3.96380429935279,3.9595622334169,34.5878671390285
19011,"Benton","Iowa",189,"2020-07-28",3.8255309740747,66.9659702989902,0.0323011402121944,4.16794628551677,4.05229188482148,4.05163895556006,21.4589075186351
19013,"Black Hawk","Iowa",189,"2020-07-28",6.40876411286315,776.481349684426,-0.0108168199999488,6.27896227286376,6.33415812372883,6.33304637286351,-64.08049505892
19015,"Boone","Iowa",189,"2020-07-28",4.20041910861358,65.1088252598117,0.0354181632920837,4.63592500044065,4.44668274004572,4.44834625165817,19.5703875111692
19017,"Bremer","Iowa",189,"2020-07-28",4.22995712105045,90.0359840065259,0.0446051814078543,4.72654415609369,4.54215779169066,4.54219339090543,15.5396112891471
19019,"Buchanan","Iowa",189,"2020-07-28",3.62624388312245,37.3425023988609,0.0247711901402029,3.9301350402466,3.80133545696153,3.79964221410387,27.9819894254894
19021,"Buena Vista","Iowa",189,"2020-07-28",4.17658266045907,397.22554853766,-0.0198129930701132,3.98688039870639,4.02026929727798,4.03789170896828,-34.9844760005251
19023,"Butler","Iowa",189,"2020-07-28",3.72051653905712,-120.997645278812,0.0122694983022248,3.88940207055764,3.81172805312211,3.80640302717269,56.4935226760053
19025,"Calhoun","Iowa",189,"2020-07-28",3.19575340744735,326.370292344088,-0.0227621479610928,2.96750788406705,3.03677864117946,3.0364183717197,-30.4517474249239
19027,"Carroll","Iowa",189,"2020-07-28",4.21950770517611,-93.7284359196313,0.0152041027778217,4.4050609173796,4.32845536787136,4.32593642462086,45.5894827000935
19031,"Cedar","Iowa",189,"2020-07-28",3.29053181377464,417.982587769599,-0.0141598199957138,3.14323348500026,3.19308471902561,3.19141307380464,-48.9516943555611
19033,"Cerro Gordo","Iowa",189,"2020-07-28",5.92540105426809,-250.257189452116,0.0136449118130754,6.089139996025,6.02997143058602,6.02091543695962,50.7989490921979
19039,"Clarke","Iowa",189,"2020-07-28",3.3964241029095,-239.172717331145,0.00808520425377589,3.51846030529299,3.45630956467621,3.45302053268593,85.7303240343293
19041,"Clay","Iowa",189,"2020-07-28",3.55534806148941,310.671891916446,-0.0285445942795292,3.27326263002096,3.35912258543598,3.35553590153271,-24.2829578788947
19043,"Clayton","Iowa",189,"2020-07-28",3.54302757710137,130.554987346664,0.0653943657239759,4.2797350922625,3.99777977600878,4.0007881371692,10.5994938996069
19045,"Clinton","Iowa",189,"2020-07-28",4.7361984483945,93.0592310988543,0.0520800352319743,5.36115887117819,5.0974478820495,5.10075869501832,13.3092686568382
19049,"Dallas","Iowa",189,"2020-07-28",6.00951493985736,1121.42346980178,-0.00641067258656117,5.93258686881863,5.96208043036859,5.96464023175143,-108.123940382325
19055,"Delaware","Iowa",189,"2020-07-28",3.29053181377464,-48.5477836476545,0.0142189544186663,3.47721378887186,3.39358816000722,3.3900644947053,48.748111861868
19057,"Des Moines","Iowa",189,"2020-07-28",3.67449071666184,53.404929720632,0.0280095918259273,3.99402971491452,3.87287796515395,3.87055785944333,24.7467790629611
19059,"Dickinson","Iowa",189,"2020-07-28",4.57176112385696,530.762441898818,-0.0132888555815505,4.44860974452056,4.48011329851464,4.47873913478611,-52.1600356258122
19061,"Dubuque","Iowa",189,"2020-07-28",6.5602220950015,1089.55008630689,-0.00724446079151306,6.47328856550334,6.51312733602616,6.50951086946091,-95.6796096366444
19063,"Emmet","Iowa",189,"2020-07-28",4.02535169073515,72.7093790028411,0.0361697297999434,4.45938844833447,4.27569287679225,4.27853979933475,19.1637367598203
19065,"Fayette","Iowa",189,"2020-07-28",3.32708940950844,269.959191475541,-0.0393030378169793,2.90682089947642,3.07238434167423,3.05196814478958,-17.6359696109927
19067,"Floyd","Iowa",189,"2020-07-28",3.23023958351852,285.4050265004,-0.0325830989183548,2.91309282226067,3.00836081720683,3.00215789109004,-21.2732122962521
19069,"Franklin","Iowa",189,"2020-07-28",4.39972621177328,9.41456641905938,0.0251758525091507,4.6974473561897,4.57626496526848,4.57595717933734,27.5322228038954
19075,"Grundy","Iowa",189,"2020-07-28",3.30636327899132,-1.72108452134066,0.0177807117614992,3.51562161304498,3.43277750786663,3.43082826132181,38.9830952696071
19077,"Guthrie","Iowa",189,"2020-07-28",3.95945169899926,70.9554117888149,0.0352407931588501,4.40667046878396,4.2081339856909,4.20613725111121,19.6688870603888
19079,"Hamilton","Iowa",189,"2020-07-28",3.47462485021697,87.3780460837351,0.0359610286211783,3.90615719367111,3.72167543345458,3.72635205056522,19.2749542250784
19081,"Hancock","Iowa",189,"2020-07-28",3.91772102654278,76.7474141966306,0.0367690770194848,4.38480751217681,4.17424257448102,4.17510456567917,18.8513619798678
19083,"Hardin","Iowa",189,"2020-07-28",4.08236837117539,92.9280402783132,0.0447188763284241,4.60926221972242,4.39325507282656,4.39540050547436,15.500102808249
19085,"Harrison","Iowa",189,"2020-07-28",3.29053181377464,107.843649479956,0.0433000964078787,3.81717847648464,3.59344747309793,3.59363248862979,16.0079823848573
19091,"Humboldt","Iowa",189,"2020-07-28",3.11668488397166,114.559655883402,0.0448829124282331,3.65527983311046,3.43043298718547,3.43086527096929,15.4434537123293
19095,"Iowa","Iowa",189,"2020-07-28",3.11668488397166,68.4793447653922,0.0271041132211423,3.45633427751306,3.30787535912746,3.30641367651966,25.5735052058174
19097,"Jackson","Iowa",189,"2020-07-28",4.49344022204479,36.3713926363261,0.0301852750156235,4.81843341363347,4.70739031877957,4.70473714715415,22.9630897913364
19099,"Jasper","Iowa",189,"2020-07-28",4.67416305747504,-27.9505093274096,0.0220530871678853,4.93880010348966,4.8303850475006,4.82853466765024,31.4308457261865
19103,"Johnson","Iowa",189,"2020-07-28",6.19702586137695,533.122191540509,-0.0177503063727701,5.98402218490371,6.07374785201881,6.07277371676756,-39.049871365785
19105,"Jones","Iowa",189,"2020-07-28",3.91772102654278,-54.8843213042702,0.0164644830368189,4.13068065231799,4.03800819501371,4.03297240780051,42.0995411158604
19109,"Kossuth","Iowa",189,"2020-07-28",3.65620867182439,522.781934888623,-0.0107757893077745,3.52133327994667,3.57735533166745,3.58077814666997,-64.3244926902809
19113,"Linn","Iowa",189,"2020-07-28",6.2803958389602,7.45902114481214,0.0355747197035304,6.70729247540257,6.52737673301713,6.52941887688491,19.4842625981719
19119,"Lyon","Iowa",189,"2020-07-28",3.8286413964891,4.614390319274,0.0214920347866772,4.11326618092759,3.98176834282502,3.97908563999584,32.2513520678658
19121,"Madison","Iowa",189,"2020-07-28",3.70657903121334,699.45967386587,-0.00720577141055472,3.62781532430989,3.6524354904801,3.65613863133946,-96.193334629607
19125,"Marion","Iowa",189,"2020-07-28",4.07511320029421,106.610105575137,0.0526569163917222,4.70699619699488,4.44149192120216,4.44371161503626,13.1634593906625
19127,"Marshall","Iowa",189,"2020-07-28",5.49950740764638,51.7101220737233,0.0415716417148044,5.99836710822403,5.78850456340695,5.79050889965001,16.6735580306203
19129,"Mills","Iowa",189,"2020-07-28",3.43398720448515,46.9042747860194,0.0249566365988051,3.72092783260062,3.61032921840714,3.60868366067679,27.7740623347111
19131,"Mitchell","Iowa",189,"2020-07-28",3.69244452027843,324.638844833068,-0.0265740122975315,3.4184502445342,3.51482101973593,3.50642643419571,-26.0836479188479
19137,"Montgomery","Iowa",189,"2020-07-28",3.14784005175145,142.328826809495,0.0737798010695197,3.95984848116324,3.62793488120919,3.66429865923809,9.39480956185855
19139,"Muscatine","Iowa",189,"2020-07-28",4.89142266563028,-239.124222549594,0.0115602520606273,5.03014569035781,4.97744610207588,4.97234443005467,59.9595213776274
19141,"O'Brien","Iowa",189,"2020-07-28",3.20738144544247,426.107390580183,-0.0133851909759314,3.08003136788899,3.11179429706075,3.11368510861095,-51.7846313740557
19145,"Page","Iowa",189,"2020-07-28",3.27983652465789,139.838876117916,0.0724574520656289,4.06929194163793,3.76364818239279,3.78703868911729,9.56626490167115
19147,"Palo Alto","Iowa",189,"2020-07-28",3.25809653802148,284.784705709461,-0.0327703056093289,2.90950193953338,3.03895147823054,3.02870439875618,-21.1516849681934
19149,"Plymouth","Iowa",189,"2020-07-28",4.53106221383437,-204.162552822245,0.0116671460106402,4.66875493176766,4.61357174326743,4.61273223590885,59.4101745129279
19153,"Polk","Iowa",189,"2020-07-28",7.85576613733413,1710.07335974111,-0.0051476988882545,7.79399375067508,7.81801091045337,7.81973224511635,-134.651850391152
19155,"Pottawattamie","Iowa",189,"2020-07-28",5.70521002664739,-43.5250629198431,0.0250750838322252,6.00611103263409,5.87882110726378,5.88073561347297,27.642865930089
19163,"Scott","Iowa",189,"2020-07-28",6.56405699726918,1187.59339361278,-0.00654055421154139,6.48557034673068,6.51835842859656,6.51827311778839,-105.976826755266
19165,"Shelby","Iowa",189,"2020-07-28",3.01693448120459,-72.8826220656568,0.0117969796334139,3.17200281628749,3.09722557839016,3.09951333863849,58.7563259494545
19167,"Sioux","Iowa",189,"2020-07-28",4.53259949315326,-363.775018394676,0.00827140993637047,4.63012864928168,4.59415182678792,4.59049936270785,83.8003660672272
19169,"Story","Iowa",189,"2020-07-28",5.63427926888923,604.21185282548,-0.0134081873964398,5.47338102013195,5.53362788693575,5.54042195711415,-51.6958154048467
19171,"Tama","Iowa",189,"2020-07-28",4.09672268462707,361.437190447867,-0.0232949983175748,3.85385907314735,3.94077439850449,3.93365769640405,-29.7551934157902
19175,"Union","Iowa",189,"2020-07-28",3.56347818757266,46.6026457250678,0.0258957542477491,3.86875717156756,3.74605281841733,3.7447484673069,26.7668272539385
19179,"Wapello","Iowa",189,"2020-07-28",4.38381075646738,122.784848758465,0.0716131654918292,5.24316874236933,4.87889905804521,4.88510291491018,9.67904680374771
19181,"Warren","Iowa",189,"2020-07-28",5.22189903526113,-167.6672192581,0.0148489786630599,5.40008677921785,5.33139567757849,5.32584188590255,46.6797883065387
19183,"Washington","Iowa",189,"2020-07-28",3.75118333745009,421.036911345412,-0.0158322376377861,3.56283785769395,3.64445965124862,3.64035767398559,-43.7807463744508
19187,"Webster","Iowa",189,"2020-07-28",6.01859321449623,-265.21903801248,0.0133979032614575,6.17936805363372,6.11774987507313,6.11237853732643,51.7354967440285
19189,"Winnebago","Iowa",189,"2020-07-28",3.64880123054653,-37.1349595319703,0.016558527965,3.86037174702926,3.76628790065091,3.76471092630153,41.8604348179417
19191,"Winneshiek","Iowa",189,"2020-07-28",3.47903986842609,650.3640017622,-0.00752161958409975,3.4175531739645,3.42326252322633,3.42638853133739,-92.1539799786227
19193,"Woodbury","Iowa",189,"2020-07-28",5.792142148634,851.564202359442,-0.00867653197724237,5.68802376490709,5.73011320540113,5.7314064247933,-79.887584391782
19195,"Worth","Iowa",189,"2020-07-28",3.46126162240481,473.74858275327,-0.0120725187509352,3.35312497333452,3.37361010314163,3.37675399114826,-57.4152912793157
19197,"Wright","Iowa",189,"2020-07-28",3.8859723282282,401.848743806493,-0.0179953581679716,3.70432187322487,3.75367140263228,3.7600048210524,-38.5181097308537
20003,"Anderson","Kansas",189,"2020-07-28",3.04452243772342,-63.3464083487047,0.0124298989779331,3.2236496560642,3.13713566447649,3.13153173056895,55.7645063560446
20009,"Barton","Kansas",189,"2020-07-28",3.5179216559703,136.175501334523,0.0724056605328114,4.33163234191813,4.02240686502368,4.02476127969998,9.57310761975355
20011,"Bourbon","Kansas",189,"2020-07-28",3.65620867182439,323.51619147795,-0.0265769651515363,3.38899337716611,3.47982879906614,3.47016991576364,-26.0807498752308
20015,"Butler","Kansas",189,"2020-07-28",4.6388812433304,90.4898210739448,0.0496083025036095,5.23418087337371,4.98619754198723,4.98613936085567,13.972402714435
20021,"Cherokee","Kansas",189,"2020-07-28",3.43398720448515,365.768379124289,-0.019003888597087,3.22625936418602,3.30473612404027,3.30095998430554,-36.4739656843808
20035,"Cowley","Kansas",189,"2020-07-28",4.04305126783455,87.6941319980902,0.0419277019446282,4.54101615243832,4.33754645568236,4.33654518144695,16.5319621255501
20037,"Crawford","Kansas",189,"2020-07-28",4.61370508843793,579.486161240527,-0.0117219509462737,4.49520597063626,4.51992948086774,4.53165143181401,-59.1324075434978
20041,"Dickinson","Kansas",189,"2020-07-28",3.29583686600433,64.3586360902337,0.0276166193806757,3.63548944184904,3.48995856359908,3.48915320166906,25.0989149325411
20045,"Douglas","Kansas",189,"2020-07-28",5.87493073085203,394.839304135623,-0.0278644949761026,5.5405567911388,5.69751281418241,5.67987926601931,-24.8756412472004
20051,"Ellis","Kansas",189,"2020-07-28",4.39444915467244,38.1384561498703,0.0300307696309953,4.74070365695651,4.60607081714556,4.60466454208941,23.0812326516113
20055,"Finney","Kansas",189,"2020-07-28",4.58350868920691,47.3634197149578,0.033545253252424,4.986051728236,4.81620571681576,4.81832546197388,20.6630480725274
20057,"Ford","Kansas",189,"2020-07-28",4.05550472890584,-250.370270691217,0.00937772761328633,4.18593881321112,4.12057621895896,4.12114882219884,73.9141942636398
20059,"Franklin","Kansas",189,"2020-07-28",4.05054193956371,65.4795932621931,0.0341759031296981,4.46065277712009,4.28850241560555,4.2897732614716,20.2817516754258
20061,"Geary","Kansas",189,"2020-07-28",4.52178857704904,551.997508119535,-0.0122875521634789,4.37433795108729,4.43429907584543,4.43577571190469,-56.4105178426115
20067,"Grant","Kansas",189,"2020-07-28",3.57954279007647,-87.6033962869797,0.0132219766087346,3.74979747186415,3.67329440997955,3.67209662633761,52.4238698245799
20069,"Gray","Kansas",189,"2020-07-28",3.07136968775961,137.93628202195,0.0661493921116154,3.84087964798829,3.52492741044691,3.53441543254092,10.4785117207182
20079,"Harvey","Kansas",189,"2020-07-28",4.55237200042112,-46.4722190445086,0.0196298658788497,4.75969713919076,4.69270590725192,4.68978106157307,35.3108464845285
20087,"Jefferson","Kansas",189,"2020-07-28",3.0513021247088,46.1006273200313,0.0221016086613743,3.31301727355817,3.20763646265625,3.20601338533842,31.3618429852719
20091,"Johnson","Kansas",189,"2020-07-28",7.77335403939726,-441.55683098558,0.0124262955088351,7.92246958550328,7.86776243444075,7.86033810795911,55.7806773601284
20099,"Labette","Kansas",189,"2020-07-28",3.77111755235091,57.7538684238315,0.0298305601243204,4.1239595399376,3.97970968827907,3.97993147322115,23.2361436617757
20103,"Leavenworth","Kansas",189,"2020-07-28",5.23568179555655,55.3659278886547,0.0407021383185674,5.72410745537936,5.51936729345815,5.52059676378652,17.0297485388808
20111,"Lyon","Kansas",189,"2020-07-28",4.61935482098004,93.0500929447109,0.0507900994134266,5.22883601394116,4.97512333712463,4.97488551687403,13.6472893056931
20113,"McPherson","Kansas",189,"2020-07-28",3.79066214842388,-48.4096923767626,0.0163187190797748,3.98845311027056,3.90822470553527,3.9048931819823,42.4755875244536
20115,"Marion","Kansas",189,"2020-07-28",3.3964241029095,123.127590061681,0.056073833318934,4.08623536843035,3.79094754819069,3.78894093614204,12.361330401963
20121,"Miami","Kansas",189,"2020-07-28",4.10852919721406,1.63621993566503,0.0225415917516057,4.38126898150911,4.26750880675633,4.2663203394753,30.7496998525213
20125,"Montgomery","Kansas",189,"2020-07-28",4.37665509087197,63.5345820770724,0.0363312157657736,4.81262968006125,4.63259813723266,4.63097360123238,19.0785572668046
20143,"Ottawa","Kansas",189,"2020-07-28",3.02390315052069,-95.5910568032499,0.0108642484581033,3.16791768927141,3.11081713818552,3.09995288972741,63.8007482278216
20147,"Phillips","Kansas",189,"2020-07-28",3.46126162240481,275.440702437544,-0.0389876382250936,3.09720536698228,3.23112647130062,3.18834815482915,-17.7786399001162
20149,"Pottawatomie","Kansas",189,"2020-07-28",3.34739467566918,298.364344602098,-0.0295411770603388,3.0239632285561,3.15047922772735,3.14060643624681,-23.4637631108662
20155,"Reno","Kansas",189,"2020-07-28",4.7585042059088,-26.9734476115591,0.0225228256016596,5.02199207435594,4.91763340152424,4.91616398512042,30.7753206821825
20161,"Riley","Kansas",189,"2020-07-28",5.06800532575522,325.239653783845,-0.0360532135846659,4.65950484147724,4.83553827072593,4.81563283066256,-19.2256698264133
20169,"Saline","Kansas",189,"2020-07-28",5.23110861685459,452.733939751847,-0.0194657534574348,4.99751957536537,5.10325633348988,5.09484834265255,-35.6085461616284
20173,"Sedgwick","Kansas",189,"2020-07-28",7.65200287818744,-325.769498630666,0.0150107115053806,7.83213141625201,7.76089544217698,7.7570778587251,46.1768371413631
20175,"Seward","Kansas",189,"2020-07-28",4.84193483325427,-266.734956049034,0.0107645962418358,4.98115496885147,4.92239867688617,4.91728700694712,64.3913775294314
20177,"Shawnee","Kansas",189,"2020-07-28",6.30575377455028,660.642988136694,-0.0132295112515992,6.14699963953109,6.21852287236852,6.21314719578909,-52.3940127021816
20191,"Sumner","Kansas",189,"2020-07-28",4.25053397873921,51.7294301559848,0.0319859619008525,4.61463295044495,4.47539540038293,4.47443571204518,21.6703559739271
20209,"Wyandotte","Kansas",189,"2020-07-28",7.37865136701089,-421.43513313318,0.0121873524729655,7.52489959668648,7.47096280372871,7.46396283432165,56.8743032662353
21001,"Adair","Kentucky",189,"2020-07-28",4.19397440317094,-127.33202220814,0.0134641292047892,4.35338412305615,4.30168743680925,4.28822330760446,51.4810256212778
21003,"Allen","Kentucky",189,"2020-07-28",3.58351893845611,504.036056445371,-0.0113299808218974,3.49004261197897,3.50862744884907,3.50420907270283,-61.1781424395971
21009,"Barren","Kentucky",189,"2020-07-28",5.02481992908821,107.114918649336,0.0653549406570903,5.80907921697329,5.47967211336,5.48230451368784,10.6058879954739
21013,"Bell","Kentucky",189,"2020-07-28",5.31038709063537,65.2917413150956,0.0447347737172281,5.84720437524211,5.62499970051739,5.62353050665597,15.494594539393
21015,"Boone","Kentucky",189,"2020-07-28",5.6999656761295,-45.7081169505175,0.0248139497715588,5.99773307338821,5.87770859735606,5.87366332453041,27.9337705984404
21017,"Bourbon","Kentucky",189,"2020-07-28",3.38196601973427,1492.89090439724,-0.00263140361133375,3.41264340933678,3.3609147908436,3.36354619445493,-263.413479245252
21019,"Boyd","Kentucky",189,"2020-07-28",4.29241447598419,65.7690567545208,0.0363053390098731,4.72807854410267,4.5470680802116,4.5465518490533,19.0921555744582
21021,"Boyle","Kentucky",189,"2020-07-28",4.00733318523247,145.88417099586,0.103463014998694,5.18513476792732,4.70779407831469,4.73157429022333,6.69946821643167
21029,"Bullitt","Kentucky",189,"2020-07-28",4.57471097850338,124.217073335475,0.076522031184164,5.49297535271335,5.10721264105092,5.11036519679253,9.05813881092312
21031,"Butler","Kentucky",189,"2020-07-28",3.35240721749272,-5.86102845877653,0.0176571634774464,3.56429317922208,3.47855088750224,3.47600736183484,39.2558624404937
21033,"Caldwell","Kentucky",189,"2020-07-28",3.27444567602301,487.767747147462,-0.0108709798947284,3.17180131317024,3.20356397461681,3.19834881675991,-63.7612420657747
21035,"Calloway","Kentucky",189,"2020-07-28",4.13858926401986,-44.8095918531969,0.018261539998387,4.39755399362241,4.27091989893428,4.26642004400857,37.9566663392665
21037,"Campbell","Kentucky",189,"2020-07-28",5.18178355029209,-72.2584317089281,0.0202550789587781,5.43359571562231,5.33171260879937,5.32356910300354,34.2209073571422
21041,"Carroll","Kentucky",189,"2020-07-28",4.50613880538191,550.183936200445,-0.012373212700311,4.3823931776415,4.42899484569447,4.41952631647973,-56.0199842473023
21043,"Carter","Kentucky",189,"2020-07-28",3.94573406277046,-40.4662135094158,0.017744253195826,4.19591636476933,4.076576862912,4.06994383514124,39.0631926241333
21045,"Casey","Kentucky",189,"2020-07-28",4.84531131367087,-144.041438211558,0.01482550305275,5.04128538026695,4.95941082597177,4.94908983504012,46.7537039447288
21047,"Christian","Kentucky",189,"2020-07-28",5.36997335545447,-17.1703739547048,0.0266936589612522,5.6902972629895,5.5579320050813,5.55682896818324,25.9667354545174
21049,"Clark","Kentucky",189,"2020-07-28",3.33729357968267,81.2934484343867,0.0322584224126369,3.70025239390047,3.56443065829242,3.56310253657113,21.4873241999712
21051,"Clay","Kentucky",189,"2020-07-28",4.16998197642772,1632.71623501952,-0.00289111294523583,4.15370890569543,4.15125836633375,4.14974418581107,-239.750986450446
21057,"Cumberland","Kentucky",189,"2020-07-28",3.16003532484527,148.614775544181,0.0880052611229516,4.17014905160401,3.75534421369241,3.77607215270593,7.87620162380467
21059,"Daviess","Kentucky",189,"2020-07-28",5.20557531484942,46.6676885183134,0.0379135064975645,5.66171156165725,5.47054001163229,5.47096986033237,18.2823285048686
21067,"Fayette","Kentucky",189,"2020-07-28",7.02693416538226,-58.7716711251851,0.0289446216389837,7.37426962505006,7.22902236516968,7.22954651685515,23.9473567561301
21069,"Fleming","Kentucky",189,"2020-07-28",3.09751496786393,694.097604324169,-0.00613123983472339,3.05395587321264,3.05489593951643,3.05459628902087,-113.051715353623
21071,"Floyd","Kentucky",189,"2020-07-28",3.67449071666184,46.9422929526603,0.0269316344976083,4.01436768525053,3.86796488592393,3.8630121581451,25.737286038896
21073,"Franklin","Kentucky",189,"2020-07-28",4.20682254564879,56.4669870804575,0.0328417102768568,4.58250278436054,4.43712095211049,4.43671451758679,21.1056968323723
21079,"Garrard","Kentucky",189,"2020-07-28",3.3770998300831,116.861185810664,0.0503002603018792,3.98070295370565,3.72949149192347,3.72920165219625,13.7801907266482
21081,"Grant","Kentucky",189,"2020-07-28",3.18398856586776,84.9433686133937,0.0322465611995961,3.58119446062919,3.41192876836565,3.40971449426493,21.4952278560676
21083,"Graves","Kentucky",189,"2020-07-28",5.33202842389035,-57.3143804423121,0.0220957757018754,5.59717773231285,5.48926820715499,5.48669885380348,31.3701220501218
21085,"Grayson","Kentucky",189,"2020-07-28",3.26902560855367,-1.45140974017719,0.0176846367712345,3.49185646122323,3.39957363219136,3.39281806595231,39.1948779907883
21087,"Green","Kentucky",189,"2020-07-28",3.16003532484527,-61.2157861761911,0.0128867532311918,3.31467636361957,3.2631293506948,3.25024259746361,53.7875730313679
21089,"Greenup","Kentucky",189,"2020-07-28",3.53888678443534,71.2905142745531,0.0314630728527931,3.92374363481409,3.76111554912473,3.75912829440489,22.0304985403996
21091,"Hancock","Kentucky",189,"2020-07-28",3.05803615689015,101.588761156549,0.0368584036643876,3.47984755174682,3.31877037983579,3.31604498254086,18.8056755488209
21093,"Hardin","Kentucky",189,"2020-07-28",5.57161070154772,-58.8852242894252,0.0229392739630325,5.84688198910411,5.73758058360107,5.73218561928895,30.2166137287945
21095,"Harlan","Kentucky",189,"2020-07-28",4.79697048673659,119.516295778724,0.0740253632295976,5.66173398612505,5.31324954921067,5.31514802934377,9.36364443643559
21097,"Harrison","Kentucky",189,"2020-07-28",3.52636052461616,-73.640815476304,0.0140024953618773,3.77564426807976,3.63416995497484,3.6243779921493,49.5016897093273
21099,"Hart","Kentucky",189,"2020-07-28",3.32708940950844,145.422219784396,0.0846518836426129,4.28150436571295,3.91308847037767,3.91965259500673,8.18820740583051
21101,"Henderson","Kentucky",189,"2020-07-28",4.66209047624078,94.1793840114722,0.0517598624978584,5.27022108301345,5.0249471070856,5.02440951372579,13.3915962506397
21103,"Henry","Kentucky",189,"2020-07-28",3.57954279007647,117.304179081865,0.0537578126612673,4.23051519814175,3.9564230259063,3.95584747870534,12.8938873485706
21107,"Hopkins","Kentucky",189,"2020-07-28",4.67149282891917,7362.6237778117,-0.000650750474395693,4.66368382322642,4.66762283066674,4.6669375755984,-1065.15048061029
21111,"Jefferson","Kentucky",189,"2020-07-28",7.5914291577496,23.6312988000392,0.0473373488775967,8.15947734428076,7.91909269343922,7.92279059989278,14.6427122978995
21113,"Jessamine","Kentucky",189,"2020-07-28",4.72612279640576,94.7870184700865,0.0529165629007316,5.35584310349826,5.09749556068089,5.09653873671088,13.0988700430194
21117,"Kenton","Kentucky",189,"2020-07-28",5.87050683463649,38.2273808030833,0.0402716701324158,6.35376687622548,6.15153905849088,6.1524085255634,17.2117813410974
21119,"Knott","Kentucky",189,"2020-07-28",3.03082359336526,1496.56076999161,-0.0023220242744579,3.01993367832818,3.0122473991696,3.01456942344405,-298.509877000216
21121,"Knox","Kentucky",189,"2020-07-28",4.4576640488795,27.8443707270404,0.0285950213823778,4.80841381462748,4.65957696990233,4.65782919855614,24.2401350672572
21123,"Larue","Kentucky",189,"2020-07-28",3.5305534028762,113.145597020151,0.0495073342156492,4.10190061956149,3.87949415362432,3.87710474238574,14.0008988878428
21125,"Laurel","Kentucky",189,"2020-07-28",5.24702407216049,-46.2786334412273,0.0228259793349479,5.53024708022886,5.40988942811086,5.40680592750512,30.3665910841642
21137,"Lincoln","Kentucky",189,"2020-07-28",3.92902058179672,-115.913167349803,0.0132831145297175,4.14317832523437,4.03247255665784,4.02200238350474,52.1825795455735
21139,"Livingston","Kentucky",189,"2020-07-28",3.03082359336526,103.177576614426,0.0377010093858775,3.49949905527943,3.29734034864101,3.2947306590664,18.3853746053705
21141,"Logan","Kentucky",189,"2020-07-28",4.14313472639153,1685.12966363131,-0.00276674039603174,4.12003519529791,4.12552569782157,4.12376754361931,-250.52844912884
21145,"McCracken","Kentucky",189,"2020-07-28",4.74865190946578,51.4158349869127,0.0357738901370325,5.17233803473276,5.00085612188064,4.99906914042501,19.3757843473224
21151,"Madison","Kentucky",189,"2020-07-28",5.16723195965177,6.47532261858758,0.0290329232074253,5.50245540432661,5.3722547009697,5.37046242210375,23.8745225758965
21155,"Marion","Kentucky",189,"2020-07-28",3.61091791264422,49.9179333731967,0.0269670497505034,3.93940235838135,3.80321573767624,3.79968726089774,25.7034858085285
21157,"Marshall","Kentucky",189,"2020-07-28",3.83791503327442,58.5865876440969,0.0307412236942135,4.22425644781802,4.05576185408531,4.05310359913391,22.5478070572193
21163,"Meade","Kentucky",189,"2020-07-28",3.68171096463532,106.621699452358,0.0473131094350436,4.22876531492883,4.01609103520674,4.01290273068063,14.6502140492704
21171,"Monroe","Kentucky",189,"2020-07-28",3.60704943586631,116.487352721042,0.0531756146362925,4.22813389041733,3.98075297857975,3.97927873832036,13.0350572400694
21173,"Montgomery","Kentucky",189,"2020-07-28",3.61091791264422,101.737081029144,0.0436543438706766,4.11498587900745,3.91675334807508,3.91649831973896,15.8780803718721
21177,"Muhlenberg","Kentucky",189,"2020-07-28",4.41366371961706,-140.460160946064,0.0136785396637598,4.60228365677574,4.52136043476287,4.50941349726338,50.6740629920007
21179,"Nelson","Kentucky",189,"2020-07-28",4.5013957134859,-64.9170711456913,0.0181435083695677,4.73395106409495,4.63698956763763,4.62840027207287,38.2035914135861
21183,"Ohio","Kentucky",189,"2020-07-28",4.79342647830186,-14.6263261710314,0.0241328859608186,5.08302110983168,4.96374771215222,4.96235668002759,28.7221006921973
21185,"Oldham","Kentucky",189,"2020-07-28",5.79692580637544,36.5087537292499,0.0393035244663538,6.26856809997169,6.07647957851101,6.07205047763992,17.6357512454976
21187,"Owen","Kentucky",189,"2020-07-28",3.02390315052069,85.1746060136238,0.0308330361229722,3.41708337612457,3.24239656253777,3.2397344033815,22.4806657961106
21193,"Perry","Kentucky",189,"2020-07-28",4.49503639157761,65.0603711208083,0.0377925880039803,4.94854744762537,4.76000475291134,4.75958450760547,18.3408233510482
21195,"Pike","Kentucky",189,"2020-07-28",4.50613880538191,-52.6645198736476,0.0189957773812352,4.72357586213154,4.64540644109467,4.63910924705056,36.4895401040373
21197,"Powell","Kentucky",189,"2020-07-28",3.28519846779927,15.3663366662818,0.0195933003171632,3.53920961308689,3.42577201109098,3.42235157001941,35.3767445677729
21199,"Pulaski","Kentucky",189,"2020-07-28",4.79460921055091,64.6347969306848,0.0401675621308723,5.27661995612138,5.07616145753948,5.07578214546702,17.2563915704309
21203,"Rockcastle","Kentucky",189,"2020-07-28",3.17805383034795,458.226019304944,-0.0117844466748067,3.09018854124594,3.10730875435969,3.0955627036243,-58.8188142971351
21205,"Rowan","Kentucky",189,"2020-07-28",3.41538201665411,136.491702718763,0.0718474364256198,4.27551860571058,3.91713637304418,3.91831407163345,9.64748660555937
21207,"Russell","Kentucky",189,"2020-07-28",3.73426245996176,796.469058143998,-0.00614887032800984,3.69220637450964,3.69187424466043,3.69122036766569,-112.727565159809
21209,"Scott","Kentucky",189,"2020-07-28",4.94774620554732,118.390407565793,0.0752082810973886,5.83688404364561,5.46920069923469,5.47420417322904,9.21636780479501
21211,"Shelby","Kentucky",189,"2020-07-28",5.23720155268797,567.369375320997,-0.0136609804794732,5.07326978693429,5.14895129914484,5.14157468933166,-50.7391970584731
21213,"Simpson","Kentucky",189,"2020-07-28",3.71357206670431,70.7786887518537,0.0329121548379684,4.12130318481243,3.94500820333907,3.94395715057009,21.060522593322
21215,"Spencer","Kentucky",189,"2020-07-28",3.55534806148941,126.509824024187,0.0616270636164582,4.2824754955803,3.98518566879955,3.98673750680462,11.2474477913439
21217,"Taylor","Kentucky",189,"2020-07-28",3.81614123372486,42.6958347606782,0.0273526174608586,4.19327018694742,4.00948308811075,4.00760955595087,25.3411645723425
21227,"Warren","Kentucky",189,"2020-07-28",6.39526159811545,-54.5555958086988,0.0268082648677162,6.71696077652805,6.58265330529222,6.58291945218946,25.855727104318
21229,"Washington","Kentucky",189,"2020-07-28",3.12926366617852,107.857377425849,0.0411213169839295,3.62454072266651,3.42001298922976,3.41711288506603,16.856152268441
21231,"Wayne","Kentucky",189,"2020-07-28",3.47019025314911,17.9623898147833,0.0209133794916076,3.72336810558233,3.6195595883953,3.61658390959036,33.1437193514373
21233,"Webster","Kentucky",189,"2020-07-28",3.42006586596654,7.40960303345661,0.0192518166801049,3.63070775002811,3.55996251786159,3.55482858272727,36.0042479147567
21235,"Whitley","Kentucky",189,"2020-07-28",4.07511320029421,69.4150496047286,0.0355641223933573,4.5018826690145,4.32505483537599,4.32406205704771,19.4900684710671
21239,"Woodford","Kentucky",189,"2020-07-28",3.62624388312245,119.499201269061,0.0556758028305898,4.25924338652641,4.01292501975439,4.01597450293658,12.4497024797119
22001,"Acadia","Louisiana",189,"2020-07-28",7.06573535200897,-182.944044261754,0.0192556207479109,7.2968028009839,7.20540572316142,7.20052469724435,35.9971350513406
22003,"Allen","Louisiana",189,"2020-07-28",6.38928143437789,40.0452309544361,0.0443839511308971,6.92188884794866,6.69995580737322,6.69996909229417,15.6170679468287
22005,"Ascension","Louisiana",189,"2020-07-28",6.85269550179911,-132.758942179646,0.0216337870515829,7.11230094641811,7.00533202839082,7.00413201116019,32.0400297417751
22007,"Assumption","Louisiana",189,"2020-07-28",4.78986986518701,-0.743845632840789,0.0258990904680204,5.09548665707118,4.97180568414127,4.97116349846315,26.7633792551838
22009,"Avoyelles","Louisiana",189,"2020-07-28",6.06378520868761,-51.9418475539221,0.0257003379076354,6.37218926357924,6.24551722062468,6.24368757404106,26.9703528043503
22011,"Beauregard","Louisiana",189,"2020-07-28",5.91927780513215,26.4751927947148,0.0375767976495168,6.37019937692635,6.18154633029911,6.18231538867877,18.4461482594927
22013,"Bienville","Louisiana",189,"2020-07-28",4.66209047624078,-75.3638534315144,0.0179750972024782,4.87779164267052,4.79367114252583,4.78791615665813,38.5615261354126
22015,"Bossier","Louisiana",189,"2020-07-28",6.74741884006779,-229.647343068992,0.0163065225752093,6.94082800883236,6.86487396033978,6.86156449809426,42.5073572469543
22017,"Caddo","Louisiana",189,"2020-07-28",7.59128493044712,-219.888017576837,0.0187955190549889,7.81683115910699,7.72448252807518,7.72285356383204,36.8783207599667
22019,"Calcasieu","Louisiana",189,"2020-07-28",8.11722722101035,-431.220723325827,0.0131940081230186,8.27555531848657,8.21855076928279,8.20958527787148,52.5349972576311
22021,"Caldwell","Louisiana",189,"2020-07-28",4.17438726989564,66.465290767108,0.0355441654617897,4.60420313801873,4.42521790155131,4.42319642812817,19.5010115318387
22023,"Cameron","Louisiana",189,"2020-07-28",4.58787868887803,1257.46056818483,-0.00427391450124333,4.53659171486311,4.56092853412464,4.55796128736933,-162.180871975399
22025,"Catahoula","Louisiana",189,"2020-07-28",3.83483336673702,-114.478823482966,0.0128735782303927,3.99697342298825,3.93163002233224,3.92494841434977,53.8426199891747
22027,"Claiborne","Louisiana",189,"2020-07-28",4.23410650459726,14.6756452257704,0.024931600834434,4.52070643479239,4.41052164320571,4.4086277104383,27.8019524363078
22029,"Concordia","Louisiana",189,"2020-07-28",4.70307440096946,60.1967840213344,0.0378391030179773,5.13867187958935,4.97018689346806,4.9679481220953,18.3182772654688
22031,"De Soto","Louisiana",189,"2020-07-28",5.30188243271253,8.34152844770548,0.0301193949341901,5.65215961743004,5.51322184882162,5.51271819725186,23.0133169034255
22033,"East Baton Rouge","Louisiana",189,"2020-07-28",8.27333659850449,-251.564087870887,0.0189945333623486,8.50127099885267,8.40648514883854,8.40629833204093,36.4919299325309
22035,"East Carroll","Louisiana",189,"2020-07-28",3.71008166176454,287.448255721811,-0.0363559828840353,3.32469121979704,3.44682175521109,3.45558978157629,-19.065560206992
22037,"East Feliciana","Louisiana",189,"2020-07-28",4.9638431325895,103.399114540052,0.0615854665152052,5.70286873077196,5.38838905954392,5.39494139819594,11.255044733465
22039,"Evangeline","Louisiana",189,"2020-07-28",5.99146454710798,-22.7957053510322,0.0289728673858945,6.33913895573871,6.19609649712919,6.19427461880924,23.9240103966169
22041,"Franklin","Louisiana",189,"2020-07-28",5.35253495245283,43.79311560538,0.0380507507421789,5.79158621934332,5.61761198497922,5.61889020764808,18.2163864586146
22043,"Grant","Louisiana",189,"2020-07-28",4.84193483325427,116.355625529058,0.0707325829147646,5.63345232096048,5.33169090931898,5.33706291365762,9.7995457255564
22045,"Iberia","Louisiana",189,"2020-07-28",7.00798838620514,-274.072874625014,0.015298850410957,7.19157459113662,7.12259502979309,7.11508033908184,45.3071415132941
22047,"Iberville","Louisiana",189,"2020-07-28",5.61780951935905,23.9714922089408,0.0351050546987161,6.03907017574364,5.86272427625586,5.86354490225006,19.7449394826123
22049,"Jackson","Louisiana",189,"2020-07-28",4.76095218754744,-55.2903964554331,0.0198961272916531,4.99970571504728,4.90534261178454,4.90022507858901,34.8382964382589
22051,"Jefferson","Louisiana",189,"2020-07-28",8.14877610821237,-244.441511202036,0.019019576523643,8.37701102649609,8.28221565218194,8.28191314387787,36.4438808455227
22053,"Jefferson Davis","Louisiana",189,"2020-07-28",6.14479856702868,1243.26826291289,-0.00580098430413751,6.07518675537903,6.11479944726198,6.10419167689972,-119.487856580747
22055,"Lafayette","Louisiana",189,"2020-07-28",8.02710346612942,7222.35537600391,-0.00114047998961469,8.01341770625404,8.01984355965057,8.01912010620212,-607.767945840177
22057,"Lafourche","Louisiana",189,"2020-07-28",6.95149871621564,-165.027637821477,0.0199167571932261,7.19049980253435,7.09373126747437,7.09091601656822,34.8022107130819
22059,"LaSalle","Louisiana",189,"2020-07-28",4.45434729625351,77.2343616278738,0.0417207948565634,4.95499683453227,4.74743007846957,4.74639286024945,16.613949541062
22061,"Lincoln","Louisiana",189,"2020-07-28",5.60369901609922,-24.6094500220595,0.026821441896926,5.91706354567946,5.79322261240546,5.7914491093777,25.843024518357
22063,"Livingston","Louisiana",189,"2020-07-28",7.08110816579333,-282.522059477879,0.0151785066149248,7.26325024517243,7.19675376674948,7.1873577120978,45.666362188648
22065,"Madison","Louisiana",189,"2020-07-28",4.93344565540513,590.204228217023,-0.0121452346201806,4.78770283996296,4.84753709413041,4.84842901306387,-57.0715348230662
22067,"Morehouse","Louisiana",189,"2020-07-28",4.89677313318311,74.4504360096227,0.0446991567544097,5.43316301423603,5.20850682325482,5.20966723046398,15.5069408662069
22069,"Natchitoches","Louisiana",189,"2020-07-28",5.61677109766657,15.7028930754293,0.0333741393438448,6.01726076979271,5.8494147324027,5.85039007307348,20.7689904275474
22071,"Orleans","Louisiana",189,"2020-07-28",7.50163445788341,-150.573490162521,0.0224214849007895,7.77069227669288,7.65923601037135,7.65858485218894,30.9144190773707
22073,"Ouachita","Louisiana",189,"2020-07-28",7.25680119575638,-257.166821699347,0.0164302232319589,7.44563204183761,7.37434189022618,7.37181275838009,42.1873258064859
22075,"Plaquemines","Louisiana",189,"2020-07-28",4.58642414316704,18.0006741477024,0.0276247857476183,4.91719323989023,4.78087219705387,4.77979764340037,25.0914952569254
22077,"Pointe Coupee","Louisiana",189,"2020-07-28",5.80254987484438,-7.15587868685196,0.0303550689348666,6.16681070206278,6.0165043916832,6.01503535738845,22.8346435993028
22079,"Rapides","Louisiana",189,"2020-07-28",6.9123162903097,-103.332301288942,0.0240568716406119,7.20099874999704,7.08073614227165,7.08071439179398,28.8128560901411
22081,"Red River","Louisiana",189,"2020-07-28",4.5613675633297,101.435228059595,0.0552459294215951,5.22431871638884,4.94968228521014,4.94808906928087,12.5465747036378
22083,"Richland","Louisiana",189,"2020-07-28",5.52146091786225,26.5522636944892,0.0350685316119657,5.94228329720584,5.76712191175753,5.76694063914601,19.765503392889
22085,"Sabine","Louisiana",189,"2020-07-28",5.86484796747404,-23.2089941292922,0.0283040221884121,6.20449623373498,6.06499526418845,6.06297612279292,24.4893526420328
22087,"St. Bernard","Louisiana",189,"2020-07-28",5.68066005723535,72.0674827625506,0.0507507576657515,6.28966914922437,6.03516761177826,6.03591536089561,13.6578686199143
22089,"St. Charles","Louisiana",189,"2020-07-28",6.00846212347655,63.9158587548813,0.0500354339979992,6.60888733145254,6.35575067672129,6.35871016146254,13.8531261782932
22091,"St. Helena","Louisiana",189,"2020-07-28",4.69918082045033,-43.8555161652672,0.0206992352346598,4.96482575143562,4.8477251090015,4.84407546709295,33.4866082104959
22093,"St. James","Louisiana",189,"2020-07-28",5.17776263614929,-63.6514276389819,0.0208547179319447,5.41495728403772,5.32753373212755,5.3237456616729,33.236948244608
22095,"St. John the Baptist","Louisiana",189,"2020-07-28",5.55018719612064,33.7718519589432,0.0369450550279285,5.99352785645578,5.80783644850861,5.80880258131614,18.7615684977587
22097,"St. Landry","Louisiana",189,"2020-07-28",7.01404393521279,-40.5177619675164,0.0312404857136764,7.38892976377691,7.23119512490608,7.23272733520852,22.1874649105248
22099,"St. Martin","Louisiana",189,"2020-07-28",6.40993989195216,25610.8424795971,-0.000252093428316772,6.40691477081236,6.40933225701807,6.40817523795394,-2749.56465619945
22101,"St. Mary","Louisiana",189,"2020-07-28",6.5818272562366,-221.032745267018,0.0162501114617227,6.77682859377727,6.70348151759819,6.69557803646866,42.6549185334918
22103,"St. Tammany","Louisiana",189,"2020-07-28",7.43905557308036,-192.610094521558,0.0197526717453786,7.6760876340249,7.57842917833826,7.57732427529801,35.0913126839216
22105,"Tangipahoa","Louisiana",189,"2020-07-28",7.17044915944998,-117.487706656987,0.0237835540259957,7.45585180776193,7.33782770339741,7.33693403763195,29.143969812179
22107,"Tensas","Louisiana",189,"2020-07-28",3.10394585819422,126.910106352427,0.0545470611200022,3.76865065156862,3.48767861366882,3.48577528603424,12.7073240304375
22109,"Terrebonne","Louisiana",189,"2020-07-28",7.11569816912047,-195.771933281306,0.0187367668475113,7.34053937129061,7.24874191691128,7.24685553705305,36.9939587870791
22111,"Union","Louisiana",189,"2020-07-28",4.58933112195835,-41.8462553239427,0.0202655656155148,4.82008889367185,4.73388564878108,4.73119008126695,34.2031993436832
22113,"Vermilion","Louisiana",189,"2020-07-28",6.61453408435524,-34.30952458813,0.0302988799816886,6.9781206441355,6.82599783190327,6.82662624422706,22.8769902048807
22115,"Vernon","Louisiana",189,"2020-07-28",5.96943802020776,12.627754527822,0.0348331668512617,6.3874360224229,6.21280338672635,6.21327018816659,19.8990572266856
22117,"Washington","Louisiana",189,"2020-07-28",5.92349156352178,-67.1523902156756,0.0235852486151337,6.20651454690338,6.09014367602555,6.08858830382772,29.3890131018242
22119,"Webster","Louisiana",189,"2020-07-28",5.77455154554441,-23.8299458264429,0.0277849831629494,6.1079713434998,5.96893936431618,5.96904642768506,24.9468274461378
22121,"West Baton Rouge","Louisiana",189,"2020-07-28",5.51630479071288,-39.1707559735345,0.0247178657734486,5.81291917999426,5.69080436952814,5.68932985112702,28.0423555541963
22123,"West Carroll","Louisiana",189,"2020-07-28",4.378448813326,525.108840119484,-0.0129496143487564,4.26183255831386,4.29963192753443,4.28780151288471,-53.5264728270854
22125,"West Feliciana","Louisiana",189,"2020-07-28",4.24645234041956,-18.8155100789383,0.0209375128103703,4.497702494144,4.39745722353341,4.39301493009215,33.1055167267351
22127,"Winn","Louisiana",189,"2020-07-28",4.64163986576949,-33.3412184417623,0.0213564638086044,4.89791743147274,4.79442298182782,4.79113511242972,32.4560838709955
23001,"Androscoggin","Maine",189,"2020-07-28",3.67810735713203,109.842518056158,0.0493253905411623,4.24975144492316,4.01321338259668,4.02338509092017,14.052543182228
23005,"Cumberland","Maine",189,"2020-07-28",5.4349688865088,376.278762037026,-0.0282660904872178,5.09577580066219,5.24554152946149,5.23710625309828,-24.5222161470612
23019,"Penobscot","Maine",189,"2020-07-28",3.26357600378611,296.287404384562,-0.0295059926187441,2.9590794135239,3.07031533804137,3.0570340554549,-23.491742491646
23031,"York","Maine",189,"2020-07-28",4.33635659784069,360.414122661123,-0.0248298398977889,4.0823763426111,4.16718594091529,4.16254771855617,-27.9158940779828
24001,"Allegany","Maryland",189,"2020-07-28",3.78743112784243,114.636567094029,0.0544129359656502,4.42722326465806,4.16956594768696,4.16832167960198,12.7386469459673
24003,"Anne Arundel","Maryland",189,"2020-07-28",7.01532763243657,-19.4470953908308,0.0344823189486181,7.42911545981999,7.25500382665776,7.2567038650769,20.1015245405275
24005,"Baltimore","Maryland",189,"2020-07-28",7.8487107484937,7.32762822352336,0.0444252299868583,8.381813508336,8.15527224734565,8.15968735840171,15.6025569426425
24009,"Calvert","Maryland",189,"2020-07-28",4.68740828422507,105.815693547766,0.059536091506224,5.36922112136556,5.09845649440646,5.10416092476864,11.6424703574551
24011,"Caroline","Maryland",189,"2020-07-28",4.24849524204936,131.12026621538,0.0803425989123467,5.21260642899752,4.7949049244097,4.81089343443579,8.62739306350004
24013,"Carroll","Maryland",189,"2020-07-28",5.33133757757617,42.4933784168925,0.037594019120613,5.77093086693605,5.59333884480395,5.59449571142046,18.4376982502488
24015,"Cecil","Maryland",189,"2020-07-28",4.62777001790533,38.281608045062,0.0317024290254173,5.00005612695437,4.85162112871282,4.84968702108325,21.8641663073898
24017,"Charles","Maryland",189,"2020-07-28",5.68697535633982,16.9870890621334,0.0340511121230354,6.09558870181624,5.92389506814176,5.92533314120107,20.3560805313914
24019,"Dorchester","Maryland",189,"2020-07-28",4.7361984483945,118.850428576377,0.0725025093571996,5.59353752404518,5.23805375040276,5.2437160138949,9.56031986624081
24021,"Frederick","Maryland",189,"2020-07-28",5.83020532804343,9.63561482496931,0.0334369046877947,6.23144818429697,6.0644210438778,6.06426366085799,20.7300043778562
24023,"Garrett","Maryland",189,"2020-07-28",3.3770998300831,120.569635832639,0.0532410600887081,4.0159925511476,3.7530178902181,3.74978725070406,13.0190341703387
24025,"Harford","Maryland",189,"2020-07-28",6.01511131682806,34.5423025817717,0.0402462464010531,6.4980662736407,6.29614302120634,6.29683504163543,17.2226540992853
24027,"Howard","Maryland",189,"2020-07-28",6.54247196050681,-113.797983667922,0.0219694971736357,6.80610592659044,6.69889864442208,6.69625844072226,31.5504344538095
24029,"Kent","Maryland",189,"2020-07-28",3.20738144544247,459.573238874582,-0.0117350860815997,3.09305464699925,3.13635889486572,3.12523584287127,-59.0662203702776
24031,"Montgomery","Maryland",189,"2020-07-28",7.56571929877887,-242.244185017175,0.0177497302361416,7.77871606161257,7.6910053223083,7.68996741043186,39.0511388814561
24033,"Prince George's","Maryland",189,"2020-07-28",7.87560784061356,-121.628323945351,0.0256840389603937,8.15797824713695,8.05590983960606,8.05539611333632,26.9874680391514
24035,"Queen Anne's","Maryland",189,"2020-07-28",4.78630055741189,-12.9245428638495,0.0242971114817466,5.07626290923589,4.95898985225108,4.95638033778412,28.5279664243496
24037,"St. Mary's","Maryland",189,"2020-07-28",5.14915422823182,46.4431113873937,0.0373940603966811,5.59253932551951,5.41114027152999,5.41091265100859,18.5362908763303
24039,"Somerset","Maryland",189,"2020-07-28",3.26357600378611,80.6497795577007,0.0315982079963229,3.64486025795747,3.48865906520735,3.48476345976037,21.9362813435688
24041,"Talbot","Maryland",189,"2020-07-28",5.02575845567047,60.0822417177018,0.0404185910344611,5.49360428633295,5.31183578914894,5.3086885929117,17.1492168039446
24043,"Washington","Maryland",189,"2020-07-28",5.11284800346335,110.483152536196,0.0689351392396168,5.8951157872504,5.5772395695874,5.59539397814067,10.0550631826619
24045,"Wicomico","Maryland",189,"2020-07-28",4.99721227376412,30.6061914462694,0.0324558582086855,5.36799799901436,5.22548401686584,5.22440328122492,21.3566122979442
24047,"Worcester","Maryland",189,"2020-07-28",5.22804817070148,90.621974707353,0.055987992403103,5.89990407953872,5.62324624341405,5.6199641175232,12.3802828215274
24510,"Baltimore city","Maryland",189,"2020-07-28",7.80080662753087,-48.5284328765122,0.0335477538425316,8.20337967364125,8.03376934322851,8.03564090442859,20.6615078855496
25001,"Barnstable","Massachusetts",189,"2020-07-28",4.89356628917353,89.8062539403052,0.051796424913653,5.50045639408052,5.24951887619009,5.2561412635691,13.3821432987982
25003,"Berkshire","Massachusetts",189,"2020-07-28",3.62624388312245,104.460835686213,0.0452987642277485,4.14661102185535,3.94193290389846,3.94333523271669,15.3016796898699
25005,"Bristol","Massachusetts",189,"2020-07-28",6.33454753752725,-208.097003493139,0.0161555622233621,6.5284142842076,6.44744011246054,6.44763647309079,42.904553303481
25009,"Essex","Massachusetts",189,"2020-07-28",6.58636867977897,-463.149789928031,0.0101775026157568,6.70849871116805,6.66086962595337,6.65761119808927,68.1058219024005
25011,"Franklin","Massachusetts",189,"2020-07-28",3.10394585819422,-63.7879265850373,0.0125957380920776,3.27222068274901,3.19828087260055,3.19211602483876,55.0302948102674
25013,"Hampden","Massachusetts",189,"2020-07-28",6.05309706418864,-189.657314618529,0.0161995947285772,6.24749220093157,6.16371020108395,6.16649422728868,42.7879334127529
25015,"Hampshire","Massachusetts",189,"2020-07-28",4.66343909411207,-34.7287258218105,0.0213724344786543,4.93123457497004,4.81811386091635,4.81304613546265,32.4318308825429
25017,"Middlesex","Massachusetts",189,"2020-07-28",7.07351181890139,-185.35684360226,0.0191508887446484,7.30332248383717,7.20580457270971,7.20756804011393,36.1939954746821
25021,"Norfolk","Massachusetts",189,"2020-07-28",6.55271165677549,-73.6806220806481,0.025429586454214,6.85786669422606,6.72888519765083,6.73071876195499,27.2575089574483
25023,"Plymouth","Massachusetts",189,"2020-07-28",5.52260312244102,-52.4667076048909,0.0233546750761577,5.80285922335491,5.68459093466954,5.68608584797412,29.6791618080598
25025,"Suffolk","Massachusetts",189,"2020-07-28",6.80698737571999,-280.352917353583,0.0146590817486709,6.98289635670404,6.90977740210181,6.90960094796069,47.2844883768243
25027,"Worcester","Massachusetts",189,"2020-07-28",6.42301502569182,-121.938906200487,0.0210422555296598,6.69015170709119,6.56812076843583,6.57031081439944,32.940726320091
26005,"Allegan","Michigan",189,"2020-07-28",4.91055183553928,-163.844999094279,0.0141170689483115,5.07995666291902,5.01609268516464,5.00937131817746,49.0999359072232
26015,"Barry","Michigan",189,"2020-07-28",4.05302641289137,465.671951014951,-0.0145474173354658,3.92303041508379,3.95873386161048,3.95119449154311,-47.6474390316755
26017,"Bay","Michigan",189,"2020-07-28",4.71849887129509,63.4429229045401,0.0391072655110567,5.18394480934177,4.9923403430411,4.99224972987249,17.7242558768005
26021,"Berrien","Michigan",189,"2020-07-28",5.69900919590355,-41.413775698017,0.0253317643671142,6.01410982348906,5.87842896460621,5.87633154647335,27.3627675717603
26023,"Branch","Michigan",189,"2020-07-28",4.07511320029421,124.699528621222,0.068091696794471,4.85497007842662,4.54424403390703,4.55175507785551,10.1796138617628
26025,"Calhoun","Michigan",189,"2020-07-28",4.92725368515721,-203.548638536553,0.0126882688408159,5.06958054073378,5.02357041064151,5.01607156704292,54.6289796705924
26027,"Cass","Michigan",189,"2020-07-28",4.59222967471236,-65.8478848977918,0.018380102263387,4.81279090187301,4.7246929752013,4.72089039055607,37.7118239402121
26037,"Clinton","Michigan",189,"2020-07-28",4.74368912012365,-60.9081526347466,0.0193692576955506,4.97612021247026,4.87981023335497,4.8792739239925,35.7859444824863
26039,"Crawford","Michigan",189,"2020-07-28",3.14168618617707,75.9016147720454,0.0289005294530697,3.47090691954662,3.34788911959622,3.34398989234856,23.9838921181536
26041,"Delta","Michigan",189,"2020-07-28",3.47462485021697,20.6115540893212,0.021141678703765,3.70800617179624,3.62590066244709,3.62261660114333,32.7858156522124
26043,"Dickinson","Michigan",189,"2020-07-28",3.42472787907235,-69.3972631955061,0.0136042273749333,3.61052471319668,3.52889968496601,3.51995747069688,50.9508670692403
26045,"Eaton","Michigan",189,"2020-07-28",4.36218829245422,84.5878153337611,0.0437792468526502,4.87754153489633,4.66772208835751,4.66864302042277,15.8327799217949
26047,"Emmet","Michigan",189,"2020-07-28",3.10394585819422,-0.352084092378717,0.0169842664609659,3.33489611639094,3.22691658504605,3.22283572342098,40.8111343609082
26049,"Genesee","Michigan",189,"2020-07-28",6.19236248947487,-81.3189373337942,0.0233393158878981,6.47243428012965,6.35781846578519,6.35573770069016,29.6986931360467
26053,"Gogebic","Michigan",189,"2020-07-28",3.84098723231139,112.101189734945,0.0537566444169054,4.51011851041998,4.22071530375912,4.21728374322973,12.8941675597215
26055,"Grand Traverse","Michigan",189,"2020-07-28",4.62497281328427,-1.12732576404912,0.0251530972439468,4.95836279438231,4.80353373165863,4.8010444939919,27.5571303938227
26057,"Gratiot","Michigan",189,"2020-07-28",3.49650756146648,114.737608074772,0.0501811639168458,4.07784140947485,3.84916670863182,3.8477757088844,13.812895645636
26059,"Hillsdale","Michigan",189,"2020-07-28",3.34739467566918,93.9050513511794,0.0372055366902122,3.79849735783902,3.60922951649417,3.60783343250067,18.6302158824198
26061,"Houghton","Michigan",189,"2020-07-28",3.24147565678544,-109.948902139074,0.0111324893272357,3.40597288774272,3.33053557140333,3.31940308207609,62.2634489183079
26063,"Huron","Michigan",189,"2020-07-28",4.07511320029421,133.808498377676,0.0799727862800011,4.97362766767449,4.62346128457459,4.63492270425422,8.66728812140039
26065,"Ingham","Michigan",189,"2020-07-28",5.67773179745626,-228.636597717053,0.0137596418467698,5.8428474996175,5.77749196525949,5.77404929038365,50.3753795541321
26067,"Ionia","Michigan",189,"2020-07-28",3.93462283734539,-34.5655556050059,0.0180844361774871,4.16964807506559,4.06523339729788,4.0612138905878,38.3283821379418
26073,"Isabella","Michigan",189,"2020-07-28",4.1225154391888,708.112176842623,-0.00788647781064509,4.03876131923051,4.06404256255993,4.06731009451428,-87.8905890820287
26075,"Jackson","Michigan",189,"2020-07-28",5.17291610000676,109.008256699985,0.0685793105403653,5.96583377821944,5.63534859629561,5.65297127378932,10.1072346032403
26077,"Kalamazoo","Michigan",189,"2020-07-28",5.75709753342392,-27.4216809598788,0.0272537761821259,6.08908448711488,5.94720191811803,5.9478739666988,25.4330693819427
26081,"Kent","Michigan",189,"2020-07-28",7.35600616640808,-469.826308266599,0.011250703854224,7.49101461265877,7.44253830197621,7.43476109338765,61.6092281461757
26087,"Lapeer","Michigan",189,"2020-07-28",4.23617475766132,120.591188563275,0.0664088625149147,5.00781339111462,4.69460833382837,4.70103679526572,10.4375704433165
26089,"Leelanau","Michigan",189,"2020-07-28",3.64507683145554,691.453951148431,-0.00718306916953998,3.55888000142106,3.59874411846807,3.59479534726876,-96.4973556845668
26091,"Lenawee","Michigan",189,"2020-07-28",4.81450454202811,-12.864031505856,0.0244559887613848,5.10797640716473,4.98789025563173,4.9856964633578,28.3426357168761
26093,"Livingston","Michigan",189,"2020-07-28",4.75972894580469,-4.3842392405209,0.0256941666676566,5.14870604061751,4.94049786307615,4.93958811247829,26.9768305594619
26099,"Macomb","Michigan",189,"2020-07-28",7.19175199742288,-49.9363856267086,0.030742340393763,7.56066008214804,7.40611892469717,7.40694838017922,22.5469880198377
26103,"Marquette","Michigan",189,"2020-07-28",3.74782198974739,-132.351216929913,0.012037321124332,3.95246903975055,3.84074787426341,3.83208323761771,57.5831759741652
26105,"Mason","Michigan",189,"2020-07-28",3.630038954091,284.327081396444,-0.0369582859121821,3.26441752803836,3.39677823298097,3.37133095270573,-18.7548519486796
26109,"Menominee","Michigan",189,"2020-07-28",3.87713574642771,52.7372476903247,0.0293482124084591,4.20450568500482,4.08493330097773,4.08257323328692,23.6180374774771
26111,"Midland","Michigan",189,"2020-07-28",4.49980967033027,100.638853712592,0.0536683881003076,5.11787900864283,4.8736776228125,4.87548838703242,12.9153716944961
26115,"Monroe","Michigan",189,"2020-07-28",5.06349878365332,23.7607697319192,0.0316537612111595,5.45201946609975,5.28460128226471,5.28507511213144,21.8977825711144
26117,"Montcalm","Michigan",189,"2020-07-28",4.22995712105045,569.421874950734,-0.0110815465978503,4.1380919079232,4.15370160124448,4.1523862948655,-62.5496788232075
26121,"Muskegon","Michigan",189,"2020-07-28",5.46625018588989,1725.73327937148,-0.00354552260045805,5.42370391468439,5.43788600508623,5.44143152768668,-195.499298317939
26123,"Newaygo","Michigan",189,"2020-07-28",4.18748789394134,775.796866177381,-0.00707588723980538,4.10257724706367,4.13304764410799,4.1379566832627,-97.959048394758
26125,"Oakland","Michigan",189,"2020-07-28",7.46940980360741,-62.6660969200985,0.0302814610393213,7.83278733607927,7.6788689535488,7.68138003088266,22.89014983986
26127,"Oceana","Michigan",189,"2020-07-28",4.90633241999656,316.992533811897,-0.0371042522740987,4.48933749783905,4.66200660271373,4.64660265407787,-18.6810712540301
26133,"Osceola","Michigan",189,"2020-07-28",3.44771739729705,323.302457928628,-0.0251812685944919,3.20563738583979,3.28198533114319,3.27144851713561,-27.5263010661648
26139,"Ottawa","Michigan",189,"2020-07-28",6.20224629086631,1503.52925782654,-0.00470034768390232,6.14584211865948,6.16897314525371,6.16934385707899,-147.467214592194
26145,"Saginaw","Michigan",189,"2020-07-28",5.97598826196848,29.8936672027451,0.0387783431965161,6.44132838032667,6.24549879874392,6.24743666434409,17.874595029687
26147,"St. Clair","Michigan",189,"2020-07-28",4.75359019110636,33.8938141691557,0.0315342565975365,5.11189806003778,4.97459215214238,4.97432998728912,21.9807680709396
26149,"St. Joseph","Michigan",189,"2020-07-28",5.09287339233323,21.0788122285281,0.031259736452922,5.46799022976829,5.30904973228092,5.31169154750368,22.1738011644418
26151,"Sanilac","Michigan",189,"2020-07-28",3.55125807623789,-56.4747449845146,0.014825078724641,3.7429579703791,3.6616282068985,3.65503362731038,46.7550421440834
26155,"Shiawassee","Michigan",189,"2020-07-28",3.14784005175145,-90.5502737382364,0.0116239759318668,3.33085348520311,3.24083185920638,3.22920788327452,59.6308169100472
26157,"Tuscola","Michigan",189,"2020-07-28",3.59535339610311,141.955678556097,0.0836975248366058,4.52337593632858,4.13531610149258,4.18123606995935,8.28157322349862
26159,"Van Buren","Michigan",189,"2020-07-28",4.78630055741189,96.4658190690196,0.0546792179524228,5.44245117284096,5.16608498637849,5.16905508307885,12.6766110876542
26161,"Washtenaw","Michigan",189,"2020-07-28",6.24388946967292,-94.3335917523834,0.0224331149911209,6.51308684956637,6.40289116680204,6.40092127461077,30.8983919903364
26163,"Wayne","Michigan",189,"2020-07-28",7.96579355825216,-246.547422567999,0.0185015474270876,8.18781212737721,8.09755761120025,8.09530439024177,37.464281476539
26165,"Wexford","Michigan",189,"2020-07-28",3.06472514504094,246.366299666729,-0.0505721569129536,2.54713240987068,2.77347657504432,2.71072004665026,-13.7061027820706
27003,"Anoka","Minnesota",189,"2020-07-28",6.65874431813092,-42.0627278036915,0.029426739695253,7.00540992222111,6.86326631141084,6.86473149599769,23.5550111136423
27005,"Becker","Minnesota",189,"2020-07-28",3.83174217416734,140.312095094175,0.0860870536710954,4.79400765845861,4.42636604765213,4.43435154986501,8.05170058680584
27007,"Beltrami","Minnesota",189,"2020-07-28",4.69787958409236,101.770177940063,0.0570834020769309,5.37895882028502,5.09968354509366,5.09746339863088,12.1427097079077
27009,"Benton","Minnesota",189,"2020-07-28",4.24440525679783,-4.84529630528844,0.0224755677786981,4.51411207014221,4.40559499058518,4.40173423124872,30.8400298219339
27013,"Blue Earth","Minnesota",189,"2020-07-28",5.71467531264794,772.75633814905,-0.00970635039040753,5.59819910796305,5.646401043295,5.64673085991509,-71.4117204387099
27015,"Brown","Minnesota",189,"2020-07-28",3.62624388312245,77.9540404948581,0.0341950216683798,4.03658414314301,3.86498429131026,3.86560903480111,20.2704120875262
27017,"Carlton","Minnesota",189,"2020-07-28",3.31678003984957,52.1611849078199,0.0252428050631433,3.63089516988542,3.49777930650948,3.49347967529157,27.4591979308987
27019,"Carver","Minnesota",189,"2020-07-28",5.65898433175631,-9.46594683412887,0.0292505447307899,6.00999086852579,5.86572804139373,5.86373814487184,23.6968981924743
27021,"Cass","Minnesota",189,"2020-07-28",3.22457384598284,112.691011100949,0.0448723585378584,3.73827081930469,3.54296743417063,3.53868035574785,15.4470859822343
27025,"Chisago","Minnesota",189,"2020-07-28",3.91202300542815,121.654322079545,0.0617898026711387,4.59380476815697,4.34446602307917,4.34455162412612,11.2178247962541
27027,"Clay","Minnesota",189,"2020-07-28",4.76095218754744,-92.797949327675,0.0172000992027271,4.96735337798017,4.88377438707313,4.88135288196653,40.2990222550604
27033,"Cottonwood","Minnesota",189,"2020-07-28",3.07797037179096,88.0355516057872,0.0317194929070422,3.42457755505296,3.29827838097976,3.30000682214026,21.8524042169052
27035,"Crow Wing","Minnesota",189,"2020-07-28",3.87120101090789,132.851082294821,0.0755644293334833,4.77181192941892,4.39517758309175,4.40015201624227,9.17292946792368
27037,"Dakota","Minnesota",189,"2020-07-28",7.0177621265597,-86.0886375622332,0.025983181632151,7.32956030614551,7.19943653241794,7.19964439798476,26.6767630836349
27039,"Dodge","Minnesota",189,"2020-07-28",3.5179216559703,495.756564523176,-0.0114285021446697,3.42576854053195,3.43912538571884,3.43792214095761,-60.6507459845234
27041,"Douglas","Minnesota",189,"2020-07-28",3.90341463089155,6.71776849039858,0.0220180815508301,4.16763160950151,4.06211698063484,4.05754120174736,31.4808162990845
27045,"Fillmore","Minnesota",189,"2020-07-28",3.22457384598284,52.8444060957501,0.0246394515486915,3.52727531992792,3.39869994014767,3.39705000682368,28.1315994063495
27047,"Freeborn","Minnesota",189,"2020-07-28",3.87417278129705,-95.1441863869718,0.0139103614872384,4.0499208775507,3.97050771175908,3.97154531170772,49.8295591524238
27049,"Goodhue","Minnesota",189,"2020-07-28",3.38680864421006,343.414276956307,-0.0213343199071299,3.1449833434641,3.24470745739707,3.23746840486015,-32.4897715782492
27051,"Grant","Minnesota",189,"2020-07-28",3.30111392310517,-29.9389488919365,0.0154354926440954,3.48747898363613,3.4140157549274,3.40916237161384,44.9060614093907
27053,"Hennepin","Minnesota",189,"2020-07-28",8.27052509505507,-135.866198685499,0.0258562021527847,8.58079952088849,8.45009456535566,8.45151851012456,26.8077723272787
27059,"Isanti","Minnesota",189,"2020-07-28",3.40119738166216,438.03914612336,-0.0135698534548825,3.28443574323889,3.31150703832748,3.30620840747798,-51.0799311771895
27061,"Itasca","Minnesota",189,"2020-07-28",3.94296780927757,111.839060293294,0.0542864251175456,4.56879655121036,4.32611169905099,4.32297278510039,12.7683335025116
27067,"Kandiyohi","Minnesota",189,"2020-07-28",4.22995712105045,72.3891598079004,0.0377305488916854,4.66390484941033,4.4936612961644,4.49407096329225,18.3709805693469
27071,"Koochiching","Minnesota",189,"2020-07-28",3.67449071666184,97.2890093217788,0.0422284347440739,4.16841062837815,3.9716471548835,3.97008975987036,16.4142285822521
27079,"Le Sueur","Minnesota",189,"2020-07-28",4.38914410244275,-234.103314090595,0.0105757250668193,4.54865440014996,4.46841655700193,4.46317417791048,65.54133888509
27081,"Lincoln","Minnesota",189,"2020-07-28",3.74106520728451,-106.921068040536,0.012927778107433,3.91609635169466,3.84109184314283,3.83155965403654,53.6168841079822
27083,"Lyon","Minnesota",189,"2020-07-28",4.51085950651685,-216.26215676391,0.011271722155498,4.64690448626914,4.59156949072988,4.58976156160534,61.4943458504121
27085,"McLeod","Minnesota",189,"2020-07-28",3.34739467566918,362.738867521318,-0.0188428562179803,3.14183650665306,3.22146699504506,3.21549468214332,-36.785674769334
27091,"Martin","Minnesota",189,"2020-07-28",3.3722098447889,316.738275180391,-0.0257758976358946,3.11213742178422,3.20446894452954,3.19177856133764,-26.8912916380725
27099,"Mower","Minnesota",189,"2020-07-28",4.57176112385696,451.259755206216,-0.0171362123071382,4.37418535868184,4.44349501205838,4.45180763770699,-40.4492642911066
27101,"Murray","Minnesota",189,"2020-07-28",4.02789946281395,-102.017172104496,0.0141574121331819,4.21915192824876,4.13861098780061,4.12700134774622,48.9600199555791
27103,"Nicollet","Minnesota",189,"2020-07-28",4.62216776235667,723.282552067156,-0.00863144562242618,4.55121067582176,4.55311619737726,4.56174764299969,-80.3048771759639
27105,"Nobles","Minnesota",189,"2020-07-28",4.11087386417331,623.625636195401,-0.00935085110083559,3.99866365096328,4.03840623771981,4.04541790646746,-74.1266407822498
27109,"Olmsted","Minnesota",189,"2020-07-28",6.0031813507752,1145.69363913863,-0.0062423011928748,5.9282737364607,5.95571077255694,5.95948524242508,-111.040329382236
27111,"Otter Tail","Minnesota",189,"2020-07-28",3.95124371858143,111.797519813858,0.0542954502550866,4.57181157430157,4.33199787001674,4.33131187036704,12.7662111153597
27117,"Pipestone","Minnesota",189,"2020-07-28",4.54481338544719,399.522375493203,-0.0212363198754276,4.32206626778055,4.40187056485354,4.3961591463192,-32.6397033302357
27119,"Polk","Minnesota",189,"2020-07-28",3.29583686600433,145.120838443254,0.0847712948025862,4.31309240363536,3.86805864641564,3.88923592962243,8.1766732733543
27121,"Pope","Minnesota",189,"2020-07-28",3.09104245335832,126.896017639183,0.0538402181638145,3.72057348629477,3.46841821796355,3.46792398050502,12.8741525238804
27123,"Ramsey","Minnesota",189,"2020-07-28",7.21974661529423,-58.0945361302605,0.0298220138739918,7.57761078178213,7.42547713140356,7.42850071241217,23.242802564868
27131,"Rice","Minnesota",189,"2020-07-28",4.70048036579242,670.660630360135,-0.00965864109926873,4.5845766726012,4.62709977073795,4.63286987809754,-71.764461836399
27133,"Rock","Minnesota",189,"2020-07-28",3.20738144544247,145.192564401354,0.0805910182670873,4.09462297043436,3.74867400433092,3.77151857331208,8.60079938762879
27135,"Roseau","Minnesota",189,"2020-07-28",3.22457384598284,651.847603208339,-0.00691224163125264,3.15092878040342,3.1749416504685,3.17618815456407,-100.278204602395
27137,"St. Louis","Minnesota",189,"2020-07-28",4.96484063890662,-51.7602733619658,0.0211234072706299,5.2335411597074,5.11774714854321,5.11270448980103,32.8141748951506
27139,"Scott","Minnesota",189,"2020-07-28",6.11178404576027,-55.5600648941538,0.0255125329359911,6.41793444099216,6.29087499040024,6.29037177631221,27.1688892004175
27141,"Sherburne","Minnesota",189,"2020-07-28",5.36997335545447,102.269459992244,0.0657033876803567,6.15841400761875,5.82394446799089,5.82989706921697,10.5496414268936
27145,"Stearns","Minnesota",189,"2020-07-28",5.94092284989974,563.570719839823,-0.0156516889722336,5.75310258223294,5.83799852237823,5.8313610270941,-44.2857752789236
27147,"Steele","Minnesota",189,"2020-07-28",4.3640081291712,-64.7493014984532,0.0175438005368563,4.57453373561348,4.48785953408602,4.48681473292919,39.5095224152697
27151,"Swift","Minnesota",189,"2020-07-28",3.32194801000801,-8.90724153886901,0.0171748416416045,3.51924942464808,3.44376201212416,3.44217190149924,40.3582865579883
27157,"Wabasha","Minnesota",189,"2020-07-28",3.49650756146648,115.710444809603,0.0508960328235008,4.08641983635471,3.85488565988506,3.85277979123099,13.6188842647848
27161,"Waseca","Minnesota",189,"2020-07-28",3.81928095372953,67.0211313829523,0.0325953889521056,4.20411638917519,4.0449527455351,4.04744867639427,21.2651912691832
27163,"Washington","Minnesota",189,"2020-07-28",6.35561150588542,-85.5687782554918,0.0235769570460482,6.638534990438,6.52189528450808,6.52065020520776,29.3993486609047
27165,"Watonwan","Minnesota",189,"2020-07-28",4.27069595202955,321.271036254056,-0.0313026051277681,3.92130978180703,4.06133659780518,4.05157771613517,-22.1434343157932
27169,"Winona","Minnesota",189,"2020-07-28",4.45931830897553,66.7495274551599,0.0380814688785898,4.92204784775935,4.72521204970485,4.72588859112566,18.2016923446366
27171,"Wright","Minnesota",189,"2020-07-28",5.4601932321817,13.1727250979213,0.03196324026893,5.84375211540886,5.68505155110588,5.68393591406421,21.6857607278859
28001,"Adams","Mississippi",189,"2020-07-28",5.30826769740121,-91.8286431929377,0.0192866214904577,5.55124209537418,5.44687966376271,5.44327404783441,35.9392743256194
28003,"Alcorn","Mississippi",189,"2020-07-28",5.23263533470839,116.850540264702,0.0779252037966556,6.16773778026826,5.77006519729261,5.77811176128498,8.89503198950497
28005,"Amite","Mississippi",189,"2020-07-28",4.41019751164058,88.7963911194727,0.0460101720185999,4.93245648560777,4.7339060362464,4.73226871577078,15.0650856136712
28007,"Attala","Mississippi",189,"2020-07-28",4.52643614544559,90.5902287610736,0.048457844242737,5.10793027635843,4.86662162879198,4.86564105514475,14.3041274615479
28009,"Benton","Mississippi",189,"2020-07-28",4.06290303638728,47.5355845309581,0.0298439390941827,4.43076297291153,4.27425557495263,4.27181061004656,23.2257269515422
28011,"Bolivar","Mississippi",189,"2020-07-28",6.03718879165558,38.1270458004933,0.0413866218366886,6.53382825369584,6.32612258796599,6.3268951445124,16.7480975687047
28013,"Calhoun","Mississippi",189,"2020-07-28",5.31179752810473,55.7434624772497,0.0414154134416931,5.80878248940505,5.60212264518769,5.60170542219658,16.7364544491581
28015,"Carroll","Mississippi",189,"2020-07-28",4.21740465497933,783.789080529792,-0.00705739748508824,4.14826117869329,4.17141677496591,4.16800287258371,-98.2156924028317
28017,"Chickasaw","Mississippi",189,"2020-07-28",4.69396568477122,-49.4423800308322,0.0202227391104647,4.96351721801505,4.83594497035876,4.83552485854447,34.2756328296428
28019,"Choctaw","Mississippi",189,"2020-07-28",3.44771739729705,131.52909652923,0.0643872533119658,4.15110439302376,3.90190667070579,3.89842817048081,10.7652857499845
28021,"Claiborne","Mississippi",189,"2020-07-28",4.77551555173533,391.573275611092,-0.0230064084004856,4.4994386509295,4.62464268322876,4.61447069293193,-30.1284393675857
28023,"Clarke","Mississippi",189,"2020-07-28",4.22160634183303,46.6505627126306,0.030660032875849,4.57905865722029,4.43709716803771,4.43622657196397,22.6075158942814
28025,"Clay","Mississippi",189,"2020-07-28",4.44265125649032,88.8638551305301,0.0466712612462015,5.00017900611392,4.76958135963545,4.76935008521373,14.8516916417458
28027,"Coahoma","Mississippi",189,"2020-07-28",5.76563883057383,65.1849485863096,0.0485261653466699,6.34795281473387,6.10664580581666,6.10532198800052,14.2839883516061
28029,"Copiah","Mississippi",189,"2020-07-28",5.4211669108257,-122.334857089915,0.0176968659796834,5.6335293025819,5.54618095061615,5.54504497268348,39.1677928372008
28031,"Covington","Mississippi",189,"2020-07-28",5.26416947911547,723.507900599196,-0.00977633735460923,5.15709519347941,5.19844517092999,5.19573511763321,-70.900497335349
28033,"DeSoto","Mississippi",189,"2020-07-28",7.13329595489607,8884.24252370738,-0.000819896219612095,7.12345720026072,7.12867311469229,7.12755668135879,-845.408435823602
28035,"Forrest","Mississippi",189,"2020-07-28",6.26611565556812,22.3188342496256,0.0387560024476977,6.73118768494049,6.5374313094925,6.537407672702,17.8848987713675
28037,"Franklin","Mississippi",189,"2020-07-28",3.74444930526875,80.7211494800502,0.0359636514401279,4.14584839851808,3.99779087328556,3.99619486534965,19.2735485081067
28039,"George","Mississippi",189,"2020-07-28",4.99527990601306,79.9585856020301,0.0478661338975127,5.55445387922999,5.33168896155827,5.33034284329565,14.4809518571953
28041,"Greene","Mississippi",189,"2020-07-28",4.4724547868809,65.4128855183874,0.0377555771959467,4.93039188160645,4.73625700541202,4.73674382725253,18.3588023820322
28043,"Grenada","Mississippi",189,"2020-07-28",5.77941988886182,445.451076064075,-0.0221051677272326,5.51415787613503,5.63771553834025,5.62468371477119,-31.3567935386447
28045,"Hancock","Mississippi",189,"2020-07-28",4.83287474862987,120.689842430362,0.0763364827091761,5.74891254113998,5.36181596028458,5.3672301275941,9.0801561188072
28047,"Harrison","Mississippi",189,"2020-07-28",6.80888161464472,-195.997369117104,0.0179182335668919,7.02390041744742,6.93601091159061,6.93430924961296,38.6839013997839
28049,"Hinds","Mississippi",189,"2020-07-28",7.61536874500767,-83.5945087001369,0.0284586136763418,7.95687210912377,7.81345773114276,7.81457904074206,24.3563227795658
28051,"Holmes","Mississippi",189,"2020-07-28",5.27665586976686,80.7963099375503,0.0511285581607973,5.89019856769643,5.63092750054751,5.63455577689244,13.5569475356615
28053,"Humphreys","Mississippi",189,"2020-07-28",4.64576358295334,981.181675389033,-0.00585467972981466,4.59698723912208,4.60439811499282,4.60478082484464,-118.391989408085
28057,"Itawamba","Mississippi",189,"2020-07-28",4.72738781871234,108.773200262894,0.0628418041872454,5.48148946895929,5.16752032916041,5.16728044802306,11.0300331049475
28059,"Jackson","Mississippi",189,"2020-07-28",6.84069930600581,41.6697731682233,0.0480621682286152,7.41744532474919,7.17668142695127,7.17713448360612,14.4218874450874
28061,"Jasper","Mississippi",189,"2020-07-28",4.27468002104443,73.9805924652591,0.0387499531265878,4.72824632250523,4.54410612960996,4.54592969293055,17.8876908133432
28063,"Jefferson","Mississippi",189,"2020-07-28",4.0990951649807,-199.279070008086,0.0106782300817789,4.22088085605791,4.1821485252813,4.17384277555315,64.9121788209752
28065,"Jefferson Davis","Mississippi",189,"2020-07-28",4.10852919721406,96.2771386395594,0.0467950492031453,4.66653620404025,4.43726343001244,4.43609454163608,14.8124041402516
28067,"Jones","Mississippi",189,"2020-07-28",6.05443934626937,7.57619051311076,0.0343175865200853,6.46625038451039,6.29348143055268,6.29466245190997,20.1980165520749
28069,"Kemper","Mississippi",189,"2020-07-28",3.42472787907235,76.1720679795437,0.0319345003445684,3.82664513639618,3.65190010566605,3.64826938148433,21.7052771479432
28071,"Lafayette","Mississippi",189,"2020-07-28",5.77986129253264,20.9609717356219,0.0354507834968216,6.2052706944945,6.02660945578405,6.02801677701039,19.5523797272941
28073,"Lamar","Mississippi",189,"2020-07-28",6.17824045425132,-36.114308601317,0.028068327286445,6.51506038168866,6.37667122541232,6.37471874525643,24.6949942362503
28075,"Lauderdale","Mississippi",189,"2020-07-28",5.6937321388027,70.3085230496839,0.0500805538949142,6.29469878554167,6.04457579428666,6.0442960160671,13.8406452535329
28077,"Lawrence","Mississippi",189,"2020-07-28",4.48057830840238,100.052105595137,0.0533733256821607,5.12105821658831,4.85268830363383,4.8541915881775,12.9867714200095
28079,"Leake","Mississippi",189,"2020-07-28",5.03137119257543,1352.35916348194,-0.00430635659806951,4.9796949133986,5.00064473888186,5.00122669638894,-160.959076373442
28081,"Lee","Mississippi",189,"2020-07-28",6.09001622083648,-11.1983262895706,0.0311991211021048,6.46440567406174,6.30838233031108,6.30841006855121,22.2168816323862
28083,"Leflore","Mississippi",189,"2020-07-28",5.47944773797184,46.0025641241672,0.0397068808068444,5.95593030765397,5.75573435537795,5.75739590361975,17.4566011349969
28085,"Lincoln","Mississippi",189,"2020-07-28",5.36263264848388,-44.2329337666942,0.0234963138753923,5.64458841498859,5.52756691047061,5.52710684561163,29.5002520070128
28087,"Lowndes","Mississippi",189,"2020-07-28",5.74711559936257,66.5658759799382,0.0489390596414784,6.33438431506031,6.08908523515372,6.08968901685292,14.1634756703103
28089,"Madison","Mississippi",189,"2020-07-28",6.60954175447801,8.10402537044536,0.0375764241813835,7.06045884465461,6.87049345489637,6.87257672374769,18.4463315938229
28091,"Marion","Mississippi",189,"2020-07-28",5.40845218136616,8.22214591739099,0.0307686779406488,5.77767631665395,5.62340999241334,5.6238329269507,22.5276881215693
28093,"Marshall","Mississippi",189,"2020-07-28",5.41673512136251,15.4377096340139,0.032134916472727,5.80235411903523,5.64091887176802,5.6416795366716,21.569907646974
28095,"Monroe","Mississippi",189,"2020-07-28",5.24852670204502,-63.925963686536,0.0211697339963997,5.50256351000182,5.39740604267268,5.39671484001982,32.7423660910348
28097,"Montgomery","Mississippi",189,"2020-07-28",4.78868151091763,1205.05518731716,-0.00469572242986761,4.73824307605944,4.75111573147869,4.75581145390856,-147.612468776074
28099,"Neshoba","Mississippi",189,"2020-07-28",5.11628148323124,962.700142239324,-0.00653928659862531,5.01367196530973,5.07164968661426,5.07050647704086,-105.997369912745
28101,"Newton","Mississippi",189,"2020-07-28",4.88280192258637,70.7375912748047,0.0429390421621158,5.37864784957934,5.1843191388467,5.18337521772118,16.1425859930219
28103,"Noxubee","Mississippi",189,"2020-07-28",4.63472898822964,31.6028753639584,0.0305284107115843,5.01878294069259,4.84939747168076,4.84842786321073,22.7049874003734
28105,"Oktibbeha","Mississippi",189,"2020-07-28",5.76519110278484,113.807455480213,0.0821339522911819,6.75079853027902,6.31555781807049,6.34012876882311,8.43922837297047
28107,"Panola","Mississippi",189,"2020-07-28",5.94989822802787,-62.6135972154153,0.0241263997411735,6.23941502492195,6.11803064562922,6.11878302621608,28.7298224350083
28109,"Pearl River","Mississippi",189,"2020-07-28",5.11542421785513,49.4238569692101,0.0380113748443865,5.57156071598777,5.3837191643383,5.38150384176584,18.2352567724161
28111,"Perry","Mississippi",189,"2020-07-28",4.62497281328427,122.946531403432,0.0753291349665141,5.50305459568284,5.14896276569727,5.15227675804987,9.2015815775406
28113,"Pike","Mississippi",189,"2020-07-28",5.69228809523047,-119.778948505326,0.018738257286221,5.91714718266512,5.82617050405208,5.82345589623402,36.9910162920884
28115,"Pontotoc","Mississippi",189,"2020-07-28",5.7763245956543,-226.712628420778,0.0141096569660646,5.96433018224072,5.88209071030531,5.87509219441675,49.1257287279942
28117,"Prentiss","Mississippi",189,"2020-07-28",4.93241631923601,91.4652935866651,0.053303419986052,5.57205735906863,5.30597724708842,5.30554025913837,13.0038031469899
28119,"Quitman","Mississippi",189,"2020-07-28",4.45600704767187,99.6729173895838,0.0523820793244579,5.04581288239243,4.82228547692014,4.82268160294307,13.2325251211688
28121,"Rankin","Mississippi",189,"2020-07-28",6.77650699237218,-0.180023803081194,0.0367928445900158,7.21802112745237,7.03266449901049,7.03405690450229,18.8391843110722
28123,"Scott","Mississippi",189,"2020-07-28",5.09812274821937,1272.11688007208,-0.00468527126229459,5.04189949307183,5.06499408956821,5.06532584938331,-147.941739497166
28125,"Sharkey","Mississippi",189,"2020-07-28",4.21740465497933,103.603115104493,0.0524573142412263,4.84689242587404,4.58521570437717,4.58460585466791,13.2135468730345
28127,"Simpson","Mississippi",189,"2020-07-28",5.80211837537706,1397.22671211454,-0.00478238594439164,5.74472974404436,5.77245409792842,5.76864167376632,-144.937524620489
28129,"Smith","Mississippi",189,"2020-07-28",4.86202479464461,10.8183305395141,0.0280167053999702,5.18818027874908,5.06041555015124,5.0581417324444,24.7404957386847
28131,"Stone","Mississippi",189,"2020-07-28",4.14991441337691,5.76872164019182,0.0232838727947582,4.42932088691401,4.31800307665179,4.31290152294022,29.7694110713399
28133,"Sunflower","Mississippi",189,"2020-07-28",6.04534378078489,1741.62733670189,-0.00388112332028358,5.99877030094149,6.02003127022007,6.01817591754291,-178.594474681444
28135,"Tallahatchie","Mississippi",189,"2020-07-28",5.39297798478357,-142.446765975925,0.0165202371316532,5.59122083036341,5.51337504025721,5.50861964470514,41.9574595107874
28137,"Tate","Mississippi",189,"2020-07-28",5.63223532336415,-94.513445750041,0.0202224898270044,5.8749052012882,5.7749080250041,5.77379275215318,34.2760553467724
28139,"Tippah","Mississippi",189,"2020-07-28",4.6388812433304,102.262314927123,0.0567532740766321,5.31992053224998,5.0360739611803,5.03615416186682,12.2133426104019
28141,"Tishomingo","Mississippi",189,"2020-07-28",4.93550115458722,69.3277064100675,0.0429460149009883,5.44007020805561,5.23713440838144,5.23612325889414,16.139965073779
28143,"Tunica","Mississippi",189,"2020-07-28",4.43759648582869,72.1354762845054,0.0396919749325719,4.91642757035037,4.71374706912642,4.71544031035669,17.4631567649998
28145,"Union","Mississippi",189,"2020-07-28",5.32231287210425,47.1783302777385,0.0388996339754381,5.78910847980951,5.59294942147684,5.59461030993232,17.8188612519493
28147,"Walthall","Mississippi",189,"2020-07-28",5.30685226899788,-165.559324473234,0.0151815497326384,5.48903086578954,5.42119731640033,5.41312311712635,45.6572084383301
28149,"Warren","Mississippi",189,"2020-07-28",5.85014782526081,-161.223198832903,0.0169459869586935,6.05349966876513,5.97288176295028,5.96876973397166,40.9033231436753
28151,"Washington","Mississippi",189,"2020-07-28",6.53917298844269,-224.926477826705,0.0159910725839911,6.73106585945058,6.66150975584884,6.65111049653063,43.3458842062829
28153,"Wayne","Mississippi",189,"2020-07-28",4.95984312725615,-101.895345825103,0.0173484570479519,5.16802461183157,5.08246881568276,5.08128232659181,39.9543993246233
28155,"Webster","Mississippi",189,"2020-07-28",3.57954279007647,143.978506186976,0.0876482178641749,4.55959122334379,4.18462122281253,4.19308031512569,7.90828607187529
28157,"Wilkinson","Mississippi",189,"2020-07-28",3.9810158769151,125.687674860854,0.0680329849798802,4.783557360092,4.45913995424959,4.45724677177426,10.188398771051
28159,"Winston","Mississippi",189,"2020-07-28",5.40973095391894,39.6897319307338,0.0374399988303732,5.85225625368865,5.67148604021417,5.67181094573155,18.5135470676786
28161,"Yalobusha","Mississippi",189,"2020-07-28",4.66343909411207,13.8675136996074,0.0274106327105461,4.99236668663862,4.85678413478782,4.85531352308589,25.2875294007081
28163,"Yazoo","Mississippi",189,"2020-07-28",5.25451474388964,-148.495658432837,0.0158032582099144,5.44415384240861,5.36741693703564,5.36513755135904,43.8610298808563
29001,"Adair","Missouri",189,"2020-07-28",3.22457384598284,526.121270425961,-0.00954539236316886,3.15113705364357,3.15951026233142,3.15775609944066,-72.6158919600279
29007,"Audrain","Missouri",189,"2020-07-28",3.67449071666184,127.17339122426,0.0643274711317839,4.42744168911997,4.12939125101449,4.12478301458433,10.7752903753971
29009,"Barry","Missouri",189,"2020-07-28",4.80050197951807,-120.071665260114,0.0157679662165048,4.98380733981591,4.91482524064967,4.9108777430336,43.9592000035113
29011,"Barton","Missouri",189,"2020-07-28",3.30111392310517,86.4565777645642,0.0338730170990516,3.71056621446955,3.54000974534608,3.53822504279853,20.4631072140117
29015,"Benton","Missouri",189,"2020-07-28",3.500827222611,149.911282404037,0.101036955789756,4.65666372214986,4.19026166605232,4.20808591313929,6.86033318345703
29017,"Bollinger","Missouri",189,"2020-07-28",3.59926729542425,32.2346460247901,0.0237407666291933,3.88791505067269,3.76946892311002,3.7654526618286,29.1964952685059
29019,"Boone","Missouri",189,"2020-07-28",6.35511510478314,-352.471613696375,0.0118461348979779,6.49726872355888,6.44889064190808,6.43803804906899,58.5125179250039
29021,"Buchanan","Missouri",189,"2020-07-28",4.88171908544754,-189.792759418103,0.0130599616029136,5.0384386246825,4.97858590844213,4.97313881666793,53.0742127454119
29023,"Butler","Missouri",189,"2020-07-28",4.35487564560793,135.729729650966,0.0891588564846023,5.37362838433769,4.9719184653902,4.97898764100015,7.77429419678181
29027,"Callaway","Missouri",189,"2020-07-28",3.65251180994306,58.019596615123,0.0290365535412746,4.00647537053165,3.85853631145265,3.85576768473198,23.8715376318562
29029,"Camden","Missouri",189,"2020-07-28",4.77310300532994,141.070110451984,0.11118367774954,6.10730713832441,5.50741479947313,5.55138874957672,6.23425303596612
29031,"Cape Girardeau","Missouri",189,"2020-07-28",5.79735955177369,-166.639839570869,0.0165478111198161,6.00089556973915,5.921468533926,5.9131942296124,41.8875448566063
29033,"Carroll","Missouri",189,"2020-07-28",3.94296780927757,122.003692550244,0.0636098946883089,4.7068973242027,4.38896911583161,4.38823707209573,10.8968452778675
29037,"Cass","Missouri",189,"2020-07-28",5.85343324916061,61.2786423153346,0.0476969401218744,6.4257965306231,6.18885964180402,6.18731183001373,14.532319658008
29043,"Christian","Missouri",189,"2020-07-28",5.07695793702733,79.7305448153963,0.0486448722934805,5.6559127990876,5.42053017092327,5.41747204308169,14.2491314681248
29047,"Clay","Missouri",189,"2020-07-28",5.44241771052179,71.0310630975633,0.0481762319780173,6.020532494258,5.7790374021765,5.77965133436791,14.3877416746961
29049,"Clinton","Missouri",189,"2020-07-28",3.16003532484527,137.842645349023,0.0676180827355538,3.93248881847073,3.63845962974836,3.63336190399415,10.2509144376477
29051,"Cole","Missouri",189,"2020-07-28",4.97278506996516,49.447751184705,0.0369580227290849,5.41628134271418,5.23424068482015,5.23149122906875,18.7549855045264
29053,"Cooper","Missouri",189,"2020-07-28",3.3964241029095,151.737419360238,0.102412452561492,4.53303944001884,4.08832522904561,4.11331127083995,6.76819237527539
29059,"Dallas","Missouri",189,"2020-07-28",3.17805383034795,135.964963486712,0.0650379554774674,3.90455603183939,3.6369885277914,3.63331951869022,10.6575794929484
29067,"Douglas","Missouri",189,"2020-07-28",3.60704943586631,138.578678024179,0.0789369681515469,4.53266506402511,4.15785626982854,4.15960821292714,8.78102107024441
29069,"Dunklin","Missouri",189,"2020-07-28",4.45434729625351,118.173918797543,0.067173157182917,5.22782358554313,4.92119601393072,4.92455939653393,10.3188120021285
29071,"Franklin","Missouri",189,"2020-07-28",5.38776624660237,70.4335383906662,0.0474135615643107,5.9535531579268,5.72232603798042,5.71966117755254,14.6191755626663
29077,"Greene","Missouri",189,"2020-07-28",6.49245626181495,20.7851016468549,0.0397785761430145,6.96979917553112,6.77207855461295,6.77090629481605,17.4251380458641
29081,"Harrison","Missouri",189,"2020-07-28",3.29053181377464,18.3969125155318,0.0198801509669743,3.53077619139198,3.4334868837588,3.42969287054346,34.8662936066949
29083,"Henry","Missouri",189,"2020-07-28",3.38196601973427,144.853996034179,0.0850145908132394,4.34815659888658,3.97595359251024,3.97706815542695,8.15327314910749
29089,"Howard","Missouri",189,"2020-07-28",3.40119738166216,141.260271187972,0.0788072896589328,4.3138896643409,3.95240632727947,3.95284840927469,8.79547036270111
29091,"Howell","Missouri",189,"2020-07-28",3.86822038276975,148.409554000848,0.106995601750798,5.09196840726815,4.60041411927513,4.61718959502534,6.47827732371977
29095,"Jackson","Missouri",189,"2020-07-28",7.17187624131026,-33.9933134646457,0.032899523968534,7.56667052893267,7.40217656395173,7.40217290909,21.0686082030515
29097,"Jasper","Missouri",189,"2020-07-28",6.29737237399306,2428.71790828836,-0.00280541815554674,6.2637073561265,6.2754549293656,6.27773444690423,-247.07446167677
29099,"Jefferson","Missouri",189,"2020-07-28",6.37575465807969,56.0366869507826,0.0498248639094507,6.9736530249931,6.72602536072478,6.72452870544585,13.911672329294
29101,"Johnson","Missouri",189,"2020-07-28",5.5639729120996,1527.99369465462,-0.00415505074561372,5.53450139412745,5.54108400145441,5.5348875568803,-166.820388726098
29105,"Laclede","Missouri",189,"2020-07-28",4.87737597330037,-101.899786667271,0.0170540214502991,5.08038935186319,5.00616201262141,4.99675412345246,40.6442071496155
29107,"Lafayette","Missouri",189,"2020-07-28",3.55942138687705,105.704726849689,0.0451598005200452,4.07771652337103,3.87920006013066,3.87553999051737,15.3487653306235
29109,"Lawrence","Missouri",189,"2020-07-28",4.5155580272984,98.0105882728848,0.0522242562517778,5.11742414799782,4.88205878292507,4.88112782106085,13.2725141592868
29113,"Lincoln","Missouri",189,"2020-07-28",4.70695288029804,135.608879205463,0.0962268604446266,5.81124795279046,5.37212383726407,5.38054090341043,7.20326089157626
29117,"Livingston","Missouri",189,"2020-07-28",3.01693448120459,31.7604099521322,0.019905722681818,3.26930773286834,3.16209552277739,3.15627453997732,34.8215029235321
29119,"McDonald","Missouri",189,"2020-07-28",5.37923880890026,339.257386694614,-0.0346472327238191,4.96347201621443,5.14714263096122,5.13670817983353,-20.0058453754497
29121,"Macon","Missouri",189,"2020-07-28",3.42472787907235,86.9542428592416,0.0352559241645682,3.8445089442225,3.67367532396255,3.67151934822433,19.6604456409783
29127,"Marion","Missouri",189,"2020-07-28",4.06044301054642,142.831827009144,0.0986306341903554,5.24401062083068,4.74576825786889,4.75085744987891,7.02770681999452
29131,"Miller","Missouri",189,"2020-07-28",3.73426245996176,147.24063918545,0.0997953751995089,4.86595870697623,4.42840195568707,4.43283008635832,6.94568439844251
29133,"Mississippi","Missouri",189,"2020-07-28",3.43858491373377,145.833812641216,0.0894338576844406,4.48655566081644,4.05782774311474,4.06462191752485,7.75038892994702
29135,"Moniteau","Missouri",189,"2020-07-28",3.21314515015922,-5.67229568170264,0.0170378171979671,3.43605570771923,3.33788686534188,3.33240987054499,40.6828628635978
29141,"Morgan","Missouri",189,"2020-07-28",3.30111392310517,144.139343423851,0.0812995554503541,4.21624832500442,3.86927226847103,3.87021081125765,8.52584219827892
29143,"New Madrid","Missouri",189,"2020-07-28",4.43251603459627,108.030975540851,0.0583463597979963,5.13267235217223,4.84521969170997,4.84094055318224,11.8798701917262
29145,"Newton","Missouri",189,"2020-07-28",5.65148617115748,940.90779484546,-0.00746654507939287,5.56188763020477,5.60024749136267,5.59922035560173,-92.8337233874046
29147,"Nodaway","Missouri",189,"2020-07-28",4.02023659006838,151.608960923217,0.120607140504145,5.35387628705857,4.81803962943837,4.86448657359739,5.74714878126246
29151,"Osage","Missouri",189,"2020-07-28",3.10394585819422,17.0110438911298,0.0187502514646418,3.35608793643505,3.24104446507545,3.23519761844671,36.9673538441361
29155,"Pemiscot","Missouri",189,"2020-07-28",4.20682254564879,101.748967869685,0.0513119947046535,4.83620846157887,4.57160869632417,4.56600650858136,13.508482462037
29157,"Perry","Missouri",189,"2020-07-28",3.63381967693091,308.627755177079,-0.0298998992757445,3.36755853544787,3.44251177042936,3.4245203820007,-23.1822580460076
29159,"Pettis","Missouri",189,"2020-07-28",5.13327424555436,108.765590663792,0.0682304053536826,5.95203910979855,5.60572211302765,5.61088708303014,10.1589192819083
29165,"Platte","Missouri",189,"2020-07-28",4.91055183553928,83.4083465174554,0.0486571947951214,5.47839401580498,5.2534898594208,5.25115219910513,14.2455228559424
29167,"Polk","Missouri",189,"2020-07-28",4.88063507450128,110.489128585281,0.066393378021146,5.67735561075503,5.35142858977421,5.3453887206493,10.4400047296762
29169,"Pulaski","Missouri",189,"2020-07-28",3.72397077392521,58.082872749672,0.0296828329656632,4.09377105127561,3.93345958560811,3.93175060468485,23.3517865818862
29183,"St. Charles","Missouri",189,"2020-07-28",7.48444889688756,0.308904596861693,0.0407447561922465,7.97338597119452,7.77070782658212,7.76966219023329,17.011935898928
29187,"St. Francois","Missouri",189,"2020-07-28",4.58933112195835,68.6573351979318,0.0397886690916479,5.06679515105812,4.86917419386373,4.86785180559988,17.4207179175401
29189,"St. Louis","Missouri",189,"2020-07-28",8.27951596461069,36.172584697811,0.0560079870684723,8.95161180943236,8.66210356653563,8.67157187409,12.3758631016776
29195,"Saline","Missouri",189,"2020-07-28",4.40497556765943,90.4462235514139,0.0470849572820853,4.96999505504445,4.73704479614938,4.73457026863403,14.7212022813849
29201,"Scott","Missouri",189,"2020-07-28",4.71081637512308,96.0905729379545,0.0537315231098593,5.3682856890771,5.08788586042403,5.08693703689209,12.9001960198064
29203,"Shannon","Missouri",189,"2020-07-28",3.2470467018349,396.772591401244,-0.0155404712330281,3.12010068105153,3.15551275479367,3.1382634032037,-44.6027131459697
29207,"Stoddard","Missouri",189,"2020-07-28",3.87417278129705,115.049762679994,0.0557442925862749,4.51251371409481,4.26836518742866,4.26438282940097,12.4344062575943
29209,"Stone","Missouri",189,"2020-07-28",3.67449071666184,142.988224588387,0.0881648678967315,4.67377617613609,4.29279828284606,4.29164479193896,7.86194316506929
29213,"Taney","Missouri",189,"2020-07-28",5.10421237121375,93.0229394749666,0.0561565728299072,5.7828387991838,5.49635755651691,5.4973083810231,12.3431175662984
29217,"Vernon","Missouri",189,"2020-07-28",3.07136968775961,299.36530582902,-0.027080070075313,2.79913972520602,2.90004432336916,2.88180919723242,-25.5962107421516
29219,"Warren","Missouri",189,"2020-07-28",4.34008794545355,-12430.8884143035,0.00034506498668985,4.35709708261585,4.34284846534707,4.34250340036038,2008.74388099815
29225,"Webster","Missouri",189,"2020-07-28",4.03297561584581,-9.75692151887404,0.020914540689185,4.30331150718794,4.18498552007661,4.17937740067011,33.1418791768338
29229,"Wright","Missouri",189,"2020-07-28",3.49216915986788,331.600595933414,-0.0239555670667297,3.24838917017142,3.34308423775284,3.32448019040077,-28.9347014257329
29510,"St. Louis city","Missouri",189,"2020-07-28",7.19722147322742,27.9943313178154,0.046134358668015,7.7508337772436,7.51820646790153,7.52016198390352,15.0245327034427
30003,"Big Horn","Montana",189,"2020-07-28",4.78152157579554,107.977778636608,0.0625352354993345,5.50449034213426,5.21878075528977,5.21926822429088,11.0841060247918
30013,"Cascade","Montana",189,"2020-07-28",4.26267987704132,127.796217912629,0.0758432923680264,5.17279938545764,4.78988639994944,4.7935829236175,9.13920214851008
30029,"Flathead","Montana",189,"2020-07-28",4.74244456489145,116.771720920479,0.0702211095290038,5.56349766303752,5.23593193370707,5.23399233159448,9.87092321965735
30031,"Gallatin","Montana",189,"2020-07-28",6.14510489265522,3.29584055956768,0.033933143900294,6.53905797247739,6.38419871436266,6.38263689995728,20.4268482341814
30035,"Glacier","Montana",189,"2020-07-28",3.17208366336144,128.954010398412,0.0567543719119481,3.80515302905316,3.57071985926724,3.56936426674508,12.2131063600762
30041,"Hill","Montana",189,"2020-07-28",3.57954279007647,31.8926419718054,0.0239390354733282,3.92857186527112,3.75093367066368,3.74711603838977,28.9546828790249
30047,"Lake","Montana",189,"2020-07-28",4.71081637512308,48.1415225240551,0.0347027120486012,5.1310901677923,4.95710391534146,4.95373535946329,19.9738619733579
30049,"Lewis and Clark","Montana",189,"2020-07-28",4.22995712105045,36.6780438027555,0.028662473626078,4.56656136755868,4.43612233465741,4.430594436433,24.183090043188
30053,"Lincoln","Montana",189,"2020-07-28",3.79066214842388,42.0632413067291,0.0267366862792731,4.11575882403015,3.98171614668824,3.97781895237879,25.9249472174601
30057,"Madison","Montana",189,"2020-07-28",3.77111755235091,19.1478490156796,0.0229868186694974,4.06526832598715,3.93507788680607,3.93202528303739,30.1541153008582
30063,"Missoula","Montana",189,"2020-07-28",4.60944674275535,724.048610466882,-0.00861591272961712,4.54962074477824,4.56163211815598,4.54913535364803,-80.4496519767729
30067,"Park","Montana",189,"2020-07-28",3.23587340123677,94.1690419093372,0.0359742562033246,3.66329297578352,3.48937837738474,3.48769319466004,19.267866905776
30081,"Ravalli","Montana",189,"2020-07-28",3.18398856586776,82.7431085168823,0.0315458600342931,3.57278604664555,3.40632315904322,3.40480958610781,21.9726829386308
30083,"Richland","Montana",189,"2020-07-28",3.11668488397166,620.239802294318,-0.00716142944701327,3.03816341274562,3.05939344839555,3.06655487784257,-96.7889421641971
30111,"Yellowstone","Montana",189,"2020-07-28",6.421854528869,-90.8930998263742,0.0233612794680009,6.70218988248501,6.59141006022683,6.58538348514501,29.6707713081119
31001,"Adams","Nebraska",189,"2020-07-28",3.28519846779927,-172.279481271633,0.00907982026315218,3.34391149655335,3.35783702990449,3.34875720964133,76.3393063376906
31019,"Buffalo","Nebraska",189,"2020-07-28",4.41711795448515,121.831539294237,0.071050785307214,5.26972737817172,4.91221170431139,4.91447345163565,9.75565825997377
31025,"Cass","Nebraska",189,"2020-07-28",4.18965474202643,108.12284371187,0.055202007071516,4.85099540284208,4.57563910261241,4.57606879152704,12.556557584255
31043,"Dakota","Nebraska",189,"2020-07-28",4.58787868887803,-204.235998872686,0.0117964844055313,4.72137771923387,4.67495658575973,4.67045407971675,58.7587925971347
31047,"Dawson","Nebraska",189,"2020-07-28",3.85620822632175,131.448899466762,0.0732303619494417,4.72710045628384,4.36024452314763,4.36882075996784,9.4652977550281
31053,"Dodge","Nebraska",189,"2020-07-28",3.83791503327442,47.3054512786745,0.0282042100402062,4.19381228396993,4.03546574485325,4.03534450355586,24.5760182459228
31055,"Douglas","Nebraska",189,"2020-07-28",7.65464632026629,-51.158816132421,0.0325509646891395,8.04525789653596,7.87964113373993,7.88250307309027,21.2942131571053
31079,"Hall","Nebraska",189,"2020-07-28",4.34380542185368,81.7384826197813,0.0424774199829538,4.85353446164913,4.64195208531675,4.64114736173436,16.3180150969175
31109,"Lancaster","Nebraska",189,"2020-07-28",6.85826486969831,-47.6269790644808,0.0296090934544766,7.21357399115203,7.06620305731883,7.06552852387965,23.4099426794557
31119,"Madison","Nebraska",189,"2020-07-28",3.59142411796322,524.125554413552,-0.0106607761010305,3.49807306862937,3.51398108661601,3.51679868525601,-65.0184540028886
31141,"Platte","Nebraska",189,"2020-07-28",4.16111273868694,91.8294281215669,0.045136965401012,4.70194349868047,4.4766424930808,4.47707149649402,15.3565303826208
31151,"Saline","Nebraska",189,"2020-07-28",3.41538201665411,115.403089566201,0.0496274381353128,3.99981818645071,3.76431533506897,3.7627740836013,13.9670151554072
31153,"Sarpy","Nebraska",189,"2020-07-28",6.23469079853914,46.0003936530462,0.0451790477058616,6.77683937100948,6.54881609381421,6.55094413248017,15.3422264469292
31155,"Saunders","Nebraska",189,"2020-07-28",3.52636052461616,93.5536108142505,0.0389884057988659,3.99422139420255,3.79971910088986,3.79927936520822,17.778289887916
31157,"Scotts Bluff","Nebraska",189,"2020-07-28",3.9262076404201,-156.607107212885,0.0115758878373767,4.0817403237582,4.01599386677747,4.00723885528174,59.8785328864267
31159,"Seward","Nebraska",189,"2020-07-28",3.27983652465789,-63.4727575293369,0.013303340588501,3.4518544668503,3.38087240073102,3.3729599087774,52.1032424862581
31169,"Thayer","Nebraska",189,"2020-07-28",3.12926366617852,71.3406522543433,0.0277609520542417,3.46066217588022,3.32603347462815,3.32359033055821,24.9684225240408
31173,"Thurston","Nebraska",189,"2020-07-28",4.29045944114839,293.790783299791,-0.039850479709339,3.89700962564867,4.0268551528283,4.01150608318302,-17.3936972808261
31177,"Washington","Nebraska",189,"2020-07-28",3.57954279007647,108.348868947907,0.0467389704000249,4.09672361977247,3.90864053748688,3.90671558287664,14.8301765021246
32001,"Churchill","Nevada",189,"2020-07-28",3.28519846779927,46.1938693253805,0.0237805968583082,3.56247920047617,3.45382077865258,3.45166264580743,29.1475939266756
32003,"Clark","Nevada",189,"2020-07-28",9.84310798997594,-348.916297929347,0.0184702701497805,10.0647512317733,9.97328045022712,9.9723998810244,37.5277229265747
32005,"Douglas","Nevada",189,"2020-07-28",4.05550472890584,120.240498910228,0.0636062807830911,4.81878009830293,4.497834292829,4.50074869438748,10.8974644017263
32007,"Elko","Nevada",189,"2020-07-28",5.54406074977949,-8.79460165134243,0.0287563069831467,5.88913643357725,5.74405507305096,5.74535489866152,24.1041793358994
32019,"Lyon","Nevada",189,"2020-07-28",3.83174217416734,-144.410683768137,0.011667532037029,3.97175255861169,3.91887123037093,3.91341489842654,59.4082088962874
32023,"Nye","Nevada",189,"2020-07-28",5.15081122943945,-3.03151772897574,0.0275508457463893,5.48348664362077,5.34522072417607,5.34366714966418,25.1588349388797
32031,"Washoe","Nevada",189,"2020-07-28",7.38664785564512,-573.129339431744,0.00975612417977237,7.50372134580239,7.46336853363451,7.45494072490353,71.047392159795
32510,"Carson City","Nevada",189,"2020-07-28",4.66613088577778,1527.19517743316,-0.0034876559431414,4.64275077205592,4.63957282177911,4.64171729417579,-198.742992961517
33011,"Hillsborough","New Hampshire",189,"2020-07-28",5.79518894098005,-110.771339747161,0.0196599470828842,6.03110830597466,5.93049926851449,5.93280857056024,35.2568182222319
33013,"Merrimack","New Hampshire",189,"2020-07-28",3.500827222611,-126.58108115076,0.0113795348564836,3.67082265699723,3.58754384031835,3.58048396660639,60.9117322721692
33015,"Rockingham","New Hampshire",189,"2020-07-28",4.54025063988878,57.9973493127291,0.0360450568802059,4.97431339364186,4.78817012537192,4.79256603805022,19.2300204397954
33017,"Strafford","New Hampshire",189,"2020-07-28",3.07797037179096,137.58360933189,0.0652881238085699,3.81389654638936,3.52515473179141,3.53498723845095,10.6167422208717
34001,"Atlantic","New Jersey",189,"2020-07-28",5.74437587162145,-161.821380624515,0.0166108175881079,5.94370568267875,5.85647164265724,5.86065159473821,41.7286612704836
34003,"Bergen","New Jersey",189,"2020-07-28",6.51513588173792,-942.543040243039,0.00578329957134381,6.58453547659404,6.56013216806172,6.55561897873733,119.853238105541
34005,"Burlington","New Jersey",189,"2020-07-28",5.85179188646138,-49.4598975334107,0.0250478485321425,6.14824233413208,6.02300594012786,6.02712682618638,27.6729228728156
34007,"Camden","New Jersey",189,"2020-07-28",6.4150969591716,-153.39577615408,0.0190135662997808,6.64325975476897,6.5445041126995,6.54819192327007,36.455400824407
34009,"Cape May","New Jersey",189,"2020-07-28",4.16333743370905,110.056249195293,0.0555932020725702,4.77788830536069,4.53192168932405,4.55248984821704,12.4682003323918
34011,"Cumberland","New Jersey",189,"2020-07-28",4.83967749595261,-864.370970937261,0.00461637877251204,4.89507404122275,4.87434608172875,4.87199214736019,150.149546802193
34013,"Essex","New Jersey",189,"2020-07-28",6.09871613071202,-420.48371272077,0.0100891322667104,6.21978571791255,6.16423574965961,6.16934005657899,68.7023583630694
34015,"Gloucester","New Jersey",189,"2020-07-28",5.772330802904,-84.419113841197,0.0215049171435647,6.03038980862678,5.92143232305677,5.92286522290895,32.2320321409547
34017,"Hudson","New Jersey",189,"2020-07-28",6.06974746550203,516.02443631806,-0.0182810263389396,5.85037514943475,5.93204912601174,5.94178028112945,-37.9162070941008
34019,"Hunterdon","New Jersey",189,"2020-07-28",3.40119738166216,84.4010291999821,0.0339286270390691,3.78639985821777,3.63378656465844,3.63869777093564,20.4295676262344
34021,"Mercer","New Jersey",189,"2020-07-28",5.28465300435398,-523.361666355081,0.00745645614203679,5.36388871543917,5.33630751890315,5.33684819734824,92.9593318000267
34023,"Middlesex","New Jersey",189,"2020-07-28",6.45227425577872,9.79308832283424,0.0369540139295121,6.88109280788941,6.69541483563465,6.7109523532853,18.7570200596365
34025,"Monmouth","New Jersey",189,"2020-07-28",6.38856140554563,-373.97258041064,0.0114495973992915,6.52595657433713,6.46808074325019,6.46870858734067,60.5390003147917
34027,"Morris","New Jersey",189,"2020-07-28",5.60264583011456,-504.455476893699,0.00813799296854114,5.70030174573705,5.66193734006157,5.65961178089435,85.1742171859117
34029,"Ocean","New Jersey",189,"2020-07-28",6.22144183800076,18.3873634688436,0.0372947758159579,6.62402346151068,6.47303676921262,6.48250526871247,18.5856374088555
34031,"Passaic","New Jersey",189,"2020-07-28",5.87452936620687,-68.8724405889766,0.0232311965373697,6.15330372465531,6.02815098109072,6.03714774196846,29.8369125948785
34033,"Salem","New Jersey",189,"2020-07-28",4.15888308335967,347.926367127595,-0.0256892062973146,3.90286778714233,3.9863032546524,3.97905863927847,-26.9820395592527
34035,"Somerset","New Jersey",189,"2020-07-28",5.31390946130787,605.766264194752,-0.0125991809028475,5.1627192904737,5.21662602119874,5.22571519498794,-55.0152574127487
34037,"Sussex","New Jersey",189,"2020-07-28",4.23203396499529,10.6890600523619,0.0243643689505204,4.51498411145198,4.40173749725295,4.40258454764893,28.449215408271
34041,"Warren","New Jersey",189,"2020-07-28",4.16333743370905,-84.5779029733632,0.0154638041107283,4.33880172937903,4.27137005387565,4.27158406248415,44.8238464220495
35001,"Bernalillo","New Mexico",189,"2020-07-28",7.5831021120594,-243.054538217156,0.0177567533732739,7.79618315253869,7.71050708194689,7.70739938567232,39.0356934057111
35005,"Chaves","New Mexico",189,"2020-07-28",5.00968245934099,3.62077765536264,0.027773057197072,5.34295914570585,5.20481212668593,5.20409385972049,24.9575398070696
35006,"Cibola","New Mexico",189,"2020-07-28",4.76461296039711,127.985345018194,0.0850601143922903,5.78533433310459,5.2207315550271,5.36003376114314,8.14890957427129
35009,"Curry","New Mexico",189,"2020-07-28",5.20164912213414,5.63895930982827,0.0291635948187242,5.55161225995883,5.40541481395981,5.40579428586521,23.7675494008344
35013,"Doña Ana","New Mexico",189,"2020-07-28",6.80793494369993,-409.690147888632,0.0114671516243133,6.94554076319169,6.8974597664115,6.88820500507012,60.4463255801289
35015,"Eddy","New Mexico",189,"2020-07-28",4.82373182779719,-102.563127183713,0.0168330513252138,5.02572844369976,4.94568665079395,4.94156318707369,41.177750080385
35017,"Grant","New Mexico",189,"2020-07-28",3.73084365321297,-8.95227605424093,0.0194358170328454,3.98341493785544,3.87253686734339,3.86689437244289,35.6633929712637
35023,"Hidalgo","New Mexico",189,"2020-07-28",3.38680864421006,336.642134816036,-0.0222808413053744,3.13362508668516,3.23713528621111,3.23084275507244,-31.1095604990799
35025,"Lea","New Mexico",189,"2020-07-28",5.84354441703136,-8.36375008640466,0.0303775758915419,6.20807532772986,6.05672460877393,6.05618744827215,22.8177252534801
35027,"Lincoln","New Mexico",189,"2020-07-28",3.95398720452718,140.320713761209,0.0894380594877811,4.97984731486221,4.56868698130746,4.58005362094165,7.75002481638862
35029,"Luna","New Mexico",189,"2020-07-28",4.57176112385696,47.7856845294865,0.0335630003943794,4.97451712858951,4.80570120555692,4.80670212661762,20.6521220515203
35031,"McKinley","New Mexico",189,"2020-07-28",6.08123995777746,846.341879785611,-0.00918142147337242,5.97106290009699,6.01299862708221,6.01697000746385,-75.4945388979454
35035,"Otero","New Mexico",189,"2020-07-28",4.82602540678429,87.65507340825,0.0500911213232222,5.42711886266296,5.17262351655416,5.17666325604685,13.8377253742691
35037,"Quay","New Mexico",189,"2020-07-28",3.15395627876888,71.8252042598672,0.0284058110451146,3.52728578435992,3.35651015453944,3.35279695608468,24.4015979497673
35039,"Rio Arriba","New Mexico",189,"2020-07-28",5.10940269428444,-93.0353948274277,0.0184431404422789,5.33072037959179,5.24304663827773,5.23850467738039,37.5829258975321
35041,"Roosevelt","New Mexico",189,"2020-07-28",3.74444930526875,113.332556110031,0.0524699459167913,4.33755630998604,4.11220408761276,4.11173892668629,13.2103658284528
35043,"Sandoval","New Mexico",189,"2020-07-28",5.50533153593236,-34.7890476919234,0.0251627382358024,5.80728439476199,5.68253589023972,5.68147070358298,27.5465720012026
35045,"San Juan","New Mexico",189,"2020-07-28",6.02379343422334,515.974718100239,-0.0181453379001122,5.80604937942199,5.90254714257153,5.89677606892255,-38.1997394799497
35049,"Santa Fe","New Mexico",189,"2020-07-28",5.44919739750718,3.42025977643952,0.0301453438047695,5.80538247887242,5.66106543859232,5.66021480414057,22.9935072244981
35055,"Taos","New Mexico",189,"2020-07-28",3.60704943586631,67.6716451671036,0.0309728944099489,3.97470058404176,3.82732594535606,3.82385969673595,22.3791542174146
35061,"Valencia","New Mexico",189,"2020-07-28",5.2257466737132,2.18220406786474,0.0287416677059695,5.57064668618483,5.42843037291358,5.42693834765499,24.1164565553718
36001,"Albany","New York",189,"2020-07-28",5.69421302364005,-25.0332740895965,0.0272407015028592,6.02110144167436,5.88484649337491,5.88489793416006,25.4452764546901
36007,"Broome","New York",189,"2020-07-28",5.41610040220442,-91.6956670802354,0.0196452140853856,5.65184297122905,5.55532441420083,5.55361690080212,35.2832591972408
36009,"Cattaraugus","New York",189,"2020-07-28",3.22457384598284,-155.291241343986,0.00955124466745275,3.3552685956096,3.29528578220782,3.29143255865501,72.5713982515749
36013,"Chautauqua","New York",189,"2020-07-28",4.44768060489532,-172.9031874194,0.0125352154565711,4.62428093691799,4.54461224166261,4.53542711309132,55.2959925548461
36017,"Chenango","New York",189,"2020-07-28",3.91202300542815,-30.172890258404,0.0183042128558411,4.13991672551062,4.04406797082278,4.04015249541904,37.8681774528618
36021,"Columbia","New York",189,"2020-07-28",3.33729357968267,335.947315631828,-0.0222396580005202,3.1123804377427,3.18444028434173,3.18161597367903,-31.1671690519581
36023,"Cortland","New York",189,"2020-07-28",3.54302757710137,106.970795708435,0.0458821854804805,4.08485446448519,3.86356504531032,3.86420287546473,15.1071090729719
36027,"Dutchess","New York",189,"2020-07-28",5.23644196282995,-154.139254144015,0.0154860516744374,5.4222745829232,5.34347173940103,5.34484432455101,44.7594516105169
36029,"Erie","New York",189,"2020-07-28",6.74808941846677,-1062.12580967417,0.00542033357342356,6.81946156576759,6.79027827959147,6.78603175348074,127.879063376932
36037,"Genesee","New York",189,"2020-07-28",3.14784005175145,60.0624895896005,0.0254150562138958,3.45485946865734,3.32631450287609,3.32574544524872,27.273092560817
36043,"Herkimer","New York",189,"2020-07-28",4.02023659006838,-7.09308276067299,0.0211303813751859,4.29143429339521,4.16855351055275,4.16814925969468,32.8033445422775
36045,"Jefferson","New York",189,"2020-07-28",3.47903986842609,93.0098829587274,0.0380564892993127,3.91944228711615,3.74761349515569,3.74543529352128,18.213639600552
36051,"Livingston","New York",189,"2020-07-28",3.42936825862885,498.897686360504,-0.0109964746186167,3.330806720101,3.35518978381226,3.35239293629853,-63.0335816341057
36053,"Madison","New York",189,"2020-07-28",3.3722098447889,330.530549137228,-0.0232012093715897,3.12127143740777,3.22033830944803,3.20980137918777,-29.8754762934348
36055,"Monroe","New York",189,"2020-07-28",6.54350066134847,734.920385167196,-0.0118773979644311,6.4009718857753,6.46580940074162,6.46035887559745,-58.3585043319835
36057,"Montgomery","New York",189,"2020-07-28",3.34235688163922,75.3862740213728,0.0308619457380192,3.72237426641271,3.55848078887662,3.55839050180535,22.4596072601492
36059,"Nassau","New York",189,"2020-07-28",6.87920882128975,-675.785010968656,0.00800108019275592,6.97522178360282,6.93480350810833,6.93521638263904,86.6317002031191
36063,"Niagara","New York",189,"2020-07-28",5.02575845567047,477.366094576883,-0.0172621085097527,4.85697205555149,4.91175913917152,4.9049236961022,-40.154259264929
36065,"Oneida","New York",189,"2020-07-28",5.71231737710604,421.759256250907,-0.024025636129505,5.42400974355198,5.55125586943834,5.54413792419951,-28.8503154223965
36067,"Onondaga","New York",189,"2020-07-28",6.14449214753801,890.806786995297,-0.00869331231758376,6.04017239972701,6.08531159547575,6.08363896131492,-79.7333806997746
36069,"Ontario","New York",189,"2020-07-28",4.19397440317094,471.071644311755,-0.0146095042344773,4.01866035235721,4.0963092055608,4.0917078735296,-47.4449488110742
36071,"Orange","New York",189,"2020-07-28",5.46383180502561,-689.348412430186,0.00625618793972718,5.53890606030234,5.51024273569952,5.5076251206037,110.793855177914
36075,"Oswego","New York",189,"2020-07-28",3.46573590279973,402.47261863696,-0.0159974404361514,3.30303341834097,3.34664532672776,3.35375381974667,-43.328630184711
36079,"Putnam","New York",189,"2020-07-28",4.24645234041956,-98.3836396712349,0.0150378837292539,4.42690694517061,4.35233703482932,4.35171752652434,46.0933993798299
36083,"Rensselaer","New York",189,"2020-07-28",4.78271846402939,-33.7456591683746,0.0220680734138558,5.07004407304238,4.93871852210861,4.93719497792638,31.409501299046
36087,"Rockland","New York",189,"2020-07-28",5.34301754546594,481.419095740353,-0.0179646082648654,5.12744224628756,5.22425981645923,5.21726528761188,-38.5840409287176
36089,"St. Lawrence","New York",189,"2020-07-28",3.51367536508885,12.408016316248,0.0205969309454057,3.78143141006429,3.66128300902973,3.65785388170669,33.6529351094687
36091,"Saratoga","New York",189,"2020-07-28",4.74617359345131,18.069077852503,0.0286508834797912,5.09787811789974,4.94770593913342,4.94672977780985,24.1928728323109
36093,"Schenectady","New York",189,"2020-07-28",5.00010384204391,14.0219988363267,0.0294161821401186,5.35309802772533,5.20315665872532,5.20601711702474,23.563465077088
36103,"Suffolk","New York",189,"2020-07-28",7.16483085769812,-541.166038804768,0.00988026255270769,7.28339400833061,7.2324290245492,7.23399269556707,70.1547329195203
36105,"Sullivan","New York",189,"2020-07-28",3.04452243772342,331.580674359629,-0.0208308720725007,2.82426368308881,2.89807816846093,2.89870633321592,-33.2749957921822
36107,"Tioga","New York",189,"2020-07-28",3.500827222611,-162.35487712628,0.0102474164047242,3.67221164657678,3.58280655384879,3.57255913744407,67.641164678386
36109,"Tompkins","New York",189,"2020-07-28",3.73766961828337,107.259098909347,0.0492977728124047,4.37472878113509,4.08326163661318,4.0827540279702,14.0604157351614
36111,"Ulster","New York",189,"2020-07-28",4.70566172453442,401.546506351879,-0.0216306012146344,4.44609450995881,4.56565676889553,4.55424751603198,-32.0447487188192
36113,"Warren","New York",189,"2020-07-28",3.26902560855367,-134.897852077965,0.0102763691157608,3.4004284675656,3.3457869567122,3.340960192364,67.4505920088903
36117,"Wayne","New York",189,"2020-07-28",4.1061790198691,405.508776452583,-0.0186512417199779,3.90759883207395,3.98022594827355,3.97562032782926,-37.1635943046888
36119,"Westchester","New York",189,"2020-07-28",6.65046384023537,1133.59009045943,-0.00700351015354187,6.56642171839287,6.60088204710003,6.60143926916058,-98.9713965374065
37001,"Alamance","North Carolina",189,"2020-07-28",6.56304923743382,-178.239121794479,0.018118002287885,6.78046526488844,6.68844467965155,6.68987525344901,38.2573734977081
37003,"Alexander","North Carolina",189,"2020-07-28",4.93447393313069,-295.881432394858,0.0102826940156969,5.05786626131905,5.01673548525627,5.00645279124057,67.4091030523546
37005,"Alleghany","North Carolina",189,"2020-07-28",3.17208366336144,90.9550855886926,0.0342191570119545,3.59454841954785,3.41543944227271,3.41161776244512,20.2561150269655
37007,"Anson","North Carolina",189,"2020-07-28",4.91370475459889,1165.371892083,-0.00500697522951197,4.85362105184475,4.87783744056154,4.87865592799231,-138.436311103442
37009,"Ashe","North Carolina",189,"2020-07-28",3.3770998300831,125.950773923355,0.0580232057527612,4.06448065746684,3.7861336560301,3.78326227035243,11.9460338595125
37011,"Avery","North Carolina",189,"2020-07-28",3.81299162482197,86.9177013446683,0.0390661174471993,4.26142189067966,4.09020389247466,4.08645444695236,17.7429247095462
37013,"Beaufort","North Carolina",189,"2020-07-28",5.07249165001389,78.2885776807159,0.04798432883339,5.64830359601457,5.4077551515134,5.40838195184762,14.4452823955645
37015,"Bertie","North Carolina",189,"2020-07-28",4.02789946281395,131.435585968263,0.076676162258679,4.95055148643403,4.556377107347,4.5646325986247,9.03993053566642
37017,"Bladen","North Carolina",189,"2020-07-28",4.88927443709199,-179.209254547858,0.0134833420306473,5.05907471213298,4.98306405944633,4.98365783130652,51.407668735573
37019,"Brunswick","North Carolina",189,"2020-07-28",6.13556489108174,835.396459945262,-0.00944430942426038,6.03865801249976,6.07687422173966,6.06945472511192,-73.3931036587388
37021,"Buncombe","North Carolina",189,"2020-07-28",6.62007320653036,-30.1979843716055,0.0309063282082309,6.99094914502913,6.8357840214333,6.83641750398798,22.4273545498474
37023,"Burke","North Carolina",189,"2020-07-28",5.82008293035236,-225.094246012236,0.014226753338834,5.99080397041837,5.91894899562716,5.9196702037242,48.7213887843193
37025,"Cabarrus","North Carolina",189,"2020-07-28",6.78073326654313,1512.57966859798,-0.00510374607320212,6.71948831366471,6.74637057999777,6.74500704403072,-135.811455079908
37027,"Caldwell","North Carolina",189,"2020-07-28",6.12718105063784,-43.5375387678646,0.0269282206523682,6.45031969846626,6.31414189593097,6.31567859520442,25.740548902513
37029,"Camden","North Carolina",189,"2020-07-28",3.03769647265303,-72.9744150557098,0.0118603167905293,3.19012177110803,3.12570612768949,3.12071869018673,58.4425519825439
37031,"Carteret","North Carolina",189,"2020-07-28",4.88496408559086,111.038997801018,0.066953083679805,5.68840108974852,5.34198489652487,5.35363567134949,10.3527297394521
37033,"Caswell","North Carolina",189,"2020-07-28",3.391627930646,364.309321974897,-0.0191186675593922,3.21784997398477,3.2671165254914,3.25779725773025,-36.2549941520077
37035,"Catawba","North Carolina",189,"2020-07-28",6.6949156028062,-739.864670690692,0.00724664100186989,6.78187529482864,6.75218151721318,6.74564208981929,95.6508236548614
37037,"Chatham","North Carolina",189,"2020-07-28",5.21571185388387,-109.933440454035,0.0177445337482772,5.4286462588632,5.33808269563771,5.33992359012181,39.0625750100219
37039,"Cherokee","North Carolina",189,"2020-07-28",4.93447393313069,101.357856712885,0.0597089298130536,5.65098109088733,5.3550474118048,5.35243644182207,11.6087691192953
37041,"Chowan","North Carolina",189,"2020-07-28",4.14086457785699,132.099466484682,0.0795631477955014,5.08412759229066,4.69200991126985,4.6978066124255,8.7119124841757
37043,"Clay","North Carolina",189,"2020-07-28",3.57954279007647,121.449346886358,0.0573202879223751,4.27326490127505,3.98492282799516,3.9807848055331,12.0925278934158
37045,"Cleveland","North Carolina",189,"2020-07-28",6.14694087848307,-86.1518437892026,0.022753651399394,6.4199846952758,6.3076499556965,6.30621643827883,30.4631185735053
37047,"Columbus","North Carolina",189,"2020-07-28",5.27153328264122,-324.667841304168,0.0103753640857712,5.40211842128327,5.34717239180164,5.34416083124162,66.807022368548
37049,"Craven","North Carolina",189,"2020-07-28",5.19849703126583,27.133202104409,0.03313956236122,5.59617177960047,5.42745048956599,5.43047396779437,20.9160028429062
37051,"Cumberland","North Carolina",189,"2020-07-28",6.87626461189077,-79.0209323975113,0.0261434120440972,7.18998555641994,7.06018104083921,7.05926849619945,26.5132638154035
37053,"Currituck","North Carolina",189,"2020-07-28",3.75118333745009,118.129272152501,0.0567410924066416,4.41847016456735,4.14992566113593,4.14837098429658,12.2159646767536
37055,"Dare","North Carolina",189,"2020-07-28",4.68345310438213,-77.3403812933189,0.0179208933621536,4.89850382472797,4.81218259804568,4.8088993579172,38.678159986364
37057,"Davidson","North Carolina",189,"2020-07-28",6.16931182350702,692.757317439589,-0.012126237032924,6.02379697911193,6.09008017326491,6.08442816427655,-57.160946027855
37059,"Davie","North Carolina",189,"2020-07-28",4.46590811865458,-387.566119379221,0.00785689165385429,4.58501577282274,4.52711986614168,4.52090636023156,88.2215526314294
37061,"Duplin","North Carolina",189,"2020-07-28",5.772330802904,801.500018594552,-0.00934790385276747,5.66015595667079,5.70596028497019,5.70689547593463,-74.1500117542113
37063,"Durham","North Carolina",189,"2020-07-28",7.27744515999836,930.106276155736,-0.00975389886477691,7.16039837362104,7.21401419903562,7.20916786794492,-71.0636013525858
37065,"Edgecombe","North Carolina",189,"2020-07-28",5.15494175988874,14.0965747788095,0.0303282672962936,5.51681570221962,5.36744009657531,5.3672396309628,22.8548229870242
37067,"Forsyth","North Carolina",189,"2020-07-28",7.18981442954008,2396.32697400927,-0.00324988779416743,7.15081577601007,7.16575289506954,7.16706521498091,-213.283419139558
37069,"Franklin","North Carolina",189,"2020-07-28",5.73380349091106,-28.7855799943859,0.0269463912501136,6.05716018591242,5.92030553238249,5.92242822966185,25.7231914331766
37071,"Gaston","North Carolina",189,"2020-07-28",7.23397101543616,-497.247870332522,0.0106187062455039,7.36139549038221,7.31126255077177,7.30830195915469,65.2760481865138
37077,"Granville","North Carolina",189,"2020-07-28",5.56561449933555,-409.378540783279,0.00937953450758222,5.67816891342654,5.63516830552347,5.63127124088863,73.8999552695947
37079,"Greene","North Carolina",189,"2020-07-28",4.51242813428948,-156.660054198597,0.013243829926044,4.67056977951569,4.60734635289425,4.60513494377179,52.3373664891957
37081,"Guilford","North Carolina",189,"2020-07-28",7.4079243225596,-307.511083724436,0.015071734021593,7.58878513081872,7.51330935524654,7.51342646071075,45.9898761195552
37083,"Halifax","North Carolina",189,"2020-07-28",5.39622158152941,74.2760531427157,0.0491799806340193,5.98638134913764,5.737140217468,5.74048144596755,14.0940921819004
37085,"Harnett","North Carolina",189,"2020-07-28",5.74757149177986,-45.3865831810684,0.0250562670757555,6.04824669668893,5.92076191321345,5.92296536131015,27.6636251706718
37087,"Haywood","North Carolina",189,"2020-07-28",4.82602540678429,78.274357424951,0.0458895360848563,5.40237512306061,5.14863786447439,5.14725215937828,15.1046892101549
37089,"Henderson","North Carolina",189,"2020-07-28",6.36573379944767,-172.334936620005,0.0178644672336355,6.5801074062513,6.491305197671,6.49078507008312,38.8003275717552
37091,"Hertford","North Carolina",189,"2020-07-28",4.11787505963229,117.693651383214,0.062277140950863,4.876695510155,4.55372185651274,4.55381504628833,11.130041777397
37093,"Hoke","North Carolina",189,"2020-07-28",5.36397133676948,-61.2041178254003,0.0219596247685743,5.64810591637796,5.51869454361453,5.5176887101495,31.564618606411
37095,"Hyde","North Carolina",189,"2020-07-28",3.06472514504094,317.963005094074,-0.0233462271843861,2.84737602501668,2.91717604071913,2.90130155475024,-29.6899012883555
37097,"Iredell","North Carolina",189,"2020-07-28",6.44888939414686,2144.09233094397,-0.00329009470234554,6.40940825771871,6.42460092807098,6.42585873123044,-210.676969287782
37099,"Jackson","North Carolina",189,"2020-07-28",5.36664334904728,-0.480584849276271,0.0290905590603581,5.71573005777158,5.57094912962276,5.57027726246979,23.8272210280242
37101,"Johnston","North Carolina",189,"2020-07-28",6.86380339145295,-634.84227570548,0.00838232660317811,6.96439131069109,6.92487306588074,6.9224796776752,82.6915024161839
37105,"Lee","North Carolina",189,"2020-07-28",5.33271879326537,-43.5492415011037,0.0234354496551442,5.6139441891271,5.49291843155805,5.49676694085138,29.5768671290587
37107,"Lenoir","North Carolina",189,"2020-07-28",4.63749907310345,40.7112142785835,0.0324974882298759,5.04649548621346,4.86228885954607,4.86498149071258,21.329253992089
37109,"Lincoln","North Carolina",189,"2020-07-28",5.86484796747404,-256.138961510275,0.0133249916057184,6.02474786674266,5.96126243846109,5.95812290871407,52.0185829057093
37111,"McDowell","North Carolina",189,"2020-07-28",5.27299955856375,-128.270825329672,0.0168859820734035,5.47563134344459,5.39258322861501,5.39120143307757,41.0486744298809
37113,"Macon","North Carolina",189,"2020-07-28",4.87301391622021,28.6997034807295,0.0313780078044831,5.24955000987401,5.09295889569013,5.09265997085159,22.0902227088143
37117,"Martin","North Carolina",189,"2020-07-28",4.14991441337691,-79.0706378974857,0.015883281742103,4.36902444070576,4.26337501525795,4.26109738557163,43.6400481849144
37119,"Mecklenburg","North Carolina",189,"2020-07-28",8.82139519809385,1928.52396047448,-0.00505662025742231,8.76071575500478,8.78810395058559,8.78599885629189,-137.077167213123
37121,"Mitchell","North Carolina",189,"2020-07-28",3.32194801000801,330.832034680999,-0.0230144351066888,3.10308311246867,3.17824206749238,3.16084696426119,-30.1179315219643
37123,"Montgomery","North Carolina",189,"2020-07-28",5.15576582256413,48.8891325203726,0.0380710352669073,5.60066302396223,5.4165560704918,5.42226306943248,18.2066806353032
37125,"Moore","North Carolina",189,"2020-07-28",5.65798781946657,-140.022025192288,0.0174617383374136,5.86752867951553,5.7785568352562,5.78021998782847,39.6951991357472
37127,"Nash","North Carolina",189,"2020-07-28",5.81327728945248,-152.181723260142,0.0172920682096513,6.0207821079683,5.93395998590373,5.93432176692004,40.084689243423
37129,"New Hanover","North Carolina",189,"2020-07-28",6.92376922567821,2190.25600513857,-0.00345108959571687,6.88235615052961,6.89994918951259,6.89961159850819,-200.848793210181
37131,"Northampton","North Carolina",189,"2020-07-28",4.16333743370905,58.0111052533511,0.0331650267128934,4.57640538035524,4.40162897502428,4.3954926206993,20.8999433819384
37133,"Onslow","North Carolina",189,"2020-07-28",5.8857071272973,-88.0267212186458,0.0216365035792442,6.14534517024823,6.03834526460392,6.03716265235201,32.0360070203246
37135,"Orange","North Carolina",189,"2020-07-28",6.06511323013113,598.092876096409,-0.0146467461292888,5.88935227657966,5.97122281824987,5.96258600722611,-47.3243117919464
37137,"Pamlico","North Carolina",189,"2020-07-28",3.25258688221051,1077.62792738297,-0.00367002946021727,3.23560046644581,3.22873630233974,3.22689667598899,-188.866925476644
37139,"Pasquotank","North Carolina",189,"2020-07-28",4.37305796469112,76.2171278889552,0.0405728468636994,4.85993212705551,4.65531611519593,4.65706789273702,17.0840163838763
37141,"Pender","North Carolina",189,"2020-07-28",5.59418017109001,-324.657945896733,0.0110191061184163,5.73718515723274,5.67486631868081,5.67131391391892,62.9041206347479
37145,"Person","North Carolina",189,"2020-07-28",4.05550472890584,105.23905226868,0.0512675868614148,4.65309477143976,4.41226553501665,4.41437783693574,13.5201834725251
37147,"Pitt","North Carolina",189,"2020-07-28",6.49569705540433,-7.02455109960241,0.0340045141737692,6.90375122548956,6.73126965194245,6.73372865462071,20.3839754044959
37149,"Polk","North Carolina",189,"2020-07-28",3.85318250540521,608.225504345593,-0.00913159387364774,3.76427589004356,3.79516763178057,3.78926134828968,-75.9064835943102
37151,"Randolph","North Carolina",189,"2020-07-28",6.45609663255181,-540.383220792849,0.00891254303969867,6.56304714902819,6.52267309000596,6.5184844338297,77.7720991048791
37153,"Richmond","North Carolina",189,"2020-07-28",4.89142266563028,-214.666509727126,0.0122694596769071,5.03865618175317,4.9798747628628,4.97730888336863,56.4937005224889
37155,"Robeson","North Carolina",189,"2020-07-28",6.80477288572928,-34.1956067298403,0.0311865714792078,7.17901174347977,7.02355317955592,7.02307888608373,22.2258218099437
37157,"Rockingham","North Carolina",189,"2020-07-28",5.02294022928664,-166.19377972863,0.014343316529434,5.19506002763985,5.12442899157646,5.12334344499268,48.3254468474939
37159,"Rowan","North Carolina",189,"2020-07-28",6.34638795800791,1306.0675041672,-0.00565597696612577,6.2785162344144,6.30738158059056,6.30679611924503,-122.551273583905
37161,"Rutherford","North Carolina",189,"2020-07-28",5.46926496055798,45.994265054046,0.0396307078303656,5.94483345452237,5.74450982349766,5.74667991537054,17.4901539363586
37163,"Sampson","North Carolina",189,"2020-07-28",5.66988092298052,820.433092030636,-0.00890884052695926,5.56297483665701,5.60646107324059,5.6075190392918,-77.8044211771886
37165,"Scotland","North Carolina",189,"2020-07-28",4.3658246600976,85.6172214435096,0.0443759032236601,4.89833549878152,4.67629762527533,4.67645598266322,15.6199002207661
37167,"Stanly","North Carolina",189,"2020-07-28",5.78645907322908,-282.50551606416,0.012403838484159,5.93530513503899,5.87422581075474,5.87328594261819,55.88166771481
37169,"Stokes","North Carolina",189,"2020-07-28",4.38559170083838,-137.651664502808,0.0135973030175966,4.53676278457017,4.48901774824056,4.48077282196156,50.9768135389
37171,"Surry","North Carolina",189,"2020-07-28",5.52772695944089,-37.2151583335117,0.0250662198481545,5.84582243070998,5.70120470888765,5.70319049837797,27.6526410746763
37173,"Swain","North Carolina",189,"2020-07-28",3.48343547989913,-63.7184180123526,0.0141087720954221,3.66430796871985,3.58749502698035,3.58219688456708,49.1288097838685
37175,"Transylvania","North Carolina",189,"2020-07-28",4.3640081291712,-6604.10933945872,0.00064289007600446,4.37172281008325,4.36915124977924,4.36850835970323,1078.17371340966
37177,"Tyrrell","North Carolina",189,"2020-07-28",4.27468002104443,-56.679242749468,0.017760900243043,4.48781082396095,4.41078515131122,4.39900632274573,39.026579231616
37179,"Union","North Carolina",189,"2020-07-28",6.98378996525814,2354.00099411372,-0.00321833491514619,6.94516994627639,6.96029151805501,6.96126162085212,-215.374471220457
37181,"Vance","North Carolina",189,"2020-07-28",5.05897184065754,19.5523456911631,0.0306794982137083,5.41332549518098,5.27213208795611,5.2737283281535,22.5931720177298
37183,"Wake","North Carolina",189,"2020-07-28",8.33248020600634,2765.50101719431,-0.00322776561020396,8.29374701868389,8.30768858410131,8.30988584673491,-214.745202801806
37185,"Warren","North Carolina",189,"2020-07-28",4.05054193956371,-8.21528465035954,0.0212616343075254,4.34195070224314,4.20053383470282,4.19937337971639,32.6008419924056
37187,"Washington","North Carolina",189,"2020-07-28",4.07024701064304,121.374839764261,0.0643227654407591,4.80009667782251,4.52450934393559,4.52050636872835,10.77607866842
37189,"Watauga","North Carolina",189,"2020-07-28",4.80050197951807,5329.36390001145,-0.00093297618454302,4.78930626530355,4.79421256829767,4.79397114622627,-742.94198720566
37191,"Wayne","North Carolina",189,"2020-07-28",5.79562344022652,1083.40136237364,-0.0064438677576951,5.71829702713418,5.74754171239897,5.75051636592265,-107.566946843719
37193,"Wilkes","North Carolina",189,"2020-07-28",4.649870364906,41.4551503088782,0.0327428301398477,5.0602357624247,4.87847658575719,4.87907017588493,21.169433967664
37195,"Wilson","North Carolina",189,"2020-07-28",6.24444425470795,-249.691949428993,0.0143983402572483,6.41722433779493,6.34679239684875,6.34523263650869,48.1407695731463
37197,"Yadkin","North Carolina",189,"2020-07-28",4.59656181145149,-13.7708548567263,0.0231424499307614,4.85461150545481,4.75690072330305,4.75855896096682,29.9513311094431
37199,"Yancey","North Carolina",189,"2020-07-28",3.14784005175145,332.421097748524,-0.0215589465742393,2.94109515795951,3.01151699327385,2.99692742573178,-32.151254615946
38005,"Benson","North Dakota",189,"2020-07-28",3.8286413964891,145.970229043516,0.099478787598146,4.97690095856399,4.48470975489911,4.52499290967612,6.96778878488124
38015,"Burleigh","North Dakota",189,"2020-07-28",6.0789520012311,68.6813285175386,0.0527143776726186,6.71152453330252,6.44516261434198,6.44795264493943,13.1491105683675
38017,"Cass","North Dakota",189,"2020-07-28",6.16841456010003,-149.411175963088,0.018500923198756,6.3904256384851,6.3013477983317,6.29792102249132,37.4655455359412
38019,"Cavalier","North Dakota",189,"2020-07-28",3.19575340744735,25.1818877067655,0.0201475919254248,3.44157361995548,3.34516930127116,3.33678655092532,34.4034752701757
38035,"Grand Forks","North Dakota",189,"2020-07-28",5.21726224179133,22.6436287380468,0.0323337851551048,5.60526766365259,5.44844747921367,5.44359873787706,21.4372421055848
38053,"McKenzie","North Dakota",189,"2020-07-28",3.5715427474094,106.154062106465,0.045768740960392,4.11213545779269,3.89670333055934,3.89192393413214,15.1445542528642
38059,"Morton","North Dakota",189,"2020-07-28",4.76947323727937,99.6240391376517,0.056201660645597,5.41648904677904,5.1629970557931,5.16288486179855,12.3332152928874
38061,"Mountrail","North Dakota",189,"2020-07-28",3.87713574642771,-33.8283632805717,0.0177990399782502,4.09072422616671,4.01359333073389,4.00172902627546,38.9429531821349
38077,"Richland","North Dakota",189,"2020-07-28",3.24147565678544,150.553849715648,0.0942482843008174,4.28322169237724,3.86432193069953,3.90121364689116,7.35448062213621
38085,"Sioux","North Dakota",189,"2020-07-28",3.22457384598284,107.502313208815,0.0418287486990929,3.7017475012395,3.5186185554605,3.51737508687649,16.5710713831365
38089,"Stark","North Dakota",189,"2020-07-28",4.16333743370905,130.922839939236,0.0784393405551987,5.10460952037143,4.70988309561698,4.71241281759544,8.8367288104898
38093,"Stutsman","North Dakota",189,"2020-07-28",3.3722098447889,148.777186477735,0.0943619514690872,4.45603683782175,4.00748249396321,4.03274350507251,7.34562151130394
38099,"Walsh","North Dakota",189,"2020-07-28",4.17658266045907,-37.187608601686,0.01899848429222,4.43021111915949,4.31975990511468,4.30957205050461,36.4843410610283
38101,"Ward","North Dakota",189,"2020-07-28",4.34750912979117,126.149140409673,0.075150294404927,5.24931266265029,4.87389232587584,4.87356119062566,9.22347924314321
38105,"Williams","North Dakota",189,"2020-07-28",5.04158009794568,45.5196184516163,0.036386398251386,5.47543909204001,5.30457954908975,5.29628488570538,19.0496233172389
39003,"Allen","Ohio",189,"2020-07-28",5.39880890509436,36.3084372810266,0.0365546196797117,5.8374643412509,5.65506960592157,5.65469124285234,18.9619584783877
39005,"Ashland","Ohio",189,"2020-07-28",4.01509519056796,-21.9577603087296,0.0195626191659964,4.26382465919321,4.15339017939936,4.15203352472994,35.4322278974161
39007,"Ashtabula","Ohio",189,"2020-07-28",4.3658246600976,73.0709920902473,0.0394299537136777,4.84708509194987,4.64240648720027,4.64183433609334,17.5792035058743
39009,"Athens","Ohio",189,"2020-07-28",5.58671346973348,-137.897834879654,0.017381931894659,5.80378942565226,5.71770653238732,5.70838699299609,39.8774534821949
39011,"Auglaize","Ohio",189,"2020-07-28",4.1155467698727,132.819442922229,0.0798508520402147,5.04502131503542,4.66924757656434,4.6745027341542,8.68052328622443
39013,"Belmont","Ohio",189,"2020-07-28",3.74106520728451,293.279617025017,-0.0345932087418007,3.36521409806883,3.51713709318951,3.4989127460919,-20.0370883699603
39015,"Brown","Ohio",189,"2020-07-28",3.31158522297247,139.99949677936,0.0742191912130166,4.1563120565578,3.8296269309409,3.83111956146359,9.3391907029887
39017,"Butler","Ohio",189,"2020-07-28",6.76074570730625,-226.669824088965,0.0164473189084944,6.95178538978844,6.87849416227203,6.87587693966571,42.1434754452266
39019,"Carroll","Ohio",189,"2020-07-28",3.65989191724069,-0.1729550428876,0.019686158680343,3.86189192176607,3.80256610089828,3.79769502800309,35.2098747051179
39021,"Champaign","Ohio",189,"2020-07-28",3.75453342433537,97.3274053624485,0.0431759093699685,4.26027900337056,4.05897934166406,4.05676478992515,16.0540262075423
39023,"Clark","Ohio",189,"2020-07-28",5.44919739750718,33.7096926183689,0.0362578099176421,5.88429111651888,5.70107057264185,5.70300206693067,19.1171828120451
39025,"Clermont","Ohio",189,"2020-07-28",5.79909265446053,-180.098110933823,0.0159272802585744,5.99022001756342,5.91868817084792,5.91058361627055,43.5194941827428
39027,"Clinton","Ohio",189,"2020-07-28",4.10382330617665,57.5471189622942,0.0322915787902403,4.47086211676485,4.33101569576284,4.32986435770833,21.4652614250449
39029,"Columbiana","Ohio",189,"2020-07-28",5.44919739750718,380.544206342749,-0.0277250471988192,5.11649683112135,5.26595601352031,5.25512206711545,-25.000757459106
39031,"Coshocton","Ohio",189,"2020-07-28",4.40845989174204,363.26835872607,-0.0247516295498557,4.14016445060004,4.24966756849647,4.23519848489305,-28.0041028880051
39033,"Crawford","Ohio",189,"2020-07-28",3.03082359336526,57.1079115572858,0.0239896139328991,3.33196758007479,3.20183382000914,3.19875089089555,28.8936363252337
39035,"Cuyahoga","Ohio",189,"2020-07-28",8.3361850574191,2280.48644485065,-0.00397626470607253,8.28846988094623,8.30707630406264,8.30835120447659,-174.321186288573
39037,"Darke","Ohio",189,"2020-07-28",3.49650756146648,596.663422970858,-0.00859341187801617,3.44306581804438,3.44066367127826,3.43635367832037,-80.6603000530171
39039,"Defiance","Ohio",189,"2020-07-28",4.03044076024262,137.640224605185,0.0860731487147164,5.02320962651537,4.63431925248819,4.63295280124564,8.05300132399402
39041,"Delaware","Ohio",189,"2020-07-28",6.21289234163869,-182.418317875833,0.0169557362133408,6.41636117619878,6.33818140689465,6.33158249513208,40.8798044413179
39043,"Erie","Ohio",189,"2020-07-28",5.24099087135632,75.4728917735844,0.0482919977967372,5.82049484491717,5.58087887641974,5.57903485593348,14.3532513083726
39045,"Fairfield","Ohio",189,"2020-07-28",6.23832462503951,-101.912148669288,0.0218190260682323,6.5001529378583,6.39258301424555,6.39105780751714,31.7680165188098
39047,"Fayette","Ohio",189,"2020-07-28",3.05803615689015,140.059216746086,0.0693453033151715,3.87923058243096,3.55049470007536,3.54345328009635,9.99558942600078
39049,"Franklin","Ohio",189,"2020-07-28",8.64598838594032,-556.69667309309,0.0116727787500859,8.78606173094135,8.73478853340246,8.72769783719092,59.3815059293269
39051,"Fulton","Ohio",189,"2020-07-28",3.99426110366512,132.688317334705,0.0770318694617501,4.87701727447674,4.53681286357198,4.53348418989737,8.99818718412546
39053,"Gallia","Ohio",189,"2020-07-28",3.26357600378611,95.9844423135806,0.0367420915686299,3.67478077880201,3.52417631606756,3.52077064476652,18.8652074764233
39055,"Geauga","Ohio",189,"2020-07-28",4.58496747867057,2.60054657331068,0.0252795459098341,4.88905036183681,4.76211027835159,4.76192430003941,27.4192892163582
39057,"Greene","Ohio",189,"2020-07-28",5.69805179994722,-135.349734955685,0.0178426695758427,5.91216383485733,5.82826287212833,5.82295048697812,38.8477283409654
39059,"Guernsey","Ohio",189,"2020-07-28",3.43398720448515,466.804291791396,-0.0122900095343548,3.32818732806045,3.34939732102221,3.34795713774467,-56.399238635443
39061,"Hamilton","Ohio",189,"2020-07-28",7.95657690314723,805.835553758145,-0.0127953071436019,7.80303321742401,7.8781499176145,7.86700975314202,-54.171984523759
39063,"Hancock","Ohio",189,"2020-07-28",4.90103299053006,138.259246374031,0.105053520354505,6.06586943633018,5.6026020976338,5.6364076330116,6.5980385828186
39065,"Hardin","Ohio",189,"2020-07-28",3.20158432775814,318.371301148693,-0.0243034169802959,2.97404075823805,3.0414460653944,3.03146040889607,-28.5205648704426
39069,"Henry","Ohio",189,"2020-07-28",4.08477511120595,112.603695685478,0.0572126967974602,4.77132747277547,4.49067719022549,4.48526398878817,12.1152684519272
39071,"Highland","Ohio",189,"2020-07-28",3.88890058800729,129.580931557831,0.0707950096021038,4.70213858812616,4.38564103054636,4.38446565522202,9.79090453487765
39073,"Hocking","Ohio",189,"2020-07-28",3.15395627876888,89.9477361648234,0.0334907280872117,3.55176753113713,3.39091987786261,3.38839137537936,20.6966889090901
39075,"Holmes","Ohio",189,"2020-07-28",4.49980967033027,362.493417645106,-0.025346249785187,4.21998375122232,4.33289698193962,4.32238592183396,-27.3471297108828
39077,"Huron","Ohio",189,"2020-07-28",4.87082573153965,506.176809789742,-0.0152857619778956,4.741288885509,4.77128019335037,4.76382539769438,-45.345935751341
39079,"Jackson","Ohio",189,"2020-07-28",3.5305534028762,98.0656593866023,0.0412285787834443,4.03769367758414,3.82199779013543,3.81915345436031,16.8122986775931
39081,"Jefferson","Ohio",189,"2020-07-28",4.48057830840238,-12.2710471197149,0.0226974205057884,4.72721553565704,4.6441980060505,4.6394602519429,30.5385883115297
39083,"Knox","Ohio",189,"2020-07-28",4.26066577766961,115.400545026042,0.0616078341553744,4.96555785504915,4.69328178185657,4.69192061675723,11.2509584221356
39085,"Lake","Ohio",189,"2020-07-28",6.05309706418864,-103.56758122862,0.0210493027006975,6.30568869659701,6.20250786486091,6.20044218309352,32.9296979769775
39087,"Lawrence","Ohio",189,"2020-07-28",4.68872320880638,61.7006818390808,0.0381624645669634,5.12519297068342,4.95653526936705,4.95586046077512,18.1630612284929
39089,"Licking","Ohio",189,"2020-07-28",6.10861246048198,26.4615146265396,0.0387753661970338,6.57391685484638,6.37928967486926,6.38004002386122,17.8759673612823
39091,"Logan","Ohio",189,"2020-07-28",3.67449071666184,79.7934869125289,0.0354540052920676,4.11998632997592,3.92497055168148,3.92266875370631,19.550602953033
39093,"Lorain","Ohio",189,"2020-07-28",6.13401762170296,-114.421885218203,0.020554851790504,6.38067584318901,6.27843699984699,6.27790158423649,33.7218281904698
39095,"Lucas","Ohio",189,"2020-07-28",7.19775608965288,42.7355093272921,0.0509523380955599,7.8091841467996,7.54965527947128,7.5544224563218,13.6038346122599
39097,"Madison","Ohio",189,"2020-07-28",4.3640081291712,44.2618801426134,0.0312299044357045,4.73876698239965,4.58432492539052,4.58261746022113,22.1949824402116
39099,"Mahoning","Ohio",189,"2020-07-28",6.10606792984699,-111.383517741218,0.0206716609529867,6.35412786128283,6.2514984529674,6.2507695565179,33.5312765692298
39101,"Marion","Ohio",189,"2020-07-28",4.48057830840238,102.022180528989,0.0543267440523118,5.10550894499599,4.86202359294019,4.86086551676856,12.7588574035011
39103,"Medina","Ohio",189,"2020-07-28",5.48598176775249,-119.644275803038,0.0180563744808368,5.69939124663221,5.61672166951818,5.61237638911835,38.3879488817414
39107,"Mercer","Ohio",189,"2020-07-28",4.96782720160437,116.013792526241,0.0724370164513816,5.79396222666033,5.47306242078458,5.47488631676404,9.56896369448309
39109,"Miami","Ohio",189,"2020-07-28",5.277385530507,86.523029616325,0.0541398189719572,5.92706335817049,5.65424627963257,5.6563642633107,12.8029090920857
39113,"Montgomery","Ohio",189,"2020-07-28",7.34849559803854,-245.996354054427,0.0170896695489385,7.5535716326258,7.4683388288527,7.46812328488111,40.5594255977288
39117,"Morrow","Ohio",189,"2020-07-28",3.42936825862885,126.503784780337,0.0585769127307192,4.07087373403746,3.84082514663465,3.83940664774388,11.8331121980835
39119,"Muskingum","Ohio",189,"2020-07-28",4.14313472639153,108.166868724401,0.0545597068292754,4.79214989229393,4.52604893810364,4.52505267419646,12.7043787593818
39123,"Ottawa","Ohio",189,"2020-07-28",5.11198778835654,2.85439236151058,0.0282298095425599,5.45246371761655,5.31343481157286,5.30959645515446,24.5537320935496
39125,"Paulding","Ohio",189,"2020-07-28",3.29583686600433,104.143386604805,0.0410691197701822,3.77247025721061,3.58664949618294,3.58332070439561,16.8775757658969
39127,"Perry","Ohio",189,"2020-07-28",3.62243435470578,85.3261484825152,0.0366439305425775,4.05552492788624,3.88063078401283,3.87894186850382,18.9157432157711
39129,"Pickaway","Ohio",189,"2020-07-28",4.81450454202811,-55.9517402519228,0.0200644702012722,5.05527818444338,4.95984196203923,4.95495583343702,34.5459996504665
39131,"Pike","Ohio",189,"2020-07-28",3.22457384598284,132.125074210361,0.0618262294965919,3.949145820948,3.66068747527397,3.65735745245898,11.2112154696116
39133,"Portage","Ohio",189,"2020-07-28",5.32926217039746,65.8344262011032,0.0450999559268185,5.87046164151928,5.64327794993284,5.64496186188519,15.3691321048003
39135,"Preble","Ohio",189,"2020-07-28",3.92902058179672,-75.6824960569897,0.0152210291450229,4.13528719067602,4.04232614103816,4.03556778581188,45.5387854497733
39137,"Putnam","Ohio",189,"2020-07-28",3.90052862600241,6145.66606429595,-0.000661464729769841,3.93549425544032,3.89812291305339,3.89589837289402,-1047.8974151821
39139,"Richland","Ohio",189,"2020-07-28",5.0058620153436,-152.398367624425,0.0148807559641087,5.1844310869129,5.11722310688708,5.11002730709236,46.580105354309
39141,"Ross","Ohio",189,"2020-07-28",4.92932193822126,118.626119913045,0.0751207647877313,5.81238504672624,5.44740039671734,5.45516729173538,9.22710494919176
39143,"Sandusky","Ohio",189,"2020-07-28",4.94673149211678,62.4527893079616,0.0406980255980552,5.43510779929344,5.2329731489152,5.23161767130317,17.031469472393
39145,"Scioto","Ohio",189,"2020-07-28",4.48380932898382,101.173371861183,0.0539110870305518,5.11220660240557,4.86210549508772,4.86118693819768,12.8572287953892
39147,"Seneca","Ohio",189,"2020-07-28",4.23410650459726,127.447428677293,0.074629047387425,5.11601309377212,4.75814511778634,4.75650983630923,9.28790068780565
39149,"Shelby","Ohio",189,"2020-07-28",3.89182029811063,134.540241467593,0.0778751947983014,4.78619066796772,4.43914279211127,4.43694666169874,8.90074409900628
39151,"Stark","Ohio",189,"2020-07-28",6.03479767181436,-50.9041708676876,0.0256904662421406,6.34308326672005,6.21433691537973,6.21463093550934,26.98071627143
39153,"Summit","Ohio",189,"2020-07-28",6.70423926960955,-134.95144720133,0.0210196232951333,6.95647474915115,6.8509814034549,6.85137663267548,32.9761942365747
39155,"Trumbull","Ohio",189,"2020-07-28",5.92844867567457,-309.545781225484,0.0120119528951379,6.07259211041622,6.02378326379133,6.01253234594054,57.704786774556
39157,"Tuscarawas","Ohio",189,"2020-07-28",5.20479130853721,467.260926344586,-0.0183745473677001,4.98429674012481,5.08411223791299,5.07616947696331,-37.723224778772
39159,"Union","Ohio",189,"2020-07-28",4.53872508657994,101.612759022163,0.055090145424349,5.19980683167213,4.92614209627296,4.92435610455038,12.5820539267189
39161,"Van Wert","Ohio",189,"2020-07-28",3.3770998300831,394.124525672457,-0.0161793866707701,3.20553330981761,3.27651289105459,3.26384412338771,-42.8413755517812
39165,"Warren","Ohio",189,"2020-07-28",6.36253537133045,-179.755618051069,0.017491236026593,6.57243020364957,6.49006738192213,6.4849740235166,39.628256088141
39167,"Washington","Ohio",189,"2020-07-28",3.8859723282282,7.46423514779931,0.0219437405206283,4.13717990277488,4.04377030693478,4.0395785118726,31.5874670459374
39169,"Wayne","Ohio",189,"2020-07-28",4.37125453769197,100.409257870278,0.0520654615783942,4.97697611160526,4.73401180616346,4.73571276874073,13.3129940568429
39171,"Williams","Ohio",189,"2020-07-28",3.56751859710967,70.2145776381928,0.0312694547925573,3.93324157810525,3.7890424227758,3.78640478065757,22.1669096937669
39173,"Wood","Ohio",189,"2020-07-28",5.74254520749463,70.255862280925,0.0504865158121604,6.34838339724056,6.09521636623144,6.09595081817975,13.7293526679255
39175,"Wyandot","Ohio",189,"2020-07-28",3.5715427474094,152.089177373053,0.1080283647024,4.74361436112628,4.28429278358574,4.3277413003262,6.41634428577577
40001,"Adair","Oklahoma",189,"2020-07-28",4.70953020131233,124.180416536733,0.0784666553706579,5.63544250447635,5.25550326087059,5.25879678890694,8.83365268069197
40005,"Atoka","Oklahoma",189,"2020-07-28",3.42936825862885,29.2420798873069,0.0219762269993877,3.66470990634231,3.59119183264921,3.58320184762456,31.5407726985736
40013,"Bryan","Oklahoma",189,"2020-07-28",5.23415972524749,66.6855364494965,0.0446164911540869,5.76955761909653,5.54750498876763,5.5464751633261,15.5356721837695
40015,"Caddo","Oklahoma",189,"2020-07-28",4.35670882668959,139.901947727822,0.0987959468096127,5.54226018840494,5.03066604932208,5.04828045435688,7.01594754586129
40017,"Canadian","Oklahoma",189,"2020-07-28",6.20628786680647,20.726474684575,0.0380115995830718,6.66242706180333,6.47130975183104,6.47236906388797,18.2351489588098
40019,"Carter","Oklahoma",189,"2020-07-28",4.89249505179203,3329.43140241912,-0.00157344983895101,4.9302971355004,4.88738212749712,4.88148090291937,-440.527027554977
40021,"Cherokee","Oklahoma",189,"2020-07-28",4.87737597330037,126.993743400661,0.08510821407099,5.87299925889421,5.46238728836346,5.4731334717973,8.14430414415442
40023,"Choctaw","Oklahoma",189,"2020-07-28",3.59535339610311,-23.3377811926603,0.0174119380258671,3.81909585285779,3.73464890031005,3.71723696228418,39.8087323496219
40027,"Cleveland","Oklahoma",189,"2020-07-28",6.95108840368851,-49.0747176856127,0.0297609034034646,7.29364499967287,7.15932266776655,7.15941472751276,23.2905288916483
40031,"Comanche","Oklahoma",189,"2020-07-28",5.44365380462232,55.6918235929558,0.0424263983563518,5.95277058489854,5.74015620097205,5.74063859311678,16.3376390033865
40035,"Craig","Oklahoma",189,"2020-07-28",3.38196601973427,149.789261291689,0.0945595966511432,4.36966881320924,4.04167524100842,4.04388319629227,7.33026794855269
40037,"Creek","Oklahoma",189,"2020-07-28",5.28247830251829,111.449604232857,0.0723989713608472,6.12136168169367,5.78162736573154,5.78927110204422,9.57399210971102
40039,"Custer","Oklahoma",189,"2020-07-28",4.45600704767187,105.859745647947,0.0572345425003662,5.1591362187064,4.85935540060363,4.85664884517443,12.1106442067832
40041,"Delaware","Oklahoma",189,"2020-07-28",5.21104621556032,5.60700983568314,0.0292414663861279,5.56737022204426,5.41812009215928,5.41573648026322,23.7042551630985
40047,"Garfield","Oklahoma",189,"2020-07-28",5.13411635086728,122.396799562321,0.0833417146250581,6.13421692636798,5.70646538558436,5.71750835324269,8.31692968735177
40049,"Garvin","Oklahoma",189,"2020-07-28",4.46590811865458,-31.0627648721884,0.0206320420358927,4.68476850962902,4.61273694118246,4.61033241290583,33.5956653904691
40051,"Grady","Oklahoma",189,"2020-07-28",5.27006485359615,-115.52566993127,0.0175947018324187,5.48120127558517,5.40270733703651,5.39322776642308,39.3952217640201
40063,"Hughes","Oklahoma",189,"2020-07-28",3.76782265645406,150.116314345884,0.105214558477357,4.82763172741169,4.38474404492023,4.50432456579556,6.58793983067578
40065,"Jackson","Oklahoma",189,"2020-07-28",5.6429197292525,115.419184694726,0.0822813159064114,6.63029552012944,6.21507858895083,6.21888894059738,8.42411394280989
40071,"Kay","Oklahoma",189,"2020-07-28",4.252568567437,107.063501821306,0.0549318456809496,4.88544599335605,4.63987387406118,4.63709148720365,12.618312237055
40073,"Kingfisher","Oklahoma",189,"2020-07-28",3.86223234092513,96.4669312965954,0.0440130630625437,4.38075522965144,4.17138545822988,4.17032378236294,15.7486694251424
40077,"Latimer","Oklahoma",189,"2020-07-28",3.20158432775814,152.059420095585,0.0980284305491444,4.30742608544908,3.87526989775148,3.88778334160215,7.07087909779858
40079,"Le Flore","Oklahoma",189,"2020-07-28",4.48863636973214,129.389635051434,0.0818951075114444,5.45506299883934,5.05663992069226,5.06190212231225,8.463841145371
40081,"Lincoln","Oklahoma",189,"2020-07-28",3.88890058800729,145.184939940283,0.0991454375433108,5.03808136341026,4.56756512789859,4.58291865081047,6.99121611377377
40083,"Logan","Oklahoma",189,"2020-07-28",4.47408477909183,39.7766524962756,0.031020347460203,4.84610252096158,4.69249329769166,4.69122721131325,22.3449199416352
40085,"Love","Oklahoma",189,"2020-07-28",3.36235754834589,17.4823999532463,0.0203514210002336,3.6330868345028,3.51020604367105,3.50481749534752,34.0589082478314
40087,"McClain","Oklahoma",189,"2020-07-28",5.02669610224644,-174.866329207784,0.0140071544559311,5.19478195571761,5.13499746493409,5.12474618343796,49.4852243359425
40089,"McCurtain","Oklahoma",189,"2020-07-28",5.52031740716017,743.423196163096,-0.00986787363309612,5.40190292356302,5.45782869003457,5.4512422917285,-70.2428107951424
40091,"McIntosh","Oklahoma",189,"2020-07-28",4.06290303638728,98.9759091513549,0.0476610449870196,4.62426955876196,4.39895755445929,4.39653035129642,14.5432644363698
40095,"Marshall","Oklahoma",189,"2020-07-28",3.32708940950844,97.8212746618944,0.0383186576379638,3.76207696356255,3.59708107487835,3.59532001297419,18.0890256414728
40097,"Mayes","Oklahoma",189,"2020-07-28",4.97574803509582,89.3886957052863,0.052591474900255,5.60684573389888,5.34591294475728,5.3438883593976,13.1798391635635
40099,"Murray","Oklahoma",189,"2020-07-28",3.30636327899132,149.834705880068,0.0945872700524575,4.36664914197311,3.9582824881778,3.96847416935852,7.32812333177107
40101,"Muskogee","Oklahoma",189,"2020-07-28",5.27079933765415,89.3005136121372,0.0556581618200802,5.93869727949511,5.66020105216963,5.66040647039471,12.4536484478342
40103,"Noble","Oklahoma",189,"2020-07-28",3.38680864421006,30.3401772627725,0.0221547107642354,3.67014545799778,3.54453351610035,3.54189161955971,31.286672524694
40109,"Oklahoma","Oklahoma",189,"2020-07-28",8.34596417005423,-98.6887781149024,0.029523507178845,8.70024625620037,8.55091529207352,8.55262872030615,23.477806222718
40111,"Okmulgee","Oklahoma",189,"2020-07-28",5.37593956473304,83.3849261168834,0.0534307570153773,6.01710864891757,5.75115265667588,5.74995486384068,12.9728122766529
40113,"Osage","Oklahoma",189,"2020-07-28",4.75727796418555,113.686757522416,0.0676583499289223,5.56917816333262,5.22735842777169,5.23088641368801,10.244813556466
40115,"Ottawa","Oklahoma",189,"2020-07-28",5.21338175574225,23.0457374763409,0.0322571940250854,5.57901920369122,5.44144495207474,5.43918211391785,21.4881424596605
40117,"Pawnee","Oklahoma",189,"2020-07-28",3.75118333745009,137.996594822513,0.0806643716111287,4.6788082299477,4.31253293022179,4.31583393872799,8.59297812299968
40119,"Payne","Oklahoma",189,"2020-07-28",5.2164873483004,913.712573482436,-0.00714868776812431,5.13070309508291,5.16316632293333,5.16644653392353,-96.9614568495576
40121,"Pittsburg","Oklahoma",189,"2020-07-28",4.17438726989564,143.647725436103,0.103448623776725,5.41577075521634,4.85548845302775,4.89852763633271,6.70040021079428
40123,"Pontotoc","Oklahoma",189,"2020-07-28",4.44096917030733,117.188203799753,0.06650753789053,5.24157852200867,4.90871539399621,4.90652193554104,10.4220845116963
40125,"Pottawatomie","Oklahoma",189,"2020-07-28",5.10507929801273,113.193105187834,0.0720986185251496,5.97026272031452,5.60535771017093,5.60976962768878,9.61387603173229
40127,"Pushmataha","Oklahoma",189,"2020-07-28",3.74444930526875,145.699724906108,0.0956042587807212,4.80892051681791,4.39865374717668,4.4136791167338,7.25017054051697
40131,"Rogers","Oklahoma",189,"2020-07-28",5.93489419561959,87.9235766880444,0.0617726388122221,6.67616586136625,6.36145822896388,6.36730266730514,11.2209417290233
40133,"Seminole","Oklahoma",189,"2020-07-28",4.46754880811204,141.404343355592,0.102715058924561,5.60779608925547,5.1673794618995,5.18655422058397,6.74825276660774
40135,"Sequoyah","Oklahoma",189,"2020-07-28",4.58058471051548,135.916966696742,0.0930426498044448,5.59028462682382,5.21516333189257,5.23188325914659,7.44977902087686
40137,"Stephens","Oklahoma",189,"2020-07-28",4.33448568990488,-5.14171010542565,0.023010210546572,4.62831309922339,4.50156979790889,4.49555716373088,30.1234610242717
40139,"Texas","Oklahoma",189,"2020-07-28",3.27444567602301,124.127880674196,0.0541262560285468,3.89016873194273,3.65188587309657,3.65332946822284,12.8061172417758
40143,"Tulsa","Oklahoma",189,"2020-07-28",8.18515112707434,-82.2991512643195,0.0307366774855021,8.55399125690037,8.39697956954935,8.40030786947285,22.551142064294
40145,"Wagoner","Oklahoma",189,"2020-07-28",5.60527671824084,43.8085741648587,0.0399830209647228,6.08507296981751,5.88493177067656,5.8851578649939,17.3360382441215
40147,"Washington","Oklahoma",189,"2020-07-28",4.78510795142677,29.0379363164188,0.0307883898330792,5.14049310402549,5.00235733561186,5.00062668025832,22.5132650430204
41003,"Benton","Oregon",189,"2020-07-28",3.80666248977032,487.696301513191,-0.0126856944049204,3.70037014004187,3.71779539849017,3.71786262893588,-54.6400660803474
41005,"Clackamas","Oregon",189,"2020-07-28",6.09807428216624,1220.85200133496,-0.00588133530563174,6.02749825849866,6.05230688510744,6.05690493502682,-117.855409450336
41009,"Columbia","Oregon",189,"2020-07-28",3.49216915986788,339.813850193039,-0.0226924558551756,3.26348944686838,3.3363820091289,3.33332196888165,-30.5452695373143
41011,"Coos","Oregon",189,"2020-07-28",3.58747933967221,78.7552719184783,0.0341112241935863,3.99936120510485,3.8282378550381,3.82625790902731,20.3202082876367
41017,"Deschutes","Oregon",189,"2020-07-28",5.46322629486482,9.4942876371455,0.0313068622275527,5.83890864159545,5.68230365699298,5.68237433045769,22.1404232567874
41019,"Douglas","Oregon",189,"2020-07-28",4.18095903505887,81.215855698617,0.0406451129293591,4.66541450762956,4.46602548129186,4.46547482556438,17.0536414000037
41027,"Hood River","Oregon",189,"2020-07-28",4.03802613163188,43.5923752269661,0.0287593080372898,4.38313782807936,4.24258900827279,4.23934128789291,24.1016640477302
41029,"Jackson","Oregon",189,"2020-07-28",4.98360662170834,-39.3209863075942,0.0223158902533419,5.25139730474844,5.14037225195356,5.13981785348173,31.0607003660158
41031,"Jefferson","Oregon",189,"2020-07-28",4.80284939843637,37.9669776322892,0.0329366214584351,5.20507383565769,5.03296620894685,5.03340574864542,21.0448780071348
41033,"Josephine","Oregon",189,"2020-07-28",3.59142411796322,291.013428792897,-0.0338804022868822,3.21909319015937,3.37403361316048,3.35426130195504,-20.458646703505
41035,"Klamath","Oregon",189,"2020-07-28",3.93182563272433,71.0086065637294,0.0346952635242226,4.3366093335312,4.17519637616983,4.17469247739389,19.9781500456401
41039,"Lane","Oregon",189,"2020-07-28",5.50358785632754,723.974501945552,-0.0101923106304054,5.38128012876267,5.4353405233139,5.4322416819147,-68.0068735829309
41041,"Lincoln","Oregon",189,"2020-07-28",3.76782265645406,256.441692938423,-0.0531783145843632,3.21418736109095,3.42472108503515,3.39557445436352,-13.0343954293685
41043,"Linn","Oregon",189,"2020-07-28",4.14991441337691,56.4499904542524,0.0327794595017531,4.57437388637408,4.38011073564631,4.37937062988918,21.1457782128127
41045,"Malheur","Oregon",189,"2020-07-28",5.99360511160709,787.172614799375,-0.00993679912606885,5.87436352209426,5.92580261440911,5.92404751772461,-69.7555794140487
41047,"Marion","Oregon",189,"2020-07-28",6.65304734416356,-200.989133992504,0.017281130184555,6.86042090637822,6.77419559716309,6.77401525545544,40.1100606937991
41049,"Morrow","Oregon",189,"2020-07-28",5.00490461938727,-184.059759028731,0.0135980761183854,5.16808153280789,5.10888845099099,5.10009115221597,50.9739153190038
41051,"Multnomah","Oregon",189,"2020-07-28",7.32778053842163,-374.592365669524,0.0131182969707053,7.48520010207009,7.42158947013345,7.41960861721657,52.8381985945145
41053,"Polk","Oregon",189,"2020-07-28",4.4576640488795,106.423328351682,0.057461398564347,5.14720083165166,4.85414034318722,4.85989383882993,12.0628317075112
41059,"Umatilla","Oregon",189,"2020-07-28",6.88258398041134,1212.42464528549,-0.00669235613125623,6.80227570683626,6.83343046217225,6.83573748749255,-103.572966973865
41061,"Union","Oregon",189,"2020-07-28",3.56347818757266,236.897473516561,-0.067365753989309,2.75508913970095,3.13556468474737,3.0919179096475,-10.2893108072382
41065,"Wasco","Oregon",189,"2020-07-28",4.08236837117539,368.098395626926,-0.0221749263879968,3.81626925451943,3.92877960876513,3.92714388645941,-31.2581502383315
41067,"Washington","Oregon",189,"2020-07-28",6.87626461189077,-588.615260960437,0.00889998548998746,6.98306443777062,6.94716959754843,6.93856451032068,77.881832654642
41071,"Yamhill","Oregon",189,"2020-07-28",4.94469897109185,-19.6979109338698,0.024257125080821,5.23221120519467,5.11508013605314,5.1144988466576,28.5749930484542
42001,"Adams","Pennsylvania",189,"2020-07-28",4.5417738694293,-152.652975531448,0.0134909660675345,4.70366546223971,4.63898994237465,4.63621063190204,51.3786171494402
42003,"Allegheny","Pennsylvania",189,"2020-07-28",8.26686195311501,6157.02960262319,-0.00138403163940196,8.25025357344219,8.25963564727097,8.2571737316392,-500.817438580706
42005,"Armstrong","Pennsylvania",189,"2020-07-28",4.28850057666306,128.293607924423,0.0763552298757344,5.16973713098729,4.81339998586821,4.8229871857932,9.07792670767961
42007,"Beaver","Pennsylvania",189,"2020-07-28",5.97380961186926,-52.488740717002,0.0252604398575487,6.27693489015985,6.15309802607394,6.1506326908721,27.4400281415847
42009,"Bedford","Pennsylvania",189,"2020-07-28",3.34739467566918,112.775708385751,0.0463710558854419,3.85919827747063,3.67208237018871,3.67199206686727,14.9478412195819
42011,"Berks","Pennsylvania",189,"2020-07-28",6.05577982904382,46.2733828286671,0.0439695677815886,6.58341464242288,6.3542316783093,6.36356680351494,15.7642482182913
42013,"Blair","Pennsylvania",189,"2020-07-28",4.52643614544559,77.2230476206015,0.0423915090717547,5.03513425430665,4.82294140155786,4.82317670894787,16.351085293677
42017,"Bucks","Pennsylvania",189,"2020-07-28",6.70616352455474,-132.184161901605,0.02120967566567,6.96067963254278,6.85446768847988,6.85463125421443,32.6807062722734
42019,"Butler","Pennsylvania",189,"2020-07-28",5.36530823536432,-164.795748352963,0.0153823785430289,5.54989677788067,5.47829668514495,5.47298488516552,45.0611183843263
42021,"Cambria","Pennsylvania",189,"2020-07-28",4.78630055741189,56.8243271857294,0.0376353468512951,5.23792471962743,5.04973468427614,5.04974798537096,18.4174516392452
42025,"Carbon","Pennsylvania",189,"2020-07-28",4.12019794104844,69.7154221405801,0.0360520904764302,4.5528230267656,4.37319183501739,4.37256257438345,19.226268751686
42027,"Centre","Pennsylvania",189,"2020-07-28",4.72104664337389,95.595355659651,0.0534026993559109,5.36187903564482,5.09066068895936,5.09486553886527,12.9796281633697
42029,"Chester","Pennsylvania",189,"2020-07-28",6.68603927965911,-25.672741533324,0.0318879756651461,7.06869498764086,6.9059371264401,6.90925510931513,21.736945230975
42031,"Clarion","Pennsylvania",189,"2020-07-28",3.43398720448515,306.331749178626,-0.028674588833449,3.16371754297231,3.25403876923154,3.23326508265101,-24.1728725243791
42033,"Clearfield","Pennsylvania",189,"2020-07-28",3.65989191724069,109.031152225287,0.0489162022067014,4.25418574343168,4.00224753029783,4.0023053326876,14.1700939421046
42035,"Clinton","Pennsylvania",189,"2020-07-28",3.32708940950844,-71.4002645188835,0.0130269614864179,3.48341294734545,3.42099573174091,3.41827813991337,53.208661227918
42037,"Columbia","Pennsylvania",189,"2020-07-28",3.69953674858792,19.0612318924717,0.0224297585766864,3.96869385150816,3.85754542574552,3.85654505862472,30.9030156606503
42039,"Crawford","Pennsylvania",189,"2020-07-28",4.01509519056796,416.889376133493,-0.0173587613472253,3.8343659644388,3.90418117705675,3.89358386113738,-39.9306820743141
42041,"Cumberland","Pennsylvania",189,"2020-07-28",5.45409936810738,51.4238436846559,0.041139368644346,5.94777179183953,5.73820672120471,5.7420749486178,16.8487559095102
42043,"Dauphin","Pennsylvania",189,"2020-07-28",5.9554672047373,470.9071639299,-0.0207574712431802,5.70637754981914,5.82146846862674,5.81016490603504,-33.392660042233
42045,"Delaware","Pennsylvania",189,"2020-07-28",6.85254454700978,43.011077170874,0.0486034250741446,7.43578564789951,7.17988833679199,7.19276852252879,14.2612826051363
42047,"Elk","Pennsylvania",189,"2020-07-28",3.07136968775961,329.236442381706,-0.0215340633517423,2.86912199100841,2.93167335138028,2.92063124429741,-32.1884063048353
42049,"Erie","Pennsylvania",189,"2020-07-28",5.33753807970132,1031.43514519517,-0.00629846202386619,5.26195653541493,5.28715038351039,5.29344884553426,-110.050227806958
42051,"Fayette","Pennsylvania",189,"2020-07-28",5.17453422333718,-49.3912665422154,0.0221131425632921,5.42637206083482,5.33349434722568,5.32932622128023,31.3454850922262
42055,"Franklin","Pennsylvania",189,"2020-07-28",5.42809171029485,75.6477006283019,0.0500966914571328,6.02925200778044,5.77472831241072,5.77876855049478,13.8361867899612
42059,"Greene","Pennsylvania",189,"2020-07-28",3.9810158769151,-136.602648682733,0.0124172894181379,4.13002334993275,4.07768396370432,4.06793690284207,55.8211343248121
42061,"Huntingdon","Pennsylvania",189,"2020-07-28",3.27983652465789,135.540692604203,0.0674579705533151,4.07846217797946,3.74704520986899,3.7520423185311,10.2752450877857
42063,"Indiana","Pennsylvania",189,"2020-07-28",4.54329478227,110.297543437627,0.0616437361002357,5.28301961547283,4.9688620075531,4.97480093497165,11.244405748426
42065,"Jefferson","Pennsylvania",189,"2020-07-28",3.17208366336144,471.7729665211,-0.0111191907826956,3.06637222745804,3.09503503960619,3.09424932788257,-62.337915960455
42069,"Lackawanna","Pennsylvania",189,"2020-07-28",4.85314571300348,-242.698627892169,0.0114483535197453,5.02237698073673,4.93464842209482,4.9332841876417,60.5455779614472
42071,"Lancaster","Pennsylvania",189,"2020-07-28",6.60103600051027,-344.424001215841,0.012491930694522,6.75093916884453,6.68807560498353,6.68847951537192,55.4875941525923
42073,"Lawrence","Pennsylvania",189,"2020-07-28",5.12566321515622,44.6673752979424,0.0367872436632605,5.56711013911535,5.38365639953186,5.38317392079904,18.842052612172
42075,"Lebanon","Pennsylvania",189,"2020-07-28",5.1383162730426,821.719879165722,-0.00803668224582304,5.02871184374969,5.0798732287542,5.08205949732184,-86.2479266142692
42077,"Lehigh","Pennsylvania",189,"2020-07-28",5.92806823054919,-148.422712797531,0.0178329217659679,6.14206329174081,6.05113443572479,6.05289868291097,38.8689632386959
42079,"Luzerne","Pennsylvania",189,"2020-07-28",5.26120870715244,42.1480666945693,0.037089439562478,5.70628198190218,5.51552574621637,5.52083478408979,18.6885320656389
42081,"Lycoming","Pennsylvania",189,"2020-07-28",4.52023457518231,664.762883385332,-0.00941033283765058,4.41121475459276,4.46038431751992,4.45436224531876,-73.6580939822528
42085,"Mercer","Pennsylvania",189,"2020-07-28",4.9737737007921,-16.7491201632152,0.0247760672462637,5.27108650774727,5.15000333204343,5.14720617151595,27.9764812417706
42087,"Mifflin","Pennsylvania",189,"2020-07-28",3.20158432775814,119.192371594145,0.0492879589148097,3.78569123321175,3.54825995008736,3.54660004016181,14.0632153536322
42089,"Monroe","Pennsylvania",189,"2020-07-28",4.76461296039711,-345.977789830843,0.00906684635522148,4.91402934833877,4.83470870563953,4.82808088488366,76.4485415770579
42091,"Montgomery","Pennsylvania",189,"2020-07-28",6.79442659367513,-72.907995828328,0.0264469253740757,7.11178969816404,6.97710857301276,6.97955507129366,26.208989164366
42095,"Northampton","Pennsylvania",189,"2020-07-28",5.61573159653347,-25.1053719265857,0.0268044566821534,5.92660936399758,5.80114912319071,5.80336279330854,25.8594005011655
42097,"Northumberland","Pennsylvania",189,"2020-07-28",4.07024701064304,-254.760563046909,0.00927669292421771,4.18156732573365,4.14446055403678,4.13518386111256,74.7192114929682
42101,"Philadelphia","Pennsylvania",189,"2020-07-28",7.97576107391444,-277.651392938836,0.0172765883432981,8.18308013403402,8.09493974877237,8.09669719231753,40.120605225211
42103,"Pike","Pennsylvania",189,"2020-07-28",3.03769647265303,683.715885119992,-0.00615247775761772,3.00066113523759,2.98847665059209,2.99462912834971,-112.661468739439
42107,"Schuylkill","Pennsylvania",189,"2020-07-28",4.51399430532222,42.3137190213565,0.031859078198281,4.89630324370159,4.73706774921553,4.73700785271019,21.7566615156287
42111,"Somerset","Pennsylvania",189,"2020-07-28",3.79388276312392,94.6306323577484,0.0424018497828291,4.29824869934713,4.09039813571272,4.09069571160372,16.3470976881919
42119,"Union","Pennsylvania",189,"2020-07-28",3.26357600378611,132.421030132529,0.0628144212173423,3.99367619382002,3.69826877718609,3.70327695230751,11.0348414763165
42121,"Venango","Pennsylvania",189,"2020-07-28",3.45225255246244,535.085790612716,-0.0100232072398827,3.39872715141072,3.38555024488067,3.38209010178326,-69.1542301751368
42125,"Washington","Pennsylvania",189,"2020-07-28",5.95953150000497,-304.903198586361,0.0121895940080504,6.10580662810157,6.05520289262339,6.04485865806132,56.8638446942671
42129,"Westmoreland","Pennsylvania",189,"2020-07-28",6.27932517504636,1008.92576159762,-0.00761198821441255,6.18798131647341,6.23278739953536,6.22604125754547,-91.0599387486622
42133,"York","Pennsylvania",189,"2020-07-28",6.34312694922317,-543.410745567115,0.00872014468837389,6.44776868548366,6.41087603361674,6.40416796204179,79.4880366473829
44001,"Bristol","Rhode Island",189,"2020-07-28",3.56347818757266,-39.044008531125,0.0161693670792854,3.80051285372645,3.67650623091952,3.67666375712766,42.867922854441
44003,"Kent","Rhode Island",189,"2020-07-28",4.88280192258637,659.656201294069,-0.0103099497509525,4.78027213705937,4.80032232457875,4.8106322743297,-67.2308980454446
44005,"Newport","Rhode Island",189,"2020-07-28",3.78093759853188,284.692749007033,-0.03879713921343,3.44102493044767,3.54280539169777,3.50935762403787,-17.8659353398924
44007,"Providence","Rhode Island",189,"2020-07-28",6.88521748595677,-194.267070314431,0.0182020007193159,7.10364149458856,7.00837391880593,7.01263149099198,38.0808237099113
44009,"Washington","Rhode Island",189,"2020-07-28",3.65251180994306,-51.1845167327097,0.0155665349597358,3.84780642122513,3.76211843940428,3.76147755466121,44.528032882901
45001,"Abbeville","South Carolina",189,"2020-07-28",4.95984312725615,2463.73698625985,-0.0021838166992579,4.95232190011904,4.9483666176023,4.94455641036134,-317.401721854902
45003,"Aiken","South Carolina",189,"2020-07-28",6.63331843328038,-97.7880871431738,0.0235400953267058,6.91579957720085,6.79574285159045,6.79809910056732,29.4453854557498
45005,"Allendale","South Carolina",189,"2020-07-28",4.45434729625351,17.8711402383977,0.0268783735977402,4.78781404121183,4.64584378762523,4.64249591143769,25.7882858142213
45007,"Anderson","South Carolina",189,"2020-07-28",6.846791313881,-265.87062040336,0.0152194675610114,7.02942492461314,6.95540304731651,6.95332758680808,45.543457928556
45009,"Bamberg","South Carolina",189,"2020-07-28",5.39945469136155,-110.689429796656,0.0183901666796326,5.640069732842,5.53423419876823,5.52818585811898,37.691185329365
45011,"Barnwell","South Carolina",189,"2020-07-28",5.17856811343811,54.7616763424339,0.0400699108970139,5.65940704420228,5.45971343207335,5.45905748971721,17.2984457674849
45013,"Beaufort","South Carolina",189,"2020-07-28",7.33990868409678,-195.785892260114,0.0193264384846336,7.57182594591238,7.47191877039871,7.47519375348922,35.8652309948915
45015,"Berkeley","South Carolina",189,"2020-07-28",7.60993298985635,1160.09360287706,-0.00779631478725591,7.51637721240928,7.55903460357055,7.55535878634556,-88.9070284454117
45017,"Calhoun","South Carolina",189,"2020-07-28",5.06710564058432,-14.3460690756733,0.0255467913440276,5.37366713671265,5.24779944767147,5.24593317999251,27.1324555489427
45019,"Charleston","South Carolina",189,"2020-07-28",8.60664207147057,704.060843857476,-0.0165492983621532,8.40805049112473,8.50486494618996,8.4907969829355,-41.8837805320563
45021,"Cherokee","South Carolina",189,"2020-07-28",5.62195245640857,70.9125820744477,0.0497133329201098,6.21851245144989,5.96768559952069,5.96994578684934,13.9428829218481
45023,"Chester","South Carolina",189,"2020-07-28",5.43184875917256,-17.4868982677377,0.0269588186917974,5.75535458347413,5.62156026953685,5.62056049001514,25.7113335893626
45025,"Chesterfield","South Carolina",189,"2020-07-28",5.39297798478357,20.9692311800292,0.0330795102287645,5.78993210752874,5.62391414816785,5.62453455638492,20.9539734949647
45027,"Clarendon","South Carolina",189,"2020-07-28",5.42683621734901,58.0080953238221,0.0430728960824663,5.9437109703386,5.72711037249958,5.72834648992627,16.0924210722414
45029,"Colleton","South Carolina",189,"2020-07-28",5.69469367733832,-165.964112092835,0.0162722218666458,5.88996033973807,5.81083783216852,5.80859923040484,42.5969597907667
45031,"Darlington","South Carolina",189,"2020-07-28",5.92730690580743,27.7450638699749,0.0379335658290828,6.38250969575642,6.19155471928681,6.19284186661101,18.2726607797184
45033,"Dillon","South Carolina",189,"2020-07-28",5.11198778835654,-142.167872628112,0.0156728734414168,5.30006226965354,5.22437795560539,5.22169790244646,44.2259157614488
45035,"Dorchester","South Carolina",189,"2020-07-28",7.29379483155078,977.318204429863,-0.00919403436202833,7.18346641920644,7.23575570680273,7.22943659101658,-75.390971282712
45037,"Edgefield","South Carolina",189,"2020-07-28",4.81681935787657,83.7834199143818,0.0479943974744227,5.38576714784954,5.15342841707475,5.15278014019753,14.4422519509561
45039,"Fairfield","South Carolina",189,"2020-07-28",5.12651175148206,-100.263416543557,0.0180952254191006,5.36095330578854,5.25674959170934,5.25317832941576,38.3055289174949
45041,"Florence","South Carolina",189,"2020-07-28",7.00927987547157,-81.0666679743586,0.0264434601643297,7.32660139744353,7.19215504210945,7.19438409662188,26.2124236485114
45043,"Georgetown","South Carolina",189,"2020-07-28",6.26692943562117,776.750228954003,-0.0105726309826655,6.14005786382918,6.20008602022982,6.19292101874251,-65.5605195808312
45045,"Greenville","South Carolina",189,"2020-07-28",8.22343555720256,1411.34116387919,-0.00670020349615847,8.14303311524866,8.1784966176855,8.17653413272945,-103.451660976768
45047,"Greenwood","South Carolina",189,"2020-07-28",6.35188247732555,1907.29493145521,-0.00368589401697004,6.30765174912191,6.32711641732308,6.32608121920676,-188.054018202548
45049,"Hampton","South Carolina",189,"2020-07-28",5.11370747923607,98.4809818842124,0.0595131442210278,5.80366338941789,5.52870464696351,5.53029948878326,11.6469595016799
45051,"Horry","South Carolina",189,"2020-07-28",8.12050374997302,625.100115579592,-0.0184096613516025,7.89958781375379,8.00874105134183,7.9916361205118,-37.6512727378121
45053,"Jasper","South Carolina",189,"2020-07-28",5.52829465744081,-185.03422967404,0.014980438704355,5.70805992189307,5.63786996504845,5.63315772837129,46.2701523125915
45055,"Kershaw","South Carolina",189,"2020-07-28",5.99075000617011,-389.530992621461,0.010445381475878,6.11609458388065,6.07324028834091,6.06386767650126,66.3592021182438
45057,"Lancaster","South Carolina",189,"2020-07-28",5.90614005821058,-171.640876442035,0.0166070338069623,6.10542446389413,6.02015007004144,6.02238929485932,41.7381688155143
45059,"Laurens","South Carolina",189,"2020-07-28",6.29315518271396,2312.89316882681,-0.00295606903853329,6.25768235425156,6.27267119000865,6.27246269944423,-234.482744321785
45061,"Lee","South Carolina",189,"2020-07-28",4.85091356921954,36.7754797820437,0.0328332974452342,5.22786603289087,5.08064113906899,5.08074665133618,21.111104716671
45063,"Lexington","South Carolina",189,"2020-07-28",7.5165887393036,-638.500539315321,0.00913870372116799,7.62625318395762,7.58455616841597,7.58055966535178,75.8474288814515
45065,"McCormick","South Carolina",189,"2020-07-28",4.29241447598419,-64.1198533692743,0.0173036942741539,4.50103441733967,4.42888899534162,4.41354033590327,40.0577570071427
45067,"Marion","South Carolina",189,"2020-07-28",5.32231287210425,850.132983645923,-0.00798986539140251,5.22643448740742,5.27293210741906,5.26638381436443,-86.7532989111188
45069,"Marlboro","South Carolina",189,"2020-07-28",4.31367131500961,-40.2557905769323,0.0192567099994184,4.5495092448233,4.4503667963952,4.44846828500554,35.9950988814227
45071,"Newberry","South Carolina",189,"2020-07-28",5.90885903444382,-52.9432328338721,0.0249378678756641,6.20811344895179,6.08242732153809,6.08342410957347,27.7949656328222
45073,"Oconee","South Carolina",189,"2020-07-28",5.8111409929767,-381.840769023044,0.0102699227611506,5.93438006611051,5.8881545661125,5.88303045230475,67.4929302469544
45075,"Orangeburg","South Carolina",189,"2020-07-28",6.90918283097332,-205.798457621457,0.0177250132623229,7.12188299012119,7.03487675054005,7.03325792380958,39.1055944670762
45077,"Pickens","South Carolina",189,"2020-07-28",6.43362887706213,870.281970285811,-0.00937461445239886,6.32113350363334,6.37276164045624,6.36800657589534,-73.9387399961367
45079,"Richland","South Carolina",189,"2020-07-28",8.01848433838434,2636.34216120565,-0.00326972494508768,7.97924763904329,7.99354897538566,7.99559626376873,-211.989446268655
45081,"Saluda","South Carolina",189,"2020-07-28",5.00681849556955,1280.19225953855,-0.00456746382945378,4.95200892961611,4.97789786941037,4.97484624876337,-151.757563155752
45083,"Spartanburg","South Carolina",189,"2020-07-28",7.37337430991005,1377.37430818312,-0.00617859313657908,7.2992311922711,7.33207314941408,7.330124157954,-112.185276686421
45085,"Sumter","South Carolina",189,"2020-07-28",6.7841338041897,-178.579557782967,0.0187107454310774,7.00866274936263,6.91587767810897,6.91510902220724,37.0454070423443
45087,"Union","South Carolina",189,"2020-07-28",5.09812274821937,25.5787322232364,0.0321807975643983,5.48429231899215,5.32455202109951,5.32338833117016,21.5391548072374
45089,"Williamsburg","South Carolina",189,"2020-07-28",5.74025215443759,25.3183197114204,0.0361746368200685,6.17434779627841,5.99270326532587,5.99347461217807,19.1611372356725
45091,"York","South Carolina",189,"2020-07-28",7.23531032434702,-626.619201158515,0.00892565869893843,7.34241822873428,7.30341560125627,7.29778993523959,77.6578182002841
46005,"Beadle","South Dakota",189,"2020-07-28",3.79388276312392,325.731731948752,-0.0268686958987289,3.48572245414644,3.59804205763214,3.60580189183282,-25.7975743658157
46011,"Brookings","South Dakota",189,"2020-07-28",3.63381967693091,287.706278552598,-0.0355891743957164,3.26375074059055,3.40058823760032,3.3846954561609,-19.4763489833407
46013,"Brown","South Dakota",189,"2020-07-28",3.44316158076119,106.425215146999,0.0443885360273502,3.97609356458956,3.7515323911283,3.75388133295264,15.6154548582738
46017,"Buffalo","South Dakota",189,"2020-07-28",3.42472787907235,342.932628598858,-0.0217876243918695,3.20131292282196,3.26886058562623,3.27221450832926,-31.8138025556659
46029,"Codington","South Dakota",189,"2020-07-28",3.53472877428668,266.856967707836,-0.043845205286466,3.10673829512657,3.25240429354818,3.22781233728142,-15.8089619157036
46035,"Davison","South Dakota",189,"2020-07-28",3.5305534028762,-51.738561742518,0.0149988143263231,3.71578468904637,3.63791217058089,3.63554510316046,46.2134649765923
46041,"Dewey","South Dakota",189,"2020-07-28",3.80029304148484,-68.2922823637247,0.0151976773772236,4.01662884065398,3.90901254686022,3.90667678312541,45.6087574012294
46065,"Hughes","South Dakota",189,"2020-07-28",3.00284974132285,256.562197833491,-0.0426719298354794,2.58430585663315,2.71666071820631,2.70414623247449,-16.2436333025565
46079,"Lake","South Dakota",189,"2020-07-28",3.68887945411394,105.829143547433,0.0467631058610271,4.21666930587089,3.98887632884844,4.01622119514113,14.8225223238994
46083,"Lincoln","South Dakota",189,"2020-07-28",4.68477323658706,99.003820627673,0.0549121364655846,5.32626743833354,5.05583103636309,5.06915819184615,12.6228412364608
46099,"Minnehaha","South Dakota",189,"2020-07-28",5.81370400164159,40.7108102707488,0.0404427878306646,6.28032775261592,6.09275575722211,6.09680351645624,17.1389564800077
46102,"Oglala Lakota","South Dakota",189,"2020-07-28",3.74444930526875,336.188060753144,-0.0249206702716653,3.49358043805328,3.57830959072375,3.57000461336709,-27.814146770685
46103,"Pennington","South Dakota",189,"2020-07-28",5.43122356377864,567.414003137994,-0.0141654282820336,5.26123842439424,5.33341394541004,5.33206556580441,-48.9323137119042
46127,"Union","South Dakota",189,"2020-07-28",3.76451686831956,539.552398533327,-0.0105549132134335,3.62616575078618,3.68667824664344,3.69063247582553,-65.6705712821741
47001,"Anderson","Tennessee",189,"2020-07-28",5.67773179745626,91.2154316896777,0.0611926304217618,6.4120433625174,6.1037113593406,6.10608021040859,11.3272983328634
47003,"Bedford","Tennessee",189,"2020-07-28",5.29974491853922,-124.404254272102,0.0171844092457405,5.50595782948811,5.42140390306186,5.4200357832594,40.3358166491383
47005,"Benton","Tennessee",189,"2020-07-28",3.42006586596654,148.876030811738,0.0958946914678235,4.51893848604758,4.0891055417506,4.0913287062413,7.22821221853062
47007,"Bledsoe","Tennessee",189,"2020-07-28",3.35739475900376,72.4000155540184,0.0300841866212702,3.718404998459,3.57287800314536,3.56798406535265,23.0402499919966
47009,"Blount","Tennessee",189,"2020-07-28",6.33631991424137,83.0047245744291,0.0627387755272865,7.08918522056881,6.77127701409961,6.77549134293238,11.0481464570261
47011,"Bradley","Tennessee",189,"2020-07-28",6.63087183377258,-373.068226915482,0.0119031592781518,6.7737097451104,6.72572017621798,6.71419394871964,58.2322024231177
47013,"Campbell","Tennessee",189,"2020-07-28",4.47082213345701,98.6909095964941,0.0523399112579539,5.09314915631172,4.83927958873976,4.83720151226269,13.2431860104579
47015,"Cannon","Tennessee",189,"2020-07-28",4.02535169073515,103.666577028629,0.0502337992722166,4.63825863566051,4.37753866476623,4.37698828564067,13.7984223889534
47017,"Carroll","Tennessee",189,"2020-07-28",4.34565899050301,140.958635481457,0.0990499937135944,5.4518468095493,5.02650645430601,5.03900894649817,6.99795279709152
47019,"Carter","Tennessee",189,"2020-07-28",5.40203367409337,92.7233518457853,0.0589919823749185,6.0924942076541,5.81495340446529,5.8149775507178,11.7498540082058
47021,"Cheatham","Tennessee",189,"2020-07-28",5.31179752810473,31.3049450085899,0.0347869649636234,5.72924110766821,5.55641037893951,5.55530628285009,19.9254859193599
47023,"Chester","Tennessee",189,"2020-07-28",4.72358794080257,49.8302114912939,0.0351823260387917,5.14259315633453,4.97149501494166,4.96986422307411,19.7015734490007
47025,"Claiborne","Tennessee",189,"2020-07-28",4.71722254693549,41.5627375488686,0.0331402412728098,5.11808813914275,4.95515833681381,4.94920423584516,20.9155743572888
47027,"Clay","Tennessee",189,"2020-07-28",3.25809653802148,123.385142410145,0.0539301197976719,3.91612796891175,3.63882240382384,3.63560737660518,12.852691281985
47029,"Cocke","Tennessee",189,"2020-07-28",5.26564658425849,51.1345209716069,0.0395613320077386,5.73107131230235,5.54377224949319,5.54257590831266,17.5208251437125
47031,"Coffee","Tennessee",189,"2020-07-28",5.02199905274657,118.583837911854,0.0767700044215317,5.94323910580495,5.55478152884745,5.55938908369729,9.02888030009724
47033,"Crockett","Tennessee",189,"2020-07-28",4.69657665231195,114.109547448185,0.0665757843545799,5.45192110978861,5.16316569482956,5.16260714279401,10.411400891175
47035,"Cumberland","Tennessee",189,"2020-07-28",4.81681935787657,96.0406005481906,0.0546300591184547,5.46078790149757,5.1992144077454,5.19922977170575,12.6880181304031
47037,"Davidson","Tennessee",189,"2020-07-28",9.03819542877665,4786.94008400095,-0.00196357007995648,9.01463258781717,9.02948759003441,9.02445043821695,-353.003535567881
47039,"Decatur","Tennessee",189,"2020-07-28",4.27268997063642,135.764897912008,0.0875842722969885,5.27564758311161,4.8794474202148,4.88577987671534,7.91405993771988
47041,"DeKalb","Tennessee",189,"2020-07-28",5.02856876196973,104.797503057371,0.0634247316256341,5.78449389217394,5.47124098559457,5.47254188334917,10.9286576827989
47043,"Dickson","Tennessee",189,"2020-07-28",5.58456984619022,36.4295787384111,0.0378434228109358,6.03869091992145,5.85015448229432,5.84947380586677,18.3161862504584
47045,"Dyer","Tennessee",189,"2020-07-28",5.22266974820872,-49.2275039099231,0.022521246153679,5.52282897920765,5.38260556407419,5.38031847128447,30.7774790005
47047,"Fayette","Tennessee",189,"2020-07-28",5.3942766862648,-136.348131002753,0.0168387955608783,5.59634223299534,5.52116942136078,5.51214825519095,41.1637030721093
47049,"Fentress","Tennessee",189,"2020-07-28",3.42472787907235,118.234344424962,0.0518958200982747,4.03571247154655,3.7922663908693,3.78799861976027,13.3565127065597
47051,"Franklin","Tennessee",189,"2020-07-28",4.69134788222914,92.2823969965488,0.0511499181029906,5.30514689946503,5.05083921059342,5.04939730895007,13.5512862242377
47053,"Gibson","Tennessee",189,"2020-07-28",5.605802066296,83.3306471342856,0.0556852895813658,6.27402554127239,5.99400238262718,5.99559909336556,12.4475815026002
47055,"Giles","Tennessee",189,"2020-07-28",5.30117043553045,85.1718424323834,0.0536402839636414,5.94485384309415,5.67614634386962,5.67665242327594,12.9221385373309
47057,"Grainger","Tennessee",189,"2020-07-28",4.17658266045907,123.523460804295,0.069061204824295,5.00531711835061,4.66101883580842,4.66001109422914,10.0367084866742
47059,"Greene","Tennessee",189,"2020-07-28",5.1433330059722,16.816036310108,0.0307645116939118,5.51250714629914,5.36496497228778,5.35868458782958,22.5307389064497
47063,"Hamblen","Tennessee",189,"2020-07-28",6.36647044773144,36.2342800201384,0.043084894443712,6.88348918105598,6.66493344310688,6.66806470883742,16.0879396250002
47065,"Hamilton","Tennessee",189,"2020-07-28",7.66775971889861,-137.029580679508,0.0238849008950161,7.9543785296388,7.83504115616266,7.83495402516372,29.0203080015534
47067,"Hancock","Tennessee",189,"2020-07-28",3.94849268520954,136.267470521866,0.0827604780430576,4.94349269433143,4.52731466826585,4.52781603151094,8.37534046383013
47069,"Hardeman","Tennessee",189,"2020-07-28",5.79995808073695,26.7957164129262,0.0368944022923168,6.24269090824475,6.05810467033039,6.05821889678317,18.7873264640011
47071,"Hardin","Tennessee",189,"2020-07-28",5.22651442806953,110.369019092872,0.0709825451688852,6.07830497009615,5.72032585088656,5.72339224425173,9.7650370088981
47073,"Hawkins","Tennessee",189,"2020-07-28",4.92828834639798,121.362241940181,0.0784021654252621,5.85176185437661,5.47365160181759,5.47710350437481,8.84091882922159
47075,"Haywood","Tennessee",189,"2020-07-28",5.12226185133273,113.324991252599,0.0719834459511279,5.95123202367754,5.6183706005533,5.62614597299063,9.62925810790647
47077,"Henderson","Tennessee",189,"2020-07-28",5.50125821054473,109.035101417062,0.0729298404707402,6.34233618020774,6.00838874124732,6.01176709383991,9.50430134065683
47079,"Henry","Tennessee",189,"2020-07-28",4.01251454397447,147.1247769209,0.108349991201312,5.29562999058258,4.7439356760382,4.77096448238365,6.39729798659693
47081,"Hickman","Tennessee",189,"2020-07-28",4.53106221383437,74.7308920544191,0.0413312513350923,5.01220397968124,4.82249151136183,4.82038097318002,16.7705345996004
47083,"Houston","Tennessee",189,"2020-07-28",3.18398856586776,124.606845365077,0.0532309493353085,3.80032539725943,3.56134181061162,3.55660521121492,13.021507022047
47085,"Humphreys","Tennessee",189,"2020-07-28",3.80666248977032,89.7782912529249,0.0402764780976941,4.27823632585121,4.09003448123561,4.08859783645418,17.2097267014921
47087,"Jackson","Tennessee",189,"2020-07-28",4.21529717263976,0.585884833905378,0.0231905508942245,4.53176098320917,4.38808255401613,4.37763102889933,29.8892071913897
47089,"Jefferson","Tennessee",189,"2020-07-28",5.43184875917256,94.3981263658629,0.0606220443709907,6.15931329162445,5.8536190382367,5.85620306976949,11.4339129891112
47093,"Knox","Tennessee",189,"2020-07-28",7.57587764892291,-2.57025724881389,0.0406060309967819,8.06315002088429,7.85586458005218,7.86011986590038,17.0700549535333
47097,"Lauderdale","Tennessee",189,"2020-07-28",5.18738580584076,71.7303100795154,0.0461366370058915,5.73338557469609,5.50992088150239,5.510342264882,15.0237907559546
47099,"Lawrence","Tennessee",189,"2020-07-28",5.35523765680072,-20.1016478681775,0.0262380912292266,5.67009475155144,5.54124230740998,5.53890429540531,26.417591680139
47101,"Lewis","Tennessee",189,"2020-07-28",3.14784005175145,150.168753876092,0.0920476268217589,4.2186574399897,3.78768313928287,3.79217343950376,7.53031017195214
47103,"Lincoln","Tennessee",189,"2020-07-28",4.77912349311153,103.651017153295,0.0596708379266915,5.51054118814053,5.19714027214062,5.19681935859837,11.6161797729656
47105,"Loudon","Tennessee",189,"2020-07-28",5.43994092906989,84.3195062843018,0.05457377593439,6.09482624028257,5.8197737946664,5.82195736061062,12.7011035738715
47107,"McMinn","Tennessee",189,"2020-07-28",5.22728159343128,-9.95588208321207,0.0270268489109325,5.5663385073808,5.42100609982467,5.41646953580781,25.6466146994874
47109,"McNairy","Tennessee",189,"2020-07-28",5.02575845567047,98.3972453451929,0.0587102421637811,5.73028136163584,5.43651460874812,5.43673015081694,11.8062395080284
47111,"Macon","Tennessee",189,"2020-07-28",5.77455154554441,590.685260933013,-0.0141990676827001,5.60416273335201,5.68981977414344,5.67515807176551,-48.816386825486
47113,"Madison","Tennessee",189,"2020-07-28",5.76698081243482,30.945000521858,0.0376468536968781,6.21380141729191,6.03034653823604,6.03050878831297,18.4118223036903
47115,"Marion","Tennessee",189,"2020-07-28",4.49024021931412,109.9270105159,0.0606191305439074,5.21766978584101,4.91406771512404,4.91457413312147,11.4344625919352
47117,"Marshall","Tennessee",189,"2020-07-28",4.74988876800318,27.513103119456,0.0305037017317414,5.13947404815078,4.96507625722782,4.96341468012537,22.7233791706885
47119,"Maury","Tennessee",189,"2020-07-28",6.22229278118074,53.3326141816939,0.0476193255280463,6.7937246875173,6.55414529280654,6.55562805987706,14.5560058416137
47121,"Meigs","Tennessee",189,"2020-07-28",3.63758615972639,143.413799370575,0.0888597698933246,4.67279768749492,4.25802945343184,4.25960454897966,7.80046112421923
47123,"Monroe","Tennessee",189,"2020-07-28",4.72231809936209,115.749349139555,0.0691908141508866,5.55260786917273,5.20612539276629,5.2066537984183,10.0179075657121
47125,"Montgomery","Tennessee",189,"2020-07-28",6.73204042123904,-34.0754308509102,0.0308702378574755,7.10248327552875,6.94734151855514,6.94813208624137,22.4535743378503
47127,"Moore","Tennessee",189,"2020-07-28",3.21314515015922,773.905481296064,-0.00548202344699934,3.16809139861446,3.18638339594253,3.17477098603022,-126.440024794011
47129,"Morgan","Tennessee",189,"2020-07-28",3.33729357968267,139.085367618807,0.0735637771949009,4.18685533561974,3.85753582611288,3.85224002004698,9.42239791091085
47131,"Obion","Tennessee",189,"2020-07-28",5.0058620153436,130.038569550935,0.0917169632528448,6.04978209260195,5.63370543223149,5.64788075811351,7.55745890374805
47133,"Overton","Tennessee",189,"2020-07-28",3.84710345932883,64.8855297866373,0.0323360236878761,4.23972061464262,4.07482942322787,4.07345562514396,21.4357580650781
47135,"Perry","Tennessee",189,"2020-07-28",3.22457384598284,88.8232478823379,0.0340409088051943,3.64839404487425,3.4680806778889,3.4628602076192,20.3621820006809
47139,"Polk","Tennessee",189,"2020-07-28",3.97834564835922,141.157585946109,0.0932587526730178,5.11453512824306,4.62320576781185,4.63115691707034,7.43251609841111
47141,"Putnam","Tennessee",189,"2020-07-28",6.24083263805821,-140.351199042081,0.0192409729222198,6.47172431312485,6.37848621265312,6.37551944851375,36.0245390584946
47143,"Rhea","Tennessee",189,"2020-07-28",5.03602452810108,-7.77629713023576,0.0262743748232949,5.35409481090292,5.22368336166502,5.21994515186414,26.3811103107733
47145,"Roane","Tennessee",189,"2020-07-28",5.07249165001389,126.982632223704,0.0889639744492503,6.14005934340489,5.68350725637399,5.69523947115864,7.79132435180662
47147,"Robertson","Tennessee",189,"2020-07-28",6.07633076775123,-33.2896469693419,0.0279641982602538,6.41190114687428,6.2720984234427,6.27208015557301,24.7869498745878
47149,"Rutherford","Tennessee",189,"2020-07-28",7.7918769477031,-254.28669079044,0.0177780368681756,8.00521339012121,7.91786006945055,7.91632320578033,38.9889606878219
47151,"Scott","Tennessee",189,"2020-07-28",3.48343547989913,149.936216212341,0.0992037864851986,4.56970177157132,4.15598784022748,4.17786198529552,6.98710407251808
47153,"Sequatchie","Tennessee",189,"2020-07-28",3.73426245996176,24.4056369030623,0.023498230518226,4.03216389968001,3.90503617522644,3.89875007358934,29.4978458068286
47155,"Sevier","Tennessee",189,"2020-07-28",6.38254091776405,-88.2132027334132,0.0234468455375203,6.66390306421429,6.54591208032332,6.54666883652669,29.5624918691408
47157,"Shelby","Tennessee",189,"2020-07-28",8.90185288388973,-498.557480764909,0.0130419094871158,9.05835579773512,8.99900553888116,8.99314625029954,53.1476760550064
47159,"Smith","Tennessee",189,"2020-07-28",5.15411701757395,-97.9833198265694,0.0183370825440582,5.39079640223605,5.29419113716592,5.28247659538236,37.8002977788061
47161,"Stewart","Tennessee",189,"2020-07-28",3.48343547989913,113.184034918655,0.0490495427980689,4.06208522362082,3.83098125611832,3.82678227948561,14.1315727123808
47163,"Sullivan","Tennessee",189,"2020-07-28",6.08709934954135,71.3869390932362,0.0540532270460268,6.73573807409367,6.46893201414063,6.46547193886354,12.8234190341628
47165,"Sumner","Tennessee",189,"2020-07-28",7.15895858997864,-210.651283955116,0.0181399602155934,7.37663811256576,7.28997776950478,7.28593831148779,38.2110639892201
47167,"Tipton","Tennessee",189,"2020-07-28",5.66642668811243,85.424091237506,0.0574828754738134,6.35622119379819,6.06461409784053,6.06880681642912,12.0583247592705
47169,"Trousdale","Tennessee",189,"2020-07-28",4.18095903505887,-111.118789653974,0.0142252787520723,4.36885039282684,4.29038489047565,4.28053598632338,48.7264392241853
47171,"Unicoi","Tennessee",189,"2020-07-28",3.61861025826738,150.892032518367,0.107712526105882,4.8586931249487,4.32296183125187,4.37259794100855,6.43515852444661
47173,"Union","Tennessee",189,"2020-07-28",4.07511320029421,131.56365580801,0.0770051722543578,4.96193178394527,4.61555183758612,4.61414940607471,9.00130679885232
47177,"Warren","Tennessee",189,"2020-07-28",5.37130225930453,59.8753811857534,0.0432734642862648,5.89058383073971,5.6740638830797,5.67421650930838,16.0178343008224
47179,"Washington","Tennessee",189,"2020-07-28",6.19411380340761,96.3500712165584,0.0706687830712507,7.04213920026262,6.6837620764255,6.68879528490637,9.80839276461136
47181,"Wayne","Tennessee",189,"2020-07-28",4.55086484113055,31.8210260270223,0.0297212584516256,4.87960571777359,4.7642062130586,4.75891365029193,23.3215959441325
47183,"Weakley","Tennessee",189,"2020-07-28",4.35853865336667,140.350064366769,0.0978482649547315,5.44524964655418,5.02514009366513,5.04347650804979,7.08389853290319
47185,"White","Tennessee",189,"2020-07-28",4.46261864200419,98.9369717530567,0.0521747376301538,5.06423803237247,4.82933001849402,4.82784180541527,13.28511099516
47187,"Williamson","Tennessee",189,"2020-07-28",7.39475648459644,-293.937936305853,0.0154722107681032,7.58042301381368,7.51431178586143,7.50306195997316,44.7994918728037
47189,"Wilson","Tennessee",189,"2020-07-28",6.82546003625531,-261.427964209918,0.0153233756851392,7.00934054447698,6.94229140634051,6.93272366605128,45.234626808254
48001,"Anderson","Texas",189,"2020-07-28",6.96305482333708,-448.066135699742,0.0110163390032413,7.09525089137598,7.04508423516684,7.04016919635977,62.9199210696042
48003,"Andrews","Texas",189,"2020-07-28",4.87410621561882,-240.843067428142,0.0114765697460375,5.01345993141205,4.96154239898732,4.95444220384108,60.396720962661
48005,"Angelina","Texas",189,"2020-07-28",6.78397213577128,8.65738358004197,0.0386898078418266,7.2482498298732,7.05138780567107,7.05480079066407,17.915498143431
48007,"Aransas","Texas",189,"2020-07-28",4.51242813428948,-74.1602527981195,0.0174791746032964,4.72217822952904,4.64281264191791,4.63478235651255,39.6556013823
48013,"Atascosa","Texas",189,"2020-07-28",5.59524230608099,1087.39785725764,-0.00619355277536956,5.52091967277655,5.55572829603788,5.5518874366534,-111.914309234022
48015,"Austin","Texas",189,"2020-07-28",4.57618264911484,-47.669431909235,0.0197530706205026,4.81321949656087,4.7134040864491,4.71445414345836,35.0906040826127
48017,"Bailey","Texas",189,"2020-07-28",3.43858491373377,53.8248665689797,0.0262834237479617,3.7368492783905,3.62094351560039,3.6225688799695,26.3720277543256
48019,"Bandera","Texas",189,"2020-07-28",3.77111755235091,116.249334477278,0.0553527423609381,4.41441804179256,4.15987226996813,4.15858674887748,12.5223638612184
48021,"Bastrop","Texas",189,"2020-07-28",6.54924191148404,-69.1642534328218,0.0258695365663933,6.85967635028076,6.72715654466276,6.73032866744879,26.7939543014621
48025,"Bee","Texas",189,"2020-07-28",5.70139868330092,75.7853054176588,0.0526859933884736,6.3336306039626,6.06895199117377,6.07020063702024,13.1561945781132
48027,"Bell","Texas",189,"2020-07-28",7.36237329725083,1530.95187933971,-0.00546595124159888,7.29678188235164,7.32235626671458,7.32411163855964,-126.811811873607
48029,"Bexar","Texas",189,"2020-07-28",9.99391570474314,-658.495740699091,0.0118622744566641,10.1362629982231,10.0769196258436,10.0769516259398,58.432907035846
48031,"Blanco","Texas",189,"2020-07-28",3.9756682705885,53.3314740228486,0.0305378193570235,4.35678567422306,4.19003661762665,4.18943300608766,22.6979920359155
48035,"Bosque","Texas",189,"2020-07-28",4.42227703729518,94.1130555625772,0.0488985041552927,4.9821191759434,4.76604617843761,4.76456656638223,14.1752225867408
48037,"Bowie","Texas",189,"2020-07-28",5.4380793089232,-89.0079781959866,0.0199394845131863,5.68291216737343,5.57941856425965,5.5776557005155,34.7625426375268
48039,"Brazoria","Texas",189,"2020-07-28",7.95777738348348,-324.145463978735,0.0156604318007186,8.1457025650921,8.06347414408637,8.06740040608851,44.2610516351241
48041,"Brazos","Texas",189,"2020-07-28",7.21943285699014,551.081773624019,-0.0196670970223234,6.98342769272226,7.0879106273255,7.08176317783388,-35.2440006663505
48043,"Brewster","Texas",189,"2020-07-28",3.42472787907235,246.279992031337,-0.0549892151134048,2.76485729771149,3.16713571495907,3.03980337327852,-12.6051477390696
48047,"Brooks","Texas",189,"2020-07-28",4.10146202999096,68.2557820011021,0.0354660965754816,4.53058877250829,4.34663180899113,4.34972470601933,19.5439376612743
48049,"Brown","Texas",189,"2020-07-28",5.43309797857299,-245.856369895757,0.0127186159783666,5.61980148629926,5.52669894530833,5.52212829042156,54.4986326923412
48051,"Burleson","Texas",189,"2020-07-28",4.87082573153965,-92.4943059414124,0.0176163690422317,5.08222216004643,4.99852606089088,4.99414031483527,39.3467677078212
48053,"Burnet","Texas",189,"2020-07-28",5.6198831333732,87.3260067442334,0.0581323160873773,6.31747092642173,6.01691008026628,6.02680934598484,11.923611980608
48055,"Caldwell","Texas",189,"2020-07-28",6.36450484513298,-302.681081466623,0.0130773623374745,6.52143319318267,6.45799465654176,6.4560463814953,53.0035922132143
48057,"Calhoun","Texas",189,"2020-07-28",5.6235016433954,103.134240895114,0.0695411964920965,6.45799600130056,6.09983150639018,6.11029001884008,9.96743247923155
48061,"Cameron","Texas",189,"2020-07-28",8.54311153332964,-37.1912627753839,0.0386231871283498,9.00658977886984,8.80475074102942,8.81347384322809,17.946400390432
48063,"Camp","Texas",189,"2020-07-28",4.12713438504509,63.7692308936735,0.0346226258552535,4.57817644532075,4.36894177770886,4.36949276603186,20.020063858177
48067,"Cass","Texas",189,"2020-07-28",4.31748811353631,121.781801638517,0.068755822900161,5.10293330251117,4.79854182525065,4.79877887383744,10.0812869561092
48069,"Castro","Texas",189,"2020-07-28",4.02279741093005,386.449878424598,-0.020012136356261,3.8113089360664,3.89044484871362,3.88271245643622,-34.6363410792515
48071,"Chambers","Texas",189,"2020-07-28",6.171103938682,-403.550364869521,0.0105031062997509,6.29714121427901,6.25094218009407,6.24462568278026,65.994493512494
48073,"Cherokee","Texas",189,"2020-07-28",6.09001622083648,-112.590683819403,0.0205334036201378,6.33641706427813,6.23236207468525,6.23375004617744,33.7570523320426
48085,"Collin","Texas",189,"2020-07-28",7.82667113363302,834.446191012857,-0.01203277264403,7.68227786190466,7.7469139620186,7.74244172512481,-57.6049428561128
48089,"Colorado","Texas",189,"2020-07-28",4.83967749595261,-234.350814409168,0.0115684667730064,4.97849909722869,4.93109464776638,4.92065676336365,59.9169444111057
48091,"Comal","Texas",189,"2020-07-28",6.9873583295811,-702.746524080127,0.00787976962957875,7.08191556513605,7.05026455179335,7.04251671698815,87.9654118260055
48093,"Comanche","Texas",189,"2020-07-28",4.00992722040952,133.650709057285,0.0791228809043272,4.93325552172968,4.55919068765472,4.56378738673981,8.76038855812235
48097,"Cooke","Texas",189,"2020-07-28",4.75972894580469,-209.244554723561,0.0121324818582229,4.91662220832722,4.85311007181301,4.84465631881225,57.1315241728682
48099,"Coryell","Texas",189,"2020-07-28",5.27006485359615,115.519521084711,0.076957184544741,6.19355106813304,5.79019169969511,5.80876514540934,9.00691968736157
48105,"Crockett","Texas",189,"2020-07-28",4.79105680894654,17.7393546481217,0.0288165416344116,5.13685530855948,4.99757838469705,4.99277260038742,24.0537948430361
48111,"Dallam","Texas",189,"2020-07-28",4.4014790606007,22.138516056282,0.0271928747553752,4.7277935576652,4.59060096273412,4.59182918388833,25.4900295314651
48113,"Dallas","Texas",189,"2020-07-28",9.99364160519108,1596.1393370666,-0.00707695150391506,9.9087181871441,9.94557247046758,9.94410294466367,-97.9443168681441
48115,"Dawson","Texas",189,"2020-07-28",4.06290303638728,664.091379258365,-0.00850538740685129,3.98129852239975,4.00463996618611,4.00336532453932,-81.495074522014
48117,"Deaf Smith","Texas",189,"2020-07-28",5.14583196603984,685.181809270986,-0.010269882578024,5.02383974051835,5.07771691980177,5.07394278799367,-67.4931943275745
48121,"Denton","Texas",189,"2020-07-28",7.95020025914177,-374.405357222244,0.0142373280562522,8.1210481958168,8.04620950068295,8.04986155553554,48.685201171266
48123,"DeWitt","Texas",189,"2020-07-28",5.97453635608729,72.8051785973421,0.0537303471575564,6.61930052197797,6.34642982543568,6.35064878619018,12.9004783558795
48127,"Dimmit","Texas",189,"2020-07-28",4.23410650459726,122.712869124569,0.0690863880249724,5.06314316089693,4.70933954975804,4.71771122077207,10.0330499303191
48131,"Duval","Texas",189,"2020-07-28",4.22370058343614,643.56194250566,-0.00927676226134339,4.15192573785005,4.15989240650651,4.15876324760674,-74.7186530206034
48133,"Eastland","Texas",189,"2020-07-28",3.30636327899132,75.4153613905004,0.0304516953612496,3.67200668018286,3.52345008754789,3.51952514652007,22.7621868778442
48135,"Ector","Texas",189,"2020-07-28",7.47176954269011,-230.00256052767,0.0180476408966334,7.68834123344971,7.596203363701,7.59810302896654,38.406525513772
48139,"Ellis","Texas",189,"2020-07-28",7.15517323698392,1085.51560675579,-0.00793682680961301,7.05993131526856,7.10199886058395,7.09961544931663,-87.3330358828558
48141,"El Paso","Texas",189,"2020-07-28",8.74387333873878,2067.56408944791,-0.00464219581787721,8.68816698892425,8.71139407750065,8.71137796801364,-149.314507132728
48143,"Erath","Texas",189,"2020-07-28",5.42242953725607,-269.916516678189,0.0119458740495675,5.56578002585088,5.51039674639951,5.50605065560304,58.023981977697
48145,"Falls","Texas",189,"2020-07-28",4.18748789394134,105.076305251867,0.053071150956006,4.82542512945596,4.55859225368833,4.55898595063338,13.0607150603261
48147,"Fannin","Texas",189,"2020-07-28",4.41193211745279,693.276380032948,-0.00874493338190969,4.34864881578534,4.35745017346642,4.35071758377942,-79.2627170829949
48149,"Fayette","Texas",189,"2020-07-28",5.18738580584076,45.1429610580781,0.0372379495566664,5.61760680638735,5.44539807326678,5.44805145273743,18.6139996646474
48153,"Floyd","Texas",189,"2020-07-28",3.46126162240481,399.755194078446,-0.0161380432218666,3.28821012871779,3.34993552265116,3.34829531985174,-42.9511292683086
48157,"Fort Bend","Texas",189,"2020-07-28",7.81064229535712,-790.649564214526,0.00801379550367085,7.90680784140117,7.87022513830221,7.86673886388282,86.4942436130843
48159,"Franklin","Texas",189,"2020-07-28",3.36235754834589,-19.6637768739067,0.0163174733433574,3.51908793026775,3.48294700423958,3.47657986174939,42.4788302682974
48161,"Freestone","Texas",189,"2020-07-28",4.52178857704904,34.7592104692809,0.0301233097713635,4.85710625081308,4.7344267002157,4.73265174544858,23.0103260837187
48163,"Frio","Texas",189,"2020-07-28",5.2722666893481,1296.49953754696,-0.00473911809525183,5.21539727220508,5.23655074290663,5.23909286268134,-146.260795073754
48165,"Gaines","Texas",189,"2020-07-28",4.0943445622221,114.665830238494,0.0589436796403645,4.79413524623721,4.50199019736554,4.50695031970465,11.759482692446
48167,"Galveston","Texas",189,"2020-07-28",8.32371245912504,767.437305417552,-0.0142666784962747,8.15251231716974,8.23138984739984,8.22384570965112,-48.585042463874
48169,"Garza","Texas",189,"2020-07-28",4.36763789722178,15.8470181347505,0.0260192554043843,4.68744644701335,4.55381303373808,4.54977268505247,26.6397777256588
48171,"Gillespie","Texas",189,"2020-07-28",4.68609162834031,58.2053316931931,0.0371618719946435,5.12070782516191,4.94442936104427,4.94622473230281,18.6521061334008
48175,"Goliad","Texas",189,"2020-07-28",3.90052862600241,140.464813257074,0.0883330398907264,4.90559186590186,4.50695736061065,4.51885990523749,7.84697528147353
48177,"Gonzales","Texas",189,"2020-07-28",5.58778356079332,17.735455893428,0.033607788063411,5.99107701755425,5.8223754460442,5.8230380772372,20.624599847277
48179,"Gray","Texas",189,"2020-07-28",3.391627930646,117.495649226163,0.0513252039736622,4.02925181628709,3.75295851342852,3.75090435846164,13.5050058625317
48181,"Grayson","Texas",189,"2020-07-28",5.72124810626383,-412.479681754616,0.00959168984504903,5.83634838440442,5.79329118490531,5.78838993517917,72.2653872005389
48183,"Gregg","Texas",189,"2020-07-28",6.70108247989577,-506.262707099076,0.00970801755763106,6.81757869058734,6.7750510596177,6.76903860279919,71.3994568350458
48185,"Grimes","Texas",189,"2020-07-28",5.52659059568224,350.724982483744,-0.0331479452770138,5.12881525235808,5.32633632531509,5.29455497874314,-20.9107133117118
48187,"Guadalupe","Texas",189,"2020-07-28",6.56928103969025,1161.63532472691,-0.00671956185863609,6.48864629738662,6.52390615445587,6.5222441066798,-103.153627445084
48189,"Hale","Texas",189,"2020-07-28",6.46769872610435,644.979046154601,-0.0140303529630179,6.29933449054814,6.37652779708232,6.36948625536322,-49.4034029212942
48193,"Hamilton","Texas",189,"2020-07-28",3.42936825862885,53.0692380254034,0.0259655248208703,3.71127224771729,3.61367218298771,3.61112693237494,26.6949035439028
48199,"Hardin","Texas",189,"2020-07-28",6.03240082081241,32.446082190388,0.0398036613503489,6.5100447570166,6.30774868156438,6.31102645026485,17.4141563123783
48201,"Harris","Texas",189,"2020-07-28",10.2764540652517,-740.824388699551,0.0111117896444124,10.4097955409846,10.3548002882572,10.3542365927626,62.3794368631246
48203,"Harrison","Texas",189,"2020-07-28",5.4368363006836,2123.48264686641,-0.00280324049790691,5.40319741470872,5.416894850028,5.41721361719825,-247.266397969599
48205,"Hartley","Texas",189,"2020-07-28",3.81928095372953,590.409397562117,-0.00937032219010092,3.69574312996064,3.75677959664653,3.75368869839882,-73.9726091053951
48207,"Haskell","Texas",189,"2020-07-28",3.14784005175145,62.7789444792247,0.025984584778267,3.4616938114298,3.33087073139106,3.32973214519932,26.6753225604621
48209,"Hays","Texas",189,"2020-07-28",7.01494269626706,474.885243727742,-0.0241158424070242,6.72555258738277,6.85868148142235,6.84613179941789,-28.742399658328
48213,"Henderson","Texas",189,"2020-07-28",5.81881039571617,-144.042760839495,0.0177379631265913,6.03166595323527,5.94488489321295,5.94297613760231,39.0770448451793
48215,"Hidalgo","Texas",189,"2020-07-28",9.26115569501076,-367.725851414213,0.0167857925657681,9.46258520579998,9.38075198036366,9.37865624297114,41.2936820137708
48217,"Hill","Texas",189,"2020-07-28",5.19136828820507,85.5265232229952,0.0527184421441829,5.82398959393526,5.55586388802074,5.56039738321435,13.1480968019543
48219,"Hockley","Texas",189,"2020-07-28",4.57323713888508,-183.142986834458,0.0124562835267969,4.72271254120664,4.66697023007137,4.66043112357266,55.6463875496085
48221,"Hood","Texas",189,"2020-07-28",5.34914626740732,-109.8148587237,0.0182058398633869,5.56761634576796,5.47767514279744,5.47658714645103,38.0727934421696
48223,"Hopkins","Texas",189,"2020-07-28",4.39621126966584,-119.974866867488,0.014462416958907,4.56976027317272,4.50484343811401,4.49744818837819,47.9274786869602
48225,"Houston","Texas",189,"2020-07-28",4.19612725653204,-19.6168869346634,0.0206079531010534,4.44342269374468,4.3458226598673,4.34038292823941,33.6349358503011
48227,"Howard","Texas",189,"2020-07-28",4.35853865336667,78.9322198565679,0.041509141863616,4.85938309363233,4.64765467017466,4.64910264641198,16.6986632206798
48231,"Hunt","Texas",189,"2020-07-28",6.09903690056241,1805.66284811093,-0.00376097714001845,6.05390517488219,6.07087154478411,6.07271006058228,-184.299759013304
48233,"Hutchinson","Texas",189,"2020-07-28",3.57954279007647,1969.22197948002,-0.00201825089122632,3.57880684042765,3.56339678294666,3.56541503383789,-343.439551332876
48239,"Jackson","Texas",189,"2020-07-28",5.00106584308011,116.983838300311,0.074624772834511,5.89656311709424,5.50965306841214,5.52343925292169,9.28843270447307
48241,"Jasper","Texas",189,"2020-07-28",4.92102313540657,138.550673833955,0.106500501743893,6.11838206153235,5.58694854368605,5.66652664761382,6.50839356819922
48245,"Jefferson","Texas",189,"2020-07-28",7.85886143054166,757.766486448456,-0.0136969683942104,7.69449780981114,7.76906666823899,7.76298265178219,-50.6058830399969
48247,"Jim Hogg","Texas",189,"2020-07-28",3.35240721749272,508.650666908327,-0.0104089000214595,3.25434953349142,3.27908634817421,3.2795449173425,-66.5917800277566
48249,"Jim Wells","Texas",189,"2020-07-28",5.78470391700843,-223.816643673941,0.0141845704601341,5.95491876253004,5.88580736658507,5.88399591022937,48.8662792086684
48251,"Johnson","Texas",189,"2020-07-28",6.54862835179612,-197.347869893064,0.0171723218321174,6.75469621378153,6.66596286248475,6.66883460462094,40.3642085989532
48253,"Jones","Texas",189,"2020-07-28",3.03769647265303,247.762895034331,-0.0507341087893481,2.62614434792334,2.87932559748448,2.68255771112759,-13.6623505783445
48255,"Karnes","Texas",189,"2020-07-28",5.03230359357538,38.3796287774167,0.034557689637279,5.44699586922273,5.27367379086235,5.27420742103633,20.0576829017012
48257,"Kaufman","Texas",189,"2020-07-28",6.58360679204976,-415.307960012201,0.0109853484874717,6.71543097389942,6.66275936577083,6.66050423146206,63.0974230221691
48259,"Kendall","Texas",189,"2020-07-28",4.06044301054642,457.759047121898,-0.0150160147169836,3.93057770388604,3.96704795500762,3.95533090752753,-46.1605288503062
48265,"Kerr","Texas",189,"2020-07-28",5.36597601502185,-86.6711806743928,0.019840665713798,5.60838440268522,5.50855024940435,5.50486067501844,34.9356816227141
48273,"Kleberg","Texas",189,"2020-07-28",5.37262939951259,1727.59991172975,-0.00348058415829529,5.33086238961305,5.34875561167572,5.34826531040452,-199.146795203318
48275,"Knox","Texas",189,"2020-07-28",3.50941096630239,147.431776433614,0.0941645723098938,4.57340599998008,4.14974068138865,4.16856297247165,7.36101873089607
48277,"Lamar","Texas",189,"2020-07-28",5.40203367409337,-148.33521227741,0.0162547737180017,5.59709095870939,5.51910991956051,5.51581709011938,42.6426840868479
48279,"Lamb","Texas",189,"2020-07-28",4.80985877292894,86.2893642381234,0.0492255396295926,5.40056524848405,5.15230852294554,5.15443755033609,14.0810478823731
48281,"Lampasas","Texas",189,"2020-07-28",3.88890058800729,138.237703207426,0.0835215150521721,4.82439454100901,4.46526515917155,4.47355119337249,8.29902546819185
48283,"La Salle","Texas",189,"2020-07-28",5.79822647857268,-136.751389604224,0.0180770112507607,6.01515061358181,5.94197564177978,5.924765557328,38.3441250848797
48285,"Lavaca","Texas",189,"2020-07-28",5.93072831192015,-192.296978336152,0.0157607651758025,6.11985749402978,6.05186863667475,6.04105366815077,43.9792848144284
48287,"Lee","Texas",189,"2020-07-28",4.24235397402728,1146.29447563956,-0.00441494428894408,4.19549716804,4.21521442442766,4.21144936400467,-157.000210013007
48289,"Leon","Texas",189,"2020-07-28",4.53566698022112,1290.44267814904,-0.00410891004868517,4.49696651795649,4.51194210505771,4.50690460988032,-168.693685757796
48291,"Liberty","Texas",189,"2020-07-28",5.91774111639334,-321.768703016056,0.011700488941099,6.05814698368653,6.00517454941601,5.99964453898103,59.2408730993459
48293,"Limestone","Texas",189,"2020-07-28",4.44768060489532,70.6860326167833,0.0392509476775595,4.91869197702603,4.72072682868473,4.72243723863824,17.6593743991621
48297,"Live Oak","Texas",189,"2020-07-28",4.35853865336667,564.047906224274,-0.0115080101132778,4.23549902699967,4.28817524319357,4.27798258257373,-60.2317145828886
48299,"Llano","Texas",189,"2020-07-28",4.19397440317094,87.3906068944758,0.0434116628658453,4.71491435756108,4.49720771630367,4.49785604323186,15.9668424290028
48303,"Lubbock","Texas",189,"2020-07-28",7.79517611412199,956.831885814795,-0.0100865094429994,7.674138000806,7.72757292474981,7.72457054802099,-68.7202232325303
48305,"Lynn","Texas",189,"2020-07-28",3.08452777233712,331.385030140467,-0.0213878049742443,2.8955886210765,2.93923321649904,2.93481313751741,-32.4085235205131
48309,"McLennan","Texas",189,"2020-07-28",7.8239317186109,663.33014129316,-0.0163765411422589,7.65325128590512,7.71942519878484,7.70929593061509,-42.3256153139267
48313,"Madison","Texas",189,"2020-07-28",5.71326121861075,128.305889404549,0.102582861231244,6.94425555338568,6.30901012292777,6.43134124722946,6.75694918469315
48315,"Marion","Texas",189,"2020-07-28",4.46918681011628,-34.7906191897974,0.020426775273392,4.71430811339698,4.62438403920114,4.61217423703002,33.9332651034175
48317,"Martin","Texas",189,"2020-07-28",3.14784005175145,96.6006012472703,0.0360670934325962,3.58504740195859,3.39887240375376,3.40030970577962,19.2182711328078
48321,"Matagorda","Texas",189,"2020-07-28",5.76250051820205,-316.886280811659,0.0115046084090469,5.90055581911061,5.84777908085928,5.84303277706538,60.2495240094285
48323,"Maverick","Texas",189,"2020-07-28",6.80635516454041,-382.868565113085,0.0120069370281321,6.95043840887799,6.90035320969546,6.89040372373733,57.7288928005461
48325,"Medina","Texas",189,"2020-07-28",5.54852006597625,2096.10105352741,-0.00289694832442326,5.50449456325109,5.52701160952525,5.52824142770529,-239.268051389195
48329,"Midland","Texas",189,"2020-07-28",6.90331687238321,1028.27863262894,-0.00817658602929165,6.80519784003171,6.84860863232645,6.84608077017817,-84.7721993111584
48331,"Milam","Texas",189,"2020-07-28",5.18898070251057,-0.7409794765894,0.0280878704725506,5.52603514818118,5.38621828883579,5.38559579581842,24.677811770648
48335,"Mitchell","Texas",189,"2020-07-28",3.3722098447889,9.12473313952029,0.0192835150752298,3.60361202569166,3.5116628796056,3.50719445031551,35.9450638462855
48337,"Montague","Texas",189,"2020-07-28",3.14168618617707,92.6236273602056,0.0344973453169735,3.56621042457112,3.38631441882878,3.38316760339588,20.0927687099129
48339,"Montgomery","Texas",189,"2020-07-28",8.08226984743813,-654.209709021827,0.00964230044158038,8.1979774527371,8.1522765957526,8.14976595052919,71.8860799618828
48341,"Moore","Texas",189,"2020-07-28",4.3640081291712,91.1720175740559,0.0469823137085658,4.92506115577173,4.69144004493426,4.69288432513116,14.7533641033428
48343,"Morris","Texas",189,"2020-07-28",3.5305534028762,115.481789164254,0.0511953328346931,4.12215660299001,3.89299814257667,3.88892073271905,13.5392650497669
48347,"Nacogdoches","Texas",189,"2020-07-28",6.06743303233136,23.9785170725259,0.0379163654862596,6.52242941816648,6.32988679080933,6.33284759073518,18.2809499716193
48349,"Navarro","Texas",189,"2020-07-28",6.14050012626847,537.150586692172,-0.0174896669706031,5.96661014807195,6.03476122692014,6.01807245747425,-39.6318112703345
48351,"Newton","Texas",189,"2020-07-28",3.84098723231139,149.281633918514,0.107331010854913,5.01432945701576,4.54035905147462,4.59230430829578,6.45803272548066
48353,"Nolan","Texas",189,"2020-07-28",4.35853865336667,74.6817801733618,0.0398121244525059,4.8299360660946,4.63598510915636,4.63722352453421,17.4104544806906
48355,"Nueces","Texas",189,"2020-07-28",8.85584672075715,1992.06310707132,-0.00489797434952464,8.79707102856285,8.82007818816941,8.82156090031048,-141.517111176218
48361,"Orange","Texas",189,"2020-07-28",6.30026141080225,-341.099924855002,0.0119982142685356,6.44423998202468,6.39440961294906,6.384248910682,57.7708619838263
48363,"Palo Pinto","Texas",189,"2020-07-28",4.64439089914137,100.385025924079,0.0551106552675015,5.26940387470918,5.02730938530705,5.03016548601388,12.5773714211069
48365,"Panola","Texas",189,"2020-07-28",3.75787232560089,-64.902816804163,0.0152245223682411,3.97212077037208,3.87297951639602,3.86444398217858,45.5283367053851
48367,"Parker","Texas",189,"2020-07-28",6.26094627934434,1.18989756585742,0.0342483604351124,6.67192660456569,6.49315599323065,6.50068480239013,20.2388427286379
48369,"Parmer","Texas",189,"2020-07-28",4.37665509087197,707.748170069897,-0.00835056883879008,4.27338832229353,4.31343477338947,4.31820110900044,-83.0059836570817
48371,"Pecos","Texas",189,"2020-07-28",4.15216413311093,49.6451958174514,0.0309044708774936,4.52301778364085,4.36743370806839,4.36849542925339,22.4287024135635
48373,"Polk","Texas",189,"2020-07-28",6.08872088386779,-82.5478367206873,0.022842882383803,6.36283547247343,6.2491825493429,6.24862106055441,30.3441207161942
48375,"Potter","Texas",189,"2020-07-28",6.04059478949868,-145.307405202799,0.0183433311673592,6.26071476350699,6.16984828139004,6.16899810767019,37.7874211742607
48379,"Rains","Texas",189,"2020-07-28",3.10394585819422,110.771497559292,0.0419813876495426,3.57801079975333,3.40057624623728,3.39781557174102,16.5108210892476
48381,"Randall","Texas",189,"2020-07-28",6.28360096990914,-237.981564913424,0.0148907001925506,6.46228937221975,6.38876286443217,6.38783587125699,46.5489984753508
48383,"Reagan","Texas",189,"2020-07-28",3.74106520728451,437.257204289937,-0.0148182347659932,3.57500589215547,3.65257167422297,3.63733756392256,-46.7766364554212
48385,"Real","Texas",189,"2020-07-28",4.07753744390572,146.49475039226,0.106219289100683,5.25841242008595,4.77596195322556,4.8210724676105,6.52562436096638
48389,"Reeves","Texas",189,"2020-07-28",4.15888308335967,479.107838815355,-0.0142258066226045,4.02743736833072,4.06277620747823,4.05930243700144,-48.7246311543804
48391,"Refugio","Texas",189,"2020-07-28",4.77912349311153,77.6571589210946,0.0448264516768455,5.30488964692416,5.09481006180926,5.09290865484945,15.4629053746402
48395,"Robertson","Texas",189,"2020-07-28",4.92310430161039,-72.3929318578407,0.0192014041336368,5.15352115121403,5.05994365306565,5.05751413054585,36.0987756799358
48397,"Rockwall","Texas",189,"2020-07-28",5.66395205185824,5.23500823051043,0.0316837877248454,6.04415750455638,5.87954860212089,5.88573856593216,21.8770301890516
48399,"Runnels","Texas",189,"2020-07-28",4.03297561584581,134.70483274886,0.0817613117893751,5.01157328080238,4.59705830359257,4.60530479837144,8.47769153148567
48405,"San Augustine","Texas",189,"2020-07-28",3.5715427474094,1905.81810457971,-0.00208683896697781,3.56811504708108,3.55484803567358,3.55693487464056,-332.151733568485
48407,"San Jacinto","Texas",189,"2020-07-28",4.42911467077278,469.711106568534,-0.0155921362074141,4.26774085509861,4.33788155234488,4.31996971732088,-44.4549208228667
48409,"San Patricio","Texas",189,"2020-07-28",6.10797693456291,58.951320852615,0.0488447936932138,6.69411445888147,6.44116543228714,6.44989049041541,14.1908098724603
48415,"Scurry","Texas",189,"2020-07-28",5.82050674896434,1919.1213173265,-0.00335452437293127,5.78025245648917,5.79451765271854,5.79702507835382,-206.630539385307
48419,"Shelby","Texas",189,"2020-07-28",4.14539973302239,80.4474731285278,0.0400536539137056,4.62830092016412,4.42425253748629,4.42577531041833,17.3054668633556
48423,"Smith","Texas",189,"2020-07-28",7.2293210458073,1782.57759642876,-0.00452234602934364,7.17505289345518,7.19521160060792,7.19766462360189,-153.271593120561
48425,"Somervell","Texas",189,"2020-07-28",3.54302757710137,-38.8141620247251,0.0159685007822786,3.74963012998191,3.66663479069357,3.65480708257732,43.4071544981344
48427,"Starr","Texas",189,"2020-07-28",6.75210347302861,966.555051530545,-0.00862827919878946,6.64856412264314,6.69995946760286,6.69170551863708,-80.3343476248651
48435,"Sutton","Texas",189,"2020-07-28",3.76782265645406,-9.4562236959672,0.0196733724376288,4.04201680839955,3.9119204038364,3.90553626351746,35.2327585297057
48437,"Swisher","Texas",189,"2020-07-28",3.55942138687705,576.715145842861,-0.00914437293945436,3.48140127728588,3.49436361359404,3.49541077630087,-75.800405905285
48439,"Tarrant","Texas",189,"2020-07-28",9.34842388794793,-836.248688708217,0.00916288743265565,9.4583785371398,9.41472185790089,9.41256409997652,75.6472439123977
48441,"Taylor","Texas",189,"2020-07-28",6.27878941291192,587.029850897977,-0.0155789686518812,6.09184178908935,6.17746380333026,6.16973663234875,-44.4924947246908
48445,"Terry","Texas",189,"2020-07-28",4.04305126783455,95.7754575998348,0.0456683947526342,4.57709396623287,4.36223638409246,4.36273003110299,15.1778310648846
48449,"Titus","Texas",189,"2020-07-28",5.85752490789686,-57.1848424412486,0.0243083485578092,6.15450539961588,6.0250916675924,6.02768334780152,28.514778735854
48451,"Tom Green","Texas",189,"2020-07-28",7.33021796345888,-219.802552822455,0.0181529757853756,7.54805367288339,7.45491416060874,7.45728879395651,38.1836668960005
48453,"Travis","Texas",189,"2020-07-28",9.04401589121722,733.129806324357,-0.0164697231639165,8.84637921325022,8.93558613317973,8.92872782906981,-42.0861464191798
48455,"Trinity","Texas",189,"2020-07-28",4.30406509320417,20167.8943251356,-0.000215376694010564,4.30148057287604,4.30811687914596,4.3025574563461,-3218.30170039637
48457,"Tyler","Texas",189,"2020-07-28",3.9810158769151,145.798579068349,0.104211198950894,5.23155026432583,4.66852295834417,4.71049426957136,6.65136940691536
48459,"Upshur","Texas",189,"2020-07-28",4.52798054729696,-0.375145642805709,0.0245585191621713,4.82268277724302,4.70260695867928,4.69989018143216,28.2243068477694
48463,"Uvalde","Texas",189,"2020-07-28",5.64746404406598,-330.038025624872,0.0109864713553065,5.77930170032966,5.73434775030693,5.72436934355313,63.0909741757212
48465,"Val Verde","Texas",189,"2020-07-28",6.9145890185607,-127.744318032847,0.0221803209187349,7.18075286958552,7.06834230069293,7.06985126499184,31.2505478662606
48467,"Van Zandt","Texas",189,"2020-07-28",5.25152520504128,-156.465783491833,0.0154245315085158,5.43661958314347,5.36665384143314,5.35949692560089,44.9379730060044
48469,"Victoria","Texas",189,"2020-07-28",7.58578882173203,681.296019645025,-0.0152540710604256,7.40273996900692,7.49093961514601,7.47901032430905,-45.4401436714302
48471,"Walker","Texas",189,"2020-07-28",6.46369783168099,-563.274456320385,0.00864969727924135,6.56749419903189,6.53289540991492,6.52424571263568,80.1354264990809
48473,"Waller","Texas",189,"2020-07-28",5.19928598594186,-10.0573332621258,0.0267474291275856,5.511503917648,5.38365141014983,5.38651798983496,25.9145347111165
48475,"Ward","Texas",189,"2020-07-28",3.96217278911362,-125.641061004978,0.012793073405569,4.11477770368179,4.05633179177173,4.0517243029526,54.1814432377295
48477,"Washington","Texas",189,"2020-07-28",5.02294022928664,1596.86363396848,-0.00358696621141009,5.02485052183807,4.99706272597919,4.99783146580677,-193.240510143378
48479,"Webb","Texas",189,"2020-07-28",8.07184314960916,-130.426366236806,0.0256716484886956,8.37990293147351,8.24706193400904,8.25154468903003,27.0004935937468
48481,"Wharton","Texas",189,"2020-07-28",5.5957729508268,-34.7395593036951,0.0255818973423902,5.90275571893548,5.77245427752351,5.77484623222353,27.095221721939
48485,"Wichita","Texas",189,"2020-07-28",5.98249587712522,658.025930349431,-0.012620608903642,5.83104857028152,5.89868040796904,5.89415161479973,-54.9218493221765
48487,"Wilbarger","Texas",189,"2020-07-28",3.05803615689015,98.2265394325394,0.0354135963231325,3.46250986365176,3.30721192110575,3.30593133115208,19.5729113257886
48489,"Willacy","Texas",189,"2020-07-28",5.87613385913031,1738.64457529548,-0.00377972814655303,5.83077712137167,5.84949675799226,5.84967576210444,-183.385458870122
48491,"Williamson","Texas",189,"2020-07-28",7.91951202267402,672.50850041051,-0.0162116155932169,7.72497263555542,7.82045696290629,7.8060307135215,-42.7562062876673
48493,"Wilson","Texas",189,"2020-07-28",5.63376867403514,-360.923015371233,0.0103386506260836,5.75783248154814,5.71545590654812,5.70613922841772,67.0442599937744
48495,"Winkler","Texas",189,"2020-07-28",3.61477148196022,456.846877887927,-0.0134449557677876,3.50707473536867,3.5224793079487,3.52065679158571,-51.5544411250975
48497,"Wise","Texas",189,"2020-07-28",4.99140393216837,-267.913245156659,0.0110830590773748,5.14157790284792,5.07715153349225,5.06898534570999,62.5411428127231
48499,"Wood","Texas",189,"2020-07-28",4.92102313540657,88.9261711980004,0.051900556995062,5.55719135441769,5.28273890641608,5.284327034372,13.3552936749001
48501,"Yoakum","Texas",189,"2020-07-28",3.4106761256167,363.964523750192,-0.0193009746457893,3.24187901429452,3.28417711656746,3.27556930309618,-35.9125481111993
48503,"Young","Texas",189,"2020-07-28",4.17658266045907,104.926452485285,0.0528189614824331,4.81041019824827,4.54506713104826,4.5463153908361,13.123074765309
48505,"Zapata","Texas",189,"2020-07-28",4.18965474202643,1000.32195131045,-0.00513500165696821,4.13019455271507,4.15289438991519,4.15370973042765,-134.984801732117
48507,"Zavala","Texas",189,"2020-07-28",4.80752776954246,-64.5195984844961,0.0193446625491888,5.03966372013273,4.94581410934005,4.94294040738678,35.8314433657057
49003,"Box Elder","Utah",189,"2020-07-28",4.85203026391962,1144.30082883547,-0.00505261488715317,4.79139888527378,4.81383900014966,4.81666195970955,-137.185832690781
49005,"Cache","Utah",189,"2020-07-28",5.47944773797184,-696.766963238232,0.00622493233931526,5.55741394093395,5.522070132386,5.52302226434705,111.350154953843
49011,"Davis","Utah",189,"2020-07-28",7.18408747023833,-380.07015019614,0.0127361596208207,7.33692138568818,7.28010780306838,7.27324058758408,54.4235626119831
49013,"Duchesne","Utah",189,"2020-07-28",3.76451686831956,109.275350304835,0.0501867208312115,4.35242578343584,4.11854409773032,4.11582391413804,13.8113662156
49021,"Iron","Utah",189,"2020-07-28",5.01063529409626,-405.251902948308,0.00855890453441434,5.14605763846953,5.07433325161891,5.07054762583716,80.9855020315839
49023,"Juab","Utah",189,"2020-07-28",3.391627930646,-61.6837130492952,0.0137512467202183,3.54347231392279,3.49681861797181,3.48788665768753,50.4061336882874
49025,"Kane","Utah",189,"2020-07-28",3.68887945411394,42.8620403298327,0.0262922588599566,4.02634287693363,3.87755602821241,3.87292526613364,26.3631658372121
49027,"Millard","Utah",189,"2020-07-28",3.9262076404201,294.205150760303,-0.036422564686154,3.57688345608063,3.69229847684535,3.67124968761702,-19.0307076542428
49035,"Salt Lake","Utah",189,"2020-07-28",8.67224142750301,1465.93523165977,-0.00676496067299338,8.59106189942709,8.62885425287231,8.62488670279206,-102.461376209781
49037,"San Juan","Utah",189,"2020-07-28",5.11284800346335,-5.03316445532753,0.0272062421774166,5.46935695786405,5.30436404939202,5.30329169870527,25.4775053474792
49039,"Sanpete","Utah",189,"2020-07-28",3.5715427474094,391.744345906579,-0.0173778621063932,3.40161825127067,3.45633049925196,3.44989771266465,-39.886792536174
49041,"Sevier","Utah",189,"2020-07-28",3.09104245335832,441.619758739361,-0.012140104340341,2.98184949914523,3.00682502347149,3.00606172297593,-57.0956526507477
49043,"Summit","Utah",189,"2020-07-28",5.03602452810108,612.68896493708,-0.0117475021285893,4.89505450255801,4.95953230142393,4.95379201320095,-59.0037927188853
49045,"Tooele","Utah",189,"2020-07-28",5.39945469136155,-119.075498746148,0.0178155433669155,5.61324121176454,5.52439473630164,5.52416349492996,38.9068784647432
49047,"Uintah","Utah",189,"2020-07-28",3.5305534028762,-21.9173261313884,0.0171709636268025,3.74185048065212,3.65528936498472,3.65075014826382,40.3674013657568
49049,"Utah","Utah",189,"2020-07-28",7.89878235697031,-449.216522069873,0.012474062317816,8.0484711047841,7.98667916140058,7.98610079319502,55.5670769393192
49051,"Wasatch","Utah",189,"2020-07-28",4.52643614544559,-239.911447146156,0.0106832434229561,4.65694810071545,4.60570052256596,4.60121884940628,64.8817173884209
49053,"Washington","Utah",189,"2020-07-28",6.7428806357919,-420.415334265501,0.0111597925392259,6.87906724840056,6.82370012005192,6.82099918356648,62.1111170412517
49057,"Weber","Utah",189,"2020-07-28",7.07387486119982,1951.07668412297,-0.00400315103739298,7.0258370487511,7.04390440675106,7.04585280393807,-173.150394298225
50007,"Chittenden","Vermont",189,"2020-07-28",4.48702994368387,674.506711866834,-0.00916527016816278,4.38564329153876,4.42011806069949,4.42287305250673,-75.6275775664221
51003,"Albemarle","Virginia",189,"2020-07-28",5.56123093067229,-301.749490445646,0.0114487632824281,5.69861609006143,5.6462094425994,5.64137227364929,60.5434109746863
51005,"Alleghany","Virginia",189,"2020-07-28",3.11668488397166,427.345230158371,-0.012992052497508,3.00564937526563,3.03155779594909,3.0257405164891,-53.3516302133859
51009,"Amherst","Virginia",189,"2020-07-28",3.70306408910589,144.014644922422,0.0906832607790206,4.71420151118999,4.32473338165642,4.33784691455903,7.64360670983176
51013,"Arlington","Virginia",189,"2020-07-28",5.68066005723535,-179.46749935274,0.0156290729359611,5.86820893246688,5.792941119241,5.79006356778708,44.3498589711663
51015,"Augusta","Virginia",189,"2020-07-28",3.87120101090789,-17.8623890376103,0.0193527413384619,4.13882349707038,4.0080044361129,4.00667020027712,35.816485552999
51019,"Bedford","Virginia",189,"2020-07-28",4.55387689160054,18.4934564061972,0.0273757860665933,4.85938116284436,4.74698683582971,4.74550739406669,25.3197179023033
51023,"Botetourt","Virginia",189,"2020-07-28",3.76782265645406,267.162025067333,-0.0459820008506709,3.27217229718155,3.52687550151272,3.44594865049936,-15.0743153350586
51025,"Brunswick","Virginia",189,"2020-07-28",4.15664844555826,36.49960202281,0.0280095090546981,4.46752784137006,4.35351195447095,4.35271500894115,24.7468521924586
51027,"Buchanan","Virginia",189,"2020-07-28",3.43858491373377,102.848778346492,0.0423725588311602,3.94705561970769,3.74017785231144,3.73519282555189,16.3583979745451
51029,"Buckingham","Virginia",189,"2020-07-28",3.30111392310517,293.127652556791,-0.0304531268865881,2.9578407275084,3.10878220240002,3.08794203489905,-22.7611168843622
51031,"Campbell","Virginia",189,"2020-07-28",3.9863350383927,129.072564980047,0.0717934822691989,4.80495361942794,4.47776248904514,4.48888941427709,9.65473687375827
51033,"Caroline","Virginia",189,"2020-07-28",3.71357206670431,100.84001049171,0.0446557543917692,4.24944111940554,4.02810698374541,4.02616234744669,15.5220125603276
51035,"Carroll","Virginia",189,"2020-07-28",4.21106883653024,783.413398095748,-0.00705823630415234,4.1461025719849,4.16304181474289,4.16166118240117,-98.2040201958341
51041,"Chesterfield","Virginia",189,"2020-07-28",6.59167373200866,-154.463927746485,0.0194752621819892,6.82537687819253,6.72748505983816,6.72800056728259,35.5911604209862
51047,"Culpeper","Virginia",189,"2020-07-28",4.64576358295334,-128.58233112489,0.0148625277898294,4.82411391643129,4.75362921054828,4.74980127748215,46.6372336093645
51053,"Dinwiddie","Virginia",189,"2020-07-28",3.48781185449893,123.334343414319,0.0574923614248357,4.17772019159696,3.88930715002754,3.89025838447278,12.0563351962182
51059,"Fairfax","Virginia",189,"2020-07-28",7.15606519824274,-241.343481355642,0.0168242032896217,7.3579556377182,7.27380070448376,7.27383462127009,41.1994059170412
51061,"Fauquier","Virginia",189,"2020-07-28",4.84755598352469,-210.551795986296,0.0122862347424039,4.99499080043354,4.94247696439782,4.93355962672152,56.4165665960835
51065,"Fluvanna","Virginia",189,"2020-07-28",3.75118333745009,-6.99096464001703,0.0197615004468094,4.01140603843197,3.89235446353624,3.88951384057776,35.0756351940804
51067,"Franklin","Virginia",189,"2020-07-28",3.79709303875417,347.758569825266,-0.0232548867537453,3.52912835519691,3.64570308013738,3.63430883147795,-29.8065171376641
51069,"Frederick","Virginia",189,"2020-07-28",4.7548209604925,-67.567353214666,0.0189490892434452,4.99436129772336,4.88779116234206,4.88746458519662,36.5794456743991
51073,"Gloucester","Virginia",189,"2020-07-28",4.30791866252016,101.345339882541,0.0520610416998781,4.92782020746283,4.6710873585864,4.67234595441931,13.314124303463
51075,"Goochland","Virginia",189,"2020-07-28",3.04452243772342,569.986852319699,-0.00806785490079156,3.01727165931909,2.98675928550247,2.98804745341788,-85.9146810500941
51077,"Grayson","Virginia",189,"2020-07-28",3.30111392310517,115.008777644458,0.0475370736739088,3.85008570405533,3.63839312741275,3.63387343882253,14.5811916256087
51079,"Greene","Virginia",189,"2020-07-28",3.91202300542815,123.691616731434,0.0648669852084588,4.69042682792966,4.35992311397906,4.36609190188736,10.6856697337239
51081,"Greensville","Virginia",189,"2020-07-28",3.5715427474094,59.9661382340269,0.028742610888065,3.90996835634018,3.77296846420589,3.77274102362585,24.1156651794554
51083,"Halifax","Virginia",189,"2020-07-28",4.06535702534885,-96.1955014315687,0.0145090017669028,4.23946504655168,4.17404893218645,4.16692003771717,47.7735954337752
51085,"Hanover","Virginia",189,"2020-07-28",4.7548209604925,-21.627399681593,0.0232316976621691,5.0558539524068,4.91828554689637,4.91744284412768,29.8362689907367
51087,"Henrico","Virginia",189,"2020-07-28",6.42787445906557,44.1331806337393,0.0459571075412338,6.97935974956038,6.73902447749579,6.74957421185421,15.0824805485862
51089,"Henry","Virginia",189,"2020-07-28",5.03137119257543,-193.898804295382,0.0133505887271159,5.20537858134187,5.13350081206337,5.12482531366524,51.9188475300809
51093,"Isle of Wight","Virginia",189,"2020-07-28",4.76095218754744,-35.7222453205823,0.0216680481332286,5.02096876514618,4.91578894995728,4.91262852448004,31.9893686915428
51095,"James City","Virginia",189,"2020-07-28",5.36664334904728,-100.547058938293,0.0188603015932458,5.59296696816623,5.50206326885108,5.4986654602,36.7516488075766
51101,"King William","Virginia",189,"2020-07-28",3.31678003984957,95.870935464231,0.0375198165697744,3.75682413468516,3.57999505721609,3.57941875583799,18.4741622942351
51105,"Lee","Virginia",189,"2020-07-28",3.99426110366512,133.627959200966,0.078757212878488,4.91224809487529,4.54493377743845,4.54556159381454,8.80106285159405
51107,"Loudoun","Virginia",189,"2020-07-28",6.54965074223381,1403.87127580528,-0.00536913268812739,6.48522114997628,6.50751484114199,6.51206681341692,-129.098538036261
51109,"Louisa","Virginia",189,"2020-07-28",3.60316593583991,533.392627496816,-0.0104624761596376,3.52996232162291,3.53107167268312,3.52992860272245,-66.2507775390675
51117,"Mecklenburg","Virginia",189,"2020-07-28",3.80666248977032,34.4996450007011,0.0255047670071941,4.11902892583625,3.98822776997581,3.98519585882068,27.1771618366257
51121,"Montgomery","Virginia",189,"2020-07-28",4.47733681447821,37.9067533786369,0.0306471169477282,4.84510221785095,4.69118389991911,4.69186663311231,22.6170436110574
51127,"New Kent","Virginia",189,"2020-07-28",3.82241084673846,99.6251068724354,0.0449497278245944,4.3320252152084,4.13727277549382,4.13705894151062,15.4204978340422
51135,"Nottoway","Virginia",189,"2020-07-28",3.84098723231139,79.5861106712858,0.0366774626645082,4.26976607948411,4.09690253816901,4.09772947096295,18.8984496255976
51137,"Orange","Virginia",189,"2020-07-28",3.73426245996176,79.3756333913714,0.0356920914410944,4.16256755725489,3.98507348011668,3.98410710004942,19.4201895314513
51139,"Page","Virginia",189,"2020-07-28",3.88008995832514,568.390948476017,-0.00994809144843374,3.70457921000839,3.81514677673062,3.8104533181861,-69.676398146609
51141,"Patrick","Virginia",189,"2020-07-28",3.68171096463532,146.481725811663,0.0961561905973457,4.76148861090538,4.29139951685859,4.35480429881674,7.20855491730637
51143,"Pittsylvania","Virginia",189,"2020-07-28",4.92518114555524,67.7176594097744,0.0421731409015259,5.41006922488912,5.22018704979858,5.22039313186592,16.4357495254727
51145,"Powhatan","Virginia",189,"2020-07-28",3.30636327899132,81.7174887615221,0.0321874613746263,3.6784639162838,3.53194536702002,3.5316755086137,21.534695529184
51147,"Prince Edward","Virginia",189,"2020-07-28",3.90341463089155,82.7319111711269,0.0385453569434662,4.36595891421314,4.17059519647286,4.17323212949581,17.9826374828121
51149,"Prince George","Virginia",189,"2020-07-28",4.20469261939097,97.8278270869076,0.048794088361118,4.79022167972439,4.54476150985369,4.5462512379188,14.2055565303334
51153,"Prince William","Virginia",189,"2020-07-28",6.90632568617254,-440.409559710182,0.0110605700677903,7.03905252698602,6.98748736238656,6.98374967664707,62.6683051878559
51159,"Richmond","Virginia",189,"2020-07-28",3.00284974132285,456.335209519719,-0.011177740176338,2.90995933076395,2.92049498713525,2.92460556008848,-62.0113877782967
51161,"Roanoke","Virginia",189,"2020-07-28",4.80985877292894,595.57394944176,-0.0116864995451068,4.66962077838766,4.73138727849282,4.72805327611319,-59.3117877500085
51163,"Rockbridge","Virginia",189,"2020-07-28",3.2188758248682,138.437684079474,0.0700439762453548,4.03189348896496,3.70819186171429,3.70918365858568,9.89588566662666
51165,"Rockingham","Virginia",189,"2020-07-28",4.74493212836325,-239.656009403323,0.0112159819798811,4.8863099508946,4.82717865255001,4.82344400222242,61.79995490393
51167,"Russell","Virginia",189,"2020-07-28",3.3722098447889,145.959082222999,0.086921833885064,4.34964834246863,3.9752111957384,3.98066268198435,7.97437363639253
51169,"Scott","Virginia",189,"2020-07-28",3.20738144544247,134.752069349668,0.0648020278594022,3.96899010833353,3.66625627462667,3.66099564045829,10.6963810154805
51171,"Shenandoah","Virginia",189,"2020-07-28",4.31175743882733,316.129445226754,-0.0326328278411198,3.92016350473389,4.10838522973806,4.08332764393949,-21.2407942068241
51173,"Smyth","Virginia",189,"2020-07-28",3.80348283685294,108.778717272427,0.0505639188662589,4.41024986324805,4.16238367653096,4.15743026891675,13.708335827239
51175,"Southampton","Virginia",189,"2020-07-28",4.06044301054642,93.6888254370193,0.0448708262131142,4.59078693347509,4.37663580426804,4.37453879403822,15.447613495411
51177,"Spotsylvania","Virginia",189,"2020-07-28",5.33891076351329,-52.9955187318281,0.0225274755914458,5.60924047061064,5.49623674837901,5.49660309265341,30.7689682204405
51179,"Stafford","Virginia",189,"2020-07-28",5.18738580584076,37.5786892032512,0.0354278060865164,5.61251947887896,5.43257667692395,5.43538044844637,19.5650608131716
51183,"Sussex","Virginia",189,"2020-07-28",3.91202300542815,108.993806690885,0.0521559998293198,4.53789500337999,4.27345622495631,4.27711500423339,13.2898838643352
51185,"Tazewell","Virginia",189,"2020-07-28",3.85922481986117,135.392147056223,0.0791710779190716,4.7983890479194,4.40777025090467,4.41342236529467,8.75505549221494
51187,"Warren","Virginia",189,"2020-07-28",3.88008995832514,516.5844489582,-0.0117785406445512,3.7760169620652,3.79759197295422,3.79764017381328,-58.8483073988117
51191,"Washington","Virginia",189,"2020-07-28",4.22787595484662,115.620814223647,0.0614548017783804,4.93968692899341,4.65941044500396,4.65805956729528,11.2789751248338
51193,"Westmoreland","Virginia",189,"2020-07-28",4.3640081291712,624.599330191005,-0.0099758143621654,4.2756273537339,4.29505163029795,4.29417742863604,-69.4827665587681
51195,"Wise","Virginia",189,"2020-07-28",3.5305534028762,117.889952044017,0.0530602036669105,4.14453505297662,3.90791710923441,3.90197482854457,13.0634097243808
51197,"Wythe","Virginia",189,"2020-07-28",3.51367536508885,120.904335607036,0.0565196174093349,4.24437822059013,3.91341856167949,3.90931268695419,12.2638335560542
51199,"York","Virginia",189,"2020-07-28",4.96882074366325,56.3501168082592,0.0389253841791588,5.43592535381316,5.24278899587539,5.24129843291736,17.8070735890403
51510,"Alexandria city","Virginia",189,"2020-07-28",5.81923475388082,38.1763012281893,0.0399059604364235,6.2981062791179,6.09335547486832,6.09857647693578,17.3695150543799
51520,"Bristol city","Virginia",189,"2020-07-28",3.46573590279973,140.460967460512,0.0791064948342387,4.39349819068365,4.01481797840818,4.0194813666394,8.76220317955408
51530,"Buena Vista city","Virginia",189,"2020-07-28",3.2188758248682,142.892581722194,0.0775143802581943,4.11658861491687,3.74937870824407,3.76147648667556,8.94217535186537
51540,"Charlottesville city","Virginia",189,"2020-07-28",5.22189903526113,37.8112125432807,0.0356831239670492,5.64467011301532,5.46965335280665,5.47168090303047,19.4250699910696
51550,"Chesapeake city","Virginia",189,"2020-07-28",6.99353971310893,29.3508727860212,0.0452219798397723,7.5362034711862,7.3087518308536,7.31009357198734,15.3276610846288
51570,"Colonial Heights city","Virginia",189,"2020-07-28",3.23587340123677,-112.491805629677,0.0109071334133855,3.36476128093908,3.3174966508256,3.31222333513047,63.5498947605516
51590,"Danville city","Virginia",189,"2020-07-28",5.01822546336293,90.4431661355552,0.053693534776356,5.6677195299826,5.39339141080035,5.39408020679742,12.9093229463666
51620,"Franklin city","Virginia",189,"2020-07-28",3.92902058179672,75.3997300145906,0.0360713601386637,4.35021577146378,4.18039117921994,4.18152010276737,19.2159978968185
51630,"Fredericksburg city","Virginia",189,"2020-07-28",4.19181690503092,112.229893682227,0.058219441603461,4.8770488128833,4.59058311177487,4.59935299625515,11.9057682703494
51640,"Galax city","Virginia",189,"2020-07-28",3.96217278911362,523.025204737996,-0.0116869564083757,3.82192931221311,3.87409720531595,3.88036409425499,-59.3094691499991
51650,"Hampton city","Virginia",189,"2020-07-28",6.21260609575152,21.325509781146,0.0381904137974761,6.67089106132123,6.48109353607525,6.47993899233385,18.1497687937006
51660,"Harrisonburg city","Virginia",189,"2020-07-28",4.23823874188217,513.57749264226,-0.0129798409272828,4.12210533658185,4.1446565146311,4.14737985539119,-53.401823985608
51670,"Hopewell city","Virginia",189,"2020-07-28",4.09196077086683,790.727871320477,-0.00674430986986163,4.01102905242849,4.04039008326321,4.0447506017778,-102.775108785766
51680,"Lynchburg city","Virginia",189,"2020-07-28",5.11370747923607,99.484991162562,0.0604503270543559,5.83436384987718,5.5307075903125,5.53685976861656,11.4663925628836
51683,"Manassas city","Virginia",189,"2020-07-28",4.90738894413076,564.658043213788,-0.0129179493309229,4.76230592267291,4.8187206652676,4.8169632988143,-53.6576791566051
51685,"Manassas Park city","Virginia",189,"2020-07-28",3.84710345932883,396.5796295184,-0.0182230772783995,3.65517808918654,3.72243576454255,3.71954191838003,-38.0367799560153
51690,"Martinsville city","Virginia",189,"2020-07-28",4.20894794496111,891.385204754442,-0.00596779123510878,4.14991372995788,4.16332650664937,4.16717340631535,-116.148027511775
51700,"Newport News city","Virginia",189,"2020-07-28",6.72314539167017,-29.3683941747874,0.0315095654990153,7.10126017765835,6.94504608460964,6.94371235016328,21.9979923424081
51710,"Norfolk city","Virginia",189,"2020-07-28",7.39589698566317,-84.1964107122486,0.0275764204525404,7.72681403109365,7.59263959713921,7.58893192883095,25.1355023307999
51730,"Petersburg city","Virginia",189,"2020-07-28",4.87628724156518,450.059116410668,-0.0183278337060946,4.65635323709204,4.75865210878967,4.74799240562252,-37.8193730735047
51740,"Portsmouth city","Virginia",189,"2020-07-28",6.54288356783923,52.9028658047245,0.0499086696898598,7.14178760411755,6.89085963097056,6.89224425566825,13.8883120882057
51760,"Richmond city","Virginia",189,"2020-07-28",6.13710977011602,-74.2720607403114,0.0237418644049127,6.41676261853281,6.30266847839961,6.30330282095041,29.195145281704
51770,"Roanoke city","Virginia",189,"2020-07-28",5.50765172258806,914.031970249016,-0.007544397981241,5.41711894681317,5.45594960686295,5.45484093671937,-91.8757443978224
51775,"Salem city","Virginia",189,"2020-07-28",3.84710345932883,447.701305273244,-0.0149804603876398,3.77060143316306,3.74538716082027,3.74224023661535,-46.2700853394235
51790,"Staunton city","Virginia",189,"2020-07-28",3.99162605602711,50.1308683593021,0.029817374678582,4.3494345521701,4.20071178654228,4.20034767877718,23.2464188424287
51800,"Suffolk city","Virginia",189,"2020-07-28",6.11115053291045,50.0298901875449,0.0456157760971119,6.65853984607579,6.43070278884943,6.43046096559023,15.1953389784336
51810,"Virginia Beach city","Virginia",189,"2020-07-28",7.65261352379451,21.4073640206341,0.0470661754002541,8.21740762859756,7.97964370054071,7.98207675159629,14.7270768161078
51820,"Waynesboro city","Virginia",189,"2020-07-28",4.26869794936688,-201.161262606654,0.0110828849206632,4.40169256841484,4.35335300733465,4.34627814381152,62.5421255856971
51830,"Williamsburg city","Virginia",189,"2020-07-28",3.59926729542425,342.745250010135,-0.0230663242598786,3.38487352033072,3.44928908285188,3.4378030256051,-30.0501793328901
51840,"Winchester city","Virginia",189,"2020-07-28",4.03044076024262,417.320550306231,-0.0173643280329317,3.84308263594635,3.91162731530026,3.9088904640121,-39.9178810285882
53001,"Adams","Washington",189,"2020-07-28",5.23947686652511,1057.29696011312,-0.00599965087001614,5.16748105608492,5.20052949508489,5.197479310435,-115.531252664054
53005,"Benton","Washington",189,"2020-07-28",7.11639414409347,-436.43753057973,0.0114699607830687,7.2540336734903,7.20338831892746,7.19668386957495,60.4315214035545
53007,"Chelan","Washington",189,"2020-07-28",6.23441072571837,-72.5813820541048,0.0242979855974263,6.52598655288749,6.4072762264181,6.40449662490035,28.5269401358673
53009,"Clallam","Washington",189,"2020-07-28",3.56347818757266,36.4788782669826,0.0241664175529753,3.85505403631911,3.73635891752517,3.73264311044349,28.6822479600252
53011,"Clark","Washington",189,"2020-07-28",6.59245727759233,2868.35988128511,-0.00245587684555778,6.56298675544564,6.57847268155002,6.57526613967343,-282.240203458785
53015,"Cowlitz","Washington",189,"2020-07-28",5.25376819663586,-170.982141628038,0.0148000915554251,5.43136929530096,5.3631666177203,5.35736883752384,46.8339792334504
53017,"Douglas","Washington",189,"2020-07-28",5.87973458316468,-4.46481461424127,0.0311980493292586,6.25411117511578,6.10178687440854,6.09812092846949,22.2176448676196
53021,"Franklin","Washington",189,"2020-07-28",7.07423777174635,917.895024549609,-0.00963930471675811,6.95856611514525,7.01474651983554,7.00676263872904,-71.9084208796612
53025,"Grant","Washington",189,"2020-07-28",6.16841456010003,-193.650373080662,0.0162901725090495,6.34747179569948,6.28275007720614,6.28244576766338,42.5500208898887
53027,"Grays Harbor","Washington",189,"2020-07-28",3.90916177314711,92.6880230321597,0.0424243910291384,4.382947708877,4.20761551100286,4.20613251035108,16.3384120253811
53029,"Island","Washington",189,"2020-07-28",3.46126162240481,117.402893459051,0.0513753280153571,4.03795212959924,3.82167874973956,3.82088891851231,13.4918297816561
53033,"King","Washington",189,"2020-07-28",8.17498453294309,-437.345166302897,0.0131569133813104,8.33286749351882,8.27260729410655,8.26708292661226,52.6831149883964
53035,"Kitsap","Washington",189,"2020-07-28",5.55848141010592,91.035424660314,0.0597913924717627,6.27597811976707,5.96726886593079,5.97702115740826,11.5927586213566
53037,"Kittitas","Washington",189,"2020-07-28",5.14832469686944,1135.90916899204,-0.00540711078232893,5.08219300206669,5.11661909416733,5.11047492139314,-128.191784571019
53039,"Klickitat","Washington",189,"2020-07-28",3.20738144544247,122.867321175466,0.0522508711813907,3.82124618041072,3.57196324822001,3.5731375437122,13.2657535632978
53041,"Lewis","Washington",189,"2020-07-28",4.28260085453587,5.80141374370098,0.0240327431575484,4.57099377242645,4.45292772293,4.45083005663871,28.8417837288057
53045,"Mason","Washington",189,"2020-07-28",3.93462283734539,135.618605422733,0.0810323393587004,4.89284565633668,4.48617374814402,4.50184921285629,8.55395742052611
53047,"Okanogan","Washington",189,"2020-07-28",6.11872632671891,30.067899990628,0.0397495150546662,6.5957205073749,6.40021503081378,6.39697293210157,17.4378776598075
53051,"Pend Oreille","Washington",189,"2020-07-28",3.29583686600433,121.403024104681,0.0526794988483895,3.92973130577077,3.66848269262202,3.66459335794306,13.1578165265924
53053,"Pierce","Washington",189,"2020-07-28",7.43644888671893,-102.534841040306,0.0259530354483937,7.74788531209965,7.61736623766807,7.61812013485769,26.7077499253693
53057,"Skagit","Washington",189,"2020-07-28",5.29402244226516,-217.560711105052,0.0131836165637235,5.45222584102984,5.39301420207592,5.38630775821122,52.5764062698268
53059,"Skamania","Washington",189,"2020-07-28",3.64507683145554,611.525509604358,-0.00863519489485187,3.58814375921627,3.59081035808188,3.58463046719158,-80.2700099997958
53061,"Snohomish","Washington",189,"2020-07-28",7.06768514546119,-152.982351712952,0.0209734578369896,7.31936663950506,7.21518065273434,7.21449935032012,33.0487793642442
53063,"Spokane","Washington",189,"2020-07-28",7.44115280131435,-212.16986473361,0.0187827330236687,7.66654559759837,7.57579000745255,7.57263193248003,36.9034250599467
53065,"Stevens","Washington",189,"2020-07-28",3.59926729542425,129.715605452878,0.0656341586931616,4.35052047058592,4.05562667242149,4.05870640627638,10.5607688795158
53067,"Thurston","Washington",189,"2020-07-28",5.62864833514717,-16.2624165628418,0.0281063637988255,5.96592470073308,5.82538703508131,5.82539288173895,24.6615743509628
53071,"Walla Walla","Washington",189,"2020-07-28",5.10853950907763,66.9007374323706,0.0436257188735689,5.63204813556046,5.41340746924046,5.41391954119261,15.8884987676363
53073,"Whatcom","Washington",189,"2020-07-28",5.24627190965793,-120.862397395708,0.0172086552965347,5.45277577321635,5.36801362533411,5.36673249673367,40.2789856973614
53075,"Whitman","Washington",189,"2020-07-28",3.52214999207982,16.2441947442042,0.0209956966121632,3.77409835142578,3.6730938774077,3.66911986836496,33.0137738872828
53077,"Yakima","Washington",189,"2020-07-28",7.75570598744214,2049.76468659937,-0.00415685109871924,7.70582377425751,7.7251396808217,7.72660802975111,-166.748137977208
54003,"Berkeley","West Virginia",189,"2020-07-28",4.91580119142541,-53.205841327531,0.0207237779808202,5.16448652719525,5.06042660407994,5.06086763729115,33.4469507056798
54005,"Boone","West Virginia",189,"2020-07-28",3.81299162482197,27.2663984771741,0.0243861962160444,4.11477071497547,3.99218260848252,3.98369499833428,28.4237514706744
54009,"Brooke","West Virginia",189,"2020-07-28",3.58747933967221,63.2858904691591,0.0299107496409033,3.9695785039924,3.80276418469989,3.79685458715853,23.1738484953269
54011,"Cabell","West Virginia",189,"2020-07-28",4.83059684331687,-37.1472518967394,0.0218433500840988,5.09271704432606,4.98460557360173,4.98350029390556,31.7326407300742
54019,"Fayette","West Virginia",189,"2020-07-28",3.8286413964891,106.135023348334,0.0491702632059694,4.41868455496073,4.17429970417964,4.17283323893089,14.0968775712349
54023,"Grant","West Virginia",189,"2020-07-28",3.18988828799495,151.530762067358,0.0953631563845859,4.24072689127393,3.82094140796684,3.85743038268705,7.26850082189585
54025,"Greenbrier","West Virginia",189,"2020-07-28",3.00991690854595,308.107458428675,-0.0245266777573872,2.74962350707981,2.84830901566432,2.83823016424424,-28.2609486460585
54029,"Hancock","West Virginia",189,"2020-07-28",4.05302641289137,83.568342809497,0.0403491999662126,4.53652741851227,4.34046279429283,4.33547081265486,17.1787093954866
54033,"Harrison","West Virginia",189,"2020-07-28",4.48219512362928,-78.6854327665457,0.0170309132944818,4.67814378870426,4.60706943981286,4.60141151669065,40.6993546719853
54037,"Jefferson","West Virginia",189,"2020-07-28",3.76451686831956,366.227911932388,-0.0209744836553967,3.57044255651818,3.629297169511,3.61769548273178,-33.0471630171263
54039,"Kanawha","West Virginia",189,"2020-07-28",5.78689738136671,67.035282943537,0.0494755814146344,6.38060435834232,6.13099350379813,6.13322645126915,14.009884487278
54043,"Lincoln","West Virginia",189,"2020-07-28",3.60316593583991,145.162357163284,0.0913079811637822,4.64188253454596,4.23987481561265,4.24232180398639,7.59130989126377
54045,"Logan","West Virginia",189,"2020-07-28",3.94573406277046,147.517320557329,0.105676496967438,5.12347972709671,4.6552440402711,4.68546954154252,6.55914229228782
54049,"Marion","West Virginia",189,"2020-07-28",4.43928424994241,466.273591980701,-0.0157868473709389,4.26676794499473,4.33961333968707,4.32877631834584,-43.9066245636809
54051,"Marshall","West Virginia",189,"2020-07-28",4.04555439805267,126.274852370198,0.0699080593136583,4.87434975615781,4.53493274509777,4.53491081324828,9.9151254857467
54055,"Mercer","West Virginia",189,"2020-07-28",3.67449071666184,125.648617352874,0.0628466910394948,4.4213516094252,4.11369144096018,4.1144175539383,11.0291754282552
54057,"Mineral","West Virginia",189,"2020-07-28",3.58747933967221,141.877756466767,0.0842605320136817,4.56036903388427,4.17491147872045,4.17730306376798,8.22623788379827
54059,"Mingo","West Virginia",189,"2020-07-28",4.21106883653024,135.900700954563,0.0868706113512097,5.22086284985628,4.81979246975686,4.81916311598871,7.97907565951869
54061,"Monongalia","West Virginia",189,"2020-07-28",6.39311285668945,1221.07975462215,-0.00616453346832395,6.31913845506956,6.35543982371902,6.34996112241118,-112.44114159192
54069,"Ohio","West Virginia",189,"2020-07-28",4.80636022708643,77.6783021213622,0.0452058264962314,5.34883014504121,5.12137555777454,5.12280101256005,15.3331380993052
54077,"Preston","West Virginia",189,"2020-07-28",3.51367536508885,338.971556885359,-0.023004589341002,3.28900195359138,3.35899086237335,3.35264323970184,-30.1308217367098
54079,"Putnam","West Virginia",189,"2020-07-28",4.34565899050301,72.3572344212278,0.0389246805914784,4.81275515760075,4.61931610725199,4.61813175464336,17.8073954629108
54081,"Raleigh","West Virginia",189,"2020-07-28",4.28260085453587,77.4468146594263,0.0400839304188408,4.75207763212349,4.56302541737801,4.56318836746776,17.2923955639376
54083,"Randolph","West Virginia",189,"2020-07-28",3.67086094861126,336.525773786877,-0.0243518487991838,3.42206239564634,3.51526687137107,3.50039800701697,-28.4638421614698
54091,"Taylor","West Virginia",189,"2020-07-28",3.06472514504094,131.210029426395,0.0576642149977261,3.73606279285272,3.47123062852776,3.46837465002502,12.0204043458717
54099,"Wayne","West Virginia",189,"2020-07-28",4.06780500698749,43.3157207109871,0.0287982039842453,4.39703302015247,4.28092757143767,4.26939243487721,24.0691114258079
54103,"Wetzel","West Virginia",189,"2020-07-28",3.32708940950844,319.709486477226,-0.0248173570521469,3.07014249664306,3.17367098837172,3.15336791014341,-27.9299354521711
54107,"Wood","West Virginia",189,"2020-07-28",4.72738781871234,413.84833072379,-0.0208166024565698,4.53486209650447,4.5992974263483,4.58167160151635,-33.2978055379631
55001,"Adams","Wisconsin",189,"2020-07-28",3.52636052461616,520.134330877634,-0.0106060485293935,3.43778444333068,3.45817918886622,3.45211818491041,-65.3539514399696
55005,"Barron","Wisconsin",189,"2020-07-28",4.25053397873921,140.603274842567,0.0962843404575393,5.33383714529099,4.90658348498144,4.92452436194198,7.19896067487338
55009,"Brown","Wisconsin",189,"2020-07-28",6.63275436444903,-505.421339432069,0.00966198235508831,6.77712060507506,6.70967400056145,6.70038824093465,71.739644628404
55011,"Buffalo","Wisconsin",189,"2020-07-28",3.27983652465789,102.758946501947,0.0402799185253589,3.75574203812019,3.56371500498831,3.5617959543354,17.2082567675395
55015,"Calumet","Wisconsin",189,"2020-07-28",4.55687989686031,19.553719671271,0.0277104467656616,4.88940525804825,4.75120614177407,4.75085302421994,25.0139301766467
55017,"Chippewa","Wisconsin",189,"2020-07-28",4.5155580272984,-28.9804594948483,0.0212017479819909,4.76997900308229,4.66624400126882,4.66397026317234,32.6929261280115
55019,"Clark","Wisconsin",189,"2020-07-28",4.29436569611546,-196.474952125876,0.0112842910211588,4.42880157830373,4.38073376931766,4.37335573326357,61.4258511465408
55021,"Columbia","Wisconsin",189,"2020-07-28",4.53413441287134,-10.3330483181688,0.0233317721926942,4.81411567918367,4.69908231183103,4.6974568182202,29.7082954023094
55025,"Dane","Wisconsin",189,"2020-07-28",7.37418108687999,518.645108636426,-0.0220358251071634,7.10975118559403,7.23362828880554,7.21993031112985,-31.4554675029898
55027,"Dodge","Wisconsin",189,"2020-07-28",4.90209512552105,-15.5810921658885,0.0245619215343631,5.19683818393341,5.07495889326268,5.07402857626159,28.2203971537896
55029,"Door","Wisconsin",189,"2020-07-28",3.57555076880693,32.2777964553343,0.0236618400663087,3.87396859557752,3.74464278201988,3.74118364927109,29.2938832574942
55031,"Douglas","Wisconsin",189,"2020-07-28",3.96488649498521,-43.8074163528225,0.0173886385537153,4.16992448545954,4.0930963129569,4.08660696486122,39.8620730667753
55033,"Dunn","Wisconsin",189,"2020-07-28",3.78418963391826,110.232562377548,0.0511644182679529,4.38824105228569,4.14357780610538,4.14234056179393,13.5474457450072
55035,"Eau Claire","Wisconsin",189,"2020-07-28",5.11198778835654,409.987453309541,-0.0226789229032088,4.85300495586107,4.96273530349511,4.95323532803408,-30.5634964904737
55039,"Fond du Lac","Wisconsin",189,"2020-07-28",5.10160707230198,7.89032271668045,0.0289683517169512,5.44922729290539,5.30513331839534,5.30438553432064,23.927739739308
55043,"Grant","Wisconsin",189,"2020-07-28",4.70695288029804,19.2037567441949,0.0285622583822598,5.04969998088516,4.90665314580266,4.90688868897386,24.2679402757054
55045,"Green","Wisconsin",189,"2020-07-28",3.27444567602301,308.583886871212,-0.027035616507258,3.04377479034661,3.10566307794995,3.0851963604722,-25.6382975536682
55049,"Iowa","Wisconsin",189,"2020-07-28",3.09104245335832,613.129678824603,-0.00727302719819514,3.03379549926574,3.03933075027837,3.04013126297095,-95.3038070216423
55051,"Iron","Wisconsin",189,"2020-07-28",3.77111755235091,142.094207832435,0.0880967977694486,4.74892767118788,4.36466629939628,4.38779513673705,7.86801788612031
55055,"Jefferson","Wisconsin",189,"2020-07-28",5.43372200355424,-119.687480623029,0.017892479441058,5.64843175684694,5.55987495689097,5.55896935964165,38.7395823392356
55057,"Juneau","Wisconsin",189,"2020-07-28",4.02023659006838,125.512127080624,0.0687362420515819,4.84507149468736,4.4983826216222,4.50139028442945,10.0841588057692
55059,"Kenosha","Wisconsin",189,"2020-07-28",6.50450200867057,-79.7344192103013,0.024663075938844,6.8004589199367,6.67822520979128,6.67714354024248,28.1046525696436
55061,"Kewaunee","Wisconsin",189,"2020-07-28",3.63758615972639,4.4719092136183,0.0203747878251635,3.90234421233117,3.78160856086869,3.78020967450253,34.0198477897222
55063,"La Crosse","Wisconsin",189,"2020-07-28",5.46262041783932,446.04807854055,-0.0208458709114099,5.2124699669024,5.32039823255199,5.31669932145945,-33.2510540579311
55065,"Lafayette","Wisconsin",189,"2020-07-28",3.0513021247088,128.728867742528,0.0551298086034224,3.70864464588997,3.43677074238137,3.43721078493276,12.5730017592863
55069,"Lincoln","Wisconsin",189,"2020-07-28",3.66356164612965,92.0103174029062,0.0397657283377986,4.13522546808994,3.94436970982484,3.94192174449424,17.4307678881638
55071,"Manitowoc","Wisconsin",189,"2020-07-28",4.86423230105983,20.4617468863068,0.0298333827237645,5.23689988780185,5.07381453867099,5.07306598012618,23.2339452410739
55073,"Marathon","Wisconsin",189,"2020-07-28",5.60475109405002,-0.417939424169676,0.0302810129020611,5.94773415789954,5.81657251063581,5.81671818436445,22.8904885976507
55075,"Marinette","Wisconsin",189,"2020-07-28",5.06800532575522,81.4548281893571,0.0494221740162829,5.66107141395061,5.41643438168893,5.4139605438692,14.0250240778881
55077,"Marquette","Wisconsin",189,"2020-07-28",3.81299162482197,734.208667238523,-0.00698568094601328,3.75975403170735,3.76652539917035,3.76409185819988,-99.2239963314563
55079,"Milwaukee","Wisconsin",189,"2020-07-28",8.68321597524069,-258.16791600399,0.0196378245932306,8.91886987035946,8.82190265489116,8.8206807473933,35.296535890176
55081,"Monroe","Wisconsin",189,"2020-07-28",4.59222967471236,933.365314282286,-0.00616471951744106,4.54565034444007,4.54868394036995,4.54907663809027,-112.437748156897
55083,"Oconto","Wisconsin",189,"2020-07-28",4.32507828280299,25.841384672122,0.0273464602218266,4.65323580546491,4.51896829820086,4.51650350435578,25.3468703056021
55085,"Oneida","Wisconsin",189,"2020-07-28",3.76782265645406,122.543517748055,0.0604376372537825,4.43953622828194,4.1935827597948,4.19088611723054,11.4688001062875
55087,"Outagamie","Wisconsin",189,"2020-07-28",6.02862269507491,-80.4159288154987,0.0227997712621977,6.30221995022128,6.1894548119654,6.18822109391029,30.4014971285783
55089,"Ozaukee","Wisconsin",189,"2020-07-28",5.39622158152941,-81.5609577969627,0.0203200863044603,5.64006261718293,5.54311615522069,5.53846218566063,34.1114289661161
55091,"Pepin","Wisconsin",189,"2020-07-28",3.55942138687705,124.10588382279,0.0592586196483615,4.26034608550043,3.97489617979789,3.97423172441558,11.6969849225827
55093,"Pierce","Wisconsin",189,"2020-07-28",4.28850057666306,0.87179433711749,0.0233748551085015,4.56109353495176,4.45369478756422,4.45212456242257,29.6535391275151
55095,"Polk","Wisconsin",189,"2020-07-28",3.65620867182439,53.3944481109566,0.0280877355634824,4.00546703134391,3.85474083859886,3.85282282076877,24.6779303014062
55097,"Portage","Wisconsin",189,"2020-07-28",4.98653774251719,423.936221795621,-0.020782763457719,4.73714458102456,4.85290808888434,4.84105839831316,-33.3520218314616
55101,"Racine","Wisconsin",189,"2020-07-28",6.57567339066222,30.7225041272474,0.0429004489747222,7.09047877835889,6.87491385903888,6.87597653348528,16.1571078421198
55105,"Rock","Wisconsin",189,"2020-07-28",5.99574110387524,-249.120618630838,0.0138431209366775,6.16185855511537,6.09863169325352,6.09264295043198,50.0715975631945
55109,"St. Croix","Wisconsin",189,"2020-07-28",5.24023415546701,-204.056716084112,0.0135037842105822,5.402279565994,5.34523182637263,5.33476064494109,51.329847230287
55111,"Sauk","Wisconsin",189,"2020-07-28",5.07428055925661,87.1508591749841,0.0523936559068156,5.7030044301384,5.43926328530532,5.44103615060432,13.2296013431996
55115,"Shawano","Wisconsin",189,"2020-07-28",3.81299162482197,85.0607274786254,0.0388959410638394,4.31508740565661,4.08556915606282,4.08526321226885,17.8205530346288
55117,"Sheboygan","Wisconsin",189,"2020-07-28",5.4812339843533,29.7037354132456,0.0355240873720013,5.90752303281732,5.72908107165638,5.72990259595731,19.5120334352701
55119,"Taylor","Wisconsin",189,"2020-07-28",3.18988828799495,61.4765919766059,0.0261764761422284,3.52134878069564,3.37548944843906,3.37312362099055,26.4797743131569
55121,"Trempealeau","Wisconsin",189,"2020-07-28",4.87846352098777,-113.10257741604,0.0164741340207548,5.09219728651258,4.99602537322587,4.99378245913305,42.0748780899008
55127,"Walworth","Wisconsin",189,"2020-07-28",5.93979524218771,-350.740501159172,0.0111078087956903,6.07308894773599,6.02790526707002,6.01754990375754,62.4017925865699
55131,"Washington","Wisconsin",189,"2020-07-28",5.63886292855689,9.26625400171202,0.0322711728998939,6.02611700335562,5.86449652170464,5.86476113885615,21.4788344604055
55133,"Waukesha","Wisconsin",189,"2020-07-28",7.35372233039963,11.7651857062967,0.0426959111638121,7.86607326436537,7.65135321395216,7.65259370854631,16.2345096208519
55135,"Waupaca","Wisconsin",189,"2020-07-28",5.10247625966657,85.6998638075091,0.0515168905539661,5.68232004431611,5.46199113168127,5.46309449354433,13.4547557724557
55137,"Waushara","Wisconsin",189,"2020-07-28",3.57954279007647,137.27424368151,0.0756385453587796,4.44193078302478,4.10161592433672,4.10901260758793,9.16394117935651
55139,"Winnebago","Wisconsin",189,"2020-07-28",5.46262041783932,-37.5700699479404,0.0246541440327333,5.75847014623212,5.63469115019894,5.63519942606845,28.1148345543716
55141,"Wood","Wisconsin",189,"2020-07-28",4.49663001741289,1597.83194324531,-0.00318045580940216,4.45846454770006,4.47277746116991,4.47436682674708,-217.939572847025
56001,"Albany","Wyoming",189,"2020-07-28",3.71705033108063,-64.006287061605,0.0150890049412392,3.92323615022581,3.83428410623422,3.8226733656693,45.9372359714411
56005,"Campbell","Wyoming",189,"2020-07-28",3.75453342433537,512.342805139747,-0.0114295932501098,3.61566959034606,3.67968080635003,3.6745262715846,-60.6449560707932
56007,"Carbon","Wyoming",189,"2020-07-28",3.61477148196022,139.105688536348,0.080357938592245,4.57190958684417,4.16501350081778,4.17727705210593,8.6257461640117
56013,"Fremont","Wyoming",189,"2020-07-28",4.44096917030733,-9.44162697513632,0.0229576706924521,4.71646121861676,4.60250197333622,4.60167286515449,30.1924001718448
56021,"Laramie","Wyoming",189,"2020-07-28",4.87410621561882,-190.435428216086,0.0130374691027853,5.03813995558883,4.96963398236826,4.96536849933832,53.1657774292913
56023,"Lincoln","Wyoming",189,"2020-07-28",3.94296780927757,-3.96575989846046,0.0211941842654205,4.2381111620628,4.09576111454346,4.09132709913551,32.7045934809038
56025,"Natrona","Wyoming",189,"2020-07-28",4.07511320029421,829.808480531484,-0.00631009552079666,3.99939205404465,4.02705667973935,4.03094253164863,-109.847335634697
56029,"Park","Wyoming",189,"2020-07-28",3.68171096463532,352.544138370239,-0.0220374592504511,3.44983507023113,3.53378198776093,3.52744874988216,-31.4531349863191
56037,"Sweetwater","Wyoming",189,"2020-07-28",4.74244456489145,-166.596955612517,0.0135267705237374,4.9047658111763,4.84190320097897,4.83713195855761,51.242621388718
56039,"Teton","Wyoming",189,"2020-07-28",4.91684776399609,112.326948603528,0.0681566731612634,5.70287681643495,5.38831497922697,5.39394447612493,10.169909246009
56041,"Uinta","Wyoming",189,"2020-07-28",3.9262076404201,-140.084483166956,0.0122411338598081,4.11405514665114,4.01280514528901,4.01189557743876,56.6244261763844
69110,"Saipan","Northern Mariana Islands",189,"2020-07-28",3.64133850934494,-43.6411995649898,0.016085266719937,3.85469261208851,3.76250181069041,3.7539353763845,43.0920539042613
78010,"St. Croix","Virgin Islands",189,"2020-07-28",5.13411635086728,-58.6327899044252,0.0211600268574155,5.38803667315627,5.29154206619205,5.28223653886919,32.7573866153688
78030,"St. Thomas","Virgin Islands",189,"2020-07-28",4.25864761351338,80.6373616465474,0.0412010343519945,4.75306002573731,4.5533088582521,4.54705485397734,16.8235383276583
99999,"New York City","New York",189,"2020-07-28",8.88137985163881,1921.24485725955,-0.00511233624582369,8.82003181668893,8.84151284638567,8.84559349791804,-135.583253375829
