fips: 8119
T_interval_start: 466
T_interval_end: 497
sigma: 0.9500000000000001
gamma: 0.05
rmse: 8.137410586657236
