fips: 8119
T_interval_start: 527
T_interval_end: 558
sigma: 0.9500000000000001
gamma: 0.1
rmse: 4.244531209223025
