fips: 8119
T_interval_start: 224
T_interval_end: 254
sigma: 0.9000000000000001
gamma: 0.1
rmse: 1.3444834977735063
