fips: 8119
T_interval_start: 742
T_interval_end: 770
sigma: 0.9500000000000001
gamma: 0.1
rmse: 19.53190196267999
