fips: 8119
T_interval_start: 558
T_interval_end: 589
sigma: 0.9500000000000001
gamma: 0.15000000000000002
rmse: 5.718016399474065
