fips: 8119
T_interval_start: 892
T_interval_end: 923
sigma: 0.9
gamma: 0.04
rmse: 86.08417982526532
mae: 85.16552466925214
