fips: 8119
T_interval_start: 224
T_interval_end: 254
sigma: 0.9900000000000001
gamma: 0.04
rmse: 7.194225894198469
mae: 6.9385902330165745
