fips: 8119
T_interval_start: 315
T_interval_end: 346
sigma: 0.9900000000000001
gamma: 0.04
rmse: 91.3434633884605
mae: 91.04053975340358
