fips: 8119
T_interval_start: 831
T_interval_end: 862
sigma: 0.9
gamma: 0.04
rmse: 16.74599631351267
mae: 10.944473553463945
