fips: 8119
T_interval_start: 770
T_interval_end: 801
sigma: 0.9900000000000001
gamma: 0.04
rmse: 7.474688000362595
mae: 5.068563118468066
