fips: 8119
T_interval_start: 162
T_interval_end: 193
sigma: 0.9900000000000001
gamma: 0.03
rmse: 1.0688065742487431
mae: 0.8912464597616419
