fips: 8119
T_interval_start: 377
T_interval_end: 405
sigma: 0.9900000000000001
gamma: 0.04
rmse: 43.53196031005882
mae: 42.645187355140955
