fips: 8119
T_interval_start: 1015
T_interval_end: 1045
sigma: 0.9900000000000001
gamma: 0.03
rmse: 6.819157737672597
mae: 5.811842929211135
