fips: 8119
T_interval_start: 558
T_interval_end: 589
sigma: 0.9900000000000001
gamma: 0.04
rmse: 14.525914327378436
mae: 13.732612942037184
