fips: 8119
T_interval_start: 680
T_interval_end: 711
sigma: 0.9
gamma: 0.04
rmse: 66.91249050622054
mae: 65.8063209363081
