fips: 8119
T_interval_start: 619
T_interval_end: 650
sigma: 0.9
gamma: 0.04
rmse: 55.9898611859374
mae: 54.27183035228363
