fips: 8119
T_interval_start: 193
T_interval_end: 224
sigma: 0.9
gamma: 0.04
rmse: 2.3454509634669503
mae: 2.2843689371985545
