fips: 8119
T_interval_start: 346
T_interval_end: 377
sigma: 0.9900000000000001
gamma: 0.04
rmse: 64.94334984973725
mae: 64.40498457507557
