fips: 8119
T_interval_start: 862
T_interval_end: 892
sigma: 0.9
gamma: 0.04
rmse: 70.707893790935
mae: 67.47459289796788
