fips: 8119
T_interval_start: 1045
T_interval_end: 1076
sigma: 0.9
gamma: 0.03
rmse: 8.811076874174043
mae: 8.591593913822601
