fips: 8119
T_interval_start: 436
T_interval_end: 466
sigma: 0.9900000000000001
gamma: 0.04
rmse: 28.24094252882717
mae: 28.047718435754103
