fips: 8119
T_interval_start: 466
T_interval_end: 497
sigma: 0.9900000000000001
gamma: 0.04
rmse: 23.66978082604394
mae: 23.52222897355851
