fips: 8119
T_interval_start: 711
T_interval_end: 742
sigma: 0.9900000000000001
gamma: 0.03
rmse: 26.857484290203946
mae: 19.96141499072218
