fips: 8119
T_interval_start: 801
T_interval_end: 831
sigma: 0.9900000000000001
gamma: 0.04
rmse: 6.770120700908993
mae: 4.973656948623762
