fips: 8119
T_interval_start: 923
T_interval_end: 954
sigma: 0.9900000000000001
gamma: 0.03
rmse: 33.11965346821051
mae: 32.66886416664605
