fips: 8119
T_interval_start: 711
T_interval_end: 742
sigma: 0.9
gamma: 0.03
rmse: 89.69807931210791
mae: 70.50908203097278
