fips: 8119
T_interval_start: 558
T_interval_end: 589
sigma: 0.9
gamma: 0.04
rmse: 7.329738713325887
mae: 6.098326876397398
