fips: 8119
T_interval_start: 1107
T_interval_end: 1135
sigma: 0.9
gamma: 0.03
rmse: 0.4138803368740091
mae: 0.35789117108796425
