fips: 8119
T_interval_start: 466
T_interval_end: 497
sigma: 0.9
gamma: 0.04
rmse: 23.550086886339386
mae: 23.493622309862417
