fips: 8119
T_interval_start: 193
T_interval_end: 224
sigma: 0.9
gamma: 0.04
rmse: 6.880468921440996
mae: 6.804750518423393
