fips: 8119
T_interval_start: 984
T_interval_end: 1015
sigma: 0.9900000000000001
gamma: 0.03
rmse: 1.8867655686223785
mae: 1.5192439557224895
