fips: 8119
T_interval_start: 862
T_interval_end: 892
sigma: 0.9900000000000001
gamma: 0.03
rmse: 72.65812902440693
mae: 72.47939406576776
