fips: 8119
T_interval_start: 405
T_interval_end: 436
sigma: 0.9900000000000001
gamma: 0.04
rmse: 6.216649069203887
mae: 5.422335136410897
