fips: 8119
T_interval_start: 831
T_interval_end: 862
sigma: 0.9
gamma: 0.04
rmse: 21.55524377176209
mae: 17.706432600327826
