fips: 8119
T_interval_start: 377
T_interval_end: 405
sigma: 0.9900000000000001
gamma: 0.04
rmse: 16.95288273798975
mae: 16.222916700842976
