fips: 8119
T_interval_start: 527
T_interval_end: 558
sigma: 0.9
gamma: 0.04
rmse: 5.064163425330412
mae: 4.073630183225614
