fips: 8119
T_interval_start: 770
T_interval_end: 801
sigma: 0.9
gamma: 0.04
rmse: 16.854103018327322
mae: 15.400825095443052
