fips: 8119
T_interval_start: 315
T_interval_end: 346
sigma: 0.9900000000000001
gamma: 0.04
rmse: 37.33783761640956
mae: 36.96776750264829
