fips: 8119
T_interval_start: 954
T_interval_end: 984
sigma: 0.9900000000000001
gamma: 0.03
rmse: 13.787208115165827
mae: 13.047808660606359
