fips: 8119
T_interval_start: 801
T_interval_end: 831
sigma: 0.9
gamma: 0.04
rmse: 8.763643548018125
mae: 8.351170055652782
