fips: 8119
T_interval_start: 254
T_interval_end: 285
sigma: 0.9
gamma: 0.04
rmse: 5.19039357192408
mae: 5.128789154366105
