fips: 8119
T_interval_start: 162
T_interval_end: 193
sigma: 0.9
gamma: 0.04
rmse: 2.129225192296607
mae: 1.4822471312806962
