fips: 8119
T_interval_start: 742
T_interval_end: 770
sigma: 0.9900000000000001
gamma: 0.03
rmse: 124.1356929437911
mae: 105.74607375844256
