fips: 8119
T_interval_start: 315
T_interval_end: 346
sigma: 0.9900000000000001
gamma: 0.04
rmse: 75.22080616233497
mae: 75.01531477579297
