fips: 8119
T_interval_start: 619
T_interval_end: 650
sigma: 0.9
gamma: 0.04
rmse: 77.02493514234094
mae: 75.42551992735675
