fips: 8119
T_interval_start: 346
T_interval_end: 377
sigma: 0.9900000000000001
gamma: 0.04
rmse: 51.09327741338701
mae: 50.58005059871768
