fips: 8119
T_interval_start: 862
T_interval_end: 892
sigma: 0.9
gamma: 0.04
rmse: 68.67003699261916
mae: 65.21321404607167
