fips: 8119
T_interval_start: 285
T_interval_end: 315
sigma: 0.9
gamma: 0.04
rmse: 42.905142081157
mae: 38.75020670386336
