fips: 8119
T_interval_start: 650
T_interval_end: 680
sigma: 0.9
gamma: 0.04
rmse: 93.19832416426783
mae: 93.16195910369207
