fips: 8119
T_interval_start: 497
T_interval_end: 527
sigma: 0.9
gamma: 0.04
rmse: 3.5120309750285426
mae: 3.2703070637395473
