fips: 8119
T_interval_start: 558
T_interval_end: 589
sigma: 0.9900000000000001
gamma: 0.04
rmse: 6.151205255520627
mae: 5.6348512237033495
