fips: 8119
T_interval_start: 466
T_interval_end: 497
sigma: 0.9900000000000001
gamma: 0.04
rmse: 2.277883112452715
mae: 1.9371503713599385
