fips: 8119
T_interval_start: 801
T_interval_end: 831
sigma: 0.9900000000000001
gamma: 0.04
rmse: 3.0226628752633244
mae: 2.5174315743957405
