fips: 8119
T_interval_start: 589
T_interval_end: 619
sigma: 0.9
gamma: 0.04
rmse: 21.104793073981416
mae: 17.84950806891543
