fips: 8119
T_interval_start: 831
T_interval_end: 862
sigma: 0.9
gamma: 0.04
rmse: 14.795326269484217
mae: 10.780857000619916
