fips: 8119
T_interval_start: 224
T_interval_end: 254
sigma: 0.9900000000000001
gamma: 0.04
rmse: 6.67437417666699
mae: 6.4128420346699135
