fips: 8119
T_interval_start: 254
T_interval_end: 285
sigma: 0.9
gamma: 0.04
rmse: 7.500624771730015
mae: 7.334096788119913
