fips: 8119
T_interval_start: 984
T_interval_end: 1015
sigma: 0.9900000000000001
gamma: 0.03
rmse: 15.700790200311511
mae: 15.425338585088063
