fips: 8119
T_interval_start: 711
T_interval_end: 742
sigma: 0.9
gamma: 0.03
rmse: 44.06416507936127
mae: 37.483339408175354
