fips: 8119
T_interval_start: 892
T_interval_end: 923
sigma: 0.9
gamma: 0.04
rmse: 88.86767970507991
mae: 88.1092955250658
