fips: 8119
T_interval_start: 193
T_interval_end: 224
sigma: 0.9
gamma: 0.04
rmse: 2.3631315489660327
mae: 2.2840442045011664
