fips: 8119
T_interval_start: 1015
T_interval_end: 1045
sigma: 0.9900000000000001
gamma: 0.03
rmse: 5.987180996896561
mae: 5.026023444307868
