fips: 8119
T_interval_start: 405
T_interval_end: 436
sigma: 0.9900000000000001
gamma: 0.04
rmse: 15.213767432794308
mae: 15.13297548351758
