fips: 8119
T_interval_start: 436
T_interval_end: 466
sigma: 0.9900000000000001
gamma: 0.04
rmse: 10.89318725991383
mae: 10.588929586066092
