fips: 8119
T_interval_start: 770
T_interval_end: 801
sigma: 0.9
gamma: 0.04
rmse: 6.268926736331935
mae: 5.479945908042726
