fips: 8119
T_interval_start: 923
T_interval_end: 954
sigma: 0.9
gamma: 0.04
rmse: 39.30202729738684
mae: 37.542865541340845
