fips: 8119
T_interval_start: 377
T_interval_end: 405
sigma: 0.9900000000000001
gamma: 0.04
rmse: 29.348860901112804
mae: 28.571007157460922
