fips: 8119
T_interval_start: 680
T_interval_end: 711
sigma: 0.9900000000000001
gamma: 0.03
rmse: 64.25497089951426
mae: 63.65197835742453
