fips: 8035
T_interval_start: 1015
T_interval_end: 1045
sigma: 0.9500000000000001
gamma: 0.3
rmse: 254.9903380746018
