fips: 8035
T_interval_start: 377
T_interval_end: 405
sigma: 0.9500000000000001
gamma: 0.05
rmse: 221.7021658968641
