fips: 8035
T_interval_start: 742
T_interval_end: 770
sigma: 0.9000000000000001
gamma: 0.1
rmse: 327.22338726821266
