fips: 8035
T_interval_start: 193
T_interval_end: 224
sigma: 0.9500000000000001
gamma: 0.1
rmse: 20.357223153469164
