fips: 8035
T_interval_start: 984
T_interval_end: 1015
sigma: 0.9000000000000001
gamma: 0.05
rmse: 49.17314784994354
