fips: 8035
T_interval_start: 650
T_interval_end: 680
sigma: 0.9
gamma: 0.03
rmse: 985.6826106698585
mae: 969.5203602451081
