fips: 8035
T_interval_start: 132
T_interval_end: 162
sigma: 0.9
gamma: 0.04
rmse: 16.00791912945378
mae: 13.889316327628789
