fips: 8035
T_interval_start: 466
T_interval_end: 497
sigma: 0.9
gamma: 0.03
rmse: 153.84613829566072
mae: 142.75243272160432
