fips: 8035
T_interval_start: 405
T_interval_end: 436
sigma: 0.9900000000000001
gamma: 0.03
rmse: 141.04096876982783
mae: 130.7729013031441
