fips: 8035
T_interval_start: 923
T_interval_end: 954
sigma: 0.9900000000000001
gamma: 0.03
rmse: 344.79007237641036
mae: 274.16136463605557
