fips: 8035
T_interval_start: 831
T_interval_end: 862
sigma: 0.9900000000000001
gamma: 0.03
rmse: 369.7540044470636
mae: 323.29927492831763
