fips: 8035
T_interval_start: 315
T_interval_end: 346
sigma: 0.9
gamma: 0.04
rmse: 221.72943338339
mae: 171.88729807642903
