fips: 8035
T_interval_start: 527
T_interval_end: 558
sigma: 0.9900000000000001
gamma: 0.03
rmse: 62.63514382149617
mae: 55.68608185861131
