fips: 8035
T_interval_start: 71
T_interval_end: 101
sigma: 0.9
gamma: 0.04
rmse: 24.301728237276937
mae: 20.873575468604507
