fips: 8035
T_interval_start: 193
T_interval_end: 224
sigma: 0.9900000000000001
gamma: 0.04
rmse: 33.22914622937591
mae: 30.908898344224948
