fips: 8035
T_interval_start: 162
T_interval_end: 193
sigma: 0.9
gamma: 0.04
rmse: 8.9819391334787
mae: 6.910954415761569
