fips: 8035
T_interval_start: 1045
T_interval_end: 1076
sigma: 0.9900000000000001
gamma: 0.04
rmse: 2514.965668368469
mae: 2283.500787695064
