fips: 8035
T_interval_start: 254
T_interval_end: 285
sigma: 0.9900000000000001
gamma: 0.04
rmse: 30.502434946975484
mae: 28.308563862776744
