fips: 8035
T_interval_start: 862
T_interval_end: 892
sigma: 0.9
gamma: 0.03
rmse: 341.74324604961157
mae: 312.2126557294874
