fips: 8035
T_interval_start: 436
T_interval_end: 466
sigma: 0.9
gamma: 0.03
rmse: 155.9770433692998
mae: 135.26532830983763
