fips: 8035
T_interval_start: 589
T_interval_end: 619
sigma: 0.9
gamma: 0.03
rmse: 358.79741731879375
mae: 355.97011273268913
