fips: 8035
T_interval_start: 101
T_interval_end: 132
sigma: 0.9
gamma: 0.04
rmse: 29.272465086972584
mae: 29.129939732231417
