fips: 8035
T_interval_start: 954
T_interval_end: 984
sigma: 0.9900000000000001
gamma: 0.03
rmse: 116.72246516436854
mae: 94.8027720976963
