fips: 8035
T_interval_start: 377
T_interval_end: 405
sigma: 0.9
gamma: 0.04
rmse: 183.0900879220567
mae: 169.9138298076727
