fips: 8035
T_interval_start: 254
T_interval_end: 285
sigma: 0.9
gamma: 0.04
rmse: 253.85233371800396
mae: 250.6500413262375
