fips: 8035
T_interval_start: 162
T_interval_end: 193
sigma: 0.9
gamma: 0.04
rmse: 105.44030008618725
mae: 99.64499228573933
