fips: 8035
T_interval_start: 711
T_interval_end: 742
sigma: 0.9900000000000001
gamma: 0.02
rmse: 4066.937284293652
mae: 3989.0030977546535
