fips: 8035
T_interval_start: 619
T_interval_end: 650
sigma: 0.9
gamma: 0.03
rmse: 208.9463185861489
mae: 177.7773666886179
