fips: 8035
T_interval_start: 1045
T_interval_end: 1076
sigma: 0.9
gamma: 0.04
rmse: 576.4884719735401
mae: 539.7319631746693
