fips: 8035
T_interval_start: 862
T_interval_end: 892
sigma: 0.9
gamma: 0.03
rmse: 188.89881928228982
mae: 155.33065737108143
