fips: 8035
T_interval_start: 589
T_interval_end: 619
sigma: 0.9
gamma: 0.03
rmse: 27.19535975487425
mae: 20.68816993186543
