fips: 8035
T_interval_start: 71
T_interval_end: 101
sigma: 0.9
gamma: 0.04
rmse: 76.47279607993397
mae: 64.86175863006791
