fips: 8035
T_interval_start: 680
T_interval_end: 711
sigma: 0.9
gamma: 0.03
rmse: 703.5278160738671
mae: 692.3684831221141
