fips: 8035
T_interval_start: 831
T_interval_end: 862
sigma: 0.9900000000000001
gamma: 0.03
rmse: 434.4828084610971
mae: 404.0094373767788
