fips: 8035
T_interval_start: 954
T_interval_end: 984
sigma: 0.9900000000000001
gamma: 0.03
rmse: 254.34749529026038
mae: 250.92043254923774
