fips: 8035
T_interval_start: 650
T_interval_end: 680
sigma: 0.9
gamma: 0.03
rmse: 623.9593766338194
mae: 609.8123681393685
