fips: 8035
T_interval_start: 285
T_interval_end: 315
sigma: 0.9
gamma: 0.04
rmse: 535.9666792142386
mae: 508.5964996022833
