fips: 8035
T_interval_start: 742
T_interval_end: 770
sigma: 0.9
gamma: 0.03
rmse: 3362.7164981758315
mae: 2637.740238320011
