fips: 8035
T_interval_start: 224
T_interval_end: 254
sigma: 0.9
gamma: 0.04
rmse: 151.7095443754181
mae: 151.47786440560836
