fips: 8035
T_interval_start: 497
T_interval_end: 527
sigma: 0.9
gamma: 0.04
rmse: 119.42271991421146
mae: 114.1173820177057
