fips: 8035
T_interval_start: 101
T_interval_end: 132
sigma: 0.9
gamma: 0.04
rmse: 97.43776584072786
mae: 97.18989749889394
