fips: 8035
T_interval_start: 984
T_interval_end: 1015
sigma: 0.9900000000000001
gamma: 0.03
rmse: 143.90172649263093
mae: 137.71388682143956
