fips: 8035
T_interval_start: 558
T_interval_end: 589
sigma: 0.9900000000000001
gamma: 0.03
rmse: 147.5877049688694
mae: 142.49280361456422
