fips: 8035
T_interval_start: 923
T_interval_end: 954
sigma: 0.9900000000000001
gamma: 0.03
rmse: 418.1689119756644
mae: 399.11385455190674
