fips: 8035
T_interval_start: 466
T_interval_end: 497
sigma: 0.9900000000000001
gamma: 0.03
rmse: 206.2473805243408
mae: 166.78657748552595
