fips: 8035
T_interval_start: 770
T_interval_end: 801
sigma: 0.9
gamma: 0.04
rmse: 456.57485130188707
mae: 446.30727901278357
