fips: 8035
T_interval_start: 405
T_interval_end: 436
sigma: 0.9900000000000001
gamma: 0.04
rmse: 44.018576553430506
mae: 33.345298565988486
