fips: 8035
T_interval_start: 680
T_interval_end: 711
sigma: 0.9
gamma: 0.03
rmse: 537.2913638927827
mae: 524.1374668999975
