fips: 8035
T_interval_start: 862
T_interval_end: 892
sigma: 0.9900000000000001
gamma: 0.03
rmse: 1081.335982337975
mae: 1068.377746651043
