fips: 8035
T_interval_start: 650
T_interval_end: 680
sigma: 0.9
gamma: 0.03
rmse: 430.04883398860335
mae: 411.9080846243406
