fips: 8035
T_interval_start: 405
T_interval_end: 436
sigma: 0.9
gamma: 0.04
rmse: 174.8218970309802
mae: 171.611191488055
