fips: 8035
T_interval_start: 254
T_interval_end: 285
sigma: 0.9
gamma: 0.04
rmse: 62.367172566432885
mae: 61.40126900175082
