fips: 8035
T_interval_start: 892
T_interval_end: 923
sigma: 0.9900000000000001
gamma: 0.03
rmse: 1252.9966314289022
mae: 1235.233398734962
