fips: 8035
T_interval_start: 619
T_interval_end: 650
sigma: 0.9
gamma: 0.03
rmse: 97.64291537900732
mae: 77.75570223893848
