fips: 8035
T_interval_start: 315
T_interval_end: 346
sigma: 0.9900000000000001
gamma: 0.04
rmse: 171.3011978748279
mae: 170.45458055305923
