fips: 8035
T_interval_start: 1045
T_interval_end: 1076
sigma: 0.9900000000000001
gamma: 0.04
rmse: 5510.870256820968
mae: 5112.841312356333
