fips: 8035
T_interval_start: 466
T_interval_end: 497
sigma: 0.9900000000000001
gamma: 0.03
rmse: 199.09144922209603
mae: 160.76532618264702
