fips: 8035
T_interval_start: 742
T_interval_end: 770
sigma: 0.9
gamma: 0.03
rmse: 2917.3145044785106
mae: 2391.428874176007
