fips: 8035
T_interval_start: 132
T_interval_end: 162
sigma: 0.9
gamma: 0.04
rmse: 19.18463619393606
mae: 19.00893601314559
