fips: 8035
T_interval_start: 285
T_interval_end: 315
sigma: 0.9
gamma: 0.04
rmse: 66.10040238204499
mae: 58.97967246489759
