fips: 8035
T_interval_start: 193
T_interval_end: 224
sigma: 0.9900000000000001
gamma: 0.04
rmse: 62.95222531944979
mae: 61.19364869087629
