fips: 8035
T_interval_start: 770
T_interval_end: 801
sigma: 0.9
gamma: 0.04
rmse: 331.7089654459618
mae: 321.0953248163221
