fips: 8035
T_interval_start: 377
T_interval_end: 405
sigma: 0.9
gamma: 0.04
rmse: 100.33893338140217
mae: 89.93328205453226
