fips: 8035
T_interval_start: 101
T_interval_end: 132
sigma: 0.9
gamma: 0.04
rmse: 28.332697564257966
mae: 28.255419045024922
