fips: 8035
T_interval_start: 497
T_interval_end: 527
sigma: 0.9
gamma: 0.04
rmse: 114.57499915617989
mae: 113.05341145852194
