fips: 8035
T_interval_start: 801
T_interval_end: 831
sigma: 0.9
gamma: 0.04
rmse: 534.7512629738462
mae: 505.1334508439281
