fips: 8035
T_interval_start: 589
T_interval_end: 619
sigma: 0.9900000000000001
gamma: 0.03
rmse: 140.50313835727806
mae: 137.10230012680265
