fips: 8035
T_interval_start: 1015
T_interval_end: 1045
sigma: 0.9
gamma: 0.04
rmse: 431.41534083500824
mae: 430.1814674158837
