fips: 8035
T_interval_start: 984
T_interval_end: 1015
sigma: 0.9
gamma: 0.04
rmse: 430.08732822471825
mae: 429.2487838049079
