fips: 8035
T_interval_start: 346
T_interval_end: 377
sigma: 0.9900000000000001
gamma: 0.04
rmse: 63.22672657406876
mae: 49.08732735722908
