fips: 8037
T_interval_start: 680
T_interval_end: 711
sigma: 0.9000000000000001
gamma: 0.05
rmse: 306.9218978285366
