fips: 8037
T_interval_start: 71
T_interval_end: 101
sigma: 0.9500000000000001
gamma: 0.4
rmse: 47.60508208554553
