fips: 8037
T_interval_start: 193
T_interval_end: 224
sigma: 0.9000000000000001
gamma: 0.1
rmse: 27.40161283789206
