fips: 8037
T_interval_start: 101
T_interval_end: 132
sigma: 0.15000000000000002
gamma: 0.1
rmse: 7.009805257487944
