fips: 8037
T_interval_start: 650
T_interval_end: 680
sigma: 0.9500000000000001
gamma: 0.05
rmse: 55.37415706772971
