fips: 8037
T_interval_start: 224
T_interval_end: 254
sigma: 0.9000000000000001
gamma: 0.05
rmse: 8.671353538188237
