fips: 8037
T_interval_start: 742
T_interval_end: 770
sigma: 0.6000000000000001
gamma: 0.1
rmse: 32.400808337297285
