fips: 8037
T_interval_start: 132
T_interval_end: 162
sigma: 0.9
gamma: 0.04
rmse: 107.50207563611382
mae: 103.54877849666741
