fips: 8037
T_interval_start: 71
T_interval_end: 101
sigma: 0.9
gamma: 0.04
rmse: 45.97317313449868
mae: 37.846906162635236
