fips: 8037
T_interval_start: 892
T_interval_end: 923
sigma: 0.9
gamma: 0.02
rmse: 158.59158307036648
mae: 155.404242718721
