fips: 8037
T_interval_start: 1015
T_interval_end: 1045
sigma: 0.9
gamma: 0.02
rmse: 65.53863919946963
mae: 57.3091751026783
