fips: 8037
T_interval_start: 315
T_interval_end: 346
sigma: 0.9900000000000001
gamma: 0.04
rmse: 1887.4500095076648
mae: 1882.2512630996337
