fips: 8037
T_interval_start: 162
T_interval_end: 193
sigma: 0.9
gamma: 0.04
rmse: 293.61747202753287
mae: 276.303573828614
