fips: 8037
T_interval_start: 497
T_interval_end: 527
sigma: 0.9900000000000001
gamma: 0.04
rmse: 50.69203532952943
mae: 48.50483472375361
