fips: 8037
T_interval_start: 346
T_interval_end: 377
sigma: 0.9900000000000001
gamma: 0.04
rmse: 1260.1103739813282
mae: 1255.977145131397
