fips: 8037
T_interval_start: 405
T_interval_end: 436
sigma: 0.9900000000000001
gamma: 0.04
rmse: 427.0821104617786
mae: 417.92389383589403
