fips: 8037
T_interval_start: 954
T_interval_end: 984
sigma: 0.9
gamma: 0.02
rmse: 28.61765142714785
mae: 28.03859717285402
