fips: 8037
T_interval_start: 527
T_interval_end: 558
sigma: 0.9900000000000001
gamma: 0.04
rmse: 16.10874132184879
mae: 14.149056488587096
