fips: 8037
T_interval_start: 466
T_interval_end: 497
sigma: 0.9900000000000001
gamma: 0.04
rmse: 75.96731377072038
mae: 75.63689055693919
