fips: 8037
T_interval_start: 770
T_interval_end: 801
sigma: 0.9
gamma: 0.03
rmse: 123.69702561554733
mae: 114.38066993758557
