fips: 8037
T_interval_start: 224
T_interval_end: 254
sigma: 0.9900000000000001
gamma: 0.04
rmse: 264.660839620989
mae: 262.30852459929037
