fips: 8037
T_interval_start: 436
T_interval_end: 466
sigma: 0.9900000000000001
gamma: 0.04
rmse: 177.0105224820512
mae: 169.8482330010037
