fips: 8037
T_interval_start: 193
T_interval_end: 224
sigma: 0.9900000000000001
gamma: 0.04
rmse: 506.31602754731944
mae: 500.5171259917926
