fips: 8037
T_interval_start: 285
T_interval_end: 315
sigma: 0.91
gamma: 0.04
rmse: 1335.6867186590443
mae: 1280.4198800804215
