fips: 8037
T_interval_start: 589
T_interval_end: 619
sigma: 0.9
gamma: 0.03
rmse: 54.71811899093551
mae: 48.79957375554604
