fips: 8037
T_interval_start: 680
T_interval_end: 711
sigma: 0.9900000000000001
gamma: 0.02
rmse: 326.8224106035735
mae: 204.81699285257392
