fips: 8037
T_interval_start: 1015
T_interval_end: 1045
sigma: 0.9
gamma: 0.02
rmse: 79.74429519972632
mae: 72.40016463962314
