fips: 8037
T_interval_start: 377
T_interval_end: 405
sigma: 0.9900000000000001
gamma: 0.04
rmse: 774.0753650315922
mae: 752.4645400789905
