fips: 8037
T_interval_start: 162
T_interval_end: 193
sigma: 0.9
gamma: 0.04
rmse: 413.3087256218286
mae: 392.7689980965655
