fips: 8037
T_interval_start: 101
T_interval_end: 132
sigma: 0.9900000000000001
gamma: 0.04
rmse: 165.5803598306745
mae: 163.26019944309263
