fips: 8037
T_interval_start: 892
T_interval_end: 923
sigma: 0.9
gamma: 0.02
rmse: 248.6377456857655
mae: 246.90263209639525
