fips: 8037
T_interval_start: 193
T_interval_end: 224
sigma: 0.9900000000000001
gamma: 0.04
rmse: 656.4710301150055
mae: 647.7120053790973
