fips: 8037
T_interval_start: 436
T_interval_end: 466
sigma: 0.9900000000000001
gamma: 0.04
rmse: 101.45378240904579
mae: 93.72066237297564
