fips: 8037
T_interval_start: 466
T_interval_end: 497
sigma: 0.9900000000000001
gamma: 0.04
rmse: 47.00288412503983
mae: 46.06035598696315
