fips: 8037
T_interval_start: 71
T_interval_end: 101
sigma: 0.9
gamma: 0.04
rmse: 153.31780822151256
mae: 129.54981409026303
