fips: 8037
T_interval_start: 285
T_interval_end: 315
sigma: 0.9900000000000001
gamma: 0.04
rmse: 1724.4537620394096
mae: 1657.992934385788
