fips: 8037
T_interval_start: 346
T_interval_end: 377
sigma: 0.9900000000000001
gamma: 0.04
rmse: 1372.151899403481
mae: 1364.085009453612
