fips: 8037
T_interval_start: 862
T_interval_end: 892
sigma: 0.9
gamma: 0.02
rmse: 280.74279004657666
mae: 276.3748907938451
