fips: 8037
T_interval_start: 619
T_interval_end: 650
sigma: 0.9
gamma: 0.03
rmse: 152.3242836571389
mae: 149.1708786705257
