fips: 8037
T_interval_start: 405
T_interval_end: 436
sigma: 0.9900000000000001
gamma: 0.04
rmse: 323.2294875516135
mae: 311.66637579192104
