fips: 8037
T_interval_start: 497
T_interval_end: 527
sigma: 0.9900000000000001
gamma: 0.04
rmse: 43.919697629034786
mae: 42.48394952987182
