fips: 8037
T_interval_start: 1045
T_interval_end: 1076
sigma: 0.9
gamma: 0.02
rmse: 126.8570998277872
mae: 126.45109881874866
