fips: 8037
T_interval_start: 224
T_interval_end: 254
sigma: 0.9900000000000001
gamma: 0.04
rmse: 343.0962279836596
mae: 340.5043455252593
