fips: 8037
T_interval_start: 527
T_interval_end: 558
sigma: 0.9
gamma: 0.04
rmse: 19.82355324490411
mae: 17.122773024421182
