fips: 8037
T_interval_start: 1107
T_interval_end: 1135
sigma: 0.9
gamma: 0.02
rmse: 78.44527652416765
mae: 78.35191022989274
