fips: 8037
T_interval_start: 315
T_interval_end: 346
sigma: 0.9900000000000001
gamma: 0.04
rmse: 2284.8775445630467
mae: 2274.293549966406
