fips: 8037
T_interval_start: 984
T_interval_end: 1015
sigma: 0.9
gamma: 0.02
rmse: 36.56031196944062
mae: 36.06775070766002
