fips: 8037
T_interval_start: 770
T_interval_end: 801
sigma: 0.9900000000000001
gamma: 0.02
rmse: 96.3935495670315
mae: 92.26867641176962
