fips: 8037
T_interval_start: 801
T_interval_end: 831
sigma: 0.9900000000000001
gamma: 0.02
rmse: 47.60892380840948
mae: 40.491738908168564
