fips: 8037
T_interval_start: 923
T_interval_end: 954
sigma: 0.9
gamma: 0.02
rmse: 186.26893746176216
mae: 170.53190321735434
