fips: 8037
T_interval_start: 954
T_interval_end: 984
sigma: 0.9
gamma: 0.02
rmse: 62.44796220386768
mae: 62.217142617447585
