fips: 8037
T_interval_start: 742
T_interval_end: 770
sigma: 0.9
gamma: 0.02
rmse: 431.97620835973214
mae: 320.857496732143
