fips: 8037
T_interval_start: 954
T_interval_end: 984
sigma: 0.9
gamma: 0.02
rmse: 23.790952148901958
mae: 23.12435795565572
