fips: 8037
T_interval_start: 619
T_interval_end: 650
sigma: 0.9
gamma: 0.03
rmse: 45.636911338096034
mae: 33.58693899431789
