fips: 8037
T_interval_start: 770
T_interval_end: 801
sigma: 0.9
gamma: 0.03
rmse: 120.49340501365883
mae: 111.13274071781909
