fips: 8037
T_interval_start: 466
T_interval_end: 497
sigma: 0.9900000000000001
gamma: 0.04
rmse: 67.91755022642943
mae: 67.67610783863928
