fips: 8037
T_interval_start: 285
T_interval_end: 315
sigma: 0.9900000000000001
gamma: 0.04
rmse: 1465.003626899882
mae: 1407.616936763316
