fips: 8037
T_interval_start: 315
T_interval_end: 346
sigma: 0.9900000000000001
gamma: 0.04
rmse: 1969.0391499886016
mae: 1963.1656789314281
