fips: 8037
T_interval_start: 346
T_interval_end: 377
sigma: 0.9900000000000001
gamma: 0.04
rmse: 1312.5615338524785
mae: 1308.724529730718
