fips: 8037
T_interval_start: 224
T_interval_end: 254
sigma: 0.9900000000000001
gamma: 0.04
rmse: 281.2024529966301
mae: 279.39536906151443
