fips: 8037
T_interval_start: 589
T_interval_end: 619
sigma: 0.9900000000000001
gamma: 0.03
rmse: 49.266187814615044
mae: 37.774938868323794
