fips: 8037
T_interval_start: 254
T_interval_end: 285
sigma: 0.9
gamma: 0.04
rmse: 440.6406338664312
mae: 429.13256604388346
