fips: 8037
T_interval_start: 680
T_interval_end: 711
sigma: 0.9900000000000001
gamma: 0.02
rmse: 301.66486431158984
mae: 284.5300042160458
