fips: 8037
T_interval_start: 558
T_interval_end: 589
sigma: 0.9
gamma: 0.04
rmse: 123.13388676491591
mae: 94.69353180640219
