fips: 8037
T_interval_start: 1015
T_interval_end: 1045
sigma: 0.9
gamma: 0.02
rmse: 62.04291419570041
mae: 53.393152091903396
