fips: 8037
T_interval_start: 71
T_interval_end: 101
sigma: 0.9
gamma: 0.04
rmse: 45.41850990793265
mae: 37.47425766040292
