fips: 8037
T_interval_start: 923
T_interval_end: 954
sigma: 0.9
gamma: 0.02
rmse: 124.71264293259816
mae: 106.39646194611569
