fips: 8037
T_interval_start: 862
T_interval_end: 892
sigma: 0.9
gamma: 0.02
rmse: 159.8365277866803
mae: 151.00014068307388
