fips: 8037
T_interval_start: 650
T_interval_end: 680
sigma: 0.9
gamma: 0.03
rmse: 264.74508550052707
mae: 253.28342732841875
