fips: 8037
T_interval_start: 405
T_interval_end: 436
sigma: 0.9900000000000001
gamma: 0.04
rmse: 409.6940638297761
mae: 400.9055878626005
