fips: 8053
T_interval_start: 742
T_interval_end: 770
sigma: 0.15000000000000002
gamma: 0.1
rmse: 2.1389974042022484
