fips: 8053
T_interval_start: 711
T_interval_end: 742
sigma: 0.9900000000000001
gamma: 0.04
rmse: 72.15683994296587
mae: 49.89517438927182
