fips: 8053
T_interval_start: 742
T_interval_end: 770
sigma: 0.9
gamma: 0.01
rmse: 35.59312945564547
mae: 34.83706669831557
