fips: 8053
T_interval_start: 742
T_interval_end: 770
sigma: 0.9900000000000001
gamma: 0.04
rmse: 17.06350135839825
mae: 16.609604828122755
