fips: 8053
T_interval_start: 711
T_interval_end: 742
sigma: 0.9
gamma: 0.04
rmse: 3.228264985149409
mae: 3.0083386581855387
