fips: 8053
T_interval_start: 193
T_interval_end: 224
sigma: 0.15000000000000002
gamma: 0.05
rmse: 0.0059936744069593205
mae: 0.004535053809946397
