fips: 8053
T_interval_start: 1045
T_interval_end: 1076
sigma: 0.9500000000000001
gamma: 0.05
rmse: 0.14994279822925524
mae: 0.11816447189456464
