fips: 8053
T_interval_start: 101
T_interval_end: 132
sigma: 0.9500000000000001
gamma: 0.15000000000000002
rmse: 0.09451847950260638
mae: 0.07503109163285504
