fips: 8053
T_interval_start: 405
T_interval_end: 436
sigma: 0.6500000000000001
gamma: 0.15000000000000002
rmse: 0.17905182407791856
mae: 0.1396910074859111
