fips: 8053
T_interval_start: 71
T_interval_end: 101
sigma: 0.9500000000000001
gamma: 0.05
rmse: 0.17639890829666
mae: 0.16391996755990146
