fips: 8053
T_interval_start: 589
T_interval_end: 619
sigma: 0.9500000000000001
gamma: 0.05
rmse: 0.42419470803187104
mae: 0.3124930324276557
