fips: 8053
T_interval_start: 711
T_interval_end: 742
sigma: 0.9
gamma: 0.04
rmse: 1.4396003179072383
mae: 1.346713254826936
