fips: 8053
T_interval_start: 527
T_interval_end: 558
sigma: 0.3
gamma: 0.1
rmse: 0.4300210939838049
mae: 0.36563529621132534
