fips: 8053
T_interval_start: 436
T_interval_end: 466
sigma: 0.9500000000000001
gamma: 0.05
rmse: 0.1071225162366059
mae: 0.0816506433422542
