fips: 8053
T_interval_start: 831
T_interval_end: 862
sigma: 0.9500000000000001
gamma: 0.05
rmse: 0.4948809032890608
mae: 0.3855287682164542
