fips: 8053
T_interval_start: 466
T_interval_end: 497
sigma: 0.6500000000000001
gamma: 0.05
rmse: 0.17859012888366474
mae: 0.1408620415282629
