fips: 8053
T_interval_start: 650
T_interval_end: 680
sigma: 0.5
gamma: 0.05
rmse: 0.47375248625108046
mae: 0.34330581637565666
