fips: 8053
T_interval_start: 619
T_interval_end: 650
sigma: 0.2
gamma: 0.05
rmse: 0.6218777528429329
mae: 0.454264482631275
