fips: 8053
T_interval_start: 984
T_interval_end: 1015
sigma: 0.6500000000000001
gamma: 0.1
rmse: 0.19722137705188086
mae: 0.17042148478441077
