fips: 8053
T_interval_start: 224
T_interval_end: 254
sigma: 0.1
gamma: 0.05
rmse: 0.0060384821829332705
mae: 0.004484503638684637
