fips: 8123
T_interval_start: 892
T_interval_end: 923
sigma: 0.7500000000000001
gamma: 0.05
rmse: 136.44721392703593
