fips: 8123
T_interval_start: 984
T_interval_end: 1015
sigma: 0.8500000000000001
gamma: 0.05
rmse: 59.560052288398076
