fips: 8123
T_interval_start: 162
T_interval_end: 193
sigma: 0.9000000000000001
gamma: 0.05
rmse: 56.206942619593185
