fips: 8123
T_interval_start: 132
T_interval_end: 162
sigma: 0.8500000000000001
gamma: 0.05
rmse: 14.423204878859243
