fips: 8123
T_interval_start: 527
T_interval_end: 558
sigma: 0.8500000000000001
gamma: 0.05
rmse: 41.34515625645815
