fips: 8123
T_interval_start: 101
T_interval_end: 132
sigma: 0.9000000000000001
gamma: 0.1
rmse: 82.67285249166959
