fips: 8123
T_interval_start: 132
T_interval_end: 162
sigma: 0.9900000000000001
gamma: 0.04
rmse: 166.4350652376208
mae: 163.2802382556496
