fips: 8123
T_interval_start: 619
T_interval_end: 650
sigma: 0.9
gamma: 0.03
rmse: 1136.2899628319963
mae: 1116.6332605371917
