fips: 8123
T_interval_start: 466
T_interval_end: 497
sigma: 0.9
gamma: 0.04
rmse: 441.2746179930514
mae: 435.8836588767612
