fips: 8123
T_interval_start: 285
T_interval_end: 315
sigma: 0.9
gamma: 0.04
rmse: 684.6627213100222
mae: 631.805235983865
