fips: 8123
T_interval_start: 71
T_interval_end: 101
sigma: 0.9
gamma: 0.04
rmse: 81.94209909667907
mae: 67.41243696266329
