fips: 8123
T_interval_start: 770
T_interval_end: 801
sigma: 0.9900000000000001
gamma: 0.03
rmse: 376.9702349059757
mae: 354.27330689237607
