fips: 8123
T_interval_start: 497
T_interval_end: 527
sigma: 0.9
gamma: 0.04
rmse: 220.12718939504487
mae: 218.2704721058117
