fips: 8123
T_interval_start: 801
T_interval_end: 831
sigma: 0.9900000000000001
gamma: 0.03
rmse: 154.37990075835842
mae: 130.95056593664611
