fips: 8123
T_interval_start: 315
T_interval_end: 346
sigma: 0.9900000000000001
gamma: 0.04
rmse: 1105.5265454129112
mae: 1099.5811057823548
