fips: 8123
T_interval_start: 162
T_interval_end: 193
sigma: 0.9
gamma: 0.04
rmse: 165.31606997755227
mae: 157.3212125863727
