fips: 8123
T_interval_start: 923
T_interval_end: 954
sigma: 0.9
gamma: 0.03
rmse: 702.4412961692161
mae: 693.0287555660544
