fips: 8123
T_interval_start: 405
T_interval_end: 436
sigma: 0.9900000000000001
gamma: 0.04
rmse: 64.08294489556745
mae: 50.78844939544559
