fips: 8123
T_interval_start: 831
T_interval_end: 862
sigma: 0.9
gamma: 0.03
rmse: 319.1557367576276
mae: 247.61019634400887
