fips: 8123
T_interval_start: 254
T_interval_end: 285
sigma: 0.9
gamma: 0.04
rmse: 256.2275678578963
mae: 255.69675375817022
