fips: 8123
T_interval_start: 742
T_interval_end: 770
sigma: 0.9
gamma: 0.03
rmse: 4756.40062386643
mae: 3777.251814966585
