fips: 8123
T_interval_start: 436
T_interval_end: 466
sigma: 0.9
gamma: 0.04
rmse: 318.3103245585742
mae: 293.72217346563315
