fips: 8123
T_interval_start: 193
T_interval_end: 224
sigma: 0.9900000000000001
gamma: 0.04
rmse: 241.46163274682536
mae: 239.20506658848365
