fips: 8123
T_interval_start: 527
T_interval_end: 558
sigma: 0.9900000000000001
gamma: 0.03
rmse: 80.85123250855207
mae: 68.31807107217213
