fips: 8123
T_interval_start: 711
T_interval_end: 742
sigma: 0.9900000000000001
gamma: 0.02
rmse: 1738.048331711145
mae: 1730.3455025943517
