fips: 8123
T_interval_start: 346
T_interval_end: 377
sigma: 0.9900000000000001
gamma: 0.04
rmse: 504.8261954601183
mae: 487.40434026572143
