fips: 8123
T_interval_start: 162
T_interval_end: 193
sigma: 0.9
gamma: 0.04
rmse: 108.99294190050558
mae: 105.50464916930935
