fips: 8123
T_interval_start: 558
T_interval_end: 589
sigma: 0.9
gamma: 0.03
rmse: 275.3908514001223
mae: 220.64627622675215
