fips: 8123
T_interval_start: 224
T_interval_end: 254
sigma: 0.9
gamma: 0.04
rmse: 104.57221175050326
mae: 104.19088472821981
