fips: 8123
T_interval_start: 680
T_interval_end: 711
sigma: 0.9
gamma: 0.03
rmse: 1505.1735746554218
mae: 1502.598372095325
