fips: 8123
T_interval_start: 132
T_interval_end: 162
sigma: 0.9900000000000001
gamma: 0.04
rmse: 137.18344553655635
mae: 133.1870351908473
