fips: 8123
T_interval_start: 315
T_interval_end: 346
sigma: 0.9900000000000001
gamma: 0.04
rmse: 185.80838991917372
mae: 162.2500526798883
