fips: 8123
T_interval_start: 1015
T_interval_end: 1045
sigma: 0.9
gamma: 0.03
rmse: 639.48462125162
mae: 601.9588792917273
