fips: 8123
T_interval_start: 650
T_interval_end: 680
sigma: 0.9
gamma: 0.03
rmse: 1789.4357158086084
mae: 1787.9037331021245
