fips: 8123
T_interval_start: 589
T_interval_end: 619
sigma: 0.9
gamma: 0.03
rmse: 860.7216467190418
mae: 853.4555861950572
