fips: 8123
T_interval_start: 101
T_interval_end: 132
sigma: 0.9900000000000001
gamma: 0.04
rmse: 117.77017559954118
mae: 99.0536508663826
