fips: 8123
T_interval_start: 923
T_interval_end: 954
sigma: 0.9
gamma: 0.03
rmse: 547.0212694501245
mae: 542.0811773123329
