fips: 8123
T_interval_start: 377
T_interval_end: 405
sigma: 0.9900000000000001
gamma: 0.04
rmse: 56.201658802380784
mae: 44.72953308145044
