fips: 8123
T_interval_start: 466
T_interval_end: 497
sigma: 0.9900000000000001
gamma: 0.03
rmse: 125.00794276987637
mae: 124.69315523946975
