fips: 8123
T_interval_start: 254
T_interval_end: 285
sigma: 0.9
gamma: 0.04
rmse: 163.42573386923374
mae: 161.70569110599138
