fips: 8123
T_interval_start: 984
T_interval_end: 1015
sigma: 0.9
gamma: 0.03
rmse: 319.5423692147287
mae: 319.11734939403016
