fips: 8123
T_interval_start: 1107
T_interval_end: 1135
sigma: 0.9
gamma: 0.03
rmse: 376.455503638047
mae: 375.2005935301951
