fips: 8123
T_interval_start: 436
T_interval_end: 466
sigma: 0.9900000000000001
gamma: 0.03
rmse: 189.22492296516677
mae: 183.61555145749418
