fips: 8123
T_interval_start: 862
T_interval_end: 892
sigma: 0.9
gamma: 0.03
rmse: 767.7980333987089
mae: 739.7229333668179
