fips: 8123
T_interval_start: 346
T_interval_end: 377
sigma: 0.9900000000000001
gamma: 0.04
rmse: 102.2906056227118
mae: 82.37916196697721
