fips: 8123
T_interval_start: 193
T_interval_end: 224
sigma: 0.9900000000000001
gamma: 0.04
rmse: 174.9932002899942
mae: 173.31050837478398
