fips: 8123
T_interval_start: 742
T_interval_end: 770
sigma: 0.9900000000000001
gamma: 0.02
rmse: 4003.5796260496822
mae: 3457.7683944894684
