fips: 8123
T_interval_start: 285
T_interval_end: 315
sigma: 0.9900000000000001
gamma: 0.04
rmse: 89.57765572793956
mae: 78.06660535520851
