fips: 8123
T_interval_start: 770
T_interval_end: 801
sigma: 0.9900000000000001
gamma: 0.03
rmse: 250.5746221586107
mae: 232.07149841903959
