fips: 8123
T_interval_start: 132
T_interval_end: 162
sigma: 0.9900000000000001
gamma: 0.04
rmse: 164.68293784883295
mae: 161.9366528494662
