fips: 8123
T_interval_start: 650
T_interval_end: 680
sigma: 0.9
gamma: 0.03
rmse: 1485.776094908545
mae: 1482.9075515161064
