fips: 8123
T_interval_start: 923
T_interval_end: 954
sigma: 0.9
gamma: 0.03
rmse: 755.8177255673797
mae: 744.5913700395553
