fips: 8123
T_interval_start: 497
T_interval_end: 527
sigma: 0.9
gamma: 0.04
rmse: 195.75894296501596
mae: 192.85576719377514
