fips: 8123
T_interval_start: 801
T_interval_end: 831
sigma: 0.9900000000000001
gamma: 0.03
rmse: 132.86634914252676
mae: 113.42767937650417
