fips: 8123
T_interval_start: 377
T_interval_end: 405
sigma: 0.9900000000000001
gamma: 0.04
rmse: 285.1246083335843
mae: 271.7294866758288
