fips: 8123
T_interval_start: 862
T_interval_end: 892
sigma: 0.9
gamma: 0.03
rmse: 1113.958239630103
mae: 1079.3253275995817
