fips: 8123
T_interval_start: 224
T_interval_end: 254
sigma: 0.9
gamma: 0.04
rmse: 183.3182391863939
mae: 182.31224256198155
