fips: 8123
T_interval_start: 436
T_interval_end: 466
sigma: 0.9
gamma: 0.04
rmse: 216.1801300784315
mae: 188.9103060519586
