fips: 8123
T_interval_start: 101
T_interval_end: 132
sigma: 0.9900000000000001
gamma: 0.04
rmse: 184.31991414138542
mae: 182.09624202436729
