fips: 8123
T_interval_start: 892
T_interval_end: 923
sigma: 0.9
gamma: 0.03
rmse: 1095.7383742288234
mae: 1089.562313775551
