fips: 8123
T_interval_start: 405
T_interval_end: 436
sigma: 0.9900000000000001
gamma: 0.04
rmse: 78.96636571991304
mae: 64.06608773814654
