fips: 8123
T_interval_start: 619
T_interval_end: 650
sigma: 0.9
gamma: 0.03
rmse: 875.373666945521
mae: 851.2272013199703
