fips: 8123
T_interval_start: 711
T_interval_end: 742
sigma: 0.9900000000000001
gamma: 0.02
rmse: 1505.0988657675387
mae: 1460.178211580355
