fips: 8123
T_interval_start: 770
T_interval_end: 801
sigma: 0.9900000000000001
gamma: 0.03
rmse: 314.8014687749769
mae: 295.6090657336845
