fips: 8123
T_interval_start: 984
T_interval_end: 1015
sigma: 0.9
gamma: 0.03
rmse: 368.2774108484132
mae: 368.08940982723675
