fips: 8123
T_interval_start: 193
T_interval_end: 224
sigma: 0.9900000000000001
gamma: 0.04
rmse: 238.14853894407392
mae: 235.9442571725688
