fips: 8123
T_interval_start: 954
T_interval_end: 984
sigma: 0.9
gamma: 0.03
rmse: 508.80020564672526
mae: 501.47091860914344
