fips: 8123
T_interval_start: 1015
T_interval_end: 1045
sigma: 0.9
gamma: 0.03
rmse: 669.6322340358688
mae: 637.6215834017307
