fips: 8123
T_interval_start: 680
T_interval_end: 711
sigma: 0.9
gamma: 0.03
rmse: 1336.3254167095483
mae: 1334.3753634180518
