fips: 8123
T_interval_start: 466
T_interval_end: 497
sigma: 0.9
gamma: 0.04
rmse: 366.72018136892467
mae: 364.0195202169396
