fips: 8123
T_interval_start: 346
T_interval_end: 377
sigma: 0.9900000000000001
gamma: 0.04
rmse: 518.4617750725208
mae: 506.0967558714659
