fips: 8123
T_interval_start: 558
T_interval_end: 589
sigma: 0.9
gamma: 0.03
rmse: 95.4472877439507
mae: 79.08716917511488
