fips: 8123
T_interval_start: 831
T_interval_end: 862
sigma: 0.9
gamma: 0.03
rmse: 301.6097835410489
mae: 237.1239775671426
