fips: 8039
T_interval_start: 497
T_interval_end: 527
sigma: 0.9500000000000001
gamma: 0.05
rmse: 6.516019739634104
