fips: 8039
T_interval_start: 558
T_interval_end: 589
sigma: 0.8500000000000001
gamma: 0.05
rmse: 2.994990249378813
