fips: 8039
T_interval_start: 162
T_interval_end: 193
sigma: 0.9000000000000001
gamma: 0.05
rmse: 10.98435064843354
