fips: 8039
T_interval_start: 285
T_interval_end: 315
sigma: 0.9500000000000001
gamma: 0.05
rmse: 12.823230000468733
