fips: 8039
T_interval_start: 527
T_interval_end: 558
sigma: 0.9500000000000001
gamma: 0.1
rmse: 2.303575462574664
