fips: 8039
T_interval_start: 650
T_interval_end: 680
sigma: 0.9900000000000001
gamma: 0.03
rmse: 47.63730348530882
mae: 46.76369871011513
