fips: 8039
T_interval_start: 377
T_interval_end: 405
sigma: 0.9900000000000001
gamma: 0.04
rmse: 23.6724339872153
mae: 23.383852588814598
