fips: 8039
T_interval_start: 711
T_interval_end: 742
sigma: 0.9
gamma: 0.03
rmse: 107.76456001858426
mae: 95.67761552680851
