fips: 8039
T_interval_start: 224
T_interval_end: 254
sigma: 0.9
gamma: 0.04
rmse: 6.7715495906513095
mae: 6.680733594147188
