fips: 8039
T_interval_start: 315
T_interval_end: 346
sigma: 0.9
gamma: 0.04
rmse: 61.179086124306885
mae: 60.28058060965457
