fips: 8039
T_interval_start: 71
T_interval_end: 101
sigma: 0.9
gamma: 0.01
rmse: 0.10652830343134118
mae: 0.10575278047351588
