fips: 8039
T_interval_start: 742
T_interval_end: 770
sigma: 0.9900000000000001
gamma: 0.03
rmse: 131.59318645446825
mae: 115.9634065869595
