fips: 8039
T_interval_start: 346
T_interval_end: 377
sigma: 0.9900000000000001
gamma: 0.04
rmse: 50.92803117744422
mae: 49.70213484466699
