fips: 8039
T_interval_start: 619
T_interval_end: 650
sigma: 0.9900000000000001
gamma: 0.03
rmse: 62.636192050946185
mae: 62.349064508109066
