fips: 8039
T_interval_start: 405
T_interval_end: 436
sigma: 0.9900000000000001
gamma: 0.04
rmse: 15.880426379255649
mae: 13.652190375511546
