fips: 8039
T_interval_start: 801
T_interval_end: 831
sigma: 0.9
gamma: 0.04
rmse: 7.996629834643355
mae: 7.3525150577156575
