fips: 8039
T_interval_start: 466
T_interval_end: 497
sigma: 0.9
gamma: 0.04
rmse: 9.622871549705627
mae: 8.535952532936879
