fips: 8039
T_interval_start: 589
T_interval_end: 619
sigma: 0.9
gamma: 0.04
rmse: 61.41480449178667
mae: 59.97400628817945
