fips: 8039
T_interval_start: 527
T_interval_end: 558
sigma: 0.9
gamma: 0.04
rmse: 4.261032172736391
mae: 3.0337567015395157
