fips: 8039
T_interval_start: 497
T_interval_end: 527
sigma: 0.9
gamma: 0.04
rmse: 9.802430490369748
mae: 8.829591880766852
