fips: 8039
T_interval_start: 558
T_interval_end: 589
sigma: 0.9
gamma: 0.04
rmse: 15.130996164776272
mae: 14.165863357647508
