fips: 8039
T_interval_start: 923
T_interval_end: 954
sigma: 0.9
gamma: 0.04
rmse: 49.57574763911183
mae: 45.9034495543577
