fips: 8039
T_interval_start: 680
T_interval_end: 711
sigma: 0.9900000000000001
gamma: 0.03
rmse: 19.387233387954186
mae: 18.13893609578717
