fips: 8039
T_interval_start: 984
T_interval_end: 1015
sigma: 0.9900000000000001
gamma: 0.03
rmse: 22.272932831769253
mae: 22.071602834708308
