fips: 8039
T_interval_start: 1045
T_interval_end: 1076
sigma: 0.9900000000000001
gamma: 0.03
rmse: 3.708924198992083
mae: 2.921624650040048
