fips: 8039
T_interval_start: 770
T_interval_end: 801
sigma: 0.9
gamma: 0.04
rmse: 15.094731471082818
mae: 11.56754615964149
