fips: 8039
T_interval_start: 254
T_interval_end: 285
sigma: 0.9
gamma: 0.04
rmse: 8.576092900673434
mae: 8.327935620231182
