fips: 8039
T_interval_start: 285
T_interval_end: 315
sigma: 0.9
gamma: 0.04
rmse: 26.70291294773518
mae: 23.484312090102147
