fips: 8039
T_interval_start: 954
T_interval_end: 984
sigma: 0.9
gamma: 0.04
rmse: 22.769532140118155
mae: 22.374314910399207
