fips: 8039
T_interval_start: 1107
T_interval_end: 1135
sigma: 0.9900000000000001
gamma: 0.03
rmse: 5.671397301774818
mae: 5.560702076296756
