fips: 8039
T_interval_start: 892
T_interval_end: 923
sigma: 0.9
gamma: 0.04
rmse: 79.55235152529318
mae: 79.37733619192497
