fips: 8039
T_interval_start: 254
T_interval_end: 285
sigma: 0.9
gamma: 0.04
rmse: 9.654828279001443
mae: 9.625080213608328
