fips: 8039
T_interval_start: 680
T_interval_end: 711
sigma: 0.9900000000000001
gamma: 0.03
rmse: 34.65751191675119
mae: 33.716122801764136
