fips: 8039
T_interval_start: 315
T_interval_end: 346
sigma: 0.9
gamma: 0.04
rmse: 72.77311098838072
mae: 72.59420515857676
