fips: 8039
T_interval_start: 132
T_interval_end: 162
sigma: 0.05
gamma: 0.1
rmse: 2.186309517879601
mae: 1.9550361124033344
