fips: 8039
T_interval_start: 1076
T_interval_end: 1107
sigma: 0.9900000000000001
gamma: 0.03
rmse: 6.120642471992461
mae: 5.019419445462666
