fips: 8039
T_interval_start: 224
T_interval_end: 254
sigma: 0.9
gamma: 0.04
rmse: 5.288352587104717
mae: 5.158627576771698
