fips: 8039
T_interval_start: 71
T_interval_end: 101
sigma: 0.9
gamma: 0.04
rmse: 0.5902161867515812
mae: 0.5902074524308709
