fips: 8039
T_interval_start: 497
T_interval_end: 527
sigma: 0.9
gamma: 0.04
rmse: 5.7328087416503335
mae: 5.261987232584801
