fips: 8039
T_interval_start: 711
T_interval_end: 742
sigma: 0.9
gamma: 0.03
rmse: 95.45606679368932
mae: 80.66485923127203
