fips: 8039
T_interval_start: 923
T_interval_end: 954
sigma: 0.9
gamma: 0.04
rmse: 51.12828926863933
mae: 47.32809589833972
