fips: 8039
T_interval_start: 619
T_interval_end: 650
sigma: 0.9
gamma: 0.04
rmse: 66.60470112354636
mae: 66.23450313425667
