fips: 8039
T_interval_start: 558
T_interval_end: 589
sigma: 0.9
gamma: 0.04
rmse: 4.547497115316225
mae: 3.7195615880849973
