fips: 8039
T_interval_start: 801
T_interval_end: 831
sigma: 0.9
gamma: 0.04
rmse: 5.607338359387536
mae: 4.669727627337548
