fips: 8039
T_interval_start: 770
T_interval_end: 801
sigma: 0.9
gamma: 0.04
rmse: 12.026257700924768
mae: 10.019928776816473
