fips: 8039
T_interval_start: 377
T_interval_end: 405
sigma: 0.9700000000000001
gamma: 0.04
rmse: 20.142292025474397
mae: 19.080452113215784
