fips: 8039
T_interval_start: 466
T_interval_end: 497
sigma: 0.9
gamma: 0.04
rmse: 10.098984989939177
mae: 8.90185375763428
