fips: 8039
T_interval_start: 742
T_interval_end: 770
sigma: 0.9900000000000001
gamma: 0.03
rmse: 129.86702107977072
mae: 114.54646167374082
