fips: 8039
T_interval_start: 831
T_interval_end: 862
sigma: 0.9
gamma: 0.04
rmse: 27.12603023167831
mae: 22.616495566952754
