fips: 8039
T_interval_start: 862
T_interval_end: 892
sigma: 0.9
gamma: 0.04
rmse: 57.144154235528156
mae: 56.02471437888099
