fips: 8039
T_interval_start: 650
T_interval_end: 680
sigma: 0.9
gamma: 0.04
rmse: 62.27558996380636
mae: 61.7714325820551
