fips: 8039
T_interval_start: 1045
T_interval_end: 1076
sigma: 0.9
gamma: 0.03
rmse: 1.9766380325266542
mae: 1.4863662514042408
