fips: 8039
T_interval_start: 527
T_interval_end: 558
sigma: 0.9900000000000001
gamma: 0.04
rmse: 2.8611708491863865
mae: 2.5166514805829108
