fips: 8039
T_interval_start: 831
T_interval_end: 862
sigma: 0.9
gamma: 0.04
rmse: 22.45654567214388
mae: 18.94936006378779
