fips: 8039
T_interval_start: 497
T_interval_end: 527
sigma: 0.9
gamma: 0.04
rmse: 4.2428283303152
mae: 3.9454028074007486
