fips: 8039
T_interval_start: 558
T_interval_end: 589
sigma: 0.9
gamma: 0.04
rmse: 6.830977320417888
mae: 5.628705671923397
