fips: 8039
T_interval_start: 954
T_interval_end: 984
sigma: 0.9
gamma: 0.04
rmse: 21.780379305857306
mae: 21.441109980532588
