fips: 8039
T_interval_start: 285
T_interval_end: 315
sigma: 0.9
gamma: 0.04
rmse: 25.142150094336436
mae: 22.36767294030502
