fips: 8039
T_interval_start: 101
T_interval_end: 132
sigma: 0.9500000000000001
gamma: 0.05
rmse: 0.5044990304904237
mae: 0.4210525035139937
