fips: 8039
T_interval_start: 436
T_interval_end: 466
sigma: 0.9900000000000001
gamma: 0.04
rmse: 4.875846639532222
mae: 4.237177025634685
