fips: 8039
T_interval_start: 132
T_interval_end: 162
sigma: 0.9500000000000001
gamma: 0.1
rmse: 0.3414755923734946
mae: 0.2775455119962821
