fips: 8039
T_interval_start: 770
T_interval_end: 801
sigma: 0.9
gamma: 0.04
rmse: 13.68889764880134
mae: 10.933032881073375
