fips: 8039
T_interval_start: 1015
T_interval_end: 1045
sigma: 0.9900000000000001
gamma: 0.03
rmse: 21.56180589004186
mae: 21.195981662485394
