fips: 8039
T_interval_start: 619
T_interval_end: 650
sigma: 0.9
gamma: 0.04
rmse: 68.83024532951798
mae: 68.29872561600068
