fips: 8039
T_interval_start: 466
T_interval_end: 497
sigma: 0.9
gamma: 0.04
rmse: 6.883711451058997
mae: 6.133219763832333
