fips: 8039
T_interval_start: 162
T_interval_end: 193
sigma: 0.9900000000000001
gamma: 0.01
rmse: 0.38099311588144247
mae: 0.34631454602382067
