fips: 8039
T_interval_start: 801
T_interval_end: 831
sigma: 0.9
gamma: 0.04
rmse: 4.868330333525018
mae: 4.088289886104532
