fips: 8039
T_interval_start: 862
T_interval_end: 892
sigma: 0.9
gamma: 0.04
rmse: 53.64933312309319
mae: 52.33589193997331
