fips: 8039
T_interval_start: 315
T_interval_end: 346
sigma: 0.9
gamma: 0.04
rmse: 46.734721552670464
mae: 46.61462182455606
