fips: 8039
T_interval_start: 224
T_interval_end: 254
sigma: 0.9
gamma: 0.04
rmse: 5.374551866136428
mae: 5.314485527053677
