fips: 8039
T_interval_start: 1045
T_interval_end: 1076
sigma: 0.9900000000000001
gamma: 0.03
rmse: 7.975058527157546
mae: 7.230262202607959
