fips: 8039
T_interval_start: 650
T_interval_end: 680
sigma: 0.9
gamma: 0.04
rmse: 69.0630946191747
mae: 68.78616454082892
