fips: 8039
T_interval_start: 711
T_interval_end: 742
sigma: 0.9
gamma: 0.03
rmse: 77.91377432958298
mae: 63.70335000746281
