fips: 8039
T_interval_start: 377
T_interval_end: 405
sigma: 0.9700000000000001
gamma: 0.04
rmse: 15.468707259163846
mae: 15.32732665152245
