fips: 8039
T_interval_start: 527
T_interval_end: 558
sigma: 0.9900000000000001
gamma: 0.04
rmse: 2.5621731549456808
mae: 2.3036820799928805
