fips: 8031
T_interval_start: 132
T_interval_end: 162
sigma: 0.9500000000000001
gamma: 0.05
rmse: 53.59145007560782
