fips: 8031
T_interval_start: 405
T_interval_end: 436
sigma: 0.9500000000000001
gamma: 0.05
rmse: 255.79228301967765
