fips: 8031
T_interval_start: 71
T_interval_end: 101
sigma: 0.8500000000000001
gamma: 0.2
rmse: 51.148994797390166
