fips: 8031
T_interval_start: 619
T_interval_end: 650
sigma: 0.9500000000000001
gamma: 0.05
rmse: 309.88120935037915
