fips: 8031
T_interval_start: 589
T_interval_end: 619
sigma: 0.9500000000000001
gamma: 0.05
rmse: 87.58118607927425
