fips: 8031
T_interval_start: 193
T_interval_end: 224
sigma: 0.9000000000000001
gamma: 0.05
rmse: 78.12593333725314
