fips: 8031
T_interval_start: 527
T_interval_end: 558
sigma: 0.9500000000000001
gamma: 0.05
rmse: 70.05955888123736
