fips: 8031
T_interval_start: 285
T_interval_end: 315
sigma: 0.9
gamma: 0.03
rmse: 515.2970384783907
mae: 496.9022987024393
