fips: 8031
T_interval_start: 527
T_interval_end: 558
sigma: 0.9900000000000001
gamma: 0.03
rmse: 72.3774411905024
mae: 60.628152317840126
