fips: 8031
T_interval_start: 346
T_interval_end: 377
sigma: 0.9900000000000001
gamma: 0.03
rmse: 568.1560105316015
mae: 535.9103680099979
