fips: 8031
T_interval_start: 831
T_interval_end: 862
sigma: 0.9900000000000001
gamma: 0.03
rmse: 520.8906027854764
mae: 451.5582490967249
