fips: 8031
T_interval_start: 132
T_interval_end: 162
sigma: 0.9900000000000001
gamma: 0.04
rmse: 172.79505003676803
mae: 167.9838372937146
