fips: 8031
T_interval_start: 315
T_interval_end: 346
sigma: 0.9
gamma: 0.04
rmse: 965.2090793005857
mae: 898.0525087833565
