fips: 8031
T_interval_start: 892
T_interval_end: 923
sigma: 0.9
gamma: 0.03
rmse: 1202.571850546454
mae: 1147.63481081251
