fips: 8031
T_interval_start: 558
T_interval_end: 589
sigma: 0.9
gamma: 0.03
rmse: 339.8585483662269
mae: 312.6832064137801
