fips: 8031
T_interval_start: 101
T_interval_end: 132
sigma: 0.9
gamma: 0.04
rmse: 224.31360260358974
mae: 221.39366382092808
