fips: 8031
T_interval_start: 1015
T_interval_end: 1045
sigma: 0.9
gamma: 0.03
rmse: 1006.6120481026475
mae: 982.2434751552571
