fips: 8031
T_interval_start: 801
T_interval_end: 831
sigma: 0.9900000000000001
gamma: 0.03
rmse: 930.9217315024293
mae: 928.2439656321827
