fips: 8031
T_interval_start: 862
T_interval_end: 892
sigma: 0.9
gamma: 0.03
rmse: 1150.2360784202601
mae: 1058.0886456114058
