fips: 8031
T_interval_start: 619
T_interval_end: 650
sigma: 0.9
gamma: 0.03
rmse: 1085.655460991572
mae: 1065.296943041697
