fips: 8031
T_interval_start: 589
T_interval_end: 619
sigma: 0.9
gamma: 0.03
rmse: 674.8045693467074
mae: 672.7615940047648
