fips: 8031
T_interval_start: 984
T_interval_end: 1015
sigma: 0.9
gamma: 0.03
rmse: 534.437154424171
mae: 532.4671490594656
