fips: 8031
T_interval_start: 224
T_interval_end: 254
sigma: 0.9900000000000001
gamma: 0.04
rmse: 63.795390787914286
mae: 53.36950617724431
