fips: 8031
T_interval_start: 650
T_interval_end: 680
sigma: 0.9
gamma: 0.03
rmse: 2201.19810651668
mae: 2168.2398081689516
