fips: 8031
T_interval_start: 405
T_interval_end: 436
sigma: 0.9900000000000001
gamma: 0.03
rmse: 173.11701080054232
mae: 144.9220384120966
