fips: 8031
T_interval_start: 71
T_interval_end: 101
sigma: 0.9
gamma: 0.04
rmse: 80.17701132046484
mae: 67.38872703411909
