fips: 8031
T_interval_start: 923
T_interval_end: 954
sigma: 0.9
gamma: 0.03
rmse: 606.6927371011395
mae: 567.233264643071
