fips: 8031
T_interval_start: 254
T_interval_end: 285
sigma: 0.9900000000000001
gamma: 0.04
rmse: 141.93031822931133
mae: 103.9490298453746
