fips: 8031
T_interval_start: 711
T_interval_end: 742
sigma: 0.9900000000000001
gamma: 0.02
rmse: 10737.035192618598
mae: 10394.257755682522
