fips: 8031
T_interval_start: 162
T_interval_end: 193
sigma: 0.9
gamma: 0.04
rmse: 34.24759146873231
mae: 31.352022667485265
