fips: 8031
T_interval_start: 680
T_interval_end: 711
sigma: 0.9
gamma: 0.03
rmse: 2708.080769050972
mae: 2604.9325288300906
