fips: 8031
T_interval_start: 770
T_interval_end: 801
sigma: 0.9
gamma: 0.04
rmse: 1078.292934913221
mae: 1058.3969135326147
