fips: 8031
T_interval_start: 1107
T_interval_end: 1135
sigma: 0.9
gamma: 0.03
rmse: 600.1092888395366
mae: 595.905514726538
