fips: 8031
T_interval_start: 436
T_interval_end: 466
sigma: 0.9900000000000001
gamma: 0.03
rmse: 295.91291884524014
mae: 278.06499981956534
