fips: 8031
T_interval_start: 254
T_interval_end: 285
sigma: 0.9
gamma: 0.04
rmse: 156.51870417059126
mae: 148.11451502712654
