fips: 8031
T_interval_start: 619
T_interval_end: 650
sigma: 0.9
gamma: 0.03
rmse: 228.64136204745873
mae: 182.00900180287846
