fips: 8031
T_interval_start: 680
T_interval_end: 711
sigma: 0.9
gamma: 0.03
rmse: 1808.4166968680818
mae: 1712.8505321187818
