fips: 8031
T_interval_start: 1076
T_interval_end: 1107
sigma: 0.9
gamma: 0.03
rmse: 922.4836871474769
mae: 871.8737057094214
