fips: 8031
T_interval_start: 405
T_interval_end: 436
sigma: 0.9
gamma: 0.04
rmse: 274.6336654453268
mae: 230.03114660515536
