fips: 8031
T_interval_start: 984
T_interval_end: 1015
sigma: 0.9
gamma: 0.03
rmse: 357.0959301420007
mae: 355.22812620867427
