fips: 8031
T_interval_start: 101
T_interval_end: 132
sigma: 0.9
gamma: 0.04
rmse: 444.58450242033973
mae: 441.9560677982084
