fips: 8031
T_interval_start: 193
T_interval_end: 224
sigma: 0.9900000000000001
gamma: 0.04
rmse: 402.48169191693165
mae: 400.9448966979326
