fips: 8031
T_interval_start: 466
T_interval_end: 497
sigma: 0.9900000000000001
gamma: 0.03
rmse: 352.655187473707
mae: 318.71401745017596
