fips: 8031
T_interval_start: 742
T_interval_end: 770
sigma: 0.9
gamma: 0.03
rmse: 4973.151053551934
mae: 3966.105032196682
