fips: 8031
T_interval_start: 497
T_interval_end: 527
sigma: 0.9
gamma: 0.04
rmse: 193.17806982746404
mae: 190.83058660829366
