fips: 8031
T_interval_start: 558
T_interval_end: 589
sigma: 0.9900000000000001
gamma: 0.03
rmse: 252.80061988574388
mae: 252.332214669002
