fips: 8031
T_interval_start: 162
T_interval_end: 193
sigma: 0.9
gamma: 0.04
rmse: 280.10999430750155
mae: 276.60781654879594
