fips: 8031
T_interval_start: 224
T_interval_end: 254
sigma: 0.9
gamma: 0.04
rmse: 209.75438720248027
mae: 200.814772960453
