fips: 8031
T_interval_start: 862
T_interval_end: 892
sigma: 0.9900000000000001
gamma: 0.03
rmse: 721.0386057162751
mae: 625.6740339732437
