fips: 8031
T_interval_start: 831
T_interval_end: 862
sigma: 0.9900000000000001
gamma: 0.03
rmse: 1670.2174178767402
mae: 1641.8514286060029
