fips: 8031
T_interval_start: 1045
T_interval_end: 1076
sigma: 0.9
gamma: 0.03
rmse: 1342.5633864365723
mae: 1340.4999674120895
