fips: 8031
T_interval_start: 801
T_interval_end: 831
sigma: 0.9
gamma: 0.04
rmse: 1738.715107565465
mae: 1704.4014412855001
