fips: 8031
T_interval_start: 315
T_interval_end: 346
sigma: 0.9900000000000001
gamma: 0.04
rmse: 970.6195222542327
mae: 884.6378725563932
