fips: 8031
T_interval_start: 285
T_interval_end: 315
sigma: 0.9900000000000001
gamma: 0.04
rmse: 453.21397942972436
mae: 393.30359445874404
