fips: 8031
T_interval_start: 1015
T_interval_end: 1045
sigma: 0.9
gamma: 0.03
rmse: 934.5505706572162
mae: 895.7492613746579
