fips: 8031
T_interval_start: 71
T_interval_end: 101
sigma: 0.9
gamma: 0.04
rmse: 249.99748735185594
mae: 220.50750004432942
