fips: 8031
T_interval_start: 527
T_interval_end: 558
sigma: 0.9
gamma: 0.04
rmse: 249.71315945445673
mae: 236.23940544084724
