fips: 8031
T_interval_start: 193
T_interval_end: 224
sigma: 0.9900000000000001
gamma: 0.04
rmse: 145.71737199387601
mae: 144.0443979445504
