fips: 8031
T_interval_start: 132
T_interval_end: 162
sigma: 0.9900000000000001
gamma: 0.04
rmse: 161.33942215062146
mae: 157.7063082481168
