fips: 8031
T_interval_start: 466
T_interval_end: 497
sigma: 0.9900000000000001
gamma: 0.03
rmse: 377.7518811455491
mae: 355.86199036438006
