fips: 8031
T_interval_start: 315
T_interval_end: 346
sigma: 0.9
gamma: 0.04
rmse: 694.0541928412649
mae: 676.5345668643155
