fips: 8031
T_interval_start: 831
T_interval_end: 862
sigma: 0.9900000000000001
gamma: 0.03
rmse: 1682.9875839120868
mae: 1660.6100405574864
