fips: 8031
T_interval_start: 711
T_interval_end: 742
sigma: 0.9
gamma: 0.03
rmse: 11294.593888227511
mae: 10593.89749302676
