fips: 8031
T_interval_start: 71
T_interval_end: 101
sigma: 0.9
gamma: 0.04
rmse: 77.28420747538532
mae: 65.40222507567275
