fips: 8031
T_interval_start: 377
T_interval_end: 405
sigma: 0.9
gamma: 0.04
rmse: 314.81852712245785
mae: 309.9972817667102
