fips: 8031
T_interval_start: 589
T_interval_end: 619
sigma: 0.9900000000000001
gamma: 0.03
rmse: 460.2331148713524
mae: 453.9146036571988
