fips: 8031
T_interval_start: 285
T_interval_end: 315
sigma: 0.9900000000000001
gamma: 0.04
rmse: 697.2065628235872
mae: 630.2863994663215
