fips: 8031
T_interval_start: 801
T_interval_end: 831
sigma: 0.9
gamma: 0.04
rmse: 1698.02007378019
mae: 1662.9688488354425
