fips: 8031
T_interval_start: 680
T_interval_end: 711
sigma: 0.9
gamma: 0.03
rmse: 1333.4407709231966
mae: 1224.5936723274501
