fips: 8031
T_interval_start: 650
T_interval_end: 680
sigma: 0.9
gamma: 0.03
rmse: 718.9452829329614
mae: 668.3662398847246
