fips: 8031
T_interval_start: 770
T_interval_end: 801
sigma: 0.9
gamma: 0.04
rmse: 1108.538571106448
mae: 1085.0623310033898
