fips: 8031
T_interval_start: 101
T_interval_end: 132
sigma: 0.9
gamma: 0.04
rmse: 213.0050447190167
mae: 210.31270321171226
