fips: 8031
T_interval_start: 405
T_interval_end: 436
sigma: 0.9
gamma: 0.04
rmse: 508.87381065992986
mae: 498.4757791500768
