fips: 8031
T_interval_start: 1015
T_interval_end: 1045
sigma: 0.9
gamma: 0.03
rmse: 811.8782861588662
mae: 778.9490854503537
