fips: 8031
T_interval_start: 346
T_interval_end: 377
sigma: 0.9900000000000001
gamma: 0.03
rmse: 737.8119010188702
mae: 727.8110600019149
