fips: 8031
T_interval_start: 558
T_interval_end: 589
sigma: 0.9900000000000001
gamma: 0.03
rmse: 532.0523781324147
mae: 529.1753448459013
