fips: 8031
T_interval_start: 923
T_interval_end: 954
sigma: 0.92
gamma: 0.03
rmse: 120.07616639530683
mae: 111.18469176734516
