fips: 8031
T_interval_start: 1045
T_interval_end: 1076
sigma: 0.9
gamma: 0.03
rmse: 1340.1945997277105
mae: 1337.1676971181307
