fips: 8031
T_interval_start: 984
T_interval_end: 1015
sigma: 0.9
gamma: 0.03
rmse: 296.8329207301245
mae: 294.55834170156584
