fips: 8031
T_interval_start: 954
T_interval_end: 984
sigma: 0.9
gamma: 0.03
rmse: 106.17097984649484
mae: 82.12257172734614
