fips: 8031
T_interval_start: 862
T_interval_end: 892
sigma: 0.9900000000000001
gamma: 0.03
rmse: 676.3638452355959
mae: 570.400356409446
