fips: 8031
T_interval_start: 254
T_interval_end: 285
sigma: 0.9900000000000001
gamma: 0.04
rmse: 56.18604976776412
mae: 49.35192355713376
