fips: 8031
T_interval_start: 742
T_interval_end: 770
sigma: 0.9
gamma: 0.03
rmse: 5031.808953640205
mae: 3984.117260706757
