fips: 8031
T_interval_start: 436
T_interval_end: 466
sigma: 0.9900000000000001
gamma: 0.03
rmse: 360.1486030659425
mae: 354.1332709219952
