fips: 8031
T_interval_start: 497
T_interval_end: 527
sigma: 0.9
gamma: 0.04
rmse: 251.12090519364287
mae: 248.8820839506428
