fips: 8031
T_interval_start: 892
T_interval_end: 923
sigma: 0.9
gamma: 0.03
rmse: 322.1575180469897
mae: 247.85297307540168
