fips: 8111
T_interval_start: 589
T_interval_end: 619
sigma: 0.05
gamma: 0.15000000000000002
rmse: 2.408308085156548
