fips: 8111
T_interval_start: 862
T_interval_end: 892
sigma: 0.9
gamma: 0.01
rmse: 34.631497401136116
mae: 34.338095238095235
