fips: 8111
T_interval_start: 711
T_interval_end: 742
sigma: 0.9900000000000001
gamma: 0.04
rmse: 11.187052874723381
mae: 10.686938767783102
