fips: 8111
T_interval_start: 558
T_interval_end: 589
sigma: 0.9900000000000001
gamma: 0.04
rmse: 55.01012300992297
mae: 42.084346396794004
