fips: 8111
T_interval_start: 742
T_interval_end: 770
sigma: 0.9900000000000001
gamma: 0.04
rmse: 18.034879132057075
mae: 17.95104709883269
