fips: 8111
T_interval_start: 923
T_interval_end: 954
sigma: 0.9
gamma: 0.01
rmse: 30.174973862773246
mae: 29.897619047619063
