fips: 8111
T_interval_start: 923
T_interval_end: 954
sigma: 0.9900000000000001
gamma: 0.04
rmse: 8.993470350864108
mae: 8.952637640520022
