fips: 8111
T_interval_start: 742
T_interval_end: 770
sigma: 0.9900000000000001
gamma: 0.01
rmse: 30.496056954817668
mae: 29.55535714280563
