fips: 8111
T_interval_start: 589
T_interval_end: 619
sigma: 0.9900000000000001
gamma: 0.04
rmse: 5.893640685327729
mae: 5.7387210845488195
