fips: 8111
T_interval_start: 558
T_interval_end: 589
sigma: 0.9
gamma: 0.04
rmse: 1.8946892166227163
mae: 1.4911666384546194
