fips: 8111
T_interval_start: 589
T_interval_end: 619
sigma: 0.9900000000000001
gamma: 0.01
rmse: 28.03210831798092
mae: 27.853337133719332
