fips: 8111
T_interval_start: 711
T_interval_end: 742
sigma: 0.9900000000000001
gamma: 0.01
rmse: 52.22503247198549
mae: 51.40936349525466
