fips: 8111
T_interval_start: 742
T_interval_end: 770
sigma: 0.9900000000000001
gamma: 0.04
rmse: 17.272309434298613
mae: 17.137381506736254
