fips: 8111
T_interval_start: 619
T_interval_end: 650
sigma: 0.05
gamma: 0.1
rmse: 3.016226675010951
mae: 2.669681619061221
