fips: 8111
T_interval_start: 589
T_interval_end: 619
sigma: 0.9
gamma: 0.04
rmse: 6.908397873277345
mae: 6.6094644734807115
