fips: 8111
T_interval_start: 862
T_interval_end: 892
sigma: 0.9900000000000001
gamma: 0.04
rmse: 9.366813000843818
mae: 9.283846190413799
