fips: 8111
T_interval_start: 711
T_interval_end: 742
sigma: 0.9
gamma: 0.04
rmse: 7.130395945026843
mae: 6.730061628762509
