fips: 8111
T_interval_start: 558
T_interval_end: 589
sigma: 0.9900000000000001
gamma: 0.04
rmse: 1.1196664498770468
mae: 0.8994029238464433
