fips: 8111
T_interval_start: 892
T_interval_end: 923
sigma: 0.9900000000000001
gamma: 0.04
rmse: 6.650999901978976
mae: 6.119855178050482
