fips: 8111
T_interval_start: 558
T_interval_end: 589
sigma: 0.9900000000000001
gamma: 0.04
rmse: 0.5668340486674126
mae: 0.5138175616652343
