fips: 8111
T_interval_start: 862
T_interval_end: 892
sigma: 0.9900000000000001
gamma: 0.04
rmse: 5.015053747185958
mae: 4.793509947622656
