fips: 8111
T_interval_start: 892
T_interval_end: 923
sigma: 0.9900000000000001
gamma: 0.04
rmse: 3.1635841086893413
mae: 2.759543567647695
