fips: 8111
T_interval_start: 711
T_interval_end: 742
sigma: 0.9
gamma: 0.04
rmse: 2.0751512801040453
mae: 1.8897881464594868
