fips: 8111
T_interval_start: 742
T_interval_end: 770
sigma: 0.9900000000000001
gamma: 0.04
rmse: 10.173939156157877
mae: 9.918634499846558
