fips: 8063
T_interval_start: 742
T_interval_end: 770
sigma: 0.9500000000000001
gamma: 0.05
rmse: 3.3824283323864495
