fips: 8063
T_interval_start: 954
T_interval_end: 984
sigma: 0.8500000000000001
gamma: 0.05
rmse: 1.5120552711721211
