fips: 8063
T_interval_start: 1045
T_interval_end: 1076
sigma: 0.8500000000000001
gamma: 0.05
rmse: 8.72247600691085
