fips: 8063
T_interval_start: 436
T_interval_end: 466
sigma: 0.9500000000000001
gamma: 0.1
rmse: 1.8186832521831147
