fips: 8063
T_interval_start: 892
T_interval_end: 923
sigma: 0.6000000000000001
gamma: 0.1
rmse: 4.783598228339771
