fips: 8063
T_interval_start: 801
T_interval_end: 831
sigma: 0.9500000000000001
gamma: 0.05
rmse: 5.728156099364561
