fips: 8063
T_interval_start: 680
T_interval_end: 711
sigma: 0.9500000000000001
gamma: 0.05
rmse: 6.6428169255559775
