fips: 8063
T_interval_start: 1045
T_interval_end: 1076
sigma: 0.9
gamma: 0.04
rmse: 13.260434349431968
mae: 13.203998055697435
