fips: 8063
T_interval_start: 315
T_interval_end: 346
sigma: 0.9900000000000001
gamma: 0.04
rmse: 86.29046537574885
mae: 85.38207272754222
