fips: 8063
T_interval_start: 346
T_interval_end: 377
sigma: 0.9
gamma: 0.01
rmse: 56.12198220046477
mae: 54.89262672811062
