fips: 8063
T_interval_start: 436
T_interval_end: 466
sigma: 0.9
gamma: 0.01
rmse: 31.6475167566681
mae: 31.303007518797006
