fips: 8063
T_interval_start: 558
T_interval_end: 589
sigma: 0.9
gamma: 0.01
rmse: 38.30409739898619
mae: 37.06428571428572
