fips: 8063
T_interval_start: 589
T_interval_end: 619
sigma: 0.9900000000000001
gamma: 0.04
rmse: 39.006272384155345
mae: 38.93946411101703
