fips: 8063
T_interval_start: 285
T_interval_end: 315
sigma: 0.9900000000000001
gamma: 0.04
rmse: 86.66679845838149
mae: 83.2982661765799
