fips: 8063
T_interval_start: 770
T_interval_end: 801
sigma: 0.9
gamma: 0.01
rmse: 35.12718582057877
mae: 33.5404761904762
