fips: 8063
T_interval_start: 680
T_interval_end: 711
sigma: 0.9
gamma: 0.04
rmse: 17.341480168538638
mae: 16.79140251661404
