fips: 8063
T_interval_start: 224
T_interval_end: 254
sigma: 0.9
gamma: 0.01
rmse: 26.193851686483512
mae: 26.14225663752606
