fips: 8063
T_interval_start: 346
T_interval_end: 377
sigma: 0.9900000000000001
gamma: 0.04
rmse: 56.73812709076273
mae: 56.31046277440916
