fips: 8063
T_interval_start: 193
T_interval_end: 224
sigma: 0.9
gamma: 0.04
rmse: 6.830455341086762
mae: 6.561217569548556
