fips: 8063
T_interval_start: 770
T_interval_end: 801
sigma: 0.9
gamma: 0.04
rmse: 9.741789480744874
mae: 8.636829294736001
