fips: 8063
T_interval_start: 892
T_interval_end: 923
sigma: 0.9
gamma: 0.04
rmse: 6.594396423028238
mae: 5.359712956059364
