fips: 8063
T_interval_start: 984
T_interval_end: 1015
sigma: 0.9
gamma: 0.04
rmse: 8.500293002956683
mae: 8.498434427688624
