fips: 8063
T_interval_start: 862
T_interval_end: 892
sigma: 0.9
gamma: 0.04
rmse: 11.790416433853526
mae: 11.512691681946098
