fips: 8063
T_interval_start: 193
T_interval_end: 224
sigma: 0.9900000000000001
gamma: 0.04
rmse: 616.6833431046547
mae: 178.70930454225595
