fips: 8063
T_interval_start: 923
T_interval_end: 954
sigma: 0.9
gamma: 0.01
rmse: 41.94234098239641
mae: 41.58387096774195
