fips: 8063
T_interval_start: 466
T_interval_end: 497
sigma: 0.9
gamma: 0.01
rmse: 21.89049276442601
mae: 21.885714285714283
