fips: 8063
T_interval_start: 892
T_interval_end: 923
sigma: 0.9
gamma: 0.01
rmse: 31.643946076750154
mae: 30.806766917293245
