fips: 8063
T_interval_start: 954
T_interval_end: 984
sigma: 0.9
gamma: 0.04
rmse: 10.215660600850807
mae: 10.047834521555727
