fips: 8063
T_interval_start: 254
T_interval_end: 285
sigma: 0.9
gamma: 0.04
rmse: 27.355868224034033
mae: 26.131714679721977
