fips: 8063
T_interval_start: 711
T_interval_end: 742
sigma: 0.9
gamma: 0.01
rmse: 129.15799019752154
mae: 124.62073732718898
