fips: 8063
T_interval_start: 619
T_interval_end: 650
sigma: 0.9
gamma: 0.01
rmse: 96.44295980723108
mae: 94.07695852534559
