fips: 8063
T_interval_start: 923
T_interval_end: 954
sigma: 0.9
gamma: 0.04
rmse: 12.90909814985607
mae: 12.535346025155125
