fips: 8063
T_interval_start: 589
T_interval_end: 619
sigma: 0.9900000000000001
gamma: 0.04
rmse: 12.383478411677473
mae: 12.328970680258367
