fips: 8063
T_interval_start: 742
T_interval_end: 770
sigma: 0.9900000000000001
gamma: 0.03
rmse: 24.60143119686681
mae: 24.423311563583127
