fips: 8063
T_interval_start: 254
T_interval_end: 285
sigma: 0.9
gamma: 0.04
rmse: 5.004785859405183
mae: 4.8394953970831445
