fips: 8063
T_interval_start: 892
T_interval_end: 923
sigma: 0.9
gamma: 0.04
rmse: 9.680634591162047
mae: 8.820641620308281
