fips: 8063
T_interval_start: 801
T_interval_end: 831
sigma: 0.05
gamma: 0.05
rmse: 2.342675564591597
mae: 1.8029606826298807
