fips: 8063
T_interval_start: 377
T_interval_end: 405
sigma: 0.9900000000000001
gamma: 0.04
rmse: 24.4994871438825
mae: 23.911565756794893
