fips: 8063
T_interval_start: 954
T_interval_end: 984
sigma: 0.9900000000000001
gamma: 0.03
rmse: 10.586925997675786
mae: 10.457063076812078
