fips: 8063
T_interval_start: 1045
T_interval_end: 1076
sigma: 0.9900000000000001
gamma: 0.03
rmse: 4.669856647124745
mae: 4.613387693692175
