fips: 8063
T_interval_start: 285
T_interval_end: 315
sigma: 0.9
gamma: 0.04
rmse: 24.3067618113169
mae: 22.05140756547646
