fips: 8063
T_interval_start: 558
T_interval_end: 589
sigma: 0.9900000000000001
gamma: 0.04
rmse: 12.293760152569
mae: 12.265031954179973
