fips: 8063
T_interval_start: 711
T_interval_end: 742
sigma: 0.9900000000000001
gamma: 0.03
rmse: 24.30998253160481
mae: 24.23614840638283
