fips: 8063
T_interval_start: 770
T_interval_end: 801
sigma: 0.9
gamma: 0.04
rmse: 8.34139189849469
mae: 7.133420148712596
