fips: 8063
T_interval_start: 923
T_interval_end: 954
sigma: 0.9900000000000001
gamma: 0.03
rmse: 20.03239894323561
mae: 19.699476394102774
