fips: 8063
T_interval_start: 346
T_interval_end: 377
sigma: 0.9900000000000001
gamma: 0.04
rmse: 38.858089304124505
mae: 38.44365105776784
