fips: 8063
T_interval_start: 405
T_interval_end: 436
sigma: 0.9900000000000001
gamma: 0.04
rmse: 15.387113476434257
mae: 15.331529783151757
