fips: 8063
T_interval_start: 224
T_interval_end: 254
sigma: 0.9900000000000001
gamma: 0.04
rmse: 2.738449114811532
mae: 2.589928980591066
