fips: 8063
T_interval_start: 831
T_interval_end: 862
sigma: 0.05
gamma: 0.05
rmse: 2.377241284218428
mae: 1.9044804752317406
