fips: 8063
T_interval_start: 619
T_interval_end: 650
sigma: 0.9900000000000001
gamma: 0.04
rmse: 7.97678901015973
mae: 7.129937198309837
