fips: 8063
T_interval_start: 466
T_interval_end: 497
sigma: 0.9900000000000001
gamma: 0.04
rmse: 12.95312715650845
mae: 12.95023540955186
