fips: 8063
T_interval_start: 984
T_interval_end: 1015
sigma: 0.9900000000000001
gamma: 0.03
rmse: 8.435431194758854
mae: 8.425917060646606
