fips: 8063
T_interval_start: 193
T_interval_end: 224
sigma: 0.9
gamma: 0.04
rmse: 0.9577390904417261
mae: 0.7098250430903599
