fips: 8063
T_interval_start: 285
T_interval_end: 315
sigma: 0.9
gamma: 0.04
rmse: 26.842528595570748
mae: 25.858207829528222
