fips: 8063
T_interval_start: 193
T_interval_end: 224
sigma: 0.9
gamma: 0.04
rmse: 2.6526633421492694
mae: 2.464948471926174
