fips: 8063
T_interval_start: 984
T_interval_end: 1015
sigma: 0.9
gamma: 0.04
rmse: 11.00670953906667
mae: 11.006242091087257
