fips: 8063
T_interval_start: 71
T_interval_end: 101
sigma: 0.9500000000000001
gamma: 0.15000000000000002
rmse: 0.4187992279357302
mae: 0.34488007159890954
