fips: 8063
T_interval_start: 436
T_interval_end: 466
sigma: 0.9900000000000001
gamma: 0.04
rmse: 16.97560993705953
mae: 16.86504298350059
