fips: 8063
T_interval_start: 101
T_interval_end: 132
sigma: 0.9500000000000001
gamma: 0.25
rmse: 0.27360644088640296
mae: 0.24276581041649353
