fips: 8063
T_interval_start: 862
T_interval_end: 892
sigma: 0.9
gamma: 0.04
rmse: 14.03727750935962
mae: 13.621841070243045
