fips: 8063
T_interval_start: 954
T_interval_end: 984
sigma: 0.9
gamma: 0.04
rmse: 14.13227424966852
mae: 13.991635558786127
