fips: 8063
T_interval_start: 346
T_interval_end: 377
sigma: 0.9900000000000001
gamma: 0.04
rmse: 32.03393374099591
mae: 31.856517850154773
