fips: 8063
T_interval_start: 650
T_interval_end: 680
sigma: 0.9
gamma: 0.04
rmse: 10.9451390800286
mae: 8.497218143783746
