fips: 8063
T_interval_start: 923
T_interval_end: 954
sigma: 0.9
gamma: 0.04
rmse: 18.82516864533157
mae: 18.514012165235652
