fips: 8063
T_interval_start: 770
T_interval_end: 801
sigma: 0.9
gamma: 0.04
rmse: 10.99372262364828
mae: 9.79920768762134
