fips: 8063
T_interval_start: 315
T_interval_end: 346
sigma: 0.9900000000000001
gamma: 0.04
rmse: 31.145361217823286
mae: 31.014752343478936
