fips: 8063
T_interval_start: 224
T_interval_end: 254
sigma: 0.9900000000000001
gamma: 0.04
rmse: 5.237438108904067
mae: 5.174990657458057
