fips: 8063
T_interval_start: 527
T_interval_end: 558
sigma: 0.1
gamma: 0.05
rmse: 1.2469153401800461
mae: 0.8738704874150639
