fips: 8063
T_interval_start: 711
T_interval_end: 742
sigma: 0.9900000000000001
gamma: 0.03
rmse: 19.401679519713664
mae: 16.38897357090521
