fips: 8063
T_interval_start: 619
T_interval_end: 650
sigma: 0.9900000000000001
gamma: 0.04
rmse: 7.997077725810645
mae: 6.389663456162476
