fips: 8027
T_interval_start: 680
T_interval_end: 711
sigma: 0.7500000000000001
gamma: 0.1
rmse: 1.3893200662793617
