fips: 8027
T_interval_start: 711
T_interval_end: 742
sigma: 0.7000000000000001
gamma: 0.05
rmse: 15.131771564421548
