fips: 8027
T_interval_start: 923
T_interval_end: 954
sigma: 0.7000000000000001
gamma: 0.05
rmse: 0.693614817074385
