fips: 8027
T_interval_start: 770
T_interval_end: 801
sigma: 0.9500000000000001
gamma: 0.1
rmse: 2.964079813016037
