fips: 8027
T_interval_start: 892
T_interval_end: 923
sigma: 0.9500000000000001
gamma: 0.05
rmse: 5.435912971835448
