fips: 8027
T_interval_start: 346
T_interval_end: 377
sigma: 0.15000000000000002
gamma: 0.1
rmse: 3.0510353510980104
