fips: 8027
T_interval_start: 589
T_interval_end: 619
sigma: 0.9
gamma: 0.01
rmse: 29.867271822881374
mae: 29.440136054421732
