fips: 8027
T_interval_start: 923
T_interval_end: 954
sigma: 0.9
gamma: 0.01
rmse: 28.818110093962705
mae: 28.683333333333337
