fips: 8027
T_interval_start: 346
T_interval_end: 377
sigma: 0.9900000000000001
gamma: 0.04
rmse: 14.275577832151297
mae: 13.837169601968872
