fips: 8027
T_interval_start: 680
T_interval_end: 711
sigma: 0.9900000000000001
gamma: 0.04
rmse: 27.899387057961658
mae: 27.649576628889292
