fips: 8027
T_interval_start: 650
T_interval_end: 680
sigma: 0.9900000000000001
gamma: 0.04
rmse: 31.900708431086574
mae: 31.65146215986039
