fips: 8027
T_interval_start: 346
T_interval_end: 377
sigma: 0.9900000000000001
gamma: 0.01
rmse: 37.2328716954312
mae: 36.0857142856564
