fips: 8027
T_interval_start: 285
T_interval_end: 315
sigma: 0.9900000000000001
gamma: 0.04
rmse: 370.2818166538712
mae: 132.60399995915031
