fips: 8027
T_interval_start: 315
T_interval_end: 346
sigma: 0.9900000000000001
gamma: 0.01
rmse: 59.44603979072451
mae: 58.0139556613171
