fips: 8027
T_interval_start: 680
T_interval_end: 711
sigma: 0.9
gamma: 0.01
rmse: 31.74400473687423
mae: 30.54761904761905
