fips: 8027
T_interval_start: 862
T_interval_end: 892
sigma: 0.9900000000000001
gamma: 0.04
rmse: 25.734917081434084
mae: 25.657808871797258
