fips: 8027
T_interval_start: 589
T_interval_end: 619
sigma: 0.9
gamma: 0.04
rmse: 22.1092957636224
mae: 22.019790184036538
