fips: 8027
T_interval_start: 315
T_interval_end: 346
sigma: 0.9900000000000001
gamma: 0.04
rmse: 2.9530239629768826
mae: 2.200356350684105
