fips: 8027
T_interval_start: 892
T_interval_end: 923
sigma: 0.9
gamma: 0.01
rmse: 28.756443313976977
mae: 28.319387755102046
