fips: 8027
T_interval_start: 285
T_interval_end: 315
sigma: 0.9
gamma: 0.04
rmse: 2.1186646862529734
mae: 1.9027184187142885
