fips: 8027
T_interval_start: 801
T_interval_end: 831
sigma: 0.05
gamma: 0.05
rmse: 1.1145599222927585
mae: 0.8124289770708387
