fips: 8027
T_interval_start: 589
T_interval_end: 619
sigma: 0.9
gamma: 0.04
rmse: 31.95024191014991
mae: 31.587192219812582
