fips: 8027
T_interval_start: 285
T_interval_end: 315
sigma: 0.9
gamma: 0.04
rmse: 5.832373556489197
mae: 5.171516933021148
