fips: 8027
T_interval_start: 770
T_interval_end: 801
sigma: 0.9900000000000001
gamma: 0.04
rmse: 23.92803696946994
mae: 23.897388024941286
