fips: 8027
T_interval_start: 650
T_interval_end: 680
sigma: 0.9900000000000001
gamma: 0.04
rmse: 56.00570402035315
mae: 55.95221645868729
