fips: 8027
T_interval_start: 680
T_interval_end: 711
sigma: 0.9900000000000001
gamma: 0.04
rmse: 36.99990269892589
mae: 36.43656909775264
