fips: 8027
T_interval_start: 346
T_interval_end: 377
sigma: 0.9900000000000001
gamma: 0.04
rmse: 21.239430230682505
mae: 21.057063433507114
