fips: 8027
T_interval_start: 527
T_interval_end: 558
sigma: 0.05
gamma: 0.05
rmse: 1.4909731343537385
mae: 1.365152059350528
