fips: 8027
T_interval_start: 711
T_interval_end: 742
sigma: 0.9700000000000001
gamma: 0.04
rmse: 41.07656599301273
mae: 39.81984963661668
