fips: 8027
T_interval_start: 377
T_interval_end: 405
sigma: 0.05
gamma: 0.1
rmse: 0.9869617107435312
mae: 0.7133187870416698
