fips: 8027
T_interval_start: 405
T_interval_end: 436
sigma: 0.1
gamma: 0.05
rmse: 2.1444674665979546
mae: 1.3539319585956398
