fips: 8027
T_interval_start: 436
T_interval_end: 466
sigma: 0.05
gamma: 0.05
rmse: 4.586639085005406
mae: 4.226308884771926
