fips: 8027
T_interval_start: 466
T_interval_end: 497
sigma: 0.05
gamma: 0.05
rmse: 5.966426372292724
mae: 5.362059770376321
