fips: 8027
T_interval_start: 742
T_interval_end: 770
sigma: 0.9900000000000001
gamma: 0.04
rmse: 31.168791070736173
mae: 30.894365693106938
