fips: 8027
T_interval_start: 892
T_interval_end: 923
sigma: 0.9900000000000001
gamma: 0.04
rmse: 13.620139905651264
mae: 13.514403384247014
