fips: 8027
T_interval_start: 711
T_interval_end: 742
sigma: 0.9
gamma: 0.04
rmse: 28.32325658392414
mae: 27.76933098971696
