fips: 8027
T_interval_start: 619
T_interval_end: 650
sigma: 0.9
gamma: 0.04
rmse: 34.08817031750188
mae: 34.02127323651494
