fips: 8027
T_interval_start: 466
T_interval_end: 497
sigma: 0.9500000000000001
gamma: 0.05
rmse: 0.7247461626433064
mae: 0.5320511745778428
