fips: 8027
T_interval_start: 193
T_interval_end: 224
sigma: 0.9500000000000001
gamma: 0.05
rmse: 0.2810555594690761
mae: 0.2421294466182741
