fips: 8027
T_interval_start: 436
T_interval_end: 466
sigma: 0.7000000000000001
gamma: 0.1
rmse: 0.840070469461176
mae: 0.6467435873927152
