fips: 8027
T_interval_start: 315
T_interval_end: 346
sigma: 0.9
gamma: 0.04
rmse: 3.3981117876084275
mae: 2.467162785219506
