fips: 8027
T_interval_start: 589
T_interval_end: 619
sigma: 0.9
gamma: 0.04
rmse: 23.031044372927635
mae: 22.83738542831607
