fips: 8027
T_interval_start: 285
T_interval_end: 315
sigma: 0.9
gamma: 0.04
rmse: 1.7495349814201362
mae: 1.5752123447073458
