fips: 8027
T_interval_start: 405
T_interval_end: 436
sigma: 0.9500000000000001
gamma: 0.05
rmse: 0.5819887919020618
mae: 0.3467606821164537
