fips: 8027
T_interval_start: 132
T_interval_end: 162
sigma: 0.15000000000000002
gamma: 0.05
rmse: 0.008575106194162086
mae: 0.008270051204772245
