fips: 8027
T_interval_start: 101
T_interval_end: 132
sigma: 0.1
gamma: 0.1
rmse: 0.012206495355325626
mae: 0.011488121856279884
