fips: 8027
T_interval_start: 346
T_interval_end: 377
sigma: 0.9900000000000001
gamma: 0.04
rmse: 14.458863593581379
mae: 14.042258184256903
