fips: 8027
T_interval_start: 862
T_interval_end: 892
sigma: 0.9900000000000001
gamma: 0.04
rmse: 21.425887795913567
mae: 21.352950514312276
