fips: 8027
T_interval_start: 801
T_interval_end: 831
sigma: 0.25
gamma: 0.05
rmse: 0.6860485496672963
mae: 0.5614833313220049
