fips: 8027
T_interval_start: 650
T_interval_end: 680
sigma: 0.9900000000000001
gamma: 0.04
rmse: 38.50894183680524
mae: 38.448145634614015
