fips: 8027
T_interval_start: 71
T_interval_end: 101
sigma: 0.9500000000000001
gamma: 0.05
rmse: 0.15104965821647373
mae: 0.08898355493858935
