fips: 8027
T_interval_start: 162
T_interval_end: 193
sigma: 0.9500000000000001
gamma: 0.05
rmse: 0.28737312708618384
mae: 0.21397116331155766
