fips: 8117
T_interval_start: 831
T_interval_end: 862
sigma: 0.8500000000000001
gamma: 0.05
rmse: 24.77916973606939
