fips: 8117
T_interval_start: 923
T_interval_end: 954
sigma: 0.7500000000000001
gamma: 0.1
rmse: 12.158243481899413
