fips: 8117
T_interval_start: 1015
T_interval_end: 1045
sigma: 0.9500000000000001
gamma: 0.05
rmse: 11.429106737667473
