fips: 8117
T_interval_start: 162
T_interval_end: 193
sigma: 0.8500000000000001
gamma: 0.05
rmse: 3.783951094131275
