fips: 8117
T_interval_start: 405
T_interval_end: 436
sigma: 0.9000000000000001
gamma: 0.05
rmse: 18.9779521850267
