fips: 8117
T_interval_start: 742
T_interval_end: 770
sigma: 0.15000000000000002
gamma: 0.1
rmse: 16.727565824984065
