fips: 8117
T_interval_start: 892
T_interval_end: 923
sigma: 0.9000000000000001
gamma: 0.05
rmse: 29.408360972186276
