fips: 8117
T_interval_start: 377
T_interval_end: 405
sigma: 0.9000000000000001
gamma: 0.05
rmse: 19.278098575531935
