fips: 8117
T_interval_start: 436
T_interval_end: 466
sigma: 0.9
gamma: 0.04
rmse: 23.33395312810882
mae: 21.165614561703766
