fips: 8117
T_interval_start: 589
T_interval_end: 619
sigma: 0.9
gamma: 0.04
rmse: 21.316214215428612
mae: 20.721578184073177
