fips: 8117
T_interval_start: 619
T_interval_end: 650
sigma: 0.9
gamma: 0.04
rmse: 58.767339779433414
mae: 56.74768274196899
