fips: 8117
T_interval_start: 862
T_interval_end: 892
sigma: 0.9
gamma: 0.03
rmse: 143.20964353212014
mae: 137.01708045597027
