fips: 8117
T_interval_start: 405
T_interval_end: 436
sigma: 0.9900000000000001
gamma: 0.04
rmse: 44.024505871382324
mae: 38.55699017250471
