fips: 8117
T_interval_start: 527
T_interval_end: 558
sigma: 0.9900000000000001
gamma: 0.04
rmse: 21.212373244838137
mae: 21.108988582549948
