fips: 8117
T_interval_start: 377
T_interval_end: 405
sigma: 0.9900000000000001
gamma: 0.04
rmse: 94.88836807513468
mae: 93.77909314877915
