fips: 8117
T_interval_start: 650
T_interval_end: 680
sigma: 0.9900000000000001
gamma: 0.03
rmse: 85.49069869061903
mae: 82.27712696192495
