fips: 8117
T_interval_start: 132
T_interval_end: 162
sigma: 0.9900000000000001
gamma: 0.04
rmse: 12.454299994475688
mae: 12.27892466090132
