fips: 8117
T_interval_start: 954
T_interval_end: 984
sigma: 0.9
gamma: 0.03
rmse: 27.30115550535476
mae: 26.48539021677012
