fips: 8117
T_interval_start: 346
T_interval_end: 377
sigma: 0.9900000000000001
gamma: 0.04
rmse: 138.42783387070065
mae: 135.66045365999713
