fips: 8117
T_interval_start: 923
T_interval_end: 954
sigma: 0.9
gamma: 0.03
rmse: 80.57339540837371
mae: 67.89069702806955
