fips: 8117
T_interval_start: 101
T_interval_end: 132
sigma: 0.9
gamma: 0.04
rmse: 13.41586160531282
mae: 13.305205394881325
