fips: 8117
T_interval_start: 315
T_interval_end: 346
sigma: 0.9900000000000001
gamma: 0.04
rmse: 247.5512808382303
mae: 246.33053940983493
