fips: 8117
T_interval_start: 466
T_interval_end: 497
sigma: 0.9900000000000001
gamma: 0.04
rmse: 50.62979543548026
mae: 50.176094086564305
