fips: 8117
T_interval_start: 770
T_interval_end: 801
sigma: 0.9
gamma: 0.04
rmse: 69.51707505188695
mae: 69.17713223688321
