fips: 8117
T_interval_start: 254
T_interval_end: 285
sigma: 0.9900000000000001
gamma: 0.04
rmse: 97.45261940183553
mae: 96.81577606505586
