fips: 8117
T_interval_start: 1045
T_interval_end: 1076
sigma: 0.9900000000000001
gamma: 0.02
rmse: 5.217694276878347
mae: 4.451757993293366
