fips: 8117
T_interval_start: 984
T_interval_end: 1015
sigma: 0.9
gamma: 0.03
rmse: 41.18670284151299
mae: 40.332606988642404
