fips: 8117
T_interval_start: 680
T_interval_end: 711
sigma: 0.9900000000000001
gamma: 0.03
rmse: 121.87449038013366
mae: 81.42271225707296
