fips: 8117
T_interval_start: 558
T_interval_end: 589
sigma: 0.9400000000000001
gamma: 0.04
rmse: 12.181771504915465
mae: 9.616010696638382
