fips: 8117
T_interval_start: 742
T_interval_end: 770
sigma: 0.9
gamma: 0.03
rmse: 226.3984683497098
mae: 196.3801039459629
