fips: 8117
T_interval_start: 377
T_interval_end: 405
sigma: 0.9
gamma: 0.04
rmse: 9.175943184208815
mae: 8.26261959767245
