fips: 8117
T_interval_start: 162
T_interval_end: 193
sigma: 0.9
gamma: 0.04
rmse: 12.069628005624136
mae: 11.87016142098115
