fips: 8117
T_interval_start: 984
T_interval_end: 1015
sigma: 0.9
gamma: 0.03
rmse: 23.981096407091933
mae: 22.934052904095388
