fips: 8117
T_interval_start: 923
T_interval_end: 954
sigma: 0.9
gamma: 0.03
rmse: 46.44402897902266
mae: 33.008134661318834
