fips: 8117
T_interval_start: 71
T_interval_end: 101
sigma: 0.9
gamma: 0.04
rmse: 7.860143786758315
mae: 6.677417287276707
