fips: 8117
T_interval_start: 285
T_interval_end: 315
sigma: 0.9900000000000001
gamma: 0.04
rmse: 91.56526002306963
mae: 84.29592185868435
