fips: 8117
T_interval_start: 1015
T_interval_end: 1045
sigma: 0.9
gamma: 0.03
rmse: 53.71500290038685
mae: 50.55178738083422
