fips: 8117
T_interval_start: 224
T_interval_end: 254
sigma: 0.9900000000000001
gamma: 0.04
rmse: 13.815652823547484
mae: 13.366813165375204
