fips: 8117
T_interval_start: 436
T_interval_end: 466
sigma: 0.9900000000000001
gamma: 0.03
rmse: 56.161884982173476
mae: 54.59127901130767
