fips: 8117
T_interval_start: 558
T_interval_end: 589
sigma: 0.9
gamma: 0.04
rmse: 77.59314983881065
mae: 76.37794032992515
