fips: 8117
T_interval_start: 497
T_interval_end: 527
sigma: 0.9900000000000001
gamma: 0.04
rmse: 14.532413815273717
mae: 14.075885201276787
