fips: 8117
T_interval_start: 527
T_interval_end: 558
sigma: 0.9
gamma: 0.04
rmse: 13.693088735892117
mae: 9.685075968411997
