fips: 8117
T_interval_start: 589
T_interval_end: 619
sigma: 0.9
gamma: 0.04
rmse: 60.978222492993986
mae: 60.33238966897454
