fips: 8117
T_interval_start: 680
T_interval_end: 711
sigma: 0.9
gamma: 0.03
rmse: 145.67532859688882
mae: 71.07395442853932
