fips: 8117
T_interval_start: 315
T_interval_end: 346
sigma: 0.9900000000000001
gamma: 0.04
rmse: 144.7427968169808
mae: 143.78757190323665
