fips: 8117
T_interval_start: 405
T_interval_end: 436
sigma: 0.9
gamma: 0.04
rmse: 19.671419577354513
mae: 12.769505602253092
