fips: 8117
T_interval_start: 1076
T_interval_end: 1107
sigma: 0.9900000000000001
gamma: 0.02
rmse: 37.234229614552895
mae: 37.03737606385713
