fips: 8117
T_interval_start: 619
T_interval_end: 650
sigma: 0.9
gamma: 0.04
rmse: 79.23246627671489
mae: 77.80050347501518
