fips: 8117
T_interval_start: 831
T_interval_end: 862
sigma: 0.9900000000000001
gamma: 0.03
rmse: 36.12822453559844
mae: 31.81152353496356
