fips: 8117
T_interval_start: 346
T_interval_end: 377
sigma: 0.9900000000000001
gamma: 0.04
rmse: 61.41619701004477
mae: 56.346895068248344
