fips: 8117
T_interval_start: 954
T_interval_end: 984
sigma: 0.9
gamma: 0.03
rmse: 9.334147674411092
mae: 8.754806342556012
