fips: 8117
T_interval_start: 101
T_interval_end: 132
sigma: 0.9
gamma: 0.04
rmse: 12.666195992419109
mae: 12.510028288504577
