fips: 8117
T_interval_start: 1045
T_interval_end: 1076
sigma: 0.9900000000000001
gamma: 0.02
rmse: 57.09731811391075
mae: 56.65249010344748
