fips: 8117
T_interval_start: 466
T_interval_end: 497
sigma: 0.9900000000000001
gamma: 0.04
rmse: 24.357875881341144
mae: 22.986950606327014
