fips: 8117
T_interval_start: 770
T_interval_end: 801
sigma: 0.9
gamma: 0.04
rmse: 63.040935280158024
mae: 62.50716278344339
