fips: 8117
T_interval_start: 1015
T_interval_end: 1045
sigma: 0.9
gamma: 0.02
rmse: 51.66389967303429
mae: 46.95605810621736
