fips: 8117
T_interval_start: 71
T_interval_end: 101
sigma: 0.9
gamma: 0.04
rmse: 9.291641836071662
mae: 8.23999411243847
