fips: 8117
T_interval_start: 650
T_interval_end: 680
sigma: 0.9900000000000001
gamma: 0.03
rmse: 86.16900540553922
mae: 83.31785744456349
