fips: 8117
T_interval_start: 862
T_interval_end: 892
sigma: 0.9
gamma: 0.03
rmse: 120.13311373394002
mae: 110.72221152639487
