fips: 8117
T_interval_start: 801
T_interval_end: 831
sigma: 0.9
gamma: 0.04
rmse: 84.30040995891851
mae: 83.83394719814524
