fips: 8117
T_interval_start: 224
T_interval_end: 254
sigma: 0.9
gamma: 0.04
rmse: 42.14597058846282
mae: 38.24026360845074
