fips: 8117
T_interval_start: 954
T_interval_end: 984
sigma: 0.9
gamma: 0.03
rmse: 19.382027429496784
mae: 18.900467914851948
