fips: 8117
T_interval_start: 101
T_interval_end: 132
sigma: 0.9
gamma: 0.04
rmse: 13.19152611562872
mae: 13.089200804671684
