fips: 8117
T_interval_start: 923
T_interval_end: 954
sigma: 0.9
gamma: 0.03
rmse: 68.3599800652669
mae: 54.48784940299987
