fips: 8117
T_interval_start: 193
T_interval_end: 224
sigma: 0.9900000000000001
gamma: 0.04
rmse: 18.655503815252217
mae: 18.516191177309437
