fips: 8117
T_interval_start: 770
T_interval_end: 801
sigma: 0.9
gamma: 0.04
rmse: 65.45405987880436
mae: 65.13421226835834
