fips: 8117
T_interval_start: 132
T_interval_end: 162
sigma: 0.9900000000000001
gamma: 0.04
rmse: 11.350920003317922
mae: 11.29920725182288
