fips: 8117
T_interval_start: 680
T_interval_end: 711
sigma: 0.9900000000000001
gamma: 0.03
rmse: 88.22454495527182
mae: 58.991520100169204
