fips: 8117
T_interval_start: 1045
T_interval_end: 1076
sigma: 0.9900000000000001
gamma: 0.02
rmse: 3.717624066727374
mae: 2.9057607505826852
