fips: 8117
T_interval_start: 162
T_interval_end: 193
sigma: 0.9
gamma: 0.04
rmse: 13.841140324287133
mae: 13.681495839344514
