fips: 8117
T_interval_start: 405
T_interval_end: 436
sigma: 0.9900000000000001
gamma: 0.04
rmse: 41.46547361367092
mae: 36.66041119636041
