fips: 8117
T_interval_start: 619
T_interval_end: 650
sigma: 0.9
gamma: 0.04
rmse: 66.77365679757203
mae: 64.82476291910653
