fips: 8117
T_interval_start: 892
T_interval_end: 923
sigma: 0.9
gamma: 0.03
rmse: 152.34871205423565
mae: 150.79229970697918
