fips: 8117
T_interval_start: 527
T_interval_end: 558
sigma: 0.9900000000000001
gamma: 0.04
rmse: 18.891340968588796
mae: 18.669367144112158
