fips: 8117
T_interval_start: 742
T_interval_end: 770
sigma: 0.9900000000000001
gamma: 0.03
rmse: 229.13403287331894
mae: 205.94275763455917
