fips: 8117
T_interval_start: 315
T_interval_end: 346
sigma: 0.9900000000000001
gamma: 0.04
rmse: 321.01309693902874
mae: 317.72395056655336
