fips: 8065
T_interval_start: 984
T_interval_end: 1015
sigma: 0.9500000000000001
gamma: 0.05
rmse: 3.3818099172481206
