fips: 8065
T_interval_start: 1045
T_interval_end: 1076
sigma: 0.9000000000000001
gamma: 0.05
rmse: 1.1720847582585183
