fips: 8065
T_interval_start: 346
T_interval_end: 377
sigma: 0.8500000000000001
gamma: 0.05
rmse: 4.817452548208942
