fips: 8065
T_interval_start: 466
T_interval_end: 497
sigma: 0.9500000000000001
gamma: 0.1
rmse: 4.5466474477394305
