fips: 8065
T_interval_start: 436
T_interval_end: 466
sigma: 0.9
gamma: 0.01
rmse: 40.99830011408886
mae: 39.77142857142859
