fips: 8065
T_interval_start: 285
T_interval_end: 315
sigma: 0.9900000000000001
gamma: 0.01
rmse: 1.123703756748494
mae: 0.9007274497669063
