fips: 8065
T_interval_start: 315
T_interval_end: 346
sigma: 0.9900000000000001
gamma: 0.01
rmse: 121.94977972470072
mae: 121.21981566557062
