fips: 8065
T_interval_start: 923
T_interval_end: 954
sigma: 0.9900000000000001
gamma: 0.04
rmse: 15.739925231501205
mae: 15.038992631923287
