fips: 8065
T_interval_start: 831
T_interval_end: 862
sigma: 0.9
gamma: 0.01
rmse: 33.43000105257622
mae: 32.95714285714286
