fips: 8065
T_interval_start: 742
T_interval_end: 770
sigma: 0.9900000000000001
gamma: 0.04
rmse: 55.51867221214388
mae: 53.034797749185906
