fips: 8065
T_interval_start: 254
T_interval_end: 285
sigma: 0.9900000000000001
gamma: 0.01
rmse: 0.5353998464540645
mae: 0.44953241808009003
