fips: 8065
T_interval_start: 801
T_interval_end: 831
sigma: 0.9900000000000001
gamma: 0.04
rmse: 56.678710198404445
mae: 56.676542941237024
