fips: 8065
T_interval_start: 954
T_interval_end: 984
sigma: 0.9
gamma: 0.01
rmse: 22.28201587138196
mae: 22.27857142857144
