fips: 8065
T_interval_start: 466
T_interval_end: 497
sigma: 0.9900000000000001
gamma: 0.04
rmse: 37.13404113366999
mae: 36.91314834450283
