fips: 8065
T_interval_start: 862
T_interval_end: 892
sigma: 0.9900000000000001
gamma: 0.04
rmse: 61.29797074764591
mae: 61.112722764852705
