fips: 8065
T_interval_start: 466
T_interval_end: 497
sigma: 0.9
gamma: 0.01
rmse: 47.12600166486006
mae: 44.03087557603687
