fips: 8065
T_interval_start: 680
T_interval_end: 711
sigma: 0.9900000000000001
gamma: 0.04
rmse: 20.924748546602988
mae: 20.658758690451123
