fips: 8065
T_interval_start: 589
T_interval_end: 619
sigma: 0.9900000000000001
gamma: 0.04
rmse: 47.2203007983851
mae: 46.2926527151437
