fips: 8065
T_interval_start: 892
T_interval_end: 923
sigma: 0.9900000000000001
gamma: 0.04
rmse: 49.30898485143828
mae: 46.890463280576235
