fips: 8065
T_interval_start: 680
T_interval_end: 711
sigma: 0.9
gamma: 0.01
rmse: 96.53417323947153
mae: 95.5470046082949
