fips: 8065
T_interval_start: 770
T_interval_end: 801
sigma: 0.9
gamma: 0.01
rmse: 30.618529581635645
mae: 30.123809523809538
