fips: 8065
T_interval_start: 619
T_interval_end: 650
sigma: 0.9900000000000001
gamma: 0.04
rmse: 30.572264404572845
mae: 30.192595883800664
