fips: 8065
T_interval_start: 831
T_interval_end: 862
sigma: 0.9900000000000001
gamma: 0.04
rmse: 61.046554070175155
mae: 60.974351690412384
