fips: 8065
T_interval_start: 285
T_interval_end: 315
sigma: 0.9900000000000001
gamma: 0.01
rmse: 70.31642860195099
mae: 66.1106391816354
