fips: 8065
T_interval_start: 742
T_interval_end: 770
sigma: 0.9
gamma: 0.01
rmse: 159.75872597383014
mae: 135.82959183673472
