fips: 8065
T_interval_start: 377
T_interval_end: 405
sigma: 0.9900000000000001
gamma: 0.03
rmse: 14.442606524334487
mae: 11.493556161314093
