fips: 8065
T_interval_start: 346
T_interval_end: 377
sigma: 0.9800000000000001
gamma: 0.04
rmse: 5.645152528052364
mae: 5.197185664218528
