fips: 8065
T_interval_start: 954
T_interval_end: 984
sigma: 0.9900000000000001
gamma: 0.04
rmse: 5.611460555939585
mae: 5.135163947075173
