fips: 8065
T_interval_start: 650
T_interval_end: 680
sigma: 0.9900000000000001
gamma: 0.04
rmse: 37.96806736054525
mae: 37.333072076236704
