fips: 8065
T_interval_start: 254
T_interval_end: 285
sigma: 0.9900000000000001
gamma: 0.04
rmse: 457.4677788943499
mae: 199.68409750636425
