fips: 8065
T_interval_start: 711
T_interval_end: 742
sigma: 0.9
gamma: 0.04
rmse: 42.747810176152456
mae: 37.678988480659434
