fips: 8065
T_interval_start: 315
T_interval_end: 346
sigma: 0.9
gamma: 0.04
rmse: 22.283761199534712
mae: 22.20302150998676
