fips: 8065
T_interval_start: 436
T_interval_end: 466
sigma: 0.9900000000000001
gamma: 0.04
rmse: 16.213599566711245
mae: 16.020989856041595
