fips: 8065
T_interval_start: 801
T_interval_end: 831
sigma: 0.9900000000000001
gamma: 0.04
rmse: 22.532695163908613
mae: 22.530555220363485
