fips: 8065
T_interval_start: 650
T_interval_end: 680
sigma: 0.9
gamma: 0.04
rmse: 2.789540214329452
mae: 2.1955212501895973
