fips: 8065
T_interval_start: 285
T_interval_end: 315
sigma: 0.9
gamma: 0.04
rmse: 10.532478109696983
mae: 9.523617484220505
