fips: 8065
T_interval_start: 405
T_interval_end: 436
sigma: 0.9900000000000001
gamma: 0.04
rmse: 17.242527950890135
mae: 16.625035302629158
