fips: 8065
T_interval_start: 1045
T_interval_end: 1076
sigma: 0.9
gamma: 0.04
rmse: 4.860459073928488
mae: 4.817200794122885
