fips: 8065
T_interval_start: 831
T_interval_end: 862
sigma: 0.9900000000000001
gamma: 0.04
rmse: 18.985190288698803
mae: 18.728254551747835
