fips: 8065
T_interval_start: 923
T_interval_end: 954
sigma: 0.9
gamma: 0.04
rmse: 2.8590518705656445
mae: 2.768786247034675
