fips: 8065
T_interval_start: 742
T_interval_end: 770
sigma: 0.9
gamma: 0.04
rmse: 60.341078958006975
mae: 38.10976246123062
