fips: 8065
T_interval_start: 1015
T_interval_end: 1045
sigma: 0.9500000000000001
gamma: 0.05
rmse: 8.292753900038642
mae: 6.021680252018472
