fips: 8065
T_interval_start: 862
T_interval_end: 892
sigma: 0.9900000000000001
gamma: 0.04
rmse: 10.438609962116642
mae: 8.620853255911168
