fips: 8065
T_interval_start: 619
T_interval_end: 650
sigma: 0.9900000000000001
gamma: 0.04
rmse: 8.538538800155141
mae: 6.890490289973017
