fips: 8065
T_interval_start: 770
T_interval_end: 801
sigma: 0.9900000000000001
gamma: 0.04
rmse: 20.929697127050233
mae: 20.824321369220005
