fips: 8065
T_interval_start: 254
T_interval_end: 285
sigma: 0.9
gamma: 0.04
rmse: 1.9786219425763092
mae: 1.8212695530796792
