fips: 8065
T_interval_start: 589
T_interval_end: 619
sigma: 0.9900000000000001
gamma: 0.04
rmse: 56.33923144938345
mae: 55.13545138644326
