fips: 8065
T_interval_start: 405
T_interval_end: 436
sigma: 0.9900000000000001
gamma: 0.04
rmse: 31.26860421992767
mae: 31.088627294536096
