fips: 8065
T_interval_start: 254
T_interval_end: 285
sigma: 0.9900000000000001
gamma: 0.02
rmse: 0.2983181059721314
mae: 0.2423751354653087
