fips: 8065
T_interval_start: 801
T_interval_end: 831
sigma: 0.9900000000000001
gamma: 0.04
rmse: 41.193583965235604
mae: 41.19314903823432
