fips: 8065
T_interval_start: 193
T_interval_end: 224
sigma: 0.7500000000000001
gamma: 0.2
rmse: 0.37942751568925004
mae: 0.2667577882266482
