fips: 8065
T_interval_start: 680
T_interval_end: 711
sigma: 0.9900000000000001
gamma: 0.04
rmse: 15.094590989243066
mae: 14.565648417434652
