fips: 8065
T_interval_start: 162
T_interval_end: 193
sigma: 0.9500000000000001
gamma: 0.05
rmse: 0.8373125750871738
mae: 0.7030275994262751
