fips: 8065
T_interval_start: 954
T_interval_end: 984
sigma: 0.9500000000000001
gamma: 0.04
rmse: 1.0038654389637423
mae: 0.9177853400693786
