fips: 8065
T_interval_start: 650
T_interval_end: 680
sigma: 0.9900000000000001
gamma: 0.04
rmse: 33.69094621771752
mae: 32.91878734795566
