fips: 8065
T_interval_start: 224
T_interval_end: 254
sigma: 0.1
gamma: 0.25
rmse: 0.5234627417104997
mae: 0.33119059144761953
