fips: 8065
T_interval_start: 770
T_interval_end: 801
sigma: 0.9900000000000001
gamma: 0.04
rmse: 41.383639510263905
mae: 41.377904434151596
