fips: 8065
T_interval_start: 346
T_interval_end: 377
sigma: 0.9900000000000001
gamma: 0.04
rmse: 1.7062815409556573
mae: 1.3706077889879764
