fips: 8065
T_interval_start: 436
T_interval_end: 466
sigma: 0.9700000000000001
gamma: 0.04
rmse: 36.435535444813056
mae: 36.22922459572178
