fips: 8065
T_interval_start: 742
T_interval_end: 770
sigma: 0.9900000000000001
gamma: 0.04
rmse: 41.41136723332705
mae: 36.55621315399369
