fips: 8065
T_interval_start: 377
T_interval_end: 405
sigma: 0.9900000000000001
gamma: 0.04
rmse: 8.833780621803266
mae: 8.342421275901605
