fips: 8065
T_interval_start: 923
T_interval_end: 954
sigma: 0.9900000000000001
gamma: 0.04
rmse: 2.6907571941555197
mae: 2.268052581081218
