fips: 8065
T_interval_start: 892
T_interval_end: 923
sigma: 0.9900000000000001
gamma: 0.04
rmse: 14.96182767618095
mae: 14.0444543850316
