fips: 8065
T_interval_start: 1015
T_interval_end: 1045
sigma: 0.7500000000000001
gamma: 0.05
rmse: 4.113123408485109
mae: 2.830480932234046
