fips: 8065
T_interval_start: 984
T_interval_end: 1015
sigma: 0.05
gamma: 0.05
rmse: 2.187763547083848
mae: 2.0293049664523184
