fips: 8065
T_interval_start: 466
T_interval_end: 497
sigma: 0.9900000000000001
gamma: 0.04
rmse: 44.60779868151836
mae: 44.42476371814516
