fips: 8065
T_interval_start: 831
T_interval_end: 862
sigma: 0.9900000000000001
gamma: 0.04
rmse: 39.33688755685818
mae: 39.231614951470206
