fips: 8065
T_interval_start: 132
T_interval_end: 162
sigma: 0.9500000000000001
gamma: 0.05
rmse: 0.43006804817200284
mae: 0.3736392402671445
