fips: 8065
T_interval_start: 619
T_interval_end: 650
sigma: 0.9900000000000001
gamma: 0.04
rmse: 34.698261445004846
mae: 34.42240622837151
