fips: 8014
T_interval_start: 862
T_interval_end: 892
sigma: 0.9500000000000001
gamma: 0.05
rmse: 35.50191194669718
