fips: 8014
T_interval_start: 923
T_interval_end: 954
sigma: 0.9000000000000001
gamma: 0.05
rmse: 15.510214508793792
