fips: 8014
T_interval_start: 1045
T_interval_end: 1076
sigma: 0.9500000000000001
gamma: 0.1
rmse: 16.57939946430506
