fips: 8014
T_interval_start: 770
T_interval_end: 801
sigma: 0.9500000000000001
gamma: 0.05
rmse: 16.384909192945205
