fips: 8014
T_interval_start: 1015
T_interval_end: 1045
sigma: 0.9500000000000001
gamma: 0.05
rmse: 29.14515625157524
