fips: 8014
T_interval_start: 101
T_interval_end: 132
sigma: 0.9000000000000001
gamma: 0.05
rmse: 5.856647534975892
