fips: 8014
T_interval_start: 101
T_interval_end: 132
sigma: 0.9900000000000001
gamma: 0.04
rmse: 14.164723516699404
mae: 14.115335760745985
