fips: 8014
T_interval_start: 436
T_interval_end: 466
sigma: 0.9900000000000001
gamma: 0.04
rmse: 13.431909010289438
mae: 11.1439110503174
