fips: 8014
T_interval_start: 1015
T_interval_end: 1045
sigma: 0.9
gamma: 0.03
rmse: 75.0830235457124
mae: 68.81453842212005
