fips: 8014
T_interval_start: 892
T_interval_end: 923
sigma: 0.9900000000000001
gamma: 0.03
rmse: 145.32640757803537
mae: 137.71070834996956
