fips: 8014
T_interval_start: 71
T_interval_end: 101
sigma: 0.9
gamma: 0.04
rmse: 8.40387298274
mae: 7.036162194650557
