fips: 8014
T_interval_start: 285
T_interval_end: 315
sigma: 0.9
gamma: 0.04
rmse: 115.9201667229223
mae: 111.99861600050465
