fips: 8014
T_interval_start: 466
T_interval_end: 497
sigma: 0.9
gamma: 0.04
rmse: 16.476258329025608
mae: 14.337715439823716
