fips: 8014
T_interval_start: 315
T_interval_end: 346
sigma: 0.9900000000000001
gamma: 0.04
rmse: 159.91242658402314
mae: 159.3639084589293
