fips: 8014
T_interval_start: 527
T_interval_end: 558
sigma: 0.9
gamma: 0.04
rmse: 8.396066373215865
mae: 6.595118963177018
