fips: 8014
T_interval_start: 377
T_interval_end: 405
sigma: 0.9900000000000001
gamma: 0.04
rmse: 70.93779218881193
mae: 70.0806796252429
