fips: 8014
T_interval_start: 801
T_interval_end: 831
sigma: 0.9
gamma: 0.04
rmse: 95.7734193599415
mae: 93.21666314703857
