fips: 8014
T_interval_start: 405
T_interval_end: 436
sigma: 0.9900000000000001
gamma: 0.04
rmse: 26.754697489742533
mae: 24.5511654038549
