fips: 8014
T_interval_start: 770
T_interval_end: 801
sigma: 0.9
gamma: 0.04
rmse: 43.11289186915866
mae: 39.817838670877045
