fips: 8014
T_interval_start: 254
T_interval_end: 285
sigma: 0.9
gamma: 0.04
rmse: 43.55666306904429
mae: 42.85425446442768
