fips: 8014
T_interval_start: 711
T_interval_end: 742
sigma: 0.9
gamma: 0.03
rmse: 647.7960630268144
mae: 597.7013722710512
