fips: 8014
T_interval_start: 742
T_interval_end: 770
sigma: 0.9
gamma: 0.03
rmse: 401.41659207369287
mae: 355.74112850917163
