fips: 8014
T_interval_start: 346
T_interval_end: 377
sigma: 0.9900000000000001
gamma: 0.04
rmse: 90.66186942590654
mae: 89.68437265228778
