fips: 8014
T_interval_start: 1045
T_interval_end: 1076
sigma: 0.9
gamma: 0.03
rmse: 103.22991908788771
mae: 102.1236013888125
