fips: 8014
T_interval_start: 193
T_interval_end: 224
sigma: 0.9
gamma: 0.04
rmse: 19.821255504150482
mae: 18.702471794853444
