fips: 8014
T_interval_start: 984
T_interval_end: 1015
sigma: 0.9
gamma: 0.03
rmse: 13.12366501476874
mae: 10.604755481832157
