fips: 8014
T_interval_start: 162
T_interval_end: 193
sigma: 0.9
gamma: 0.04
rmse: 5.428430708546638
mae: 4.3379373252198565
