fips: 8014
T_interval_start: 466
T_interval_end: 497
sigma: 0.9
gamma: 0.04
rmse: 52.061337393007015
mae: 45.79917441679448
