fips: 8014
T_interval_start: 589
T_interval_end: 619
sigma: 0.9
gamma: 0.04
rmse: 97.63318514377985
mae: 96.65325985311708
