fips: 8014
T_interval_start: 558
T_interval_end: 589
sigma: 0.9
gamma: 0.04
rmse: 61.81173613475609
mae: 59.18073140891123
