fips: 8014
T_interval_start: 923
T_interval_end: 954
sigma: 0.9900000000000001
gamma: 0.03
rmse: 113.66842929755374
mae: 111.71091964330103
