fips: 8014
T_interval_start: 650
T_interval_end: 680
sigma: 0.9900000000000001
gamma: 0.03
rmse: 59.91762359355262
mae: 58.00458630339482
