fips: 8014
T_interval_start: 71
T_interval_end: 101
sigma: 0.9
gamma: 0.04
rmse: 5.440669534134862
mae: 4.230642671389987
