fips: 8014
T_interval_start: 497
T_interval_end: 527
sigma: 0.9
gamma: 0.04
rmse: 6.5238246488295015
mae: 5.696712865763565
