fips: 8014
T_interval_start: 742
T_interval_end: 770
sigma: 0.9900000000000001
gamma: 0.03
rmse: 396.2475327827979
mae: 357.91444157380863
