fips: 8014
T_interval_start: 527
T_interval_end: 558
sigma: 0.9
gamma: 0.04
rmse: 9.421876283852516
mae: 8.453767769340894
