fips: 8014
T_interval_start: 193
T_interval_end: 224
sigma: 0.9
gamma: 0.04
rmse: 5.363068367326183
mae: 4.499863210497344
