fips: 8014
T_interval_start: 405
T_interval_end: 436
sigma: 0.9
gamma: 0.04
rmse: 45.42946110333566
mae: 42.283776168406014
