fips: 8014
T_interval_start: 831
T_interval_end: 862
sigma: 0.9
gamma: 0.04
rmse: 171.32420440106463
mae: 156.31244702833894
