fips: 8014
T_interval_start: 770
T_interval_end: 801
sigma: 0.9
gamma: 0.04
rmse: 13.570461475649205
mae: 10.624283339426336
