fips: 8014
T_interval_start: 254
T_interval_end: 285
sigma: 0.93
gamma: 0.04
rmse: 5.5824438286513365
mae: 4.45414877867741
