fips: 8014
T_interval_start: 619
T_interval_end: 650
sigma: 0.9900000000000001
gamma: 0.03
rmse: 105.20128431656256
mae: 104.32094199990922
