fips: 8014
T_interval_start: 377
T_interval_end: 405
sigma: 0.9
gamma: 0.04
rmse: 6.591326158420329
mae: 5.535803078365997
