fips: 8014
T_interval_start: 892
T_interval_end: 923
sigma: 0.9900000000000001
gamma: 0.03
rmse: 255.8272998971841
mae: 249.2102038042048
