fips: 8014
T_interval_start: 285
T_interval_end: 315
sigma: 0.9900000000000001
gamma: 0.04
rmse: 23.792214649599888
mae: 19.194316580555995
