fips: 8014
T_interval_start: 984
T_interval_end: 1015
sigma: 0.9900000000000001
gamma: 0.03
rmse: 17.430124086474052
mae: 15.23219925581821
