fips: 8014
T_interval_start: 1076
T_interval_end: 1107
sigma: 0.9
gamma: 0.03
rmse: 40.73268829642492
mae: 38.98165982549757
