fips: 8014
T_interval_start: 346
T_interval_end: 377
sigma: 0.9900000000000001
gamma: 0.04
rmse: 32.49348470246095
mae: 25.578157496089954
