fips: 8014
T_interval_start: 436
T_interval_end: 466
sigma: 0.9900000000000001
gamma: 0.03
rmse: 52.16879312251832
mae: 52.080030639513126
