fips: 8014
T_interval_start: 224
T_interval_end: 254
sigma: 0.9900000000000001
gamma: 0.04
rmse: 7.364244828492099
mae: 6.264377372936277
