fips: 8014
T_interval_start: 1015
T_interval_end: 1045
sigma: 0.9
gamma: 0.03
rmse: 51.94465815679722
mae: 43.242436648475014
