fips: 8014
T_interval_start: 801
T_interval_end: 831
sigma: 0.9
gamma: 0.04
rmse: 55.363773842470216
mae: 52.6264354159798
