fips: 8014
T_interval_start: 377
T_interval_end: 405
sigma: 0.9900000000000001
gamma: 0.04
rmse: 52.470805755631815
mae: 51.169695547365734
