fips: 8014
T_interval_start: 132
T_interval_end: 162
sigma: 0.9700000000000001
gamma: 0.04
rmse: 10.201924300752491
mae: 10.170144895684503
