fips: 8014
T_interval_start: 984
T_interval_end: 1015
sigma: 0.9900000000000001
gamma: 0.03
rmse: 8.48787507119865
mae: 7.660829548021508
