fips: 8014
T_interval_start: 315
T_interval_end: 346
sigma: 0.9900000000000001
gamma: 0.04
rmse: 169.89272818933983
mae: 168.38854999898203
