fips: 8014
T_interval_start: 923
T_interval_end: 954
sigma: 0.9900000000000001
gamma: 0.03
rmse: 57.48851126945867
mae: 56.973323329925584
