fips: 8014
T_interval_start: 436
T_interval_end: 466
sigma: 0.9
gamma: 0.04
rmse: 12.886406911632216
mae: 10.620555467284968
