fips: 8014
T_interval_start: 1015
T_interval_end: 1045
sigma: 0.9
gamma: 0.03
rmse: 59.96027064901477
mae: 52.89189378418999
