fips: 8014
T_interval_start: 801
T_interval_end: 831
sigma: 0.9
gamma: 0.04
rmse: 79.41494296956142
mae: 76.47256691728332
