fips: 8014
T_interval_start: 346
T_interval_end: 377
sigma: 0.9900000000000001
gamma: 0.04
rmse: 85.71181150719005
mae: 84.82892445220901
