fips: 8014
T_interval_start: 862
T_interval_end: 892
sigma: 0.9900000000000001
gamma: 0.03
rmse: 269.46697914663946
mae: 265.1992914907008
