fips: 8014
T_interval_start: 770
T_interval_end: 801
sigma: 0.9
gamma: 0.04
rmse: 35.026125300340404
mae: 31.66505873558671
