fips: 8014
T_interval_start: 619
T_interval_end: 650
sigma: 0.9
gamma: 0.04
rmse: 125.73551848514741
mae: 125.14181056308811
