fips: 8014
T_interval_start: 589
T_interval_end: 619
sigma: 0.9
gamma: 0.04
rmse: 89.42930681999178
mae: 87.86025627635003
