fips: 8014
T_interval_start: 680
T_interval_end: 711
sigma: 0.9900000000000001
gamma: 0.03
rmse: 48.58397057542581
mae: 44.257106493893595
