fips: 8014
T_interval_start: 224
T_interval_end: 254
sigma: 0.9700000000000001
gamma: 0.04
rmse: 24.504992354063425
mae: 24.342601394466275
