fips: 8014
T_interval_start: 71
T_interval_end: 101
sigma: 0.9
gamma: 0.04
rmse: 8.188899804837957
mae: 6.883556220420709
