fips: 8014
T_interval_start: 497
T_interval_end: 527
sigma: 0.9900000000000001
gamma: 0.04
rmse: 13.545923401445746
mae: 12.877645778285885
