fips: 8014
T_interval_start: 711
T_interval_end: 742
sigma: 0.9
gamma: 0.03
rmse: 525.2654185268268
mae: 463.29073123000177
