fips: 8014
T_interval_start: 1045
T_interval_end: 1076
sigma: 0.9
gamma: 0.03
rmse: 97.23249623904131
mae: 96.30360810282282
