fips: 8014
T_interval_start: 466
T_interval_end: 497
sigma: 0.9
gamma: 0.04
rmse: 19.034477423393266
mae: 17.45472798640845
