fips: 8014
T_interval_start: 954
T_interval_end: 984
sigma: 0.9900000000000001
gamma: 0.03
rmse: 32.09481583243651
mae: 29.543521373684403
