fips: 8014
T_interval_start: 162
T_interval_end: 193
sigma: 0.9
gamma: 0.04
rmse: 12.015550232383939
mae: 11.743708816280137
