fips: 8014
T_interval_start: 101
T_interval_end: 132
sigma: 0.9900000000000001
gamma: 0.04
rmse: 13.636728200059578
mae: 13.6003925819632
