fips: 8014
T_interval_start: 193
T_interval_end: 224
sigma: 0.9
gamma: 0.04
rmse: 19.813225089360476
mae: 19.142673329526126
