fips: 8014
T_interval_start: 285
T_interval_end: 315
sigma: 0.9
gamma: 0.04
rmse: 143.71595573737238
mae: 139.12052964856997
