fips: 8014
T_interval_start: 558
T_interval_end: 589
sigma: 0.9
gamma: 0.04
rmse: 39.62895403192161
mae: 36.830844074986096
