fips: 8029
T_interval_start: 377
T_interval_end: 405
sigma: 0.9000000000000001
gamma: 0.1
rmse: 11.158269038513252
