fips: 8029
T_interval_start: 466
T_interval_end: 497
sigma: 0.9000000000000001
gamma: 0.05
rmse: 4.745227943299405
