fips: 8029
T_interval_start: 346
T_interval_end: 377
sigma: 0.8500000000000001
gamma: 0.05
rmse: 52.680763053108656
