fips: 8029
T_interval_start: 405
T_interval_end: 436
sigma: 0.9000000000000001
gamma: 0.05
rmse: 3.1218036053641063
