fips: 8029
T_interval_start: 801
T_interval_end: 831
sigma: 0.9500000000000001
gamma: 0.05
rmse: 47.11815093904762
