fips: 8029
T_interval_start: 923
T_interval_end: 954
sigma: 0.9500000000000001
gamma: 0.1
rmse: 4.1885093679276935
