fips: 8029
T_interval_start: 224
T_interval_end: 254
sigma: 0.9500000000000001
gamma: 0.05
rmse: 1.6699571112161773
