fips: 8029
T_interval_start: 558
T_interval_end: 589
sigma: 0.35000000000000003
gamma: 0.1
rmse: 6.690335018384611
