fips: 8029
T_interval_start: 71
T_interval_end: 101
sigma: 0.9500000000000001
gamma: 0.05
rmse: 1.4965836039074676
