fips: 8029
T_interval_start: 466
T_interval_end: 497
sigma: 0.9900000000000001
gamma: 0.04
rmse: 36.406889827334155
mae: 35.86009202380284
