fips: 8029
T_interval_start: 497
T_interval_end: 527
sigma: 0.9900000000000001
gamma: 0.04
rmse: 18.589638280475903
mae: 14.192244841123602
