fips: 8029
T_interval_start: 770
T_interval_end: 801
sigma: 0.9
gamma: 0.04
rmse: 84.70433161117627
mae: 70.79693336136104
