fips: 8029
T_interval_start: 101
T_interval_end: 132
sigma: 0.9900000000000001
gamma: 0.04
rmse: 3.048185995471217
mae: 2.7036024867105866
