fips: 8029
T_interval_start: 285
T_interval_end: 315
sigma: 0.9
gamma: 0.04
rmse: 36.040837992286654
mae: 29.374505348524814
