fips: 8029
T_interval_start: 132
T_interval_end: 162
sigma: 0.9
gamma: 0.04
rmse: 4.39192776856949
mae: 4.391757709239185
