fips: 8029
T_interval_start: 831
T_interval_end: 862
sigma: 0.9
gamma: 0.04
rmse: 36.67527322553917
mae: 27.340787043625845
