fips: 8029
T_interval_start: 193
T_interval_end: 224
sigma: 0.9
gamma: 0.04
rmse: 7.848251448542022
mae: 7.527134026403863
