fips: 8029
T_interval_start: 742
T_interval_end: 770
sigma: 0.9
gamma: 0.03
rmse: 20.829625906630476
mae: 18.973260071431202
