fips: 8029
T_interval_start: 984
T_interval_end: 1015
sigma: 0.9
gamma: 0.04
rmse: 34.1479719989379
mae: 33.550136849930965
