fips: 8029
T_interval_start: 405
T_interval_end: 436
sigma: 0.9900000000000001
gamma: 0.04
rmse: 67.25202622833842
mae: 64.1315989831804
