fips: 8029
T_interval_start: 680
T_interval_end: 711
sigma: 0.9
gamma: 0.04
rmse: 102.42641171299566
mae: 99.07331192335644
