fips: 8029
T_interval_start: 923
T_interval_end: 954
sigma: 0.9
gamma: 0.04
rmse: 40.94221531576716
mae: 37.41027526784483
