fips: 8029
T_interval_start: 801
T_interval_end: 831
sigma: 0.9900000000000001
gamma: 0.03
rmse: 67.71357707131222
mae: 64.62254560778042
