fips: 8029
T_interval_start: 619
T_interval_end: 650
sigma: 0.9
gamma: 0.04
rmse: 128.46730031954658
mae: 117.7727936108107
