fips: 8029
T_interval_start: 315
T_interval_end: 346
sigma: 0.93
gamma: 0.04
rmse: 122.26383359407643
mae: 119.76443388139202
