fips: 8029
T_interval_start: 954
T_interval_end: 984
sigma: 0.9
gamma: 0.04
rmse: 23.1145494223371
mae: 22.45236855001138
