fips: 8029
T_interval_start: 346
T_interval_end: 377
sigma: 0.9900000000000001
gamma: 0.04
rmse: 128.93106054636542
mae: 126.90716209871162
