fips: 8029
T_interval_start: 558
T_interval_end: 589
sigma: 0.9500000000000001
gamma: 0.04
rmse: 7.26197674184224
mae: 6.287072279726487
