fips: 8029
T_interval_start: 892
T_interval_end: 923
sigma: 0.9
gamma: 0.04
rmse: 58.198155382512844
mae: 56.96565152355141
