fips: 8029
T_interval_start: 801
T_interval_end: 831
sigma: 0.9900000000000001
gamma: 0.03
rmse: 55.461714240376516
mae: 52.32525133474994
