fips: 8029
T_interval_start: 71
T_interval_end: 101
sigma: 0.9
gamma: 0.04
rmse: 1.0204831181986374
mae: 0.9678799692323393
