fips: 8029
T_interval_start: 377
T_interval_end: 405
sigma: 0.9
gamma: 0.04
rmse: 51.82962483660992
mae: 40.46802546061558
