fips: 8029
T_interval_start: 558
T_interval_end: 589
sigma: 0.9
gamma: 0.04
rmse: 15.405258127084176
mae: 10.640248303827955
