fips: 8029
T_interval_start: 527
T_interval_end: 558
sigma: 0.9
gamma: 0.04
rmse: 31.456039550330413
mae: 30.486138993316665
