fips: 8029
T_interval_start: 315
T_interval_end: 346
sigma: 0.9900000000000001
gamma: 0.03
rmse: 28.924460929794698
mae: 24.99756283103392
