fips: 8029
T_interval_start: 650
T_interval_end: 680
sigma: 0.9900000000000001
gamma: 0.03
rmse: 96.13367784362957
mae: 95.3294817398357
