fips: 8029
T_interval_start: 285
T_interval_end: 315
sigma: 0.9900000000000001
gamma: 0.03
rmse: 5.830900915625992
mae: 5.208593948455446
