fips: 8029
T_interval_start: 224
T_interval_end: 254
sigma: 0.9
gamma: 0.04
rmse: 6.220232314983034
mae: 6.166127180675065
