fips: 8029
T_interval_start: 680
T_interval_end: 711
sigma: 0.9900000000000001
gamma: 0.03
rmse: 68.0186739676299
mae: 67.34898420759559
