fips: 8029
T_interval_start: 862
T_interval_end: 892
sigma: 0.9
gamma: 0.04
rmse: 74.45380304152191
mae: 68.59190482436335
