fips: 8029
T_interval_start: 1076
T_interval_end: 1107
sigma: 0.9900000000000001
gamma: 0.03
rmse: 6.241283878304538
mae: 5.452575688243455
