fips: 8029
T_interval_start: 954
T_interval_end: 984
sigma: 0.9
gamma: 0.04
rmse: 22.794368601996158
mae: 22.101910097894788
