fips: 8029
T_interval_start: 193
T_interval_end: 224
sigma: 0.9
gamma: 0.04
rmse: 8.004847134440094
mae: 7.8663292004571
