fips: 8029
T_interval_start: 892
T_interval_end: 923
sigma: 0.9
gamma: 0.04
rmse: 66.55321221589085
mae: 65.80809729425476
