fips: 8029
T_interval_start: 742
T_interval_end: 770
sigma: 0.9900000000000001
gamma: 0.03
rmse: 22.148812435024354
mae: 16.88315897077604
