fips: 8029
T_interval_start: 1015
T_interval_end: 1045
sigma: 0.9900000000000001
gamma: 0.03
rmse: 15.503001572240171
mae: 14.614408986585095
