fips: 8029
T_interval_start: 831
T_interval_end: 862
sigma: 0.9
gamma: 0.04
rmse: 44.433801927019
mae: 35.362497653534476
