fips: 8029
T_interval_start: 405
T_interval_end: 436
sigma: 0.9900000000000001
gamma: 0.04
rmse: 16.253467015002382
mae: 15.6147459323899
