fips: 8029
T_interval_start: 254
T_interval_end: 285
sigma: 0.9500000000000001
gamma: 0.35000000000000003
rmse: 2.834339892926767
mae: 2.432895881063157
