fips: 8029
T_interval_start: 436
T_interval_end: 466
sigma: 0.9900000000000001
gamma: 0.04
rmse: 4.692898588294975
mae: 3.9590596478333913
