fips: 8029
T_interval_start: 589
T_interval_end: 619
sigma: 0.9
gamma: 0.04
rmse: 22.908800990155967
mae: 20.366053788647058
