fips: 8029
T_interval_start: 466
T_interval_end: 497
sigma: 0.9900000000000001
gamma: 0.04
rmse: 5.2883354129114695
mae: 4.008898374388038
