fips: 8029
T_interval_start: 1107
T_interval_end: 1135
sigma: 0.9900000000000001
gamma: 0.03
rmse: 10.49220051677238
mae: 10.48768775725984
