fips: 8029
T_interval_start: 497
T_interval_end: 527
sigma: 0.9
gamma: 0.04
rmse: 15.042189334641145
mae: 11.32748188663934
