fips: 8029
T_interval_start: 801
T_interval_end: 831
sigma: 0.9
gamma: 0.04
rmse: 65.45734216590995
mae: 58.88074088957104
