fips: 8029
T_interval_start: 892
T_interval_end: 923
sigma: 0.9
gamma: 0.04
rmse: 56.935143282856984
mae: 56.194435679438584
