fips: 8029
T_interval_start: 923
T_interval_end: 954
sigma: 0.9
gamma: 0.04
rmse: 38.00193595351387
mae: 34.75979973694748
