fips: 8029
T_interval_start: 254
T_interval_end: 285
sigma: 0.9500000000000001
gamma: 0.05
rmse: 0.8317217511411157
mae: 0.618128926962714
