fips: 8029
T_interval_start: 101
T_interval_end: 132
sigma: 0.9900000000000001
gamma: 0.04
rmse: 2.926986947841361
mae: 2.5964175369480667
