fips: 8029
T_interval_start: 193
T_interval_end: 224
sigma: 0.9
gamma: 0.04
rmse: 6.572882948442783
mae: 6.352000039610869
