fips: 8029
T_interval_start: 527
T_interval_end: 558
sigma: 0.9900000000000001
gamma: 0.04
rmse: 16.56402104772436
mae: 15.186901671403346
