fips: 8029
T_interval_start: 711
T_interval_end: 742
sigma: 0.9900000000000001
gamma: 0.03
rmse: 78.36408213284308
mae: 77.19906591687338
