fips: 8029
T_interval_start: 346
T_interval_end: 377
sigma: 0.9900000000000001
gamma: 0.04
rmse: 89.16526267741268
mae: 86.7158147773013
