fips: 8029
T_interval_start: 650
T_interval_end: 680
sigma: 0.9
gamma: 0.04
rmse: 141.25925534394517
mae: 141.04148038043505
