fips: 8029
T_interval_start: 558
T_interval_end: 589
sigma: 0.9900000000000001
gamma: 0.04
rmse: 17.523494910523983
mae: 16.65164861413935
