fips: 8029
T_interval_start: 1015
T_interval_end: 1045
sigma: 0.9900000000000001
gamma: 0.03
rmse: 17.294666679420786
mae: 14.987467228603741
