fips: 8029
T_interval_start: 315
T_interval_end: 346
sigma: 0.9800000000000001
gamma: 0.04
rmse: 107.33120024981883
mae: 106.02325302518632
