fips: 8029
T_interval_start: 680
T_interval_end: 711
sigma: 0.9
gamma: 0.04
rmse: 84.75851794250626
mae: 82.20087441458178
