fips: 8029
T_interval_start: 831
T_interval_end: 862
sigma: 0.9
gamma: 0.04
rmse: 36.433285722776205
mae: 26.401753883882108
