fips: 8029
T_interval_start: 377
T_interval_end: 405
sigma: 0.9900000000000001
gamma: 0.04
rmse: 93.67103320472285
mae: 93.19791867868749
