fips: 8029
T_interval_start: 1045
T_interval_end: 1076
sigma: 0.9
gamma: 0.03
rmse: 4.3026751371496275
mae: 3.5944779201907444
