fips: 8029
T_interval_start: 497
T_interval_end: 527
sigma: 0.9900000000000001
gamma: 0.04
rmse: 26.831937502595956
mae: 26.55722192344096
