fips: 8029
T_interval_start: 285
T_interval_end: 315
sigma: 0.9
gamma: 0.04
rmse: 34.539950464937036
mae: 28.03689226150192
