fips: 8029
T_interval_start: 984
T_interval_end: 1015
sigma: 0.9
gamma: 0.04
rmse: 33.42127100766345
mae: 32.85846905550953
