fips: 8029
T_interval_start: 954
T_interval_end: 984
sigma: 0.9
gamma: 0.04
rmse: 21.357633556575482
mae: 20.672125045530645
