fips: 8029
T_interval_start: 132
T_interval_end: 162
sigma: 0.9
gamma: 0.04
rmse: 4.264467612523007
mae: 4.263891779560831
