fips: 8029
T_interval_start: 224
T_interval_end: 254
sigma: 0.9900000000000001
gamma: 0.04
rmse: 7.809650104349552
mae: 7.799011707483893
