fips: 8029
T_interval_start: 862
T_interval_end: 892
sigma: 0.9
gamma: 0.04
rmse: 61.89090626046755
mae: 56.76356109227251
