fips: 8073
T_interval_start: 346
T_interval_end: 377
sigma: 0.9000000000000001
gamma: 0.1
rmse: 14.566311300370485
