fips: 8073
T_interval_start: 801
T_interval_end: 831
sigma: 0.9500000000000001
gamma: 0.15000000000000002
rmse: 8.437094409935069
