fips: 8073
T_interval_start: 862
T_interval_end: 892
sigma: 0.9500000000000001
gamma: 0.15000000000000002
rmse: 2.923790587542104
