fips: 8073
T_interval_start: 862
T_interval_end: 892
sigma: 0.9900000000000001
gamma: 0.03
rmse: 6.138886961481386
mae: 5.271730826715539
