fips: 8073
T_interval_start: 923
T_interval_end: 954
sigma: 0.9
gamma: 0.01
rmse: 30.348088925955885
mae: 30.038775510204086
