fips: 8073
T_interval_start: 405
T_interval_end: 436
sigma: 0.9
gamma: 0.01
rmse: 31.441634897434138
mae: 31.110989010989023
