fips: 8073
T_interval_start: 862
T_interval_end: 892
sigma: 0.9
gamma: 0.01
rmse: 37.90525873089093
mae: 37.766666666666666
