fips: 8073
T_interval_start: 742
T_interval_end: 770
sigma: 0.9
gamma: 0.03
rmse: 114.31130688673322
mae: 99.16529286037826
