fips: 8073
T_interval_start: 923
T_interval_end: 954
sigma: 0.9900000000000001
gamma: 0.03
rmse: 15.681001181425827
mae: 15.391638354915516
