fips: 8073
T_interval_start: 315
T_interval_end: 346
sigma: 0.9900000000000001
gamma: 0.04
rmse: 128.19542602163455
mae: 99.22069604432009
