fips: 8073
T_interval_start: 711
T_interval_end: 742
sigma: 0.9
gamma: 0.01
rmse: 236.4279062042517
mae: 194.33963133640563
