fips: 8073
T_interval_start: 801
T_interval_end: 831
sigma: 0.9
gamma: 0.03
rmse: 13.831877280334378
mae: 13.17572903344152
