fips: 8073
T_interval_start: 285
T_interval_end: 315
sigma: 0.9
gamma: 0.04
rmse: 16.817656934910733
mae: 15.165280123796565
