fips: 8073
T_interval_start: 558
T_interval_end: 589
sigma: 0.9
gamma: 0.01
rmse: 32.10565206079155
mae: 31.827272727272728
