fips: 8073
T_interval_start: 619
T_interval_end: 650
sigma: 0.9
gamma: 0.01
rmse: 86.08248409790518
mae: 85.97096774193548
