fips: 8073
T_interval_start: 680
T_interval_end: 711
sigma: 0.9900000000000001
gamma: 0.04
rmse: 7.443132527674564
mae: 5.515453453639652
