fips: 8073
T_interval_start: 650
T_interval_end: 680
sigma: 0.9900000000000001
gamma: 0.04
rmse: 44.95733443736283
mae: 43.49116971923449
