fips: 8073
T_interval_start: 831
T_interval_end: 862
sigma: 0.9900000000000001
gamma: 0.03
rmse: 10.14017369255921
mae: 9.02289255424716
