fips: 8073
T_interval_start: 619
T_interval_end: 650
sigma: 0.9900000000000001
gamma: 0.04
rmse: 112.44374463866923
mae: 108.63972920072527
