fips: 8073
T_interval_start: 285
T_interval_end: 315
sigma: 0.9900000000000001
gamma: 0.04
rmse: 535.4060692065867
mae: 200.71114886790758
