fips: 8073
T_interval_start: 346
T_interval_end: 377
sigma: 0.9
gamma: 0.01
rmse: 99.97488950690325
mae: 89.65299539167532
