fips: 8073
T_interval_start: 711
T_interval_end: 742
sigma: 0.9
gamma: 0.03
rmse: 91.46293597132477
mae: 74.36794857354658
