fips: 8073
T_interval_start: 954
T_interval_end: 984
sigma: 0.9
gamma: 0.01
rmse: 22.18931991673804
mae: 22.185714285714297
