fips: 8073
T_interval_start: 711
T_interval_end: 742
sigma: 0.9
gamma: 0.03
rmse: 48.55033980209439
mae: 43.90221706070478
