fips: 8073
T_interval_start: 770
T_interval_end: 801
sigma: 0.9
gamma: 0.04
rmse: 31.734699889388896
mae: 27.5892363292293
