fips: 8073
T_interval_start: 862
T_interval_end: 892
sigma: 0.9
gamma: 0.04
rmse: 14.77259982536435
mae: 14.5645967627185
