fips: 8073
T_interval_start: 650
T_interval_end: 680
sigma: 0.9900000000000001
gamma: 0.04
rmse: 37.14232883607796
mae: 36.39354875532842
