fips: 8073
T_interval_start: 346
T_interval_end: 377
sigma: 0.9900000000000001
gamma: 0.04
rmse: 74.62582242830503
mae: 72.54055359636652
