fips: 8073
T_interval_start: 377
T_interval_end: 405
sigma: 0.9900000000000001
gamma: 0.04
rmse: 60.800492587607565
mae: 60.35638078994355
