fips: 8073
T_interval_start: 801
T_interval_end: 831
sigma: 0.9900000000000001
gamma: 0.03
rmse: 17.644083593770528
mae: 16.65001803955993
