fips: 8073
T_interval_start: 892
T_interval_end: 923
sigma: 0.9
gamma: 0.04
rmse: 12.188728029964974
mae: 11.415550733756017
