fips: 8073
T_interval_start: 619
T_interval_end: 650
sigma: 0.9900000000000001
gamma: 0.04
rmse: 64.30395591682544
mae: 63.66468797217009
