fips: 8073
T_interval_start: 923
T_interval_end: 954
sigma: 0.9900000000000001
gamma: 0.03
rmse: 12.980969420294919
mae: 12.940432432151662
