fips: 8073
T_interval_start: 466
T_interval_end: 497
sigma: 0.05
gamma: 0.05
rmse: 2.768904129406352
mae: 2.4805178641914187
