fips: 8073
T_interval_start: 831
T_interval_end: 862
sigma: 0.9
gamma: 0.04
rmse: 8.94222113692365
mae: 8.033730561037423
