fips: 8073
T_interval_start: 285
T_interval_end: 315
sigma: 0.9
gamma: 0.04
rmse: 14.826770047953218
mae: 13.374288280939057
