fips: 8073
T_interval_start: 1045
T_interval_end: 1076
sigma: 0.45
gamma: 0.05
rmse: 1.4554136277456589
mae: 1.2261624554531139
