fips: 8073
T_interval_start: 377
T_interval_end: 405
sigma: 0.9900000000000001
gamma: 0.04
rmse: 272.35892535139783
mae: 269.067222039989
