fips: 8073
T_interval_start: 558
T_interval_end: 589
sigma: 0.9900000000000001
gamma: 0.04
rmse: 159.2576852168916
mae: 159.0291614874053
