fips: 8073
T_interval_start: 742
T_interval_end: 770
sigma: 0.9
gamma: 0.03
rmse: 102.8611971352029
mae: 87.98483616740813
