fips: 8073
T_interval_start: 527
T_interval_end: 558
sigma: 0.5
gamma: 0.05
rmse: 1.0013680148462125
mae: 0.7386792579939093
