fips: 8073
T_interval_start: 650
T_interval_end: 680
sigma: 0.9900000000000001
gamma: 0.04
rmse: 40.82156535161345
mae: 39.73705022044228
