fips: 8073
T_interval_start: 770
T_interval_end: 801
sigma: 0.9900000000000001
gamma: 0.03
rmse: 20.08278914033811
mae: 15.946405600496014
