fips: 8073
T_interval_start: 497
T_interval_end: 527
sigma: 0.9500000000000001
gamma: 0.05
rmse: 0.5185516022241683
mae: 0.4603425696859172
