fips: 8073
T_interval_start: 892
T_interval_end: 923
sigma: 0.9900000000000001
gamma: 0.03
rmse: 7.18156525621753
mae: 5.446182711306863
