fips: 8073
T_interval_start: 254
T_interval_end: 285
sigma: 0.9500000000000001
gamma: 0.3
rmse: 0.3923762918115502
mae: 0.3127989414849822
