fips: 8073
T_interval_start: 1015
T_interval_end: 1045
sigma: 0.9500000000000001
gamma: 0.05
rmse: 2.1258212244880337
mae: 1.4102057131892285
