fips: 8073
T_interval_start: 405
T_interval_end: 436
sigma: 0.9900000000000001
gamma: 0.04
rmse: 176.41016629438747
mae: 175.12852197348946
