fips: 8073
T_interval_start: 589
T_interval_end: 619
sigma: 0.9900000000000001
gamma: 0.04
rmse: 184.50065854500423
mae: 183.96745722278783
