fips: 8073
T_interval_start: 315
T_interval_end: 346
sigma: 0.9900000000000001
gamma: 0.04
rmse: 81.78005047580922
mae: 49.75341767389403
