fips: 8073
T_interval_start: 346
T_interval_end: 377
sigma: 0.9900000000000001
gamma: 0.04
rmse: 227.78319384471428
mae: 226.3897929654457
