fips: 8073
T_interval_start: 954
T_interval_end: 984
sigma: 0.9900000000000001
gamma: 0.03
rmse: 8.19419687982712
mae: 8.192416803711824
