fips: 8073
T_interval_start: 711
T_interval_end: 742
sigma: 0.9
gamma: 0.03
rmse: 83.85698196571073
mae: 70.3753949183069
