fips: 8073
T_interval_start: 71
T_interval_end: 101
sigma: 0.9500000000000001
gamma: 0.05
rmse: 0.1843582373664479
mae: 0.16759178361964075
