fips: 8079
T_interval_start: 742
T_interval_end: 770
sigma: 0.9500000000000001
gamma: 0.05
rmse: 2.1768815257295775
