fips: 8079
T_interval_start: 405
T_interval_end: 436
sigma: 0.9
gamma: 0.04
rmse: 1.8416206808427136
mae: 1.4479265838304325
