fips: 8079
T_interval_start: 742
T_interval_end: 770
sigma: 0.9900000000000001
gamma: 0.01
rmse: 42.55541991247943
mae: 41.06398750747803
