fips: 8079
T_interval_start: 711
T_interval_end: 742
sigma: 0.9
gamma: 0.04
rmse: 5.1966143687440525
mae: 4.609205451183024
