fips: 8079
T_interval_start: 742
T_interval_end: 770
sigma: 0.9900000000000001
gamma: 0.04
rmse: 12.278061036448754
mae: 11.857407173998705
