fips: 8079
T_interval_start: 405
T_interval_end: 436
sigma: 0.9900000000000001
gamma: 0.04
rmse: 58.43815670896093
mae: 36.39863510001852
