fips: 8079
T_interval_start: 619
T_interval_end: 650
sigma: 0.05
gamma: 0.05
rmse: 9.244040962166968
mae: 8.696781856509864
