fips: 8079
T_interval_start: 466
T_interval_end: 497
sigma: 0.05
gamma: 0.05
rmse: 3.2617473736905866
mae: 2.7022079181672587
