fips: 8079
T_interval_start: 497
T_interval_end: 527
sigma: 0.05
gamma: 0.1
rmse: 0.6915362906347978
mae: 0.6412352309361504
