fips: 8079
T_interval_start: 436
T_interval_end: 466
sigma: 0.05
gamma: 0.25
rmse: 1.644438935354155
mae: 1.4938854636384282
