fips: 8079
T_interval_start: 650
T_interval_end: 680
sigma: 0.05
gamma: 0.05
rmse: 10.830287066527834
mae: 9.254241657501787
