fips: 8079
T_interval_start: 527
T_interval_end: 558
sigma: 0.15000000000000002
gamma: 0.15000000000000002
rmse: 1.5900620077118424
mae: 1.2585131623413
