fips: 8079
T_interval_start: 589
T_interval_end: 619
sigma: 0.15000000000000002
gamma: 0.15000000000000002
rmse: 5.188195759048051
mae: 4.13363275777152
