fips: 8079
T_interval_start: 162
T_interval_end: 193
sigma: 0.9500000000000001
gamma: 0.15000000000000002
rmse: 0.3569655470050108
mae: 0.3217559441069923
