fips: 8079
T_interval_start: 711
T_interval_end: 742
sigma: 0.9
gamma: 0.02
rmse: 1.2538835210954182
mae: 1.1110639058289473
