fips: 8079
T_interval_start: 101
T_interval_end: 132
sigma: 0.9500000000000001
gamma: 0.05
rmse: 0.02479762183483665
mae: 0.02451200950778271
