fips: 8079
T_interval_start: 558
T_interval_end: 589
sigma: 0.9500000000000001
gamma: 0.05
rmse: 0.29275812881763785
mae: 0.25719398278639727
