fips: 8079
T_interval_start: 377
T_interval_end: 405
sigma: 0.9500000000000001
gamma: 0.05
rmse: 0.31335406889677864
mae: 0.24475955478698067
