fips: 8079
T_interval_start: 315
T_interval_end: 346
sigma: 0.9500000000000001
gamma: 0.1
rmse: 0.7115242989012076
mae: 0.6288526800618583
