fips: 8079
T_interval_start: 1015
T_interval_end: 1045
sigma: 0.6500000000000001
gamma: 0.05
rmse: 0.10466506514419487
mae: 0.08542066454034077
