fips: 8079
T_interval_start: 71
T_interval_end: 101
sigma: 0.9500000000000001
gamma: 0.05
rmse: 0.14411089535452953
mae: 0.09353295959038439
