fips: 8079
T_interval_start: 193
T_interval_end: 224
sigma: 0.4
gamma: 0.05
rmse: 0.34173550843628897
mae: 0.2959175576542528
