fips: 8079
T_interval_start: 405
T_interval_end: 436
sigma: 0.9
gamma: 0.04
rmse: 0.7983432348107286
mae: 0.5925694550565465
