fips: 8079
T_interval_start: 954
T_interval_end: 984
sigma: 0.9500000000000001
gamma: 0.05
rmse: 1.7316340897812987
mae: 1.4713210498548823
