fips: 8079
T_interval_start: 466
T_interval_end: 497
sigma: 0.6000000000000001
gamma: 0.05
rmse: 0.26572654477000546
mae: 0.2126173490914335
