fips: 8007
T_interval_start: 831
T_interval_end: 862
sigma: 0.9500000000000001
gamma: 0.05
rmse: 14.3243075459122
