fips: 8007
T_interval_start: 589
T_interval_end: 619
sigma: 0.6000000000000001
gamma: 0.05
rmse: 1.5889926301333852
