fips: 8007
T_interval_start: 346
T_interval_end: 377
sigma: 0.9000000000000001
gamma: 0.05
rmse: 7.138396980906362
