fips: 8007
T_interval_start: 193
T_interval_end: 224
sigma: 0.9000000000000001
gamma: 0.1
rmse: 1.165385373339364
