fips: 8007
T_interval_start: 831
T_interval_end: 862
sigma: 0.9900000000000001
gamma: 0.04
rmse: 10.63528482480432
mae: 10.290617587444478
