fips: 8007
T_interval_start: 436
T_interval_end: 466
sigma: 0.9900000000000001
gamma: 0.04
rmse: 30.713978112289876
mae: 30.098920805738683
