fips: 8007
T_interval_start: 862
T_interval_end: 892
sigma: 0.9900000000000001
gamma: 0.04
rmse: 6.2473677397861564
mae: 5.013540999222894
