fips: 8007
T_interval_start: 285
T_interval_end: 315
sigma: 0.9900000000000001
gamma: 0.01
rmse: 6.246393240388275
mae: 5.431706035768275
