fips: 8007
T_interval_start: 954
T_interval_end: 984
sigma: 0.9
gamma: 0.04
rmse: 10.675973441936128
mae: 10.237224382707398
