fips: 8007
T_interval_start: 466
T_interval_end: 497
sigma: 0.9900000000000001
gamma: 0.04
rmse: 26.51051592785579
mae: 26.155074864069963
