fips: 8007
T_interval_start: 589
T_interval_end: 619
sigma: 0.9
gamma: 0.04
rmse: 13.237597106276024
mae: 12.77708609403774
