fips: 8007
T_interval_start: 923
T_interval_end: 954
sigma: 0.9
gamma: 0.04
rmse: 9.603179943879914
mae: 9.180017183455085
