fips: 8007
T_interval_start: 650
T_interval_end: 680
sigma: 0.9900000000000001
gamma: 0.03
rmse: 26.48540624323745
mae: 25.632480387454944
