fips: 8007
T_interval_start: 680
T_interval_end: 711
sigma: 0.9900000000000001
gamma: 0.03
rmse: 28.09062427053964
mae: 25.76473497689353
