fips: 8007
T_interval_start: 346
T_interval_end: 377
sigma: 0.9900000000000001
gamma: 0.04
rmse: 39.239576100512615
mae: 39.041291557995706
