fips: 8007
T_interval_start: 742
T_interval_end: 770
sigma: 0.9900000000000001
gamma: 0.03
rmse: 141.74775934322642
mae: 123.4746749638977
