fips: 8007
T_interval_start: 315
T_interval_end: 346
sigma: 0.9900000000000001
gamma: 0.04
rmse: 19.76550701061468
mae: 17.456312173611202
