fips: 8007
T_interval_start: 711
T_interval_end: 742
sigma: 0.9900000000000001
gamma: 0.03
rmse: 22.595146195482993
mae: 17.017112615320006
