fips: 8007
T_interval_start: 1015
T_interval_end: 1045
sigma: 0.9
gamma: 0.04
rmse: 24.69481094453329
mae: 23.245199319370883
