fips: 8007
T_interval_start: 984
T_interval_end: 1015
sigma: 0.9
gamma: 0.04
rmse: 29.529216246571572
mae: 28.547842785382723
