fips: 8007
T_interval_start: 405
T_interval_end: 436
sigma: 0.9900000000000001
gamma: 0.04
rmse: 9.684639733785847
mae: 8.595501723798975
