fips: 8007
T_interval_start: 984
T_interval_end: 1015
sigma: 0.9900000000000001
gamma: 0.03
rmse: 21.26958645849138
mae: 20.81454274667444
