fips: 8007
T_interval_start: 742
T_interval_end: 770
sigma: 0.9900000000000001
gamma: 0.03
rmse: 95.15193036786403
mae: 86.39240222217549
