fips: 8007
T_interval_start: 224
T_interval_end: 254
sigma: 0.05
gamma: 0.1
rmse: 1.5789637853816552
mae: 1.391858287405373
