fips: 8007
T_interval_start: 650
T_interval_end: 680
sigma: 0.9
gamma: 0.03
rmse: 43.43152847691369
mae: 39.788832877401184
