fips: 8007
T_interval_start: 497
T_interval_end: 527
sigma: 0.9
gamma: 0.04
rmse: 6.5707404806587615
mae: 6.547796573124864
