fips: 8007
T_interval_start: 1076
T_interval_end: 1107
sigma: 0.9
gamma: 0.04
rmse: 12.381007508119643
mae: 12.318201150295339
