fips: 8007
T_interval_start: 892
T_interval_end: 923
sigma: 0.9
gamma: 0.04
rmse: 13.583834062785321
mae: 12.944469378230531
