fips: 8007
T_interval_start: 527
T_interval_end: 558
sigma: 0.9900000000000001
gamma: 0.03
rmse: 4.258243202773668
mae: 3.811226041242182
