fips: 8007
T_interval_start: 680
T_interval_end: 711
sigma: 0.9
gamma: 0.03
rmse: 43.74554826166077
mae: 38.158558773061024
