fips: 8007
T_interval_start: 377
T_interval_end: 405
sigma: 0.9900000000000001
gamma: 0.04
rmse: 7.019835721210115
mae: 6.752348784314274
