fips: 8007
T_interval_start: 1015
T_interval_end: 1045
sigma: 0.9900000000000001
gamma: 0.03
rmse: 24.82184889150525
mae: 24.761328049065902
