fips: 8007
T_interval_start: 315
T_interval_end: 346
sigma: 0.9900000000000001
gamma: 0.01
rmse: 45.254134217269566
mae: 39.901745477295044
