fips: 8007
T_interval_start: 831
T_interval_end: 862
sigma: 0.9900000000000001
gamma: 0.04
rmse: 4.474884486905597
mae: 4.035771504926626
