fips: 8007
T_interval_start: 589
T_interval_end: 619
sigma: 0.9900000000000001
gamma: 0.03
rmse: 4.221166118312028
mae: 3.9380878482508592
