fips: 8007
T_interval_start: 466
T_interval_end: 497
sigma: 0.9900000000000001
gamma: 0.03
rmse: 7.89762889022824
mae: 7.757158321893622
