fips: 8007
T_interval_start: 346
T_interval_end: 377
sigma: 0.9900000000000001
gamma: 0.04
rmse: 4.057867049527584
mae: 3.588587520547231
