fips: 8007
T_interval_start: 923
T_interval_end: 954
sigma: 0.9
gamma: 0.04
rmse: 22.46963925869204
mae: 22.305285109278046
