fips: 8007
T_interval_start: 619
T_interval_end: 650
sigma: 0.9
gamma: 0.04
rmse: 15.9359853585259
mae: 14.241831913362452
