fips: 8007
T_interval_start: 254
T_interval_end: 285
sigma: 0.9500000000000001
gamma: 0.05
rmse: 0.46281044052397435
mae: 0.40519213401413867
