fips: 8007
T_interval_start: 224
T_interval_end: 254
sigma: 0.9500000000000001
gamma: 0.15000000000000002
rmse: 0.40263244883247373
mae: 0.3518067611580324
