fips: 8007
T_interval_start: 71
T_interval_end: 101
sigma: 0.9500000000000001
gamma: 0.3
rmse: 0.32747378071023814
mae: 0.2365997305900442
