fips: 8007
T_interval_start: 497
T_interval_end: 527
sigma: 0.9900000000000001
gamma: 0.04
rmse: 15.947180944686236
mae: 15.559931639917012
