fips: 8007
T_interval_start: 711
T_interval_end: 742
sigma: 0.9900000000000001
gamma: 0.03
rmse: 48.90506666477092
mae: 47.4471890602537
