fips: 8007
T_interval_start: 801
T_interval_end: 831
sigma: 0.9900000000000001
gamma: 0.04
rmse: 20.032632016925202
mae: 19.959518564366306
