fips: 8007
T_interval_start: 923
T_interval_end: 954
sigma: 0.9
gamma: 0.04
rmse: 16.351379984327888
mae: 16.18897890039083
