fips: 8007
T_interval_start: 589
T_interval_end: 619
sigma: 0.9
gamma: 0.04
rmse: 3.734687942232518
mae: 3.113807411794288
