fips: 8007
T_interval_start: 558
T_interval_end: 589
sigma: 0.9900000000000001
gamma: 0.04
rmse: 7.016808876575984
mae: 6.252336594445829
