fips: 8007
T_interval_start: 132
T_interval_end: 162
sigma: 0.9500000000000001
gamma: 0.05
rmse: 0.028289839556720566
mae: 0.018693650192461306
