fips: 8007
T_interval_start: 650
T_interval_end: 680
sigma: 0.9900000000000001
gamma: 0.03
rmse: 58.453187187222625
mae: 58.40660076863138
