fips: 8007
T_interval_start: 405
T_interval_end: 436
sigma: 0.9
gamma: 0.04
rmse: 29.282879312787173
mae: 28.446878275594283
