fips: 8007
T_interval_start: 466
T_interval_end: 497
sigma: 0.9900000000000001
gamma: 0.04
rmse: 29.38228855652757
mae: 28.78477676663848
