fips: 8007
T_interval_start: 742
T_interval_end: 770
sigma: 0.9
gamma: 0.04
rmse: 142.48460297183988
mae: 107.59021930233278
