fips: 8007
T_interval_start: 527
T_interval_end: 558
sigma: 0.9900000000000001
gamma: 0.04
rmse: 12.110287570983362
mae: 11.97285582377807
