fips: 8007
T_interval_start: 315
T_interval_end: 346
sigma: 0.9900000000000001
gamma: 0.04
rmse: 14.36504233519696
mae: 12.275128388085763
