fips: 8007
T_interval_start: 892
T_interval_end: 923
sigma: 0.9
gamma: 0.04
rmse: 6.894755474095249
mae: 5.672097502270311
