fips: 8007
T_interval_start: 193
T_interval_end: 224
sigma: 0.9900000000000001
gamma: 0.01
rmse: 0.40799294624233334
mae: 0.3766637341616506
