fips: 8007
T_interval_start: 862
T_interval_end: 892
sigma: 0.9900000000000001
gamma: 0.04
rmse: 8.263427422117381
mae: 6.793882053020898
