fips: 8007
T_interval_start: 770
T_interval_end: 801
sigma: 0.9900000000000001
gamma: 0.04
rmse: 29.622333447564976
mae: 29.162677167726866
