fips: 8007
T_interval_start: 954
T_interval_end: 984
sigma: 0.9
gamma: 0.04
rmse: 14.572435324572902
mae: 14.382400164588493
