fips: 8007
T_interval_start: 436
T_interval_end: 466
sigma: 0.9
gamma: 0.04
rmse: 30.359483587430866
mae: 30.171007345663845
