fips: 8007
T_interval_start: 346
T_interval_end: 377
sigma: 0.9900000000000001
gamma: 0.04
rmse: 23.94708695585655
mae: 23.81873336028823
