fips: 8025
T_interval_start: 801
T_interval_end: 831
sigma: 0.8500000000000001
gamma: 0.05
rmse: 36.79656758917166
