fips: 8025
T_interval_start: 831
T_interval_end: 862
sigma: 0.9500000000000001
gamma: 0.05
rmse: 5.8851706642266315
