fips: 8025
T_interval_start: 132
T_interval_end: 162
sigma: 0.8500000000000001
gamma: 0.3
rmse: 4.015235000773406
