fips: 8025
T_interval_start: 436
T_interval_end: 466
sigma: 0.9000000000000001
gamma: 0.1
rmse: 2.9295096568846803
