fips: 8025
T_interval_start: 711
T_interval_end: 742
sigma: 0.9500000000000001
gamma: 0.05
rmse: 118.03931650040259
