fips: 8025
T_interval_start: 346
T_interval_end: 377
sigma: 0.9500000000000001
gamma: 0.1
rmse: 11.449637826685032
