fips: 8025
T_interval_start: 1076
T_interval_end: 1107
sigma: 0.9000000000000001
gamma: 0.05
rmse: 10.170740315905272
