fips: 8025
T_interval_start: 923
T_interval_end: 954
sigma: 0.9500000000000001
gamma: 0.05
rmse: 0.9195728696634842
