fips: 8025
T_interval_start: 436
T_interval_end: 466
sigma: 0.9
gamma: 0.01
rmse: 47.9622619507105
mae: 45.29999999999999
