fips: 8025
T_interval_start: 101
T_interval_end: 132
sigma: 0.9900000000000001
gamma: 0.04
rmse: 490.1336366385844
mae: 154.1183475245146
