fips: 8025
T_interval_start: 680
T_interval_end: 711
sigma: 0.9900000000000001
gamma: 0.03
rmse: 9.257051625587394
mae: 7.740645650597048
