fips: 8025
T_interval_start: 770
T_interval_end: 801
sigma: 0.9
gamma: 0.01
rmse: 73.44671542406287
mae: 66.00783410138249
