fips: 8025
T_interval_start: 346
T_interval_end: 377
sigma: 0.9
gamma: 0.01
rmse: 171.24250115006984
mae: 158.6483870967742
