fips: 8025
T_interval_start: 589
T_interval_end: 619
sigma: 0.9900000000000001
gamma: 0.04
rmse: 15.642232483408282
mae: 13.472007964928691
