fips: 8025
T_interval_start: 711
T_interval_end: 742
sigma: 0.9
gamma: 0.02
rmse: 63.58892705939458
mae: 57.752849766901214
