fips: 8025
T_interval_start: 619
T_interval_end: 650
sigma: 0.9
gamma: 0.01
rmse: 74.1848907691666
mae: 73.97557603686636
