fips: 8025
T_interval_start: 831
T_interval_end: 862
sigma: 0.9900000000000001
gamma: 0.03
rmse: 29.60399531036675
mae: 28.929540039921704
