fips: 8025
T_interval_start: 831
T_interval_end: 862
sigma: 0.9
gamma: 0.01
rmse: 41.56177845775405
mae: 40.885714285714286
