fips: 8025
T_interval_start: 315
T_interval_end: 346
sigma: 0.9
gamma: 0.01
rmse: 648.3077248620948
mae: 598.547004608295
