fips: 8025
T_interval_start: 405
T_interval_end: 436
sigma: 0.9
gamma: 0.04
rmse: 20.77886997795499
mae: 18.1276203658739
