fips: 8025
T_interval_start: 589
T_interval_end: 619
sigma: 0.9
gamma: 0.01
rmse: 43.86026449400678
mae: 42.54155844155844
