fips: 8025
T_interval_start: 742
T_interval_end: 770
sigma: 0.9
gamma: 0.01
rmse: 310.3186330585445
mae: 302.7479591836735
