fips: 8025
T_interval_start: 285
T_interval_end: 315
sigma: 0.9900000000000001
gamma: 0.04
rmse: 227.31217014400335
mae: 203.76483822441534
