fips: 8025
T_interval_start: 619
T_interval_end: 650
sigma: 0.9
gamma: 0.03
rmse: 21.90411349914169
mae: 18.8055759302362
