fips: 8025
T_interval_start: 377
T_interval_end: 405
sigma: 0.9
gamma: 0.01
rmse: 150.92753488734917
mae: 150.2020408163265
