fips: 8025
T_interval_start: 132
T_interval_end: 162
sigma: 0.9900000000000001
gamma: 0.04
rmse: 27.716888380900038
mae: 27.626261317847707
