fips: 8025
T_interval_start: 285
T_interval_end: 315
sigma: 0.9
gamma: 0.01
rmse: 556.8348830162857
mae: 443.0113294654806
