fips: 8025
T_interval_start: 862
T_interval_end: 892
sigma: 0.9900000000000001
gamma: 0.03
rmse: 26.581516531723402
mae: 25.866820738594807
