fips: 8025
T_interval_start: 711
T_interval_end: 742
sigma: 0.9
gamma: 0.01
rmse: 184.793947662313
mae: 155.07802197802198
