fips: 8025
T_interval_start: 892
T_interval_end: 923
sigma: 0.9900000000000001
gamma: 0.03
rmse: 20.21431307806506
mae: 19.615889447142724
