fips: 8025
T_interval_start: 801
T_interval_end: 831
sigma: 0.9
gamma: 0.01
rmse: 123.32813787549343
mae: 118.87142857142848
