fips: 8025
T_interval_start: 466
T_interval_end: 497
sigma: 0.9900000000000001
gamma: 0.04
rmse: 6.823950407029876
mae: 5.587748332790787
