fips: 8025
T_interval_start: 892
T_interval_end: 923
sigma: 0.9
gamma: 0.01
rmse: 28.513447801684013
mae: 27.870408163265317
