fips: 8025
T_interval_start: 405
T_interval_end: 436
sigma: 0.9
gamma: 0.01
rmse: 136.91836943260842
mae: 134.39493087557597
