fips: 8025
T_interval_start: 132
T_interval_end: 162
sigma: 0.9
gamma: 0.01
rmse: 31.48338424442013
mae: 30.757530426972806
