fips: 8025
T_interval_start: 650
T_interval_end: 680
sigma: 0.9
gamma: 0.01
rmse: 63.44074904551319
mae: 63.3904761904762
