fips: 8025
T_interval_start: 680
T_interval_end: 711
sigma: 0.9
gamma: 0.01
rmse: 39.497598480341644
mae: 37.780000000000015
