fips: 8025
T_interval_start: 346
T_interval_end: 377
sigma: 0.9900000000000001
gamma: 0.04
rmse: 135.0797929930027
mae: 133.35616333032166
