fips: 8025
T_interval_start: 770
T_interval_end: 801
sigma: 0.9
gamma: 0.02
rmse: 53.467591206333026
mae: 50.99003673477039
