fips: 8025
T_interval_start: 315
T_interval_end: 346
sigma: 0.9900000000000001
gamma: 0.04
rmse: 256.3445447464047
mae: 251.73192344627373
