fips: 8025
T_interval_start: 862
T_interval_end: 892
sigma: 0.9
gamma: 0.01
rmse: 37.43296502747678
mae: 36.823809523809544
