fips: 8025
T_interval_start: 436
T_interval_end: 466
sigma: 0.9900000000000001
gamma: 0.04
rmse: 12.590249091251138
mae: 12.222189516458815
