fips: 8025
T_interval_start: 923
T_interval_end: 954
sigma: 0.9
gamma: 0.02
rmse: 16.43295889611627
mae: 16.299826832475816
