fips: 8025
T_interval_start: 801
T_interval_end: 831
sigma: 0.9900000000000001
gamma: 0.02
rmse: 22.972322405642206
mae: 19.757255764480245
