fips: 8025
T_interval_start: 101
T_interval_end: 132
sigma: 0.9
gamma: 0.04
rmse: 10.663369876666806
mae: 9.716036299225962
