fips: 8025
T_interval_start: 466
T_interval_end: 497
sigma: 0.9900000000000001
gamma: 0.04
rmse: 2.6175933352176872
mae: 2.0987711447222774
