fips: 8025
T_interval_start: 742
T_interval_end: 770
sigma: 0.9
gamma: 0.03
rmse: 164.35072835439667
mae: 157.93047832097017
