fips: 8025
T_interval_start: 224
T_interval_end: 254
sigma: 0.05
gamma: 0.2
rmse: 0.13166772020123135
mae: 0.08759401813537875
