fips: 8025
T_interval_start: 619
T_interval_end: 650
sigma: 0.9
gamma: 0.04
rmse: 30.639235609122714
mae: 30.437195623146376
