fips: 8025
T_interval_start: 346
T_interval_end: 377
sigma: 0.9
gamma: 0.04
rmse: 35.89290171299084
mae: 24.0905137605568
