fips: 8025
T_interval_start: 801
T_interval_end: 831
sigma: 0.9
gamma: 0.03
rmse: 69.23400646990459
mae: 63.560587243960256
