fips: 8025
T_interval_start: 770
T_interval_end: 801
sigma: 0.9
gamma: 0.03
rmse: 17.73787701360244
mae: 13.034946313681761
