fips: 8025
T_interval_start: 436
T_interval_end: 466
sigma: 0.9
gamma: 0.04
rmse: 8.12536730951721
mae: 6.329440925329652
