fips: 8025
T_interval_start: 527
T_interval_end: 558
sigma: 0.05
gamma: 0.05
rmse: 1.7137729072160608
mae: 1.4748663334134031
