fips: 8025
T_interval_start: 892
T_interval_end: 923
sigma: 0.9900000000000001
gamma: 0.03
rmse: 2.72501061073665
mae: 2.4757806928113113
