fips: 8025
T_interval_start: 831
T_interval_end: 862
sigma: 0.9
gamma: 0.03
rmse: 7.365496467616981
mae: 6.958426847684747
