fips: 8025
T_interval_start: 680
T_interval_end: 711
sigma: 0.9900000000000001
gamma: 0.03
rmse: 14.274684341124274
mae: 14.255326775497101
