fips: 8025
T_interval_start: 377
T_interval_end: 405
sigma: 0.9900000000000001
gamma: 0.03
rmse: 23.418270114392563
mae: 22.396929630895915
