fips: 8025
T_interval_start: 558
T_interval_end: 589
sigma: 0.05
gamma: 0.05
rmse: 3.4854324868243998
mae: 3.0488155418400975
