fips: 8025
T_interval_start: 254
T_interval_end: 285
sigma: 0.05
gamma: 0.05
rmse: 7.8115808714725175
mae: 5.36154148159339
