fips: 8025
T_interval_start: 711
T_interval_end: 742
sigma: 0.9
gamma: 0.03
rmse: 81.7299216029752
mae: 60.61212788589868
