fips: 8025
T_interval_start: 1045
T_interval_end: 1076
sigma: 0.05
gamma: 0.05
rmse: 10.50428125816797
mae: 9.356459703320235
