fips: 8025
T_interval_start: 1015
T_interval_end: 1045
sigma: 0.05
gamma: 0.05
rmse: 5.704348469248992
mae: 5.4243335477935295
