fips: 8025
T_interval_start: 162
T_interval_end: 193
sigma: 0.1
gamma: 0.05
rmse: 0.21193752243369662
mae: 0.18963610687109342
