fips: 8025
T_interval_start: 101
T_interval_end: 132
sigma: 0.9
gamma: 0.04
rmse: 3.400315530453623
mae: 2.6652162698766464
