fips: 8025
T_interval_start: 954
T_interval_end: 984
sigma: 0.05
gamma: 0.05
rmse: 1.1685293749365946
mae: 1.0712159169665718
