fips: 8025
T_interval_start: 132
T_interval_end: 162
sigma: 0.9900000000000001
gamma: 0.04
rmse: 21.56104346280674
mae: 21.347965623611277
