fips: 8025
T_interval_start: 405
T_interval_end: 436
sigma: 0.9900000000000001
gamma: 0.03
rmse: 15.745778298761405
mae: 11.456271429394505
