fips: 8025
T_interval_start: 984
T_interval_end: 1015
sigma: 0.05
gamma: 0.05
rmse: 6.828655396247542
mae: 5.364564762810987
