fips: 8025
T_interval_start: 862
T_interval_end: 892
sigma: 0.9
gamma: 0.03
rmse: 4.018461328982925
mae: 3.296609905600514
