fips: 8025
T_interval_start: 193
T_interval_end: 224
sigma: 0.05
gamma: 0.1
rmse: 0.43521436203681774
mae: 0.35295882524576616
