fips: 8025
T_interval_start: 923
T_interval_end: 954
sigma: 0.9
gamma: 0.03
rmse: 6.304480903231709
mae: 6.239165961861896
