fips: 8025
T_interval_start: 589
T_interval_end: 619
sigma: 0.9
gamma: 0.04
rmse: 12.06577543237361
mae: 10.48423705131357
