fips: 8025
T_interval_start: 285
T_interval_end: 315
sigma: 0.9900000000000001
gamma: 0.01
rmse: 153.98210950125352
mae: 121.48956240579173
