fips: 8025
T_interval_start: 589
T_interval_end: 619
sigma: 0.9900000000000001
gamma: 0.04
rmse: 17.248318492047524
mae: 15.334538398076093
