fips: 8025
T_interval_start: 346
T_interval_end: 377
sigma: 0.9900000000000001
gamma: 0.04
rmse: 136.14568780047713
mae: 134.19954308735385
