fips: 8025
T_interval_start: 436
T_interval_end: 466
sigma: 0.9900000000000001
gamma: 0.04
rmse: 6.828415485076894
mae: 5.642454771147308
