fips: 8025
T_interval_start: 770
T_interval_end: 801
sigma: 0.9
gamma: 0.02
rmse: 52.464761128905
mae: 49.96078230321564
