fips: 8025
T_interval_start: 224
T_interval_end: 254
sigma: 0.9500000000000001
gamma: 0.05
rmse: 0.07010167383569776
mae: 0.04318891305960274
