fips: 8025
T_interval_start: 1045
T_interval_end: 1076
sigma: 0.9500000000000001
gamma: 0.05
rmse: 8.049323153531992
mae: 7.129539986383164
