fips: 8025
T_interval_start: 711
T_interval_end: 742
sigma: 0.9
gamma: 0.02
rmse: 66.23390267089103
mae: 60.09391361041043
