fips: 8025
T_interval_start: 71
T_interval_end: 101
sigma: 0.9500000000000001
gamma: 0.05
rmse: 0.09838550068338998
mae: 0.09514125209112874
