fips: 8025
T_interval_start: 558
T_interval_end: 589
sigma: 0.9500000000000001
gamma: 0.05
rmse: 2.6099369273789303
mae: 2.268370837484334
