fips: 8025
T_interval_start: 405
T_interval_end: 436
sigma: 0.9
gamma: 0.04
rmse: 28.31021025821811
mae: 24.23144348906866
