fips: 8025
T_interval_start: 497
T_interval_end: 527
sigma: 0.9500000000000001
gamma: 0.05
rmse: 0.5057213488128812
mae: 0.3779512236575515
