fips: 8025
T_interval_start: 527
T_interval_end: 558
sigma: 0.9500000000000001
gamma: 0.05
rmse: 2.003098879980278
mae: 1.8783034915499641
