fips: 8025
T_interval_start: 619
T_interval_end: 650
sigma: 0.9
gamma: 0.03
rmse: 20.9445551963201
mae: 17.54815822256042
