fips: 8025
T_interval_start: 862
T_interval_end: 892
sigma: 0.9900000000000001
gamma: 0.03
rmse: 27.886062452672114
mae: 27.130320499967244
