fips: 8025
T_interval_start: 132
T_interval_end: 162
sigma: 0.9900000000000001
gamma: 0.04
rmse: 25.40770302590381
mae: 25.278971999698506
