fips: 8025
T_interval_start: 892
T_interval_end: 923
sigma: 0.9900000000000001
gamma: 0.03
rmse: 21.495770382612832
mae: 20.913044256977667
