fips: 8025
T_interval_start: 923
T_interval_end: 954
sigma: 0.9
gamma: 0.02
rmse: 14.43542331354688
mae: 14.217315268727202
