fips: 8025
T_interval_start: 1015
T_interval_end: 1045
sigma: 0.9500000000000001
gamma: 0.05
rmse: 4.176991925194134
mae: 3.939204123130735
