fips: 8025
T_interval_start: 466
T_interval_end: 497
sigma: 0.93
gamma: 0.04
rmse: 4.705611036673533
mae: 3.9597198086448397
