fips: 8025
T_interval_start: 742
T_interval_end: 770
sigma: 0.9900000000000001
gamma: 0.02
rmse: 111.21418668170939
mae: 101.97021927986972
