fips: 8025
T_interval_start: 801
T_interval_end: 831
sigma: 0.9
gamma: 0.02
rmse: 23.28392358385854
mae: 20.11396069468627
