fips: 8025
T_interval_start: 101
T_interval_end: 132
sigma: 0.9
gamma: 0.04
rmse: 7.832236356516574
mae: 7.130489413179864
