fips: 8025
T_interval_start: 984
T_interval_end: 1015
sigma: 0.9500000000000001
gamma: 0.05
rmse: 6.080198797355438
mae: 4.8801335598838556
