fips: 8025
T_interval_start: 162
T_interval_end: 193
sigma: 0.5
gamma: 0.1
rmse: 0.1291549459143605
mae: 0.11073371069940045
