fips: 8025
T_interval_start: 315
T_interval_end: 346
sigma: 0.9900000000000001
gamma: 0.04
rmse: 267.6729715761442
mae: 264.419852151132
