fips: 8025
T_interval_start: 680
T_interval_end: 711
sigma: 0.9900000000000001
gamma: 0.03
rmse: 9.946325720069712
mae: 8.457865798703518
