fips: 8025
T_interval_start: 831
T_interval_end: 862
sigma: 0.9900000000000001
gamma: 0.03
rmse: 30.539359128099225
mae: 29.85066845558963
