fips: 8025
T_interval_start: 377
T_interval_end: 405
sigma: 0.9900000000000001
gamma: 0.04
rmse: 43.709993993229936
mae: 34.935066012678725
