fips: 8025
T_interval_start: 254
T_interval_end: 285
sigma: 0.15000000000000002
gamma: 0.1
rmse: 0.29191167992327716
mae: 0.24684231620405833
