fips: 8025
T_interval_start: 285
T_interval_end: 315
sigma: 0.9900000000000001
gamma: 0.04
rmse: 282.90975895916995
mae: 245.77065354100014
