fips: 8043
T_interval_start: 466
T_interval_end: 497
sigma: 0.9500000000000001
gamma: 0.05
rmse: 22.671656286826288
