fips: 8043
T_interval_start: 801
T_interval_end: 831
sigma: 0.9500000000000001
gamma: 0.1
rmse: 10.949581037258291
