fips: 8043
T_interval_start: 589
T_interval_end: 619
sigma: 0.9000000000000001
gamma: 0.05
rmse: 48.018400329292916
