fips: 8043
T_interval_start: 377
T_interval_end: 405
sigma: 0.8500000000000001
gamma: 0.05
rmse: 30.502277818736076
