fips: 8043
T_interval_start: 346
T_interval_end: 377
sigma: 0.9500000000000001
gamma: 0.1
rmse: 70.84670144149798
