fips: 8043
T_interval_start: 527
T_interval_end: 558
sigma: 0.9000000000000001
gamma: 0.05
rmse: 3.818334631559606
