fips: 8043
T_interval_start: 162
T_interval_end: 193
sigma: 0.9
gamma: 0.04
rmse: 6.206684151027649
mae: 5.224092749666512
