fips: 8043
T_interval_start: 1015
T_interval_end: 1045
sigma: 0.9900000000000001
gamma: 0.02
rmse: 52.79734377234526
mae: 46.43387817790155
