fips: 8043
T_interval_start: 285
T_interval_end: 315
sigma: 0.9900000000000001
gamma: 0.04
rmse: 288.7245486402764
mae: 284.39727645396346
