fips: 8043
T_interval_start: 346
T_interval_end: 377
sigma: 0.9900000000000001
gamma: 0.04
rmse: 295.636095539938
mae: 294.45419922001435
