fips: 8043
T_interval_start: 193
T_interval_end: 224
sigma: 0.9900000000000001
gamma: 0.04
rmse: 10.677401873736658
mae: 10.271075177883112
