fips: 8043
T_interval_start: 892
T_interval_end: 923
sigma: 0.9
gamma: 0.03
rmse: 236.35773974676516
mae: 235.90049738539673
