fips: 8043
T_interval_start: 466
T_interval_end: 497
sigma: 0.9
gamma: 0.04
rmse: 12.183590302822346
mae: 10.083080014465471
