fips: 8043
T_interval_start: 923
T_interval_end: 954
sigma: 0.9
gamma: 0.03
rmse: 201.36170940458553
mae: 195.80649477332136
