fips: 8043
T_interval_start: 862
T_interval_end: 892
sigma: 0.9
gamma: 0.03
rmse: 170.85367838871667
mae: 160.80015423151545
