fips: 8043
T_interval_start: 1045
T_interval_end: 1076
sigma: 0.9600000000000001
gamma: 0.02
rmse: 87.2431229700158
mae: 85.24500968015107
