fips: 8043
T_interval_start: 436
T_interval_end: 466
sigma: 0.9900000000000001
gamma: 0.04
rmse: 49.29654968728076
mae: 43.876770537309845
