fips: 8043
T_interval_start: 589
T_interval_end: 619
sigma: 0.9900000000000001
gamma: 0.03
rmse: 135.81225450586643
mae: 135.5530831638302
