fips: 8043
T_interval_start: 497
T_interval_end: 527
sigma: 0.9900000000000001
gamma: 0.04
rmse: 16.530417979039115
mae: 13.850104602661611
