fips: 8043
T_interval_start: 405
T_interval_end: 436
sigma: 0.9900000000000001
gamma: 0.04
rmse: 115.33995342852842
mae: 113.8461711156139
