fips: 8043
T_interval_start: 742
T_interval_end: 770
sigma: 0.9
gamma: 0.03
rmse: 841.2552675045116
mae: 801.8881643850476
