fips: 8043
T_interval_start: 527
T_interval_end: 558
sigma: 0.9900000000000001
gamma: 0.04
rmse: 8.746842632465693
mae: 7.057859568482834
