fips: 8043
T_interval_start: 619
T_interval_end: 650
sigma: 0.9900000000000001
gamma: 0.03
rmse: 92.97103221933457
mae: 80.49361786096335
