fips: 8043
T_interval_start: 984
T_interval_end: 1015
sigma: 0.9900000000000001
gamma: 0.02
rmse: 94.3746680537218
mae: 93.329205906961
