fips: 8043
T_interval_start: 801
T_interval_end: 831
sigma: 0.9
gamma: 0.03
rmse: 34.95363675919441
mae: 25.997079711950317
