fips: 8043
T_interval_start: 680
T_interval_end: 711
sigma: 0.9
gamma: 0.03
rmse: 81.67389544327708
mae: 75.98095921020374
