fips: 8043
T_interval_start: 711
T_interval_end: 742
sigma: 0.9
gamma: 0.03
rmse: 426.80118273565324
mae: 317.5558825849437
