fips: 8043
T_interval_start: 954
T_interval_end: 984
sigma: 0.9
gamma: 0.03
rmse: 91.79979433575626
mae: 91.2211790360113
