fips: 8043
T_interval_start: 315
T_interval_end: 346
sigma: 0.9900000000000001
gamma: 0.04
rmse: 437.11646867128013
mae: 433.4347940985986
