fips: 8043
T_interval_start: 254
T_interval_end: 285
sigma: 0.9900000000000001
gamma: 0.01
rmse: 168.40453200681608
mae: 140.0481512805199
