fips: 8043
T_interval_start: 680
T_interval_end: 711
sigma: 0.9
gamma: 0.03
rmse: 254.94049271452434
mae: 244.8252057560182
