fips: 8043
T_interval_start: 1015
T_interval_end: 1045
sigma: 0.9
gamma: 0.03
rmse: 139.34861290918386
mae: 131.10305135605816
