fips: 8043
T_interval_start: 923
T_interval_end: 954
sigma: 0.9
gamma: 0.03
rmse: 101.24089378021952
mae: 97.92478995677293
