fips: 8043
T_interval_start: 162
T_interval_end: 193
sigma: 0.9900000000000001
gamma: 0.01
rmse: 1.1625070405321665
mae: 0.9436056304139707
