fips: 8043
T_interval_start: 436
T_interval_end: 466
sigma: 0.9900000000000001
gamma: 0.02
rmse: 29.505792266686438
mae: 28.647907810591967
