fips: 8043
T_interval_start: 619
T_interval_end: 650
sigma: 0.9
gamma: 0.03
rmse: 278.5344017798849
mae: 272.04951334971435
