fips: 8043
T_interval_start: 801
T_interval_end: 831
sigma: 0.9
gamma: 0.03
rmse: 36.55931713965008
mae: 28.020478563910736
