fips: 8043
T_interval_start: 466
T_interval_end: 497
sigma: 0.9900000000000001
gamma: 0.02
rmse: 34.48210949427042
mae: 25.80518664191552
