fips: 8043
T_interval_start: 711
T_interval_end: 742
sigma: 0.9
gamma: 0.03
rmse: 472.5115910282745
mae: 389.05988900427394
