fips: 8043
T_interval_start: 831
T_interval_end: 862
sigma: 0.9900000000000001
gamma: 0.03
rmse: 13.318972761024956
mae: 10.896459342867498
