fips: 8043
T_interval_start: 1045
T_interval_end: 1076
sigma: 0.9
gamma: 0.03
rmse: 179.42583235762757
mae: 177.07308118811966
