fips: 8043
T_interval_start: 405
T_interval_end: 436
sigma: 0.9900000000000001
gamma: 0.02
rmse: 32.27281370806373
mae: 29.65138224005784
