fips: 8043
T_interval_start: 377
T_interval_end: 405
sigma: 0.9
gamma: 0.02
rmse: 11.98142315232728
mae: 9.8444049263353
