fips: 8043
T_interval_start: 650
T_interval_end: 680
sigma: 0.9
gamma: 0.03
rmse: 406.6755065191818
mae: 405.7100697801853
