fips: 8043
T_interval_start: 285
T_interval_end: 315
sigma: 0.9900000000000001
gamma: 0.01
rmse: 441.508211221361
mae: 419.6616235355683
