fips: 8043
T_interval_start: 193
T_interval_end: 224
sigma: 0.9900000000000001
gamma: 0.04
rmse: 4.523310646692967
mae: 4.030509379470139
