fips: 8043
T_interval_start: 892
T_interval_end: 923
sigma: 0.9
gamma: 0.03
rmse: 112.48730296786782
mae: 112.13705552666414
