fips: 8043
T_interval_start: 742
T_interval_end: 770
sigma: 0.9
gamma: 0.03
rmse: 854.5612312740134
mae: 816.0319197100913
