fips: 8043
T_interval_start: 162
T_interval_end: 193
sigma: 0.9
gamma: 0.04
rmse: 3.875870836696311
mae: 3.2917902490676885
