fips: 8043
T_interval_start: 285
T_interval_end: 315
sigma: 0.9900000000000001
gamma: 0.04
rmse: 51.18181404124275
mae: 48.238774377051826
