fips: 8043
T_interval_start: 527
T_interval_end: 558
sigma: 0.9900000000000001
gamma: 0.04
rmse: 14.500265840653034
mae: 13.73125806468456
