fips: 8043
T_interval_start: 315
T_interval_end: 346
sigma: 0.9900000000000001
gamma: 0.04
rmse: 18.465233921639218
mae: 16.70328865509452
