fips: 8043
T_interval_start: 589
T_interval_end: 619
sigma: 0.9
gamma: 0.04
rmse: 95.54544255441223
mae: 82.43437570202065
