fips: 8043
T_interval_start: 132
T_interval_end: 162
sigma: 0.4
gamma: 0.1
rmse: 0.31539563891944056
mae: 0.2540845938516575
