fips: 8043
T_interval_start: 193
T_interval_end: 224
sigma: 0.9900000000000001
gamma: 0.04
rmse: 8.659981504032494
mae: 8.515912652657802
