fips: 8043
T_interval_start: 346
T_interval_end: 377
sigma: 0.9900000000000001
gamma: 0.04
rmse: 93.52783031229819
mae: 75.40936567956298
