fips: 8043
T_interval_start: 862
T_interval_end: 892
sigma: 0.9
gamma: 0.03
rmse: 99.19102831224636
mae: 83.62545456522861
