fips: 8043
T_interval_start: 254
T_interval_end: 285
sigma: 0.9900000000000001
gamma: 0.04
rmse: 27.217544731404946
mae: 20.15059250294876
