fips: 8043
T_interval_start: 923
T_interval_end: 954
sigma: 0.9
gamma: 0.03
rmse: 156.01813741178077
mae: 151.80780820817253
