fips: 8043
T_interval_start: 831
T_interval_end: 862
sigma: 0.9900000000000001
gamma: 0.03
rmse: 34.96898255658962
mae: 30.6178121004514
