fips: 8043
T_interval_start: 954
T_interval_end: 984
sigma: 0.9
gamma: 0.03
rmse: 71.17074609449844
mae: 70.57750368578829
