fips: 8043
T_interval_start: 466
T_interval_end: 497
sigma: 0.9
gamma: 0.04
rmse: 4.780559013976482
mae: 4.020860904439518
