fips: 8043
T_interval_start: 558
T_interval_end: 589
sigma: 0.9
gamma: 0.04
rmse: 9.375260764366551
mae: 7.445724107927808
