fips: 8043
T_interval_start: 801
T_interval_end: 831
sigma: 0.9900000000000001
gamma: 0.03
rmse: 55.89521246801792
mae: 50.57124693787575
