fips: 8043
T_interval_start: 377
T_interval_end: 405
sigma: 0.9900000000000001
gamma: 0.04
rmse: 88.64636671120292
mae: 87.26009273558809
