fips: 8043
T_interval_start: 650
T_interval_end: 680
sigma: 0.9900000000000001
gamma: 0.03
rmse: 118.8939394365064
mae: 108.14098769758115
