fips: 8043
T_interval_start: 619
T_interval_end: 650
sigma: 0.9900000000000001
gamma: 0.03
rmse: 251.34672613641234
mae: 250.44435679921622
