fips: 8043
T_interval_start: 892
T_interval_end: 923
sigma: 0.9
gamma: 0.03
rmse: 172.61355834617962
mae: 172.3061202662596
