fips: 8043
T_interval_start: 1015
T_interval_end: 1045
sigma: 0.9
gamma: 0.02
rmse: 61.145177226404584
mae: 51.882311779365736
