fips: 8043
T_interval_start: 436
T_interval_end: 466
sigma: 0.9900000000000001
gamma: 0.04
rmse: 31.153003884809284
mae: 29.72580810487354
