fips: 8043
T_interval_start: 770
T_interval_end: 801
sigma: 0.9
gamma: 0.03
rmse: 27.755861686175855
mae: 22.738317939899748
