fips: 8013
T_interval_start: 285
T_interval_end: 315
sigma: 0.9000000000000001
gamma: 0.05
rmse: 429.9108097709705
