fips: 8013
T_interval_start: 132
T_interval_end: 162
sigma: 0.9000000000000001
gamma: 0.05
rmse: 42.13868647803789
