fips: 8013
T_interval_start: 71
T_interval_end: 101
sigma: 0.8500000000000001
gamma: 0.1
rmse: 9.911926195917305
