fips: 8013
T_interval_start: 770
T_interval_end: 801
sigma: 0.9500000000000001
gamma: 0.05
rmse: 120.53278949597848
