fips: 8013
T_interval_start: 162
T_interval_end: 193
sigma: 0.9000000000000001
gamma: 0.1
rmse: 20.646960756273515
