fips: 8013
T_interval_start: 101
T_interval_end: 132
sigma: 0.9
gamma: 0.04
rmse: 32.26030472826924
mae: 31.19581535155371
