fips: 8013
T_interval_start: 589
T_interval_end: 619
sigma: 0.9900000000000001
gamma: 0.03
rmse: 477.2594908722771
mae: 476.8558280748117
