fips: 8013
T_interval_start: 466
T_interval_end: 497
sigma: 0.9
gamma: 0.04
rmse: 92.50847807210631
mae: 81.6346578607725
