fips: 8013
T_interval_start: 650
T_interval_end: 680
sigma: 0.9900000000000001
gamma: 0.03
rmse: 164.81084284219557
mae: 148.62594737963735
