fips: 8013
T_interval_start: 770
T_interval_end: 801
sigma: 0.9
gamma: 0.04
rmse: 364.65036276790994
mae: 341.1718101432374
