fips: 8013
T_interval_start: 954
T_interval_end: 984
sigma: 0.9900000000000001
gamma: 0.03
rmse: 142.89641186699376
mae: 131.02567787344464
