fips: 8013
T_interval_start: 285
T_interval_end: 315
sigma: 0.9
gamma: 0.04
rmse: 493.5373073887375
mae: 453.5231825616618
