fips: 8013
T_interval_start: 405
T_interval_end: 436
sigma: 0.9
gamma: 0.04
rmse: 46.89447845330571
mae: 38.7824971957491
