fips: 8013
T_interval_start: 71
T_interval_end: 101
sigma: 0.9
gamma: 0.04
rmse: 9.66766229864309
mae: 7.994134514421757
