fips: 8013
T_interval_start: 377
T_interval_end: 405
sigma: 0.9900000000000001
gamma: 0.04
rmse: 128.84130661066942
mae: 110.38539934787067
