fips: 8013
T_interval_start: 984
T_interval_end: 1015
sigma: 0.9
gamma: 0.03
rmse: 123.31524541099255
mae: 86.37258516280411
