fips: 8013
T_interval_start: 315
T_interval_end: 346
sigma: 0.9900000000000001
gamma: 0.04
rmse: 750.9627307853715
mae: 741.5432328511504
