fips: 8013
T_interval_start: 346
T_interval_end: 377
sigma: 0.9900000000000001
gamma: 0.04
rmse: 308.4892403291521
mae: 301.3185984746107
