fips: 8013
T_interval_start: 831
T_interval_end: 862
sigma: 0.9
gamma: 0.04
rmse: 1419.8116173478295
mae: 1340.976853320632
