fips: 8013
T_interval_start: 862
T_interval_end: 892
sigma: 0.9900000000000001
gamma: 0.03
rmse: 1657.0154270825208
mae: 1639.4061712735577
