fips: 8013
T_interval_start: 619
T_interval_end: 650
sigma: 0.9900000000000001
gamma: 0.03
rmse: 398.7830139022096
mae: 395.20417548327606
