fips: 8013
T_interval_start: 193
T_interval_end: 224
sigma: 0.9900000000000001
gamma: 0.04
rmse: 9.70693879073493
mae: 8.882396855893539
