fips: 8013
T_interval_start: 162
T_interval_end: 193
sigma: 0.9900000000000001
gamma: 0.04
rmse: 7.561789504822138
mae: 6.278638194826292
