fips: 8013
T_interval_start: 801
T_interval_end: 831
sigma: 0.9
gamma: 0.04
rmse: 625.5270503221305
mae: 624.2290538841473
