fips: 8013
T_interval_start: 224
T_interval_end: 254
sigma: 0.9900000000000001
gamma: 0.03
rmse: 49.20467355626182
mae: 36.61468130665032
