fips: 8013
T_interval_start: 497
T_interval_end: 527
sigma: 0.9900000000000001
gamma: 0.04
rmse: 32.972969816661234
mae: 24.63691534877051
