fips: 8013
T_interval_start: 436
T_interval_end: 466
sigma: 0.9
gamma: 0.04
rmse: 181.55668519119047
mae: 179.87432220770427
