fips: 8013
T_interval_start: 527
T_interval_end: 558
sigma: 0.9
gamma: 0.04
rmse: 64.74042800064863
mae: 50.60826382608799
