fips: 8013
T_interval_start: 132
T_interval_end: 162
sigma: 0.9900000000000001
gamma: 0.04
rmse: 19.672735493414937
mae: 18.621366238444786
