fips: 8013
T_interval_start: 377
T_interval_end: 405
sigma: 0.9
gamma: 0.04
rmse: 95.11845769929539
mae: 83.40252218892887
