fips: 8013
T_interval_start: 589
T_interval_end: 619
sigma: 0.9900000000000001
gamma: 0.03
rmse: 245.3638737173238
mae: 245.0337167556075
