fips: 8013
T_interval_start: 770
T_interval_end: 801
sigma: 0.9
gamma: 0.04
rmse: 366.7813708744731
mae: 341.82615661237986
