fips: 8013
T_interval_start: 558
T_interval_end: 589
sigma: 0.9900000000000001
gamma: 0.03
rmse: 188.1470993162275
mae: 182.4906836781867
