fips: 8013
T_interval_start: 650
T_interval_end: 680
sigma: 0.9
gamma: 0.03
rmse: 65.23623019958472
mae: 55.582693483871836
