fips: 8013
T_interval_start: 315
T_interval_end: 346
sigma: 0.9900000000000001
gamma: 0.04
rmse: 231.96057909288086
mae: 211.21181163300096
