fips: 8013
T_interval_start: 346
T_interval_end: 377
sigma: 0.9900000000000001
gamma: 0.04
rmse: 87.76915172805744
mae: 59.744654296728825
