fips: 8013
T_interval_start: 831
T_interval_end: 862
sigma: 0.9900000000000001
gamma: 0.03
rmse: 1042.4625952581644
mae: 1031.613855877853
