fips: 8013
T_interval_start: 132
T_interval_end: 162
sigma: 0.9900000000000001
gamma: 0.04
rmse: 32.16911937444966
mae: 26.285799767131735
