fips: 8013
T_interval_start: 954
T_interval_end: 984
sigma: 0.9
gamma: 0.03
rmse: 134.00374959840772
mae: 121.46402099002755
