fips: 8013
T_interval_start: 71
T_interval_end: 101
sigma: 0.9
gamma: 0.04
rmse: 27.37803279044794
mae: 24.545733769934692
