fips: 8013
T_interval_start: 1015
T_interval_end: 1045
sigma: 0.9
gamma: 0.03
rmse: 253.9045109385412
mae: 223.66629353743986
