fips: 8013
T_interval_start: 619
T_interval_end: 650
sigma: 0.9900000000000001
gamma: 0.03
rmse: 176.51465159128654
mae: 172.8957417683641
