fips: 8013
T_interval_start: 680
T_interval_end: 711
sigma: 0.9
gamma: 0.03
rmse: 170.42936394678307
mae: 103.50359768332126
