fips: 8013
T_interval_start: 193
T_interval_end: 224
sigma: 0.9
gamma: 0.04
rmse: 73.17649747917919
mae: 73.04568795448242
