fips: 8013
T_interval_start: 892
T_interval_end: 923
sigma: 0.9900000000000001
gamma: 0.03
rmse: 531.0822759864267
mae: 508.32532985261867
