fips: 8013
T_interval_start: 224
T_interval_end: 254
sigma: 0.9900000000000001
gamma: 0.02
rmse: 161.66828058593728
mae: 151.79490946718136
