fips: 8013
T_interval_start: 405
T_interval_end: 436
sigma: 0.9900000000000001
gamma: 0.03
rmse: 55.39574815814603
mae: 46.504882363951054
