fips: 8013
T_interval_start: 285
T_interval_end: 315
sigma: 0.9900000000000001
gamma: 0.04
rmse: 199.9007509364759
mae: 167.79299745309547
