fips: 8013
T_interval_start: 101
T_interval_end: 132
sigma: 0.9
gamma: 0.04
rmse: 44.536483643084345
mae: 42.93200904555782
