fips: 8013
T_interval_start: 984
T_interval_end: 1015
sigma: 0.9
gamma: 0.03
rmse: 187.83035684550697
mae: 159.10118469381308
