fips: 8013
T_interval_start: 527
T_interval_end: 558
sigma: 0.9900000000000001
gamma: 0.04
rmse: 85.12194103921891
mae: 72.5181508199096
