fips: 8013
T_interval_start: 162
T_interval_end: 193
sigma: 0.9
gamma: 0.04
rmse: 46.586638950270206
mae: 40.60212301525181
