fips: 8013
T_interval_start: 1045
T_interval_end: 1076
sigma: 0.9
gamma: 0.03
rmse: 481.08202009064973
mae: 472.8193397643459
