fips: 8013
T_interval_start: 497
T_interval_end: 527
sigma: 0.9
gamma: 0.04
rmse: 12.839148683819802
mae: 10.542011186248795
