fips: 8013
T_interval_start: 801
T_interval_end: 831
sigma: 0.9
gamma: 0.04
rmse: 740.3321156372084
mae: 737.403244953345
