fips: 8013
T_interval_start: 71
T_interval_end: 101
sigma: 0.9
gamma: 0.04
rmse: 8.731332434061821
mae: 7.328731260571726
