fips: 8013
T_interval_start: 619
T_interval_end: 650
sigma: 0.9
gamma: 0.04
rmse: 504.2180330903062
mae: 498.9782671512553
