fips: 8013
T_interval_start: 162
T_interval_end: 193
sigma: 0.9
gamma: 0.04
rmse: 22.69194367249384
mae: 21.59327368695124
