fips: 8013
T_interval_start: 466
T_interval_end: 497
sigma: 0.9900000000000001
gamma: 0.04
rmse: 65.6812590885828
mae: 45.978866971912254
