fips: 8013
T_interval_start: 711
T_interval_end: 742
sigma: 0.9
gamma: 0.03
rmse: 2013.5787769996546
mae: 1673.6514990145831
