fips: 8013
T_interval_start: 254
T_interval_end: 285
sigma: 0.9900000000000001
gamma: 0.04
rmse: 291.90482397817215
mae: 255.00621894263801
