fips: 8013
T_interval_start: 101
T_interval_end: 132
sigma: 0.9
gamma: 0.04
rmse: 29.241905042940534
mae: 28.32046432519668
