fips: 8013
T_interval_start: 1015
T_interval_end: 1045
sigma: 0.9
gamma: 0.03
rmse: 208.6938747366501
mae: 181.89733589515356
