fips: 8013
T_interval_start: 1045
T_interval_end: 1076
sigma: 0.9
gamma: 0.03
rmse: 435.6805785000262
mae: 432.0988635755505
