fips: 8013
T_interval_start: 831
T_interval_end: 862
sigma: 0.9
gamma: 0.04
rmse: 1508.7756057137078
mae: 1431.3015936187735
