fips: 8013
T_interval_start: 224
T_interval_end: 254
sigma: 0.9900000000000001
gamma: 0.04
rmse: 30.27278776888734
mae: 24.11721116579402
