fips: 8013
T_interval_start: 984
T_interval_end: 1015
sigma: 0.9
gamma: 0.03
rmse: 139.81211922820583
mae: 110.24246560471717
