fips: 8013
T_interval_start: 497
T_interval_end: 527
sigma: 0.9900000000000001
gamma: 0.04
rmse: 74.34288589923187
mae: 72.08588256532052
