fips: 8013
T_interval_start: 346
T_interval_end: 377
sigma: 0.9900000000000001
gamma: 0.04
rmse: 618.1613893887104
mae: 614.418875221086
