fips: 8013
T_interval_start: 527
T_interval_end: 558
sigma: 0.9900000000000001
gamma: 0.04
rmse: 25.703374182704625
mae: 22.498156481566085
