fips: 8013
T_interval_start: 801
T_interval_end: 831
sigma: 0.9
gamma: 0.04
rmse: 605.1442896388392
mae: 602.2998470550879
