fips: 8013
T_interval_start: 193
T_interval_end: 224
sigma: 0.9
gamma: 0.04
rmse: 27.081241963423967
mae: 26.283745387867924
