fips: 8013
T_interval_start: 742
T_interval_end: 770
sigma: 0.9900000000000001
gamma: 0.03
rmse: 1857.4384127533735
mae: 1664.5747449413873
