fips: 8013
T_interval_start: 132
T_interval_end: 162
sigma: 0.9
gamma: 0.04
rmse: 16.04098306397251
mae: 13.459291584189524
