fips: 8013
T_interval_start: 954
T_interval_end: 984
sigma: 0.9900000000000001
gamma: 0.03
rmse: 111.06090871351725
mae: 101.16719358854854
