fips: 8013
T_interval_start: 558
T_interval_end: 589
sigma: 0.9
gamma: 0.04
rmse: 99.53955188111827
mae: 87.15143373249145
