fips: 8013
T_interval_start: 892
T_interval_end: 923
sigma: 0.9900000000000001
gamma: 0.03
rmse: 502.8728133700952
mae: 478.16265019851716
