fips: 8013
T_interval_start: 770
T_interval_end: 801
sigma: 0.9
gamma: 0.04
rmse: 316.7877943432308
mae: 291.06391088641175
