fips: 8013
T_interval_start: 862
T_interval_end: 892
sigma: 0.9900000000000001
gamma: 0.03
rmse: 1085.5568327236786
mae: 1045.610035843744
