fips: 8013
T_interval_start: 589
T_interval_end: 619
sigma: 0.9
gamma: 0.04
rmse: 327.94099116726636
mae: 318.8089863834094
