fips: 8115
T_interval_start: 619
T_interval_end: 650
sigma: 0.7500000000000001
gamma: 0.05
rmse: 15.453340410683076
