fips: 8115
T_interval_start: 558
T_interval_end: 589
sigma: 0.05
gamma: 0.9500000000000001
rmse: 12.27203326268669
