fips: 8115
T_interval_start: 711
T_interval_end: 742
sigma: 0.9500000000000001
gamma: 0.05
rmse: 24.708296709501102
