fips: 8115
T_interval_start: 315
T_interval_end: 346
sigma: 0.9500000000000001
gamma: 0.2
rmse: 4.369384994115815
