fips: 8115
T_interval_start: 527
T_interval_end: 558
sigma: 0.05
gamma: 0.9500000000000001
rmse: 0.6388070329272173
