fips: 8115
T_interval_start: 770
T_interval_end: 801
sigma: 0.9
gamma: 0.01
rmse: 23.801656319202134
mae: 23.766666666666666
