fips: 8115
T_interval_start: 254
T_interval_end: 285
sigma: 0.9900000000000001
gamma: 0.04
rmse: 332.5057404008029
mae: 154.27624865400904
