fips: 8115
T_interval_start: 254
T_interval_end: 285
sigma: 0.9
gamma: 0.04
rmse: 3.100509632094906
mae: 2.965255209789787
