fips: 8115
T_interval_start: 650
T_interval_end: 680
sigma: 0.9900000000000001
gamma: 0.04
rmse: 50.998713993557345
mae: 50.92219178777215
