fips: 8115
T_interval_start: 346
T_interval_end: 377
sigma: 0.9900000000000001
gamma: 0.04
rmse: 24.838302284975992
mae: 24.22697011006652
