fips: 8115
T_interval_start: 377
T_interval_end: 405
sigma: 0.9900000000000001
gamma: 0.04
rmse: 30.22607075054316
mae: 30.222082225233123
