fips: 8115
T_interval_start: 285
T_interval_end: 315
sigma: 0.9900000000000001
gamma: 0.01
rmse: 40.62874350070081
mae: 38.90362482357685
