fips: 8115
T_interval_start: 558
T_interval_end: 589
sigma: 0.9900000000000001
gamma: 0.04
rmse: 30.88066967228915
mae: 30.87599836100159
