fips: 8115
T_interval_start: 770
T_interval_end: 801
sigma: 0.9900000000000001
gamma: 0.04
rmse: 45.52512104495721
mae: 45.5143084537271
