fips: 8115
T_interval_start: 315
T_interval_end: 346
sigma: 0.9900000000000001
gamma: 0.01
rmse: 42.039322009825035
mae: 40.73865543536111
