fips: 8115
T_interval_start: 558
T_interval_end: 589
sigma: 0.9
gamma: 0.01
rmse: 22.673903906635644
mae: 22.67142857142857
