fips: 8115
T_interval_start: 742
T_interval_end: 770
sigma: 0.9
gamma: 0.01
rmse: 55.371726321307236
mae: 53.758163265306116
