fips: 8115
T_interval_start: 589
T_interval_end: 619
sigma: 0.9900000000000001
gamma: 0.04
rmse: 31.096975389713524
mae: 31.089514482067653
