fips: 8115
T_interval_start: 1045
T_interval_end: 1076
sigma: 0.9900000000000001
gamma: 0.04
rmse: 44.815073148903096
mae: 44.793092108110756
