fips: 8115
T_interval_start: 466
T_interval_end: 497
sigma: 0.9900000000000001
gamma: 0.04
rmse: 30.206251883904628
mae: 30.196070979095474
