fips: 8115
T_interval_start: 346
T_interval_end: 377
sigma: 0.9
gamma: 0.01
rmse: 45.3061121253893
mae: 44.67714285714251
