fips: 8115
T_interval_start: 1045
T_interval_end: 1076
sigma: 0.9900000000000001
gamma: 0.04
rmse: 18.487148339224625
mae: 18.475663493857596
