fips: 8115
T_interval_start: 711
T_interval_end: 742
sigma: 0.9900000000000001
gamma: 0.04
rmse: 24.167473604836015
mae: 24.063329603495763
