fips: 8115
T_interval_start: 831
T_interval_end: 862
sigma: 0.05
gamma: 0.05
rmse: 2.211361164267491
mae: 1.8669572924228004
