fips: 8115
T_interval_start: 254
T_interval_end: 285
sigma: 0.9
gamma: 0.04
rmse: 1.9009405066234577
mae: 1.8457584227663062
