fips: 8115
T_interval_start: 527
T_interval_end: 558
sigma: 0.9500000000000001
gamma: 0.9500000000000001
rmse: 0.639689121547813
mae: 0.4874246701252891
