fips: 8115
T_interval_start: 405
T_interval_end: 436
sigma: 0.05
gamma: 0.05
rmse: 2.734698275910664
mae: 2.256215310339025
