fips: 8115
T_interval_start: 923
T_interval_end: 954
sigma: 0.05
gamma: 0.05
rmse: 7.745965642264004
mae: 6.751034959872105
