fips: 8115
T_interval_start: 558
T_interval_end: 589
sigma: 0.9900000000000001
gamma: 0.04
rmse: 19.35253578609367
mae: 19.350028829144378
