fips: 8115
T_interval_start: 315
T_interval_end: 346
sigma: 0.9900000000000001
gamma: 0.04
rmse: 23.037978082441896
mae: 22.886404890729658
