fips: 8115
T_interval_start: 466
T_interval_end: 497
sigma: 0.9900000000000001
gamma: 0.04
rmse: 21.00828154747579
mae: 20.99488233937042
