fips: 8115
T_interval_start: 650
T_interval_end: 680
sigma: 0.9900000000000001
gamma: 0.04
rmse: 20.804540509701518
mae: 20.74771328121146
