fips: 8115
T_interval_start: 801
T_interval_end: 831
sigma: 0.15000000000000002
gamma: 0.05
rmse: 0.6396184236242644
mae: 0.5061228104628392
