fips: 8115
T_interval_start: 862
T_interval_end: 892
sigma: 0.05
gamma: 0.05
rmse: 6.7115571808924255
mae: 5.104399663060938
