fips: 8115
T_interval_start: 680
T_interval_end: 711
sigma: 0.05
gamma: 0.05
rmse: 2.9828430364974787
mae: 2.5999662231168648
