fips: 8115
T_interval_start: 984
T_interval_end: 1015
sigma: 0.05
gamma: 0.05
rmse: 1.1959920743051162
mae: 0.9130552383392464
