fips: 8115
T_interval_start: 346
T_interval_end: 377
sigma: 0.9
gamma: 0.04
rmse: 17.41711221810121
mae: 17.33364375417426
