fips: 8115
T_interval_start: 436
T_interval_end: 466
sigma: 0.05
gamma: 0.05
rmse: 2.8896538287086315
mae: 2.335714717947758
