fips: 8115
T_interval_start: 285
T_interval_end: 315
sigma: 0.9
gamma: 0.04
rmse: 10.977899005588405
mae: 9.654822653735698
