fips: 8115
T_interval_start: 619
T_interval_end: 650
sigma: 0.9
gamma: 0.04
rmse: 15.771353374959503
mae: 15.743964148702199
