fips: 8115
T_interval_start: 770
T_interval_end: 801
sigma: 0.9900000000000001
gamma: 0.04
rmse: 20.574785948258096
mae: 20.57382885624921
