fips: 8115
T_interval_start: 619
T_interval_end: 650
sigma: 0.9900000000000001
gamma: 0.04
rmse: 17.38394903625011
mae: 17.25549222867444
