fips: 8115
T_interval_start: 436
T_interval_end: 466
sigma: 0.9500000000000001
gamma: 0.05
rmse: 0.6127550137718712
mae: 0.5520537415529264
