fips: 8115
T_interval_start: 650
T_interval_end: 680
sigma: 0.9900000000000001
gamma: 0.04
rmse: 21.622933378026055
mae: 21.606896273075375
