fips: 8115
T_interval_start: 711
T_interval_end: 742
sigma: 0.9900000000000001
gamma: 0.04
rmse: 26.510262429621825
mae: 26.24135308371951
