fips: 8115
T_interval_start: 589
T_interval_end: 619
sigma: 0.9900000000000001
gamma: 0.04
rmse: 16.64849126501162
mae: 16.645549530668898
