fips: 8115
T_interval_start: 892
T_interval_end: 923
sigma: 0.9500000000000001
gamma: 0.05
rmse: 0.6688335148932255
mae: 0.5839866388759004
