fips: 8115
T_interval_start: 254
T_interval_end: 285
sigma: 0.9
gamma: 0.04
rmse: 0.4154329477287077
mae: 0.37751736501020794
