fips: 8115
T_interval_start: 285
T_interval_end: 315
sigma: 0.9900000000000001
gamma: 0.04
rmse: 1.1138168691244692
mae: 0.8927603740523469
