fips: 8115
T_interval_start: 954
T_interval_end: 984
sigma: 0.9500000000000001
gamma: 0.05
rmse: 1.5933964179905817
mae: 1.3805154356628497
