fips: 8115
T_interval_start: 346
T_interval_end: 377
sigma: 0.9900000000000001
gamma: 0.04
rmse: 12.235083394413152
mae: 11.992183777500625
