fips: 8115
T_interval_start: 1015
T_interval_end: 1045
sigma: 0.9500000000000001
gamma: 0.05
rmse: 0.9449538174879375
mae: 0.7715060555930686
