fips: 8115
T_interval_start: 497
T_interval_end: 527
sigma: 0.9500000000000001
gamma: 0.05
rmse: 0.3322794806573714
mae: 0.2278075219101914
