fips: 8115
T_interval_start: 558
T_interval_end: 589
sigma: 0.9900000000000001
gamma: 0.04
rmse: 16.846637640497026
mae: 16.845483694573357
