fips: 8115
T_interval_start: 1045
T_interval_end: 1076
sigma: 0.9900000000000001
gamma: 0.04
rmse: 23.900034137826307
mae: 23.879438311672978
