fips: 8115
T_interval_start: 162
T_interval_end: 193
sigma: 0.9500000000000001
gamma: 0.2
rmse: 0.41524976719959694
mae: 0.3405346181031624
