fips: 8115
T_interval_start: 193
T_interval_end: 224
sigma: 0.9500000000000001
gamma: 0.3
rmse: 0.34088773616893814
mae: 0.2929619991422505
