fips: 8115
T_interval_start: 466
T_interval_end: 497
sigma: 0.9900000000000001
gamma: 0.04
rmse: 18.045718640313492
mae: 18.03642461334073
