fips: 8115
T_interval_start: 405
T_interval_end: 436
sigma: 0.9500000000000001
gamma: 0.05
rmse: 1.702338203836929
mae: 1.4249443947198104
