fips: 8115
T_interval_start: 742
T_interval_end: 770
sigma: 0.9900000000000001
gamma: 0.04
rmse: 29.9017744508994
mae: 29.758856293372123
