fips: 8067
T_interval_start: 436
T_interval_end: 466
sigma: 0.9000000000000001
gamma: 0.05
rmse: 30.26608118954219
