fips: 8067
T_interval_start: 71
T_interval_end: 101
sigma: 0.9500000000000001
gamma: 0.25
rmse: 3.841099514330107
