fips: 8067
T_interval_start: 346
T_interval_end: 377
sigma: 0.8500000000000001
gamma: 0.05
rmse: 26.665278352813125
