fips: 8067
T_interval_start: 862
T_interval_end: 892
sigma: 0.9000000000000001
gamma: 0.05
rmse: 34.55157195470549
