fips: 8067
T_interval_start: 101
T_interval_end: 132
sigma: 0.15000000000000002
gamma: 0.05
rmse: 3.5849306480290615
