fips: 8067
T_interval_start: 466
T_interval_end: 497
sigma: 0.8500000000000001
gamma: 0.05
rmse: 8.688011595862134
