fips: 8067
T_interval_start: 742
T_interval_end: 770
sigma: 0.9
gamma: 0.03
rmse: 574.137656062577
mae: 436.4208346109757
