fips: 8067
T_interval_start: 436
T_interval_end: 466
sigma: 0.9900000000000001
gamma: 0.04
rmse: 166.4130678602776
mae: 165.46335481475023
