fips: 8067
T_interval_start: 162
T_interval_end: 193
sigma: 0.9
gamma: 0.04
rmse: 8.717578507591492
mae: 8.08585336577685
