fips: 8067
T_interval_start: 589
T_interval_end: 619
sigma: 0.9
gamma: 0.04
rmse: 107.95443406389758
mae: 98.89396100466783
