fips: 8067
T_interval_start: 527
T_interval_end: 558
sigma: 0.9900000000000001
gamma: 0.04
rmse: 6.8150631779400275
mae: 6.5399543482811024
