fips: 8067
T_interval_start: 801
T_interval_end: 831
sigma: 0.9
gamma: 0.04
rmse: 54.05863450174714
mae: 52.30229189287552
