fips: 8067
T_interval_start: 315
T_interval_end: 346
sigma: 0.9900000000000001
gamma: 0.04
rmse: 780.1069331069635
mae: 772.9246465859021
