fips: 8067
T_interval_start: 1015
T_interval_end: 1045
sigma: 0.9
gamma: 0.03
rmse: 114.63212300265353
mae: 113.2525578299806
