fips: 8067
T_interval_start: 254
T_interval_end: 285
sigma: 0.9
gamma: 0.04
rmse: 44.82088143830627
mae: 40.54412684819229
