fips: 8067
T_interval_start: 346
T_interval_end: 377
sigma: 0.9900000000000001
gamma: 0.04
rmse: 442.2021188771514
mae: 436.9580533592326
