fips: 8067
T_interval_start: 770
T_interval_end: 801
sigma: 0.9
gamma: 0.04
rmse: 134.5490142815987
mae: 127.15675713282863
