fips: 8067
T_interval_start: 466
T_interval_end: 497
sigma: 0.9900000000000001
gamma: 0.04
rmse: 107.89341214289915
mae: 104.16575282731002
