fips: 8067
T_interval_start: 101
T_interval_end: 132
sigma: 0.9900000000000001
gamma: 0.04
rmse: 6.008546186530297
mae: 5.962235725329407
