fips: 8067
T_interval_start: 1045
T_interval_end: 1076
sigma: 0.9900000000000001
gamma: 0.02
rmse: 101.24922984066168
mae: 100.49903470051258
