fips: 8067
T_interval_start: 285
T_interval_end: 315
sigma: 0.9
gamma: 0.04
rmse: 223.62365274032797
mae: 192.1086443912486
