fips: 8067
T_interval_start: 984
T_interval_end: 1015
sigma: 0.9
gamma: 0.03
rmse: 69.95871858645359
mae: 63.189995223335934
