fips: 8067
T_interval_start: 619
T_interval_end: 650
sigma: 0.9900000000000001
gamma: 0.03
rmse: 131.11809523734198
mae: 127.36583721799727
