fips: 8067
T_interval_start: 377
T_interval_end: 405
sigma: 0.9900000000000001
gamma: 0.04
rmse: 256.6914238399455
mae: 251.82791678859462
