fips: 8067
T_interval_start: 71
T_interval_end: 101
sigma: 0.92
gamma: 0.04
rmse: 2.9610735196762574
mae: 2.2021634824935927
