fips: 8067
T_interval_start: 650
T_interval_end: 680
sigma: 0.9
gamma: 0.03
rmse: 37.488585896947264
mae: 35.00627419685086
