fips: 8067
T_interval_start: 711
T_interval_end: 742
sigma: 0.9
gamma: 0.03
rmse: 891.2190048906675
mae: 760.1294955327578
