fips: 8067
T_interval_start: 770
T_interval_end: 801
sigma: 0.9
gamma: 0.04
rmse: 122.569224399143
mae: 117.02448914501787
