fips: 8067
T_interval_start: 1015
T_interval_end: 1045
sigma: 0.9
gamma: 0.03
rmse: 103.46137433898228
mae: 102.38447328618246
