fips: 8067
T_interval_start: 497
T_interval_end: 527
sigma: 0.9900000000000001
gamma: 0.04
rmse: 15.977182126265113
mae: 14.241727630660147
