fips: 8067
T_interval_start: 162
T_interval_end: 193
sigma: 0.9
gamma: 0.04
rmse: 13.851313023799818
mae: 12.37411750399176
