fips: 8067
T_interval_start: 831
T_interval_end: 862
sigma: 0.9
gamma: 0.04
rmse: 70.18009509727715
mae: 65.42380860402089
