fips: 8067
T_interval_start: 527
T_interval_end: 558
sigma: 0.9
gamma: 0.04
rmse: 3.025104515324409
mae: 2.5053351111373057
