fips: 8067
T_interval_start: 436
T_interval_end: 466
sigma: 0.9900000000000001
gamma: 0.04
rmse: 44.946758260476855
mae: 43.90644897308177
