fips: 8067
T_interval_start: 71
T_interval_end: 101
sigma: 0.9
gamma: 0.04
rmse: 8.998611121116518
mae: 8.077930234681476
