fips: 8067
T_interval_start: 619
T_interval_end: 650
sigma: 0.9900000000000001
gamma: 0.03
rmse: 147.7992547053352
mae: 146.9633718430872
