fips: 8067
T_interval_start: 315
T_interval_end: 346
sigma: 0.9900000000000001
gamma: 0.04
rmse: 349.1287198046457
mae: 347.07893028258616
