fips: 8067
T_interval_start: 923
T_interval_end: 954
sigma: 0.9900000000000001
gamma: 0.03
rmse: 14.052083820950083
mae: 10.32087554745639
