fips: 8067
T_interval_start: 680
T_interval_end: 711
sigma: 0.9900000000000001
gamma: 0.03
rmse: 36.07716289362747
mae: 32.93774143474874
