fips: 8067
T_interval_start: 984
T_interval_end: 1015
sigma: 0.9
gamma: 0.03
rmse: 62.81279669112065
mae: 55.594306124966366
