fips: 8067
T_interval_start: 892
T_interval_end: 923
sigma: 0.9900000000000001
gamma: 0.03
rmse: 63.73351624880159
mae: 56.07845222833142
