fips: 8067
T_interval_start: 558
T_interval_end: 589
sigma: 0.9
gamma: 0.04
rmse: 56.36449005420167
mae: 46.96449518877568
