fips: 8067
T_interval_start: 862
T_interval_end: 892
sigma: 0.9900000000000001
gamma: 0.03
rmse: 152.33571770936314
mae: 150.1633812262116
