fips: 8067
T_interval_start: 650
T_interval_end: 680
sigma: 0.9900000000000001
gamma: 0.03
rmse: 56.751514794943716
mae: 47.99668755945507
