fips: 8067
T_interval_start: 954
T_interval_end: 984
sigma: 0.9
gamma: 0.03
rmse: 21.488117902792045
mae: 17.76375367695999
