fips: 8067
T_interval_start: 801
T_interval_end: 831
sigma: 0.9
gamma: 0.04
rmse: 36.44862655407869
mae: 35.646593355538116
