fips: 8067
T_interval_start: 224
T_interval_end: 254
sigma: 0.9900000000000001
gamma: 0.04
rmse: 17.864361900578892
mae: 17.837284132513396
