fips: 8067
T_interval_start: 589
T_interval_end: 619
sigma: 0.9
gamma: 0.04
rmse: 93.8763449902667
mae: 88.02978858928027
