fips: 8067
T_interval_start: 285
T_interval_end: 315
sigma: 0.9
gamma: 0.04
rmse: 152.74674010287046
mae: 142.52444282326832
