fips: 8067
T_interval_start: 742
T_interval_end: 770
sigma: 0.9
gamma: 0.03
rmse: 566.5599810339611
mae: 432.6473200244405
