fips: 8067
T_interval_start: 193
T_interval_end: 224
sigma: 0.9900000000000001
gamma: 0.04
rmse: 9.886983037413911
mae: 9.835083582396914
