fips: 8067
T_interval_start: 770
T_interval_end: 801
sigma: 0.9
gamma: 0.04
rmse: 81.68410747780992
mae: 75.17703022341121
