fips: 8067
T_interval_start: 162
T_interval_end: 193
sigma: 0.9
gamma: 0.04
rmse: 6.963678373216227
mae: 6.415651304377304
