fips: 8067
T_interval_start: 589
T_interval_end: 619
sigma: 0.9
gamma: 0.04
rmse: 46.47364790974398
mae: 37.68064471362002
