fips: 8067
T_interval_start: 466
T_interval_end: 497
sigma: 0.9900000000000001
gamma: 0.04
rmse: 108.10690052726639
mae: 105.23786202067593
