fips: 8067
T_interval_start: 892
T_interval_end: 923
sigma: 0.9900000000000001
gamma: 0.03
rmse: 101.32074144594407
mae: 95.59466037212432
