fips: 8067
T_interval_start: 680
T_interval_end: 711
sigma: 0.9900000000000001
gamma: 0.03
rmse: 151.16808985493236
mae: 146.53598681308907
