fips: 8067
T_interval_start: 377
T_interval_end: 405
sigma: 0.9900000000000001
gamma: 0.04
rmse: 178.26097367294275
mae: 177.20841091793233
