fips: 8067
T_interval_start: 132
T_interval_end: 162
sigma: 0.9500000000000001
gamma: 0.3
rmse: 0.792789432984132
mae: 0.5012866426536362
