fips: 8067
T_interval_start: 831
T_interval_end: 862
sigma: 0.9
gamma: 0.04
rmse: 51.261158401623256
mae: 45.11982711345264
