fips: 8067
T_interval_start: 558
T_interval_end: 589
sigma: 0.9
gamma: 0.04
rmse: 11.596106961201697
mae: 10.484166909725278
