fips: 8067
T_interval_start: 101
T_interval_end: 132
sigma: 0.9900000000000001
gamma: 0.04
rmse: 5.680919993461506
mae: 5.629622655662003
