fips: 8067
T_interval_start: 1015
T_interval_end: 1045
sigma: 0.9
gamma: 0.03
rmse: 98.13799816071185
mae: 96.51179223244357
