fips: 8067
T_interval_start: 224
T_interval_end: 254
sigma: 0.9900000000000001
gamma: 0.04
rmse: 11.03268230444202
mae: 10.954168821380819
