fips: 8067
T_interval_start: 619
T_interval_end: 650
sigma: 0.9
gamma: 0.04
rmse: 116.42911142480364
mae: 115.80791415234845
