fips: 8067
T_interval_start: 954
T_interval_end: 984
sigma: 0.9
gamma: 0.03
rmse: 14.326143362648677
mae: 13.095132651545327
