fips: 8067
T_interval_start: 711
T_interval_end: 742
sigma: 0.9
gamma: 0.03
rmse: 570.6439265393789
mae: 448.8970783692825
