fips: 8067
T_interval_start: 527
T_interval_end: 558
sigma: 0.9900000000000001
gamma: 0.04
rmse: 27.647590034136037
mae: 27.46150725138696
