fips: 8067
T_interval_start: 984
T_interval_end: 1015
sigma: 0.9
gamma: 0.03
rmse: 51.86588655366773
mae: 44.7881381809578
