fips: 8067
T_interval_start: 405
T_interval_end: 436
sigma: 0.9900000000000001
gamma: 0.04
rmse: 164.26829097263314
mae: 163.95964016656606
