fips: 8067
T_interval_start: 71
T_interval_end: 101
sigma: 0.9400000000000001
gamma: 0.04
rmse: 2.741459292971888
mae: 2.053179908510991
