fips: 8067
T_interval_start: 254
T_interval_end: 285
sigma: 0.9
gamma: 0.04
rmse: 34.08475005059484
mae: 31.75360877265908
