fips: 8067
T_interval_start: 436
T_interval_end: 466
sigma: 0.9900000000000001
gamma: 0.04
rmse: 153.08179612243632
mae: 153.0046708826886
