fips: 8083
T_interval_start: 1015
T_interval_end: 1045
sigma: 0.9000000000000001
gamma: 0.05
rmse: 12.983034764368572
