fips: 8083
T_interval_start: 1107
T_interval_end: 1135
sigma: 0.9500000000000001
gamma: 0.05
rmse: 2.692560921858323
