fips: 8083
T_interval_start: 193
T_interval_end: 224
sigma: 0.6500000000000001
gamma: 0.1
rmse: 1.3421152294608316
