fips: 8083
T_interval_start: 862
T_interval_end: 892
sigma: 0.9500000000000001
gamma: 0.05
rmse: 5.029264495268123
