fips: 8083
T_interval_start: 801
T_interval_end: 831
sigma: 0.9500000000000001
gamma: 0.15000000000000002
rmse: 4.816961542307529
