fips: 8083
T_interval_start: 193
T_interval_end: 224
sigma: 0.9
gamma: 0.04
rmse: 3.4224971164599447
mae: 3.322204636687849
