fips: 8083
T_interval_start: 831
T_interval_end: 862
sigma: 0.9
gamma: 0.04
rmse: 6.651659033769837
mae: 5.446496457036504
