fips: 8083
T_interval_start: 711
T_interval_end: 742
sigma: 0.9
gamma: 0.03
rmse: 128.49253476576683
mae: 96.06042133820488
