fips: 8083
T_interval_start: 954
T_interval_end: 984
sigma: 0.9
gamma: 0.04
rmse: 57.743931952654044
mae: 55.22433557667455
