fips: 8083
T_interval_start: 558
T_interval_end: 589
sigma: 0.9900000000000001
gamma: 0.04
rmse: 18.24624124358627
mae: 12.654149616088207
