fips: 8083
T_interval_start: 254
T_interval_end: 285
sigma: 0.9
gamma: 0.04
rmse: 6.800655136702317
mae: 5.430700964180962
