fips: 8083
T_interval_start: 1015
T_interval_end: 1045
sigma: 0.9900000000000001
gamma: 0.03
rmse: 17.301776152670342
mae: 16.448630739218828
