fips: 8083
T_interval_start: 405
T_interval_end: 436
sigma: 0.9900000000000001
gamma: 0.04
rmse: 35.816283671014915
mae: 34.676677763495505
