fips: 8083
T_interval_start: 770
T_interval_end: 801
sigma: 0.9
gamma: 0.04
rmse: 72.66928130848503
mae: 67.04924901037401
