fips: 8083
T_interval_start: 497
T_interval_end: 527
sigma: 0.9900000000000001
gamma: 0.04
rmse: 14.719478595431177
mae: 14.283092610550948
