fips: 8083
T_interval_start: 680
T_interval_end: 711
sigma: 0.9900000000000001
gamma: 0.03
rmse: 16.914791116481737
mae: 14.917269547592984
