fips: 8083
T_interval_start: 377
T_interval_end: 405
sigma: 0.9900000000000001
gamma: 0.04
rmse: 62.10741731209752
mae: 61.63871144175325
