fips: 8083
T_interval_start: 862
T_interval_end: 892
sigma: 0.9
gamma: 0.04
rmse: 35.82733665783376
mae: 33.61469813606938
