fips: 8083
T_interval_start: 801
T_interval_end: 831
sigma: 0.92
gamma: 0.04
rmse: 10.408221900691116
mae: 8.003867860375305
