fips: 8083
T_interval_start: 162
T_interval_end: 193
sigma: 0.9
gamma: 0.04
rmse: 1.3047799177998423
mae: 1.2318940847529225
