fips: 8083
T_interval_start: 1045
T_interval_end: 1076
sigma: 0.9
gamma: 0.03
rmse: 6.539734122595992
mae: 4.871462684073846
