fips: 8083
T_interval_start: 923
T_interval_end: 954
sigma: 0.9
gamma: 0.04
rmse: 77.08543608380363
mae: 76.95312689419059
