fips: 8083
T_interval_start: 619
T_interval_end: 650
sigma: 0.9900000000000001
gamma: 0.03
rmse: 57.90605077197528
mae: 57.3389616567814
