fips: 8083
T_interval_start: 285
T_interval_end: 315
sigma: 0.9
gamma: 0.04
rmse: 19.54336253438218
mae: 17.347834879699
