fips: 8083
T_interval_start: 497
T_interval_end: 527
sigma: 0.9900000000000001
gamma: 0.04
rmse: 3.162440093772201
mae: 2.8215763243201737
