fips: 8083
T_interval_start: 650
T_interval_end: 680
sigma: 0.9
gamma: 0.03
rmse: 16.89134744038748
mae: 14.976991921762549
