fips: 8083
T_interval_start: 892
T_interval_end: 923
sigma: 0.9
gamma: 0.04
rmse: 62.73847347709799
mae: 62.45275794280814
