fips: 8083
T_interval_start: 315
T_interval_end: 346
sigma: 0.9800000000000001
gamma: 0.04
rmse: 22.403169834531226
mae: 21.83412597867449
