fips: 8083
T_interval_start: 405
T_interval_end: 436
sigma: 0.9900000000000001
gamma: 0.04
rmse: 21.60444159861033
mae: 21.057070346497134
