fips: 8083
T_interval_start: 984
T_interval_end: 1015
sigma: 0.9900000000000001
gamma: 0.03
rmse: 19.266939546105764
mae: 16.335979918020637
