fips: 8083
T_interval_start: 711
T_interval_end: 742
sigma: 0.9
gamma: 0.03
rmse: 146.48541466056113
mae: 104.46068151433114
