fips: 8083
T_interval_start: 619
T_interval_end: 650
sigma: 0.9900000000000001
gamma: 0.03
rmse: 25.46658783473289
mae: 21.765372484338016
