fips: 8083
T_interval_start: 377
T_interval_end: 405
sigma: 0.9900000000000001
gamma: 0.04
rmse: 26.34862192409715
mae: 22.950648846944045
