fips: 8083
T_interval_start: 680
T_interval_end: 711
sigma: 0.9
gamma: 0.03
rmse: 12.793737765727816
mae: 10.973700292232438
