fips: 8083
T_interval_start: 923
T_interval_end: 954
sigma: 0.9900000000000001
gamma: 0.03
rmse: 70.80366979129778
mae: 68.22001243723625
