fips: 8083
T_interval_start: 193
T_interval_end: 224
sigma: 0.9
gamma: 0.04
rmse: 3.067202159466333
mae: 2.91220645070933
