fips: 8083
T_interval_start: 346
T_interval_end: 377
sigma: 0.9900000000000001
gamma: 0.04
rmse: 14.459049137718294
mae: 12.485205273615891
