fips: 8083
T_interval_start: 436
T_interval_end: 466
sigma: 0.9900000000000001
gamma: 0.04
rmse: 13.956954363686748
mae: 13.93029824311552
