fips: 8083
T_interval_start: 162
T_interval_end: 193
sigma: 0.9
gamma: 0.04
rmse: 0.4271958509750096
mae: 0.3026054814903576
