fips: 8083
T_interval_start: 254
T_interval_end: 285
sigma: 0.9
gamma: 0.04
rmse: 3.916055966021458
mae: 3.2350589951665243
