fips: 8083
T_interval_start: 132
T_interval_end: 162
sigma: 0.9
gamma: 0.04
rmse: 0.8211529709274838
mae: 0.7006921097788548
