fips: 8083
T_interval_start: 1076
T_interval_end: 1107
sigma: 0.9
gamma: 0.03
rmse: 13.643426768341397
mae: 12.840148425178757
