fips: 8083
T_interval_start: 285
T_interval_end: 315
sigma: 0.9
gamma: 0.04
rmse: 6.792393473857234
mae: 6.0996114379984965
