fips: 8083
T_interval_start: 770
T_interval_end: 801
sigma: 0.9
gamma: 0.04
rmse: 82.51090390010398
mae: 77.90316865844567
