fips: 8083
T_interval_start: 589
T_interval_end: 619
sigma: 0.9
gamma: 0.04
rmse: 47.32071019268675
mae: 46.35579063340337
