fips: 8083
T_interval_start: 466
T_interval_end: 497
sigma: 0.9900000000000001
gamma: 0.04
rmse: 8.540969691565305
mae: 8.15370092443402
