fips: 8083
T_interval_start: 254
T_interval_end: 285
sigma: 0.9900000000000001
gamma: 0.04
rmse: 1.9217710257138254
mae: 1.7544598737081287
