fips: 8083
T_interval_start: 711
T_interval_end: 742
sigma: 0.9
gamma: 0.03
rmse: 111.83238381752655
mae: 82.16475143996342
