fips: 8083
T_interval_start: 954
T_interval_end: 984
sigma: 0.9
gamma: 0.04
rmse: 45.125937656244155
mae: 43.08545628024339
