fips: 8083
T_interval_start: 742
T_interval_end: 770
sigma: 0.9
gamma: 0.03
rmse: 193.77272218652013
mae: 170.0938647611641
