fips: 8083
T_interval_start: 862
T_interval_end: 892
sigma: 0.9
gamma: 0.04
rmse: 12.202277992779143
mae: 10.099524364891893
