fips: 8083
T_interval_start: 923
T_interval_end: 954
sigma: 0.9
gamma: 0.04
rmse: 54.593402153960575
mae: 54.41799609967624
