fips: 8083
T_interval_start: 801
T_interval_end: 831
sigma: 0.9800000000000001
gamma: 0.04
rmse: 11.937038121734684
mae: 9.779178125372225
