fips: 8083
T_interval_start: 1015
T_interval_end: 1045
sigma: 0.9900000000000001
gamma: 0.03
rmse: 45.20277449095674
mae: 43.47542526959957
