fips: 8083
T_interval_start: 346
T_interval_end: 377
sigma: 0.9900000000000001
gamma: 0.03
rmse: 16.287195234578355
mae: 14.739093796201537
