fips: 8083
T_interval_start: 436
T_interval_end: 466
sigma: 0.9900000000000001
gamma: 0.04
rmse: 13.720111021852945
mae: 13.676445400762196
