fips: 8083
T_interval_start: 466
T_interval_end: 497
sigma: 0.9900000000000001
gamma: 0.04
rmse: 8.03462915286407
mae: 7.903947002137467
