fips: 8083
T_interval_start: 619
T_interval_end: 650
sigma: 0.9900000000000001
gamma: 0.03
rmse: 77.32742872051153
mae: 77.07984403102155
