fips: 8083
T_interval_start: 315
T_interval_end: 346
sigma: 0.9900000000000001
gamma: 0.03
rmse: 24.636364045667428
mae: 24.40047063609232
