fips: 8083
T_interval_start: 71
T_interval_end: 101
sigma: 0.9500000000000001
gamma: 0.35000000000000003
rmse: 0.4246915945159356
mae: 0.3638329645376781
