fips: 8083
T_interval_start: 497
T_interval_end: 527
sigma: 0.9900000000000001
gamma: 0.04
rmse: 4.4604770185450935
mae: 3.927781129820059
