fips: 8083
T_interval_start: 770
T_interval_end: 801
sigma: 0.9
gamma: 0.04
rmse: 65.16694555491905
mae: 59.64407137445765
