fips: 8083
T_interval_start: 589
T_interval_end: 619
sigma: 0.9
gamma: 0.04
rmse: 38.67669440540029
mae: 38.26980570102996
