fips: 8083
T_interval_start: 224
T_interval_end: 254
sigma: 0.9500000000000001
gamma: 0.05
rmse: 0.488979465811573
mae: 0.38035544278049804
