fips: 8083
T_interval_start: 650
T_interval_end: 680
sigma: 0.9900000000000001
gamma: 0.03
rmse: 57.36075426515806
mae: 56.59093027768399
