fips: 8101
T_interval_start: 527
T_interval_end: 558
sigma: 0.7000000000000001
gamma: 0.1
rmse: 9.832861104218098
