fips: 8101
T_interval_start: 377
T_interval_end: 405
sigma: 0.9500000000000001
gamma: 0.05
rmse: 101.09018958672823
