fips: 8101
T_interval_start: 923
T_interval_end: 954
sigma: 0.9000000000000001
gamma: 0.05
rmse: 40.876119043833434
