fips: 8101
T_interval_start: 132
T_interval_end: 162
sigma: 0.9000000000000001
gamma: 0.05
rmse: 4.194858991476082
