fips: 8101
T_interval_start: 71
T_interval_end: 101
sigma: 0.9
gamma: 0.04
rmse: 7.601401975049363
mae: 6.513531113656394
