fips: 8101
T_interval_start: 315
T_interval_end: 346
sigma: 0.9900000000000001
gamma: 0.04
rmse: 602.4349778249341
mae: 597.4400083215594
