fips: 8101
T_interval_start: 254
T_interval_end: 285
sigma: 0.9
gamma: 0.04
rmse: 84.7500797494027
mae: 78.63898977368976
