fips: 8101
T_interval_start: 132
T_interval_end: 162
sigma: 0.9900000000000001
gamma: 0.04
rmse: 21.694442854294962
mae: 21.434828464893243
