fips: 8101
T_interval_start: 801
T_interval_end: 831
sigma: 0.9900000000000001
gamma: 0.03
rmse: 470.14740085355356
mae: 452.5738972205844
