fips: 8101
T_interval_start: 224
T_interval_end: 254
sigma: 0.9900000000000001
gamma: 0.04
rmse: 49.87169728244829
mae: 49.82194844270177
