fips: 8101
T_interval_start: 162
T_interval_end: 193
sigma: 0.9
gamma: 0.04
rmse: 25.00073847334741
mae: 23.849592191629647
