fips: 8101
T_interval_start: 892
T_interval_end: 923
sigma: 0.9
gamma: 0.03
rmse: 652.6088315176977
mae: 636.107916321618
