fips: 8101
T_interval_start: 680
T_interval_end: 711
sigma: 0.9900000000000001
gamma: 0.03
rmse: 476.6892740940808
mae: 460.6325228089165
