fips: 8101
T_interval_start: 558
T_interval_end: 589
sigma: 0.9
gamma: 0.04
rmse: 102.8190870688447
mae: 90.55807862742844
