fips: 8101
T_interval_start: 377
T_interval_end: 405
sigma: 0.9900000000000001
gamma: 0.04
rmse: 232.3026477421332
mae: 217.67522100854768
