fips: 8101
T_interval_start: 466
T_interval_end: 497
sigma: 0.9
gamma: 0.04
rmse: 89.6758942492208
mae: 83.15629476691292
