fips: 8101
T_interval_start: 954
T_interval_end: 984
sigma: 0.9
gamma: 0.03
rmse: 412.9112770305247
mae: 411.7744121541328
