fips: 8101
T_interval_start: 1015
T_interval_end: 1045
sigma: 0.9
gamma: 0.02
rmse: 158.94509213244595
mae: 131.84371590921825
