fips: 8101
T_interval_start: 770
T_interval_end: 801
sigma: 0.9
gamma: 0.04
rmse: 680.6068311542859
mae: 677.6552025442194
