fips: 8101
T_interval_start: 101
T_interval_end: 132
sigma: 0.9
gamma: 0.04
rmse: 15.305395229873684
mae: 15.089159383582762
