fips: 8101
T_interval_start: 405
T_interval_end: 436
sigma: 0.9900000000000001
gamma: 0.04
rmse: 144.81686694029173
mae: 142.962392237553
