fips: 8101
T_interval_start: 589
T_interval_end: 619
sigma: 0.9
gamma: 0.04
rmse: 381.8005988562793
mae: 367.38966130382255
