fips: 8101
T_interval_start: 711
T_interval_end: 742
sigma: 0.9
gamma: 0.03
rmse: 1299.0884464712296
mae: 1016.4909630887973
