fips: 8101
T_interval_start: 285
T_interval_end: 315
sigma: 0.9
gamma: 0.04
rmse: 296.78620945656326
mae: 281.4709847462387
