fips: 8101
T_interval_start: 1107
T_interval_end: 1135
sigma: 0.9900000000000001
gamma: 0.02
rmse: 51.83301943402509
mae: 43.84262450858409
