fips: 8101
T_interval_start: 193
T_interval_end: 224
sigma: 0.9
gamma: 0.04
rmse: 70.9669290066621
mae: 70.74538326527177
