fips: 8101
T_interval_start: 71
T_interval_end: 101
sigma: 0.9
gamma: 0.04
rmse: 21.160027947512148
mae: 18.771890832087752
