fips: 8101
T_interval_start: 101
T_interval_end: 132
sigma: 0.9
gamma: 0.04
rmse: 34.45214156373998
mae: 34.30969425925514
