fips: 8101
T_interval_start: 224
T_interval_end: 254
sigma: 0.9900000000000001
gamma: 0.04
rmse: 53.76524305242565
mae: 53.71341332074808
