fips: 8101
T_interval_start: 619
T_interval_end: 650
sigma: 0.9900000000000001
gamma: 0.03
rmse: 594.9873872184827
mae: 588.4664279339282
