fips: 8101
T_interval_start: 711
T_interval_end: 742
sigma: 0.9
gamma: 0.03
rmse: 1784.926810528214
mae: 1384.7276571739183
