fips: 8101
T_interval_start: 923
T_interval_end: 954
sigma: 0.9
gamma: 0.03
rmse: 762.8956538838295
mae: 738.298021432261
