fips: 8101
T_interval_start: 862
T_interval_end: 892
sigma: 0.9
gamma: 0.03
rmse: 574.7307186381494
mae: 517.3475659254576
