fips: 8101
T_interval_start: 162
T_interval_end: 193
sigma: 0.9
gamma: 0.04
rmse: 36.97796795032486
mae: 35.24772652340613
