fips: 8101
T_interval_start: 466
T_interval_end: 497
sigma: 0.9
gamma: 0.04
rmse: 381.9422587659438
mae: 354.95882999865466
