fips: 8101
T_interval_start: 892
T_interval_end: 923
sigma: 0.9
gamma: 0.03
rmse: 854.6833464164074
mae: 849.4789341639339
