fips: 8101
T_interval_start: 436
T_interval_end: 466
sigma: 0.9
gamma: 0.04
rmse: 214.3630235669571
mae: 183.52390220888398
