fips: 8101
T_interval_start: 831
T_interval_end: 862
sigma: 0.93
gamma: 0.03
rmse: 102.2618275357046
mae: 74.25243733763625
