fips: 8101
T_interval_start: 558
T_interval_end: 589
sigma: 0.9
gamma: 0.04
rmse: 97.72420595601359
mae: 86.74468967832772
