fips: 8101
T_interval_start: 497
T_interval_end: 527
sigma: 0.9
gamma: 0.04
rmse: 28.69186657955593
mae: 24.438515693140662
