fips: 8101
T_interval_start: 405
T_interval_end: 436
sigma: 0.9900000000000001
gamma: 0.04
rmse: 52.105210574269265
mae: 48.21472221330893
