fips: 8101
T_interval_start: 346
T_interval_end: 377
sigma: 0.9900000000000001
gamma: 0.04
rmse: 307.61703087836867
mae: 304.9262163414585
