fips: 8101
T_interval_start: 132
T_interval_end: 162
sigma: 0.9900000000000001
gamma: 0.04
rmse: 35.55302797329316
mae: 35.40114966461277
