fips: 8101
T_interval_start: 742
T_interval_end: 770
sigma: 0.9
gamma: 0.03
rmse: 1558.5628762641747
mae: 1225.3000823377185
