fips: 8101
T_interval_start: 862
T_interval_end: 892
sigma: 0.9
gamma: 0.03
rmse: 406.2028116648992
mae: 321.65643482559335
