fips: 8101
T_interval_start: 954
T_interval_end: 984
sigma: 0.9
gamma: 0.03
rmse: 424.1373073691478
mae: 423.08143418486077
