fips: 8101
T_interval_start: 162
T_interval_end: 193
sigma: 0.9
gamma: 0.04
rmse: 17.842256682430282
mae: 17.099633637105253
