fips: 8101
T_interval_start: 101
T_interval_end: 132
sigma: 0.9
gamma: 0.04
rmse: 12.701638586241275
mae: 12.571470878876086
