fips: 8101
T_interval_start: 436
T_interval_end: 466
sigma: 0.9900000000000001
gamma: 0.04
rmse: 108.79985301768
mae: 105.4004934970282
