fips: 8101
T_interval_start: 71
T_interval_end: 101
sigma: 0.9
gamma: 0.04
rmse: 6.419470664707821
mae: 5.6944656284030595
