fips: 8101
T_interval_start: 254
T_interval_end: 285
sigma: 0.9
gamma: 0.04
rmse: 51.15351371711413
mae: 48.151463495722865
