fips: 8101
T_interval_start: 984
T_interval_end: 1015
sigma: 0.9900000000000001
gamma: 0.02
rmse: 339.36516726362146
mae: 303.3449410485373
