fips: 8101
T_interval_start: 132
T_interval_end: 162
sigma: 0.9900000000000001
gamma: 0.04
rmse: 16.856668665778905
mae: 16.799373347965513
