fips: 8101
T_interval_start: 650
T_interval_end: 680
sigma: 0.9
gamma: 0.04
rmse: 1334.2689258185362
mae: 1326.8148067079705
