fips: 8101
T_interval_start: 801
T_interval_end: 831
sigma: 0.9900000000000001
gamma: 0.03
rmse: 473.1475577409081
mae: 458.7573662828575
