fips: 8101
T_interval_start: 285
T_interval_end: 315
sigma: 0.9
gamma: 0.04
rmse: 128.90180990892128
mae: 123.92023288359903
