fips: 8101
T_interval_start: 1015
T_interval_end: 1045
sigma: 0.9
gamma: 0.02
rmse: 220.01652872446778
mae: 195.48358840435932
