fips: 8101
T_interval_start: 923
T_interval_end: 954
sigma: 0.9
gamma: 0.03
rmse: 689.2623724164708
mae: 666.2039332277383
