fips: 8101
T_interval_start: 680
T_interval_end: 711
sigma: 0.9900000000000001
gamma: 0.03
rmse: 828.6392349793981
mae: 803.5852515962723
