fips: 8101
T_interval_start: 527
T_interval_end: 558
sigma: 0.9900000000000001
gamma: 0.04
rmse: 75.77213523262239
mae: 73.94584205549627
