fips: 8101
T_interval_start: 346
T_interval_end: 377
sigma: 0.9900000000000001
gamma: 0.04
rmse: 324.42011304328463
mae: 321.9398468954464
