fips: 8101
T_interval_start: 831
T_interval_end: 862
sigma: 0.9900000000000001
gamma: 0.03
rmse: 222.54689196790997
mae: 200.8582317971851
