fips: 8101
T_interval_start: 224
T_interval_end: 254
sigma: 0.9900000000000001
gamma: 0.04
rmse: 35.99794823847668
mae: 35.940974195037164
