fips: 8101
T_interval_start: 742
T_interval_end: 770
sigma: 0.9
gamma: 0.03
rmse: 1136.5280552005775
mae: 1004.0386932798137
