fips: 8101
T_interval_start: 466
T_interval_end: 497
sigma: 0.9900000000000001
gamma: 0.04
rmse: 66.0320819872882
mae: 42.47427901757693
