fips: 8101
T_interval_start: 711
T_interval_end: 742
sigma: 0.9
gamma: 0.03
rmse: 1050.8758883649552
mae: 828.0081783261812
