fips: 8101
T_interval_start: 193
T_interval_end: 224
sigma: 0.9
gamma: 0.04
rmse: 38.317368927653426
mae: 38.13697325438456
