fips: 8101
T_interval_start: 892
T_interval_end: 923
sigma: 0.9
gamma: 0.03
rmse: 724.7550460543505
mae: 716.9975975701888
