fips: 8101
T_interval_start: 1045
T_interval_end: 1076
sigma: 0.9
gamma: 0.02
rmse: 399.8259456567629
mae: 398.20163816451407
