fips: 8101
T_interval_start: 589
T_interval_end: 619
sigma: 0.9
gamma: 0.04
rmse: 184.96133503772276
mae: 166.33704915526314
