fips: 8101
T_interval_start: 770
T_interval_end: 801
sigma: 0.9
gamma: 0.04
rmse: 611.6183362056247
mae: 608.6138264034989
