fips: 8101
T_interval_start: 377
T_interval_end: 405
sigma: 0.9900000000000001
gamma: 0.04
rmse: 208.01696517910867
mae: 205.80205120363735
