fips: 8101
T_interval_start: 558
T_interval_end: 589
sigma: 0.9900000000000001
gamma: 0.04
rmse: 30.738058925156043
mae: 27.35956653813399
