fips: 8101
T_interval_start: 315
T_interval_end: 346
sigma: 0.9900000000000001
gamma: 0.04
rmse: 179.2692259059637
mae: 177.94832092335477
