fips: 8075
T_interval_start: 558
T_interval_end: 589
sigma: 0.9500000000000001
gamma: 0.05
rmse: 37.863289810229254
