fips: 8075
T_interval_start: 831
T_interval_end: 862
sigma: 0.9000000000000001
gamma: 0.05
rmse: 7.97748644298865
