fips: 8075
T_interval_start: 101
T_interval_end: 132
sigma: 0.9500000000000001
gamma: 0.25
rmse: 33.408495632281294
