fips: 8075
T_interval_start: 497
T_interval_end: 527
sigma: 0.9500000000000001
gamma: 0.05
rmse: 1.8276898483951203
