fips: 8075
T_interval_start: 132
T_interval_end: 162
sigma: 0.9900000000000001
gamma: 0.04
rmse: 347.648247147464
mae: 345.4339049171579
