fips: 8075
T_interval_start: 405
T_interval_end: 436
sigma: 0.9900000000000001
gamma: 0.04
rmse: 64.3167924005444
mae: 61.47891448538868
