fips: 8075
T_interval_start: 1015
T_interval_end: 1045
sigma: 0.9
gamma: 0.01
rmse: 74.16059776038688
mae: 63.12230963805879
