fips: 8075
T_interval_start: 619
T_interval_end: 650
sigma: 0.9
gamma: 0.02
rmse: 46.33368017393912
mae: 41.23066404048995
