fips: 8075
T_interval_start: 101
T_interval_end: 132
sigma: 0.9900000000000001
gamma: 0.04
rmse: 305.3893671944478
mae: 293.0741996043278
