fips: 8075
T_interval_start: 315
T_interval_end: 346
sigma: 0.9900000000000001
gamma: 0.04
rmse: 1060.2853514420617
mae: 1033.6959014656293
