fips: 8075
T_interval_start: 650
T_interval_end: 680
sigma: 0.9900000000000001
gamma: 0.02
rmse: 92.71476240250263
mae: 92.46797072411202
