fips: 8075
T_interval_start: 742
T_interval_end: 770
sigma: 0.9
gamma: 0.01
rmse: 246.53247114834036
mae: 223.74701627299743
