fips: 8075
T_interval_start: 436
T_interval_end: 466
sigma: 0.9
gamma: 0.04
rmse: 12.254010024658433
mae: 9.177283380814522
