fips: 8075
T_interval_start: 984
T_interval_end: 1015
sigma: 0.9900000000000001
gamma: 0.02
rmse: 38.68192175595082
mae: 38.32729669552185
