fips: 8075
T_interval_start: 193
T_interval_end: 224
sigma: 0.9900000000000001
gamma: 0.04
rmse: 300.3531760757172
mae: 299.96863357474086
