fips: 8075
T_interval_start: 558
T_interval_end: 589
sigma: 0.9900000000000001
gamma: 0.03
rmse: 18.31539524025068
mae: 14.80806179805342
