fips: 8075
T_interval_start: 801
T_interval_end: 831
sigma: 0.9900000000000001
gamma: 0.02
rmse: 85.13035362255422
mae: 77.87187129410336
