fips: 8075
T_interval_start: 497
T_interval_end: 527
sigma: 0.9900000000000001
gamma: 0.04
rmse: 22.886486299348302
mae: 22.468240738650092
