fips: 8075
T_interval_start: 770
T_interval_end: 801
sigma: 0.9900000000000001
gamma: 0.02
rmse: 216.21609668231977
mae: 213.98686934018326
