fips: 8075
T_interval_start: 1045
T_interval_end: 1076
sigma: 0.9
gamma: 0.01
rmse: 16.63592143657563
mae: 13.688182428191865
