fips: 8075
T_interval_start: 377
T_interval_end: 405
sigma: 0.9900000000000001
gamma: 0.04
rmse: 157.34401644322054
mae: 153.6111584108572
