fips: 8075
T_interval_start: 285
T_interval_end: 315
sigma: 0.9900000000000001
gamma: 0.04
rmse: 1573.6687042362912
mae: 1572.3690504961587
