fips: 8075
T_interval_start: 346
T_interval_end: 377
sigma: 0.9900000000000001
gamma: 0.04
rmse: 427.2592833868066
mae: 408.68914806638577
