fips: 8075
T_interval_start: 954
T_interval_end: 984
sigma: 0.9900000000000001
gamma: 0.02
rmse: 70.62724869084265
mae: 69.1654739387017
