fips: 8075
T_interval_start: 954
T_interval_end: 984
sigma: 0.9
gamma: 0.02
rmse: 30.291080519068903
mae: 29.177682367448146
