fips: 8075
T_interval_start: 132
T_interval_end: 162
sigma: 0.9900000000000001
gamma: 0.04
rmse: 78.28936288699155
mae: 75.81674159081128
