fips: 8075
T_interval_start: 619
T_interval_end: 650
sigma: 0.9
gamma: 0.03
rmse: 104.83795683929206
mae: 99.30937856226286
