fips: 8075
T_interval_start: 680
T_interval_end: 711
sigma: 0.9900000000000001
gamma: 0.02
rmse: 96.45578627455359
mae: 94.18051092445043
