fips: 8075
T_interval_start: 1076
T_interval_end: 1107
sigma: 0.9
gamma: 0.02
rmse: 26.109179862772226
mae: 23.47124656822702
