fips: 8075
T_interval_start: 224
T_interval_end: 254
sigma: 0.9
gamma: 0.04
rmse: 229.59540330032362
mae: 215.95221272643852
