fips: 8075
T_interval_start: 315
T_interval_end: 346
sigma: 0.9900000000000001
gamma: 0.04
rmse: 717.5710320442672
mae: 708.6003653784805
