fips: 8075
T_interval_start: 527
T_interval_end: 558
sigma: 0.9
gamma: 0.04
rmse: 9.103445481920355
mae: 8.992757370415378
