fips: 8075
T_interval_start: 742
T_interval_end: 770
sigma: 0.9
gamma: 0.02
rmse: 461.1406054217321
mae: 445.73336791798687
