fips: 8075
T_interval_start: 101
T_interval_end: 132
sigma: 0.9900000000000001
gamma: 0.04
rmse: 68.13103250258254
mae: 60.91451588985366
