fips: 8075
T_interval_start: 193
T_interval_end: 224
sigma: 0.91
gamma: 0.04
rmse: 101.9123474389405
mae: 101.88370716872073
