fips: 8075
T_interval_start: 405
T_interval_end: 436
sigma: 0.9900000000000001
gamma: 0.04
rmse: 64.4246957633258
mae: 62.74051331396423
