fips: 8075
T_interval_start: 589
T_interval_end: 619
sigma: 0.9
gamma: 0.03
rmse: 38.77687358984292
mae: 32.55625413020843
