fips: 8075
T_interval_start: 254
T_interval_end: 285
sigma: 0.9900000000000001
gamma: 0.04
rmse: 410.96237267986413
mae: 407.7867899103308
