fips: 8075
T_interval_start: 892
T_interval_end: 923
sigma: 0.9
gamma: 0.02
rmse: 46.50633634670292
mae: 40.815178849553796
