fips: 8075
T_interval_start: 285
T_interval_end: 315
sigma: 0.9900000000000001
gamma: 0.04
rmse: 730.9110403204976
mae: 722.938647533446
