fips: 8075
T_interval_start: 1107
T_interval_end: 1135
sigma: 0.9
gamma: 0.02
rmse: 31.828708510038442
mae: 30.737265854964175
