fips: 8075
T_interval_start: 1015
T_interval_end: 1045
sigma: 0.9
gamma: 0.02
rmse: 73.67939920760737
mae: 62.55203171318198
