fips: 8075
T_interval_start: 650
T_interval_end: 680
sigma: 0.9
gamma: 0.03
rmse: 165.37082656360602
mae: 165.2509455468664
