fips: 8075
T_interval_start: 346
T_interval_end: 377
sigma: 0.9900000000000001
gamma: 0.04
rmse: 342.696949319079
mae: 331.959029897685
