fips: 8075
T_interval_start: 497
T_interval_end: 527
sigma: 0.9
gamma: 0.04
rmse: 7.511648934462013
mae: 7.282519651821512
