fips: 8075
T_interval_start: 466
T_interval_end: 497
sigma: 0.9
gamma: 0.04
rmse: 4.82530510528395
mae: 4.266402646500061
