fips: 8075
T_interval_start: 831
T_interval_end: 862
sigma: 0.9
gamma: 0.03
rmse: 34.118063342765176
mae: 31.556516429007406
