fips: 8075
T_interval_start: 862
T_interval_end: 892
sigma: 0.9900000000000001
gamma: 0.02
rmse: 90.94802694506599
mae: 89.02396376018237
