fips: 8075
T_interval_start: 831
T_interval_end: 862
sigma: 0.9900000000000001
gamma: 0.02
rmse: 26.927262082582526
mae: 23.507416594177727
