fips: 8075
T_interval_start: 923
T_interval_end: 954
sigma: 0.9900000000000001
gamma: 0.02
rmse: 129.86054196426102
mae: 129.05200361918446
