fips: 8075
T_interval_start: 346
T_interval_end: 377
sigma: 0.9900000000000001
gamma: 0.04
rmse: 397.05133222444124
mae: 379.75305389670035
