fips: 8075
T_interval_start: 254
T_interval_end: 285
sigma: 0.9900000000000001
gamma: 0.04
rmse: 1302.2754116685344
mae: 1300.3651533210027
