fips: 8075
T_interval_start: 101
T_interval_end: 132
sigma: 0.9900000000000001
gamma: 0.04
rmse: 288.3870982951943
mae: 278.49721014466496
