fips: 8075
T_interval_start: 1015
T_interval_end: 1045
sigma: 0.9
gamma: 0.01
rmse: 75.00261652395164
mae: 64.35465624520482
