fips: 8075
T_interval_start: 589
T_interval_end: 619
sigma: 0.9900000000000001
gamma: 0.03
rmse: 103.23687681462526
mae: 97.54657150988615
