fips: 8075
T_interval_start: 285
T_interval_end: 315
sigma: 0.9900000000000001
gamma: 0.04
rmse: 1594.1973964625256
mae: 1592.8141272053517
