fips: 8075
T_interval_start: 558
T_interval_end: 589
sigma: 0.9900000000000001
gamma: 0.03
rmse: 19.526904090202876
mae: 15.41272246769054
