fips: 8075
T_interval_start: 527
T_interval_end: 558
sigma: 0.9
gamma: 0.03
rmse: 9.837182845922317
mae: 9.686536164035799
