fips: 8075
T_interval_start: 954
T_interval_end: 984
sigma: 0.9900000000000001
gamma: 0.02
rmse: 70.89270557574804
mae: 69.4256695246154
