fips: 8075
T_interval_start: 984
T_interval_end: 1015
sigma: 0.9900000000000001
gamma: 0.02
rmse: 38.79463690916478
mae: 38.43676630382079
