fips: 8075
T_interval_start: 466
T_interval_end: 497
sigma: 0.9900000000000001
gamma: 0.04
rmse: 30.230838867060488
mae: 30.080844271959965
