fips: 8075
T_interval_start: 436
T_interval_end: 466
sigma: 0.9900000000000001
gamma: 0.04
rmse: 10.489185276669103
mae: 8.977568675502164
