fips: 8075
T_interval_start: 315
T_interval_end: 346
sigma: 0.9900000000000001
gamma: 0.04
rmse: 1061.5055051978204
mae: 1028.9247982763102
