fips: 8075
T_interval_start: 132
T_interval_end: 162
sigma: 0.9900000000000001
gamma: 0.04
rmse: 328.4110089792099
mae: 326.4560541633358
