fips: 8075
T_interval_start: 711
T_interval_end: 742
sigma: 0.9900000000000001
gamma: 0.02
rmse: 414.3488832911976
mae: 359.1652072427908
