fips: 8075
T_interval_start: 224
T_interval_end: 254
sigma: 0.9900000000000001
gamma: 0.04
rmse: 907.6202439822486
mae: 827.7301021383213
