fips: 8075
T_interval_start: 742
T_interval_end: 770
sigma: 0.9
gamma: 0.01
rmse: 239.1395262689801
mae: 215.3290491766862
