fips: 8075
T_interval_start: 680
T_interval_end: 711
sigma: 0.9900000000000001
gamma: 0.02
rmse: 93.96010069837199
mae: 93.82101325641955
