fips: 8085
T_interval_start: 497
T_interval_end: 527
sigma: 0.9000000000000001
gamma: 0.05
rmse: 5.666248443210219
