fips: 8085
T_interval_start: 132
T_interval_end: 162
sigma: 0.9000000000000001
gamma: 0.05
rmse: 3.249668476074276
