fips: 8085
T_interval_start: 377
T_interval_end: 405
sigma: 0.9500000000000001
gamma: 0.1
rmse: 17.80010120097479
