fips: 8085
T_interval_start: 558
T_interval_end: 589
sigma: 0.7500000000000001
gamma: 0.05
rmse: 5.563250883449832
