fips: 8085
T_interval_start: 1107
T_interval_end: 1135
sigma: 0.9500000000000001
gamma: 0.05
rmse: 3.908984888146428
