fips: 8085
T_interval_start: 742
T_interval_end: 770
sigma: 0.9000000000000001
gamma: 0.05
rmse: 23.81184210561527
