fips: 8085
T_interval_start: 527
T_interval_end: 558
sigma: 0.9000000000000001
gamma: 0.05
rmse: 38.37749208992559
