fips: 8085
T_interval_start: 285
T_interval_end: 315
sigma: 0.9500000000000001
gamma: 0.05
rmse: 30.69794936932299
