fips: 8085
T_interval_start: 1015
T_interval_end: 1045
sigma: 0.9000000000000001
gamma: 0.05
rmse: 20.010360951395327
