fips: 8085
T_interval_start: 558
T_interval_end: 589
sigma: 0.9900000000000001
gamma: 0.04
rmse: 10.044229128552487
mae: 9.111374163382887
