fips: 8085
T_interval_start: 742
T_interval_end: 770
sigma: 0.9
gamma: 0.03
rmse: 174.46622072945115
mae: 153.25801172086358
