fips: 8085
T_interval_start: 224
T_interval_end: 254
sigma: 0.9900000000000001
gamma: 0.04
rmse: 27.683594030077195
mae: 27.329442609730645
