fips: 8085
T_interval_start: 436
T_interval_end: 466
sigma: 0.9900000000000001
gamma: 0.04
rmse: 72.78941612691487
mae: 72.44811982567215
