fips: 8085
T_interval_start: 162
T_interval_end: 193
sigma: 0.9
gamma: 0.04
rmse: 19.73260338719894
mae: 18.920706463022558
