fips: 8085
T_interval_start: 923
T_interval_end: 954
sigma: 0.9
gamma: 0.03
rmse: 76.36886661821177
mae: 64.40332054993333
