fips: 8085
T_interval_start: 466
T_interval_end: 497
sigma: 0.9900000000000001
gamma: 0.04
rmse: 78.99497902961672
mae: 78.86816860753756
