fips: 8085
T_interval_start: 954
T_interval_end: 984
sigma: 0.9
gamma: 0.03
rmse: 32.83318668961933
mae: 31.573971164208384
