fips: 8085
T_interval_start: 377
T_interval_end: 405
sigma: 0.9900000000000001
gamma: 0.04
rmse: 257.9885080134378
mae: 254.6292101629068
