fips: 8085
T_interval_start: 346
T_interval_end: 377
sigma: 0.9900000000000001
gamma: 0.04
rmse: 354.38374308922164
mae: 352.42533939619324
