fips: 8085
T_interval_start: 101
T_interval_end: 132
sigma: 0.9
gamma: 0.04
rmse: 5.871198018124398
mae: 5.711393085324868
