fips: 8085
T_interval_start: 862
T_interval_end: 892
sigma: 0.9
gamma: 0.03
rmse: 58.620551609829846
mae: 52.925953200601064
