fips: 8085
T_interval_start: 285
T_interval_end: 315
sigma: 0.9
gamma: 0.04
rmse: 133.94283759747833
mae: 121.54498521621294
