fips: 8085
T_interval_start: 1015
T_interval_end: 1045
sigma: 0.9
gamma: 0.03
rmse: 71.03217599130063
mae: 68.4392949661091
