fips: 8085
T_interval_start: 770
T_interval_end: 801
sigma: 0.9900000000000001
gamma: 0.03
rmse: 100.80625616956475
mae: 98.38536280199129
