fips: 8085
T_interval_start: 984
T_interval_end: 1015
sigma: 0.9
gamma: 0.03
rmse: 38.042281447779125
mae: 37.224988895721054
