fips: 8085
T_interval_start: 619
T_interval_end: 650
sigma: 0.9900000000000001
gamma: 0.03
rmse: 188.71506852289886
mae: 188.15350839692726
