fips: 8085
T_interval_start: 1045
T_interval_end: 1076
sigma: 0.9
gamma: 0.03
rmse: 67.08925895452347
mae: 66.68076101959818
