fips: 8085
T_interval_start: 193
T_interval_end: 224
sigma: 0.9900000000000001
gamma: 0.04
rmse: 40.77231217111995
mae: 40.53965700762196
