fips: 8085
T_interval_start: 315
T_interval_end: 346
sigma: 0.9900000000000001
gamma: 0.04
rmse: 464.89258538790835
mae: 458.7156088722877
