fips: 8085
T_interval_start: 801
T_interval_end: 831
sigma: 0.9900000000000001
gamma: 0.03
rmse: 55.28175208008491
mae: 53.95100176801352
