fips: 8085
T_interval_start: 1076
T_interval_end: 1107
sigma: 0.9900000000000001
gamma: 0.02
rmse: 26.005153324617545
mae: 24.665957407348806
