fips: 8085
T_interval_start: 162
T_interval_end: 193
sigma: 0.9
gamma: 0.04
rmse: 23.752739841225093
mae: 22.822378726305494
