fips: 8085
T_interval_start: 193
T_interval_end: 224
sigma: 0.9400000000000001
gamma: 0.04
rmse: 47.96596233994983
mae: 47.682584214817616
