fips: 8085
T_interval_start: 954
T_interval_end: 984
sigma: 0.9
gamma: 0.03
rmse: 38.79603423825277
mae: 37.78363765657732
