fips: 8085
T_interval_start: 742
T_interval_end: 770
sigma: 0.9
gamma: 0.03
rmse: 194.29591230756208
mae: 172.28122649695442
