fips: 8085
T_interval_start: 558
T_interval_end: 589
sigma: 0.9
gamma: 0.04
rmse: 7.351431000348676
mae: 6.633753723716861
