fips: 8085
T_interval_start: 405
T_interval_end: 436
sigma: 0.9900000000000001
gamma: 0.04
rmse: 106.40262502860072
mae: 104.20744428384195
