fips: 8085
T_interval_start: 497
T_interval_end: 527
sigma: 0.9900000000000001
gamma: 0.04
rmse: 64.6062250552408
mae: 63.75406822658774
