fips: 8085
T_interval_start: 650
T_interval_end: 680
sigma: 0.9900000000000001
gamma: 0.03
rmse: 94.48671760652394
mae: 90.5769887031376
