fips: 8085
T_interval_start: 466
T_interval_end: 497
sigma: 0.9900000000000001
gamma: 0.04
rmse: 76.94440317774101
mae: 76.88405234162687
