fips: 8085
T_interval_start: 71
T_interval_end: 101
sigma: 0.9
gamma: 0.04
rmse: 7.414690840642436
mae: 5.25478331331139
