fips: 8085
T_interval_start: 711
T_interval_end: 742
sigma: 0.9
gamma: 0.03
rmse: 127.03838359757013
mae: 103.22868619290702
