fips: 8085
T_interval_start: 285
T_interval_end: 315
sigma: 0.9
gamma: 0.04
rmse: 213.29745518069856
mae: 195.29366231615708
