fips: 8085
T_interval_start: 1107
T_interval_end: 1135
sigma: 0.9900000000000001
gamma: 0.02
rmse: 5.496021221106242
mae: 4.362141170671137
