fips: 8085
T_interval_start: 984
T_interval_end: 1015
sigma: 0.9
gamma: 0.03
rmse: 43.04867576439084
mae: 42.245205067444054
