fips: 8085
T_interval_start: 101
T_interval_end: 132
sigma: 0.9
gamma: 0.04
rmse: 16.754720565105295
mae: 16.692602702022874
