fips: 8085
T_interval_start: 892
T_interval_end: 923
sigma: 0.9
gamma: 0.03
rmse: 107.96028707321432
mae: 107.47902375985196
