fips: 8085
T_interval_start: 589
T_interval_end: 619
sigma: 0.9
gamma: 0.04
rmse: 35.46794913930299
mae: 30.8560729347943
