fips: 8085
T_interval_start: 1015
T_interval_end: 1045
sigma: 0.9
gamma: 0.03
rmse: 78.86397031790013
mae: 75.77703366163854
