fips: 8085
T_interval_start: 831
T_interval_end: 862
sigma: 0.9900000000000001
gamma: 0.03
rmse: 27.37370783288018
mae: 24.911934833182116
