fips: 8085
T_interval_start: 254
T_interval_end: 285
sigma: 0.9
gamma: 0.04
rmse: 47.72860392039862
mae: 45.98230469449617
