fips: 8085
T_interval_start: 923
T_interval_end: 954
sigma: 0.9
gamma: 0.03
rmse: 88.67438935004647
mae: 77.72262680270288
