fips: 8085
T_interval_start: 132
T_interval_end: 162
sigma: 0.9900000000000001
gamma: 0.04
rmse: 15.15679800613325
mae: 15.128975661526233
