fips: 8085
T_interval_start: 346
T_interval_end: 377
sigma: 0.9900000000000001
gamma: 0.04
rmse: 353.94110225748096
mae: 350.0054458398758
