fips: 8085
T_interval_start: 619
T_interval_end: 650
sigma: 0.9
gamma: 0.04
rmse: 196.89733411313648
mae: 182.3384514366354
