fips: 8085
T_interval_start: 742
T_interval_end: 770
sigma: 0.9
gamma: 0.03
rmse: 125.0435441859178
mae: 109.57052558308965
