fips: 8085
T_interval_start: 770
T_interval_end: 801
sigma: 0.9
gamma: 0.04
rmse: 116.25233142029532
mae: 102.25106611765081
