fips: 8085
T_interval_start: 711
T_interval_end: 742
sigma: 0.9
gamma: 0.03
rmse: 89.04394671037358
mae: 78.797429376181
