fips: 8085
T_interval_start: 862
T_interval_end: 892
sigma: 0.9
gamma: 0.03
rmse: 36.32831602979613
mae: 32.08729625493848
