fips: 8085
T_interval_start: 193
T_interval_end: 224
sigma: 0.9900000000000001
gamma: 0.04
rmse: 28.73762725444422
mae: 28.587733980023156
