fips: 8085
T_interval_start: 377
T_interval_end: 405
sigma: 0.9900000000000001
gamma: 0.04
rmse: 184.22719710897448
mae: 183.0199073974439
