fips: 8085
T_interval_start: 466
T_interval_end: 497
sigma: 0.9900000000000001
gamma: 0.04
rmse: 86.42992157966614
mae: 86.33061748419864
