fips: 8085
T_interval_start: 527
T_interval_end: 558
sigma: 0.9900000000000001
gamma: 0.04
rmse: 54.4224937833499
mae: 54.16598665310089
