fips: 8085
T_interval_start: 132
T_interval_end: 162
sigma: 0.9900000000000001
gamma: 0.04
rmse: 7.470001518082407
mae: 7.182639809195011
