fips: 8085
T_interval_start: 101
T_interval_end: 132
sigma: 0.9
gamma: 0.04
rmse: 5.403090546647318
mae: 5.261887347930712
