fips: 8085
T_interval_start: 315
T_interval_end: 346
sigma: 0.9900000000000001
gamma: 0.04
rmse: 359.41960495861747
mae: 356.8949702073741
