fips: 8085
T_interval_start: 436
T_interval_end: 466
sigma: 0.9900000000000001
gamma: 0.04
rmse: 67.75437595523975
mae: 67.7161535011988
