fips: 8085
T_interval_start: 1015
T_interval_end: 1045
sigma: 0.9
gamma: 0.03
rmse: 63.9243885315807
mae: 60.95704077732292
