fips: 8085
T_interval_start: 619
T_interval_end: 650
sigma: 0.9
gamma: 0.04
rmse: 143.19676859487484
mae: 129.5643759466589
