fips: 8085
T_interval_start: 224
T_interval_end: 254
sigma: 0.9900000000000001
gamma: 0.04
rmse: 20.991555075348394
mae: 20.81117888372675
