fips: 8085
T_interval_start: 285
T_interval_end: 315
sigma: 0.9
gamma: 0.04
rmse: 118.06047511769167
mae: 107.50838446773074
