fips: 8085
T_interval_start: 801
T_interval_end: 831
sigma: 0.9
gamma: 0.04
rmse: 56.24539972227508
mae: 56.10284618456066
