fips: 8085
T_interval_start: 254
T_interval_end: 285
sigma: 0.9
gamma: 0.04
rmse: 28.904786150770992
mae: 28.040813655073443
