fips: 8085
T_interval_start: 497
T_interval_end: 527
sigma: 0.9900000000000001
gamma: 0.04
rmse: 80.40418583069369
mae: 79.47810181538316
