fips: 8085
T_interval_start: 162
T_interval_end: 193
sigma: 0.9
gamma: 0.04
rmse: 14.273101011361215
mae: 13.753770328299398
