fips: 8085
T_interval_start: 680
T_interval_end: 711
sigma: 0.9900000000000001
gamma: 0.03
rmse: 140.63240545736699
mae: 139.54172350795497
