fips: 8085
T_interval_start: 831
T_interval_end: 862
sigma: 0.9900000000000001
gamma: 0.03
rmse: 42.7595108426392
mae: 40.96373763313092
