fips: 8095
T_interval_start: 377
T_interval_end: 405
sigma: 0.9500000000000001
gamma: 0.1
rmse: 0.7516180520441059
