fips: 8095
T_interval_start: 589
T_interval_end: 619
sigma: 0.7500000000000001
gamma: 0.05
rmse: 13.505001131084642
