fips: 8095
T_interval_start: 650
T_interval_end: 680
sigma: 0.8500000000000001
gamma: 0.05
rmse: 3.066039453392309
