fips: 8095
T_interval_start: 954
T_interval_end: 984
sigma: 0.9900000000000001
gamma: 0.04
rmse: 5.4322205836993005
mae: 5.118750304861057
