fips: 8095
T_interval_start: 742
T_interval_end: 770
sigma: 0.9
gamma: 0.01
rmse: 118.76557415134465
mae: 114.27346938775511
