fips: 8095
T_interval_start: 285
T_interval_end: 315
sigma: 0.9500000000000001
gamma: 0.04
rmse: 0.8892477311273005
mae: 0.6369496793652814
