fips: 8095
T_interval_start: 346
T_interval_end: 377
sigma: 0.9900000000000001
gamma: 0.04
rmse: 13.96144289010011
mae: 10.720702169827378
