fips: 8095
T_interval_start: 1015
T_interval_end: 1045
sigma: 0.9900000000000001
gamma: 0.04
rmse: 2.7440755509544914
mae: 2.7440755509544914
