fips: 8095
T_interval_start: 650
T_interval_end: 680
sigma: 0.9900000000000001
gamma: 0.04
rmse: 22.38535421238685
mae: 22.06911587542172
