fips: 8095
T_interval_start: 377
T_interval_end: 405
sigma: 0.9
gamma: 0.01
rmse: 25.801520397265254
mae: 25.610204081632645
