fips: 8095
T_interval_start: 892
T_interval_end: 923
sigma: 0.9900000000000001
gamma: 0.04
rmse: 13.250407034544667
mae: 13.236321938048748
