fips: 8095
T_interval_start: 650
T_interval_end: 680
sigma: 0.9
gamma: 0.01
rmse: 41.38918571169951
mae: 41.22380952380953
