fips: 8095
T_interval_start: 1045
T_interval_end: 1076
sigma: 0.9900000000000001
gamma: 0.04
rmse: 1.6638661758705353
mae: 1.406318990788166
