fips: 8095
T_interval_start: 923
T_interval_end: 954
sigma: 0.9
gamma: 0.01
rmse: 24.48874210317709
mae: 24.419999999999995
