fips: 8095
T_interval_start: 711
T_interval_end: 742
sigma: 0.9
gamma: 0.04
rmse: 8.022682419230767
mae: 7.174076867641145
