fips: 8095
T_interval_start: 346
T_interval_end: 377
sigma: 0.9
gamma: 0.01
rmse: 69.30989833999135
mae: 66.51935483870969
