fips: 8095
T_interval_start: 1045
T_interval_end: 1076
sigma: 0.9
gamma: 0.01
rmse: 23.83516381344181
mae: 23.81904761904763
