fips: 8095
T_interval_start: 770
T_interval_end: 801
sigma: 0.9900000000000001
gamma: 0.04
rmse: 12.929453156017324
mae: 12.7060030307192
