fips: 8095
T_interval_start: 466
T_interval_end: 497
sigma: 0.9900000000000001
gamma: 0.04
rmse: 19.484828884987557
mae: 19.464283211366094
