fips: 8095
T_interval_start: 315
T_interval_end: 346
sigma: 0.9900000000000001
gamma: 0.04
rmse: 9.386707030674593
mae: 8.256170749436613
