fips: 8095
T_interval_start: 285
T_interval_end: 315
sigma: 0.9900000000000001
gamma: 0.04
rmse: 247.10600449908077
mae: 118.47331418347514
