fips: 8095
T_interval_start: 466
T_interval_end: 497
sigma: 0.9
gamma: 0.01
rmse: 23.18166499276389
mae: 23.17142857142857
