fips: 8095
T_interval_start: 954
T_interval_end: 984
sigma: 0.9
gamma: 0.04
rmse: 2.3561231586939493
mae: 2.1854647195311974
