fips: 8095
T_interval_start: 558
T_interval_end: 589
sigma: 0.9500000000000001
gamma: 0.05
rmse: 7.818008968255919
mae: 6.662124436688578
