fips: 8095
T_interval_start: 770
T_interval_end: 801
sigma: 0.9900000000000001
gamma: 0.04
rmse: 5.4581658458273195
mae: 4.186553281662319
