fips: 8095
T_interval_start: 466
T_interval_end: 497
sigma: 0.9900000000000001
gamma: 0.04
rmse: 9.616632134864433
mae: 9.595760233195254
