fips: 8095
T_interval_start: 711
T_interval_end: 742
sigma: 0.9
gamma: 0.04
rmse: 14.119972061663807
mae: 9.629628470746
