fips: 8095
T_interval_start: 346
T_interval_end: 377
sigma: 0.9900000000000001
gamma: 0.04
rmse: 10.446278333899214
mae: 9.73851662390313
