fips: 8095
T_interval_start: 589
T_interval_end: 619
sigma: 0.9
gamma: 0.04
rmse: 10.149021011139949
mae: 10.029445035261647
