fips: 8095
T_interval_start: 984
T_interval_end: 1015
sigma: 0.05
gamma: 0.05
rmse: 2.179702073040036
mae: 1.9804340100087858
