fips: 8095
T_interval_start: 892
T_interval_end: 923
sigma: 0.9900000000000001
gamma: 0.04
rmse: 3.2127450468803724
mae: 2.9752990637428405
