fips: 8095
T_interval_start: 680
T_interval_end: 711
sigma: 0.9900000000000001
gamma: 0.04
rmse: 3.956666449698347
mae: 3.864531884455034
