fips: 8095
T_interval_start: 377
T_interval_end: 405
sigma: 0.9900000000000001
gamma: 0.04
rmse: 11.639412376310268
mae: 11.63486992163294
