fips: 8095
T_interval_start: 285
T_interval_end: 315
sigma: 0.9900000000000001
gamma: 0.04
rmse: 3.0641273752103775
mae: 2.5188914476551263
