fips: 8095
T_interval_start: 497
T_interval_end: 527
sigma: 0.9500000000000001
gamma: 0.05
rmse: 1.717853244436954
mae: 1.5773527012645439
