fips: 8095
T_interval_start: 742
T_interval_end: 770
sigma: 0.9
gamma: 0.04
rmse: 30.194658270686265
mae: 27.738959568803413
