fips: 8095
T_interval_start: 285
T_interval_end: 315
sigma: 0.9900000000000001
gamma: 0.03
rmse: 1.144067246316847
mae: 0.8574070012493522
