fips: 8095
T_interval_start: 770
T_interval_end: 801
sigma: 0.9900000000000001
gamma: 0.04
rmse: 8.583471306797064
mae: 8.040144478087432
