fips: 8095
T_interval_start: 193
T_interval_end: 224
sigma: 0.9500000000000001
gamma: 0.15000000000000002
rmse: 0.16944501078668017
mae: 0.1348411202912008
