fips: 8095
T_interval_start: 71
T_interval_end: 101
sigma: 0.9500000000000001
gamma: 0.1
rmse: 0.1965575690450793
mae: 0.16383760296673858
