fips: 8095
T_interval_start: 315
T_interval_end: 346
sigma: 0.9900000000000001
gamma: 0.04
rmse: 7.0813380160296955
mae: 6.138198779404578
