fips: 8095
T_interval_start: 650
T_interval_end: 680
sigma: 0.9900000000000001
gamma: 0.04
rmse: 14.074681463890098
mae: 13.702237006614094
