fips: 8095
T_interval_start: 346
T_interval_end: 377
sigma: 0.9900000000000001
gamma: 0.04
rmse: 16.178146863316748
mae: 14.019357407746046
