fips: 8095
T_interval_start: 923
T_interval_end: 954
sigma: 0.9900000000000001
gamma: 0.04
rmse: 8.885703329351099
mae: 8.791938697878535
