fips: 8095
T_interval_start: 1045
T_interval_end: 1076
sigma: 0.9
gamma: 0.04
rmse: 2.0186479834708604
mae: 1.7049730789939668
