fips: 8095
T_interval_start: 984
T_interval_end: 1015
sigma: 0.9500000000000001
gamma: 0.05
rmse: 2.666250779131415
mae: 2.4320362503188995
