fips: 8095
T_interval_start: 405
T_interval_end: 436
sigma: 0.9500000000000001
gamma: 0.05
rmse: 0.9288251704909335
mae: 0.8423623290700981
