fips: 8095
T_interval_start: 101
T_interval_end: 132
sigma: 0.1
gamma: 0.1
rmse: 0.39131925364464903
mae: 0.3239190078935691
