fips: 8095
T_interval_start: 742
T_interval_end: 770
sigma: 0.9
gamma: 0.04
rmse: 22.419417516260218
mae: 20.126477444138565
