fips: 8095
T_interval_start: 224
T_interval_end: 254
sigma: 0.9500000000000001
gamma: 0.05
rmse: 0.5731322385756451
mae: 0.4613767771750351
