fips: 8095
T_interval_start: 132
T_interval_end: 162
sigma: 0.9500000000000001
gamma: 0.05
rmse: 0.15059848782973712
mae: 0.12454418264370275
