fips: 8095
T_interval_start: 680
T_interval_end: 711
sigma: 0.9900000000000001
gamma: 0.04
rmse: 8.16818881884437
mae: 8.056015523952063
