fips: 8095
T_interval_start: 558
T_interval_end: 589
sigma: 0.7000000000000001
gamma: 0.05
rmse: 1.3152655799055308
mae: 0.9898266271518924
