fips: 8095
T_interval_start: 162
T_interval_end: 193
sigma: 0.9500000000000001
gamma: 0.05
rmse: 0.14343463989612915
mae: 0.08473413366122125
