fips: 8095
T_interval_start: 589
T_interval_end: 619
sigma: 0.9
gamma: 0.04
rmse: 21.5725859513732
mae: 21.414345504963357
