fips: 8095
T_interval_start: 497
T_interval_end: 527
sigma: 0.9500000000000001
gamma: 0.05
rmse: 0.2816218452267861
mae: 0.24177799028903213
