fips: 8069
T_interval_start: 650
T_interval_end: 680
sigma: 0.9500000000000001
gamma: 0.05
rmse: 176.0151805769454
