fips: 8069
T_interval_start: 1107
T_interval_end: 1135
sigma: 0.9000000000000001
gamma: 0.05
rmse: 145.32529930985805
