fips: 8069
T_interval_start: 923
T_interval_end: 954
sigma: 0.9000000000000001
gamma: 0.05
rmse: 161.70298209340265
