fips: 8069
T_interval_start: 193
T_interval_end: 224
sigma: 0.8500000000000001
gamma: 0.05
rmse: 17.944498450052006
