fips: 8069
T_interval_start: 1045
T_interval_end: 1076
sigma: 0.9000000000000001
gamma: 0.1
rmse: 102.41182654275883
