fips: 8069
T_interval_start: 405
T_interval_end: 436
sigma: 0.9500000000000001
gamma: 0.05
rmse: 117.58258646700578
