fips: 8069
T_interval_start: 162
T_interval_end: 193
sigma: 0.9500000000000001
gamma: 0.04
rmse: 5.953315357868686
mae: 4.837727508440495
