fips: 8069
T_interval_start: 497
T_interval_end: 527
sigma: 0.9900000000000001
gamma: 0.03
rmse: 130.30227016510406
mae: 124.33238046593814
