fips: 8069
T_interval_start: 466
T_interval_end: 497
sigma: 0.9900000000000001
gamma: 0.03
rmse: 64.72640468574086
mae: 53.41496080364906
