fips: 8069
T_interval_start: 619
T_interval_end: 650
sigma: 0.9
gamma: 0.03
rmse: 553.5964458628182
mae: 538.3729815517402
