fips: 8069
T_interval_start: 984
T_interval_end: 1015
sigma: 0.9
gamma: 0.03
rmse: 378.633744971961
mae: 375.232388797762
