fips: 8069
T_interval_start: 801
T_interval_end: 831
sigma: 0.9900000000000001
gamma: 0.03
rmse: 368.50834585793643
mae: 364.0870789714888
