fips: 8069
T_interval_start: 1015
T_interval_end: 1045
sigma: 0.9
gamma: 0.03
rmse: 722.1722410732771
mae: 697.7811689123449
