fips: 8069
T_interval_start: 193
T_interval_end: 224
sigma: 0.9
gamma: 0.04
rmse: 22.83122596396674
mae: 22.64445614291842
