fips: 8069
T_interval_start: 405
T_interval_end: 436
sigma: 0.9
gamma: 0.04
rmse: 109.43448295019749
mae: 104.86381882784785
