fips: 8069
T_interval_start: 680
T_interval_end: 711
sigma: 0.9
gamma: 0.03
rmse: 760.2010086473165
mae: 756.3570898466855
