fips: 8069
T_interval_start: 742
T_interval_end: 770
sigma: 0.9
gamma: 0.03
rmse: 3057.70413969617
mae: 2320.414442613252
