fips: 8069
T_interval_start: 650
T_interval_end: 680
sigma: 0.9
gamma: 0.03
rmse: 1004.0653158181932
mae: 999.8577050565909
