fips: 8069
T_interval_start: 254
T_interval_end: 285
sigma: 0.9900000000000001
gamma: 0.04
rmse: 14.290425396770456
mae: 12.470102488324992
