fips: 8069
T_interval_start: 558
T_interval_end: 589
sigma: 0.9900000000000001
gamma: 0.03
rmse: 124.96670214242164
mae: 102.54990840349022
