fips: 8069
T_interval_start: 923
T_interval_end: 954
sigma: 0.9
gamma: 0.03
rmse: 571.5476552393253
mae: 557.9541842228716
