fips: 8069
T_interval_start: 224
T_interval_end: 254
sigma: 0.9
gamma: 0.04
rmse: 14.300748605808192
mae: 12.591727377092779
