fips: 8069
T_interval_start: 436
T_interval_end: 466
sigma: 0.9900000000000001
gamma: 0.03
rmse: 44.83054339368817
mae: 38.75114505621241
