fips: 8069
T_interval_start: 315
T_interval_end: 346
sigma: 0.9900000000000001
gamma: 0.04
rmse: 128.72309765635504
mae: 94.93935453536272
