fips: 8069
T_interval_start: 1045
T_interval_end: 1076
sigma: 0.9
gamma: 0.03
rmse: 975.36572698514
mae: 973.2754313439449
