fips: 8069
T_interval_start: 132
T_interval_end: 162
sigma: 0.9
gamma: 0.04
rmse: 11.07056018604277
mae: 10.774167198383061
