fips: 8069
T_interval_start: 346
T_interval_end: 377
sigma: 0.9900000000000001
gamma: 0.04
rmse: 65.48970898587658
mae: 52.40499790041669
