fips: 8069
T_interval_start: 377
T_interval_end: 405
sigma: 0.9
gamma: 0.04
rmse: 41.354671794251736
mae: 31.343591915391396
