fips: 8069
T_interval_start: 101
T_interval_end: 132
sigma: 0.9
gamma: 0.04
rmse: 14.918184247766918
mae: 14.318392077370435
