fips: 8069
T_interval_start: 770
T_interval_end: 801
sigma: 0.9900000000000001
gamma: 0.03
rmse: 657.463723432892
mae: 646.6061080029291
