fips: 8069
T_interval_start: 377
T_interval_end: 405
sigma: 0.9900000000000001
gamma: 0.04
rmse: 157.86419010446545
mae: 131.31095813029012
