fips: 8069
T_interval_start: 558
T_interval_end: 589
sigma: 0.9900000000000001
gamma: 0.03
rmse: 149.25299708166153
mae: 125.78377821736167
