fips: 8069
T_interval_start: 742
T_interval_end: 770
sigma: 0.9
gamma: 0.03
rmse: 3820.437014229329
mae: 3015.4648592423687
