fips: 8069
T_interval_start: 346
T_interval_end: 377
sigma: 0.9900000000000001
gamma: 0.04
rmse: 442.2800152312436
mae: 428.63590439557436
