fips: 8069
T_interval_start: 711
T_interval_end: 742
sigma: 0.9900000000000001
gamma: 0.02
rmse: 1919.1221732855427
mae: 1905.986904172113
