fips: 8069
T_interval_start: 650
T_interval_end: 680
sigma: 0.9
gamma: 0.03
rmse: 1124.3727132922845
mae: 1120.4377879909887
