fips: 8069
T_interval_start: 984
T_interval_end: 1015
sigma: 0.9
gamma: 0.03
rmse: 460.6976656346594
mae: 459.7351634210508
