fips: 8069
T_interval_start: 162
T_interval_end: 193
sigma: 0.9
gamma: 0.04
rmse: 89.81883934491402
mae: 82.92812156216944
