fips: 8069
T_interval_start: 619
T_interval_end: 650
sigma: 0.9
gamma: 0.03
rmse: 603.387014608196
mae: 586.6111010709086
