fips: 8069
T_interval_start: 831
T_interval_end: 862
sigma: 0.9
gamma: 0.03
rmse: 424.777717194001
mae: 342.06197686325345
