fips: 8069
T_interval_start: 224
T_interval_end: 254
sigma: 0.9
gamma: 0.04
rmse: 100.17233349254461
mae: 99.8849220520613
