fips: 8069
T_interval_start: 1045
T_interval_end: 1076
sigma: 0.9
gamma: 0.03
rmse: 1078.8774685980625
mae: 1075.2619478278361
