fips: 8069
T_interval_start: 71
T_interval_end: 101
sigma: 0.9
gamma: 0.04
rmse: 74.21376130271479
mae: 63.42459596974901
