fips: 8069
T_interval_start: 954
T_interval_end: 984
sigma: 0.9
gamma: 0.03
rmse: 620.2356231851072
mae: 615.0899637255284
