fips: 8069
T_interval_start: 101
T_interval_end: 132
sigma: 0.9
gamma: 0.04
rmse: 105.11387153132357
mae: 104.66177818452816
