fips: 8069
T_interval_start: 801
T_interval_end: 831
sigma: 0.9
gamma: 0.03
rmse: 26.108750128501832
mae: 22.0923481082361
