fips: 8069
T_interval_start: 892
T_interval_end: 923
sigma: 0.9
gamma: 0.03
rmse: 1528.784938509226
mae: 1520.772297897825
