fips: 8069
T_interval_start: 405
T_interval_end: 436
sigma: 0.9
gamma: 0.04
rmse: 116.00746675057536
mae: 110.08277218620486
