fips: 8069
T_interval_start: 862
T_interval_end: 892
sigma: 0.9
gamma: 0.03
rmse: 1217.652135299502
mae: 1180.709318242469
