fips: 8069
T_interval_start: 285
T_interval_end: 315
sigma: 0.9
gamma: 0.04
rmse: 406.87100515407167
mae: 390.24700771095485
