fips: 8069
T_interval_start: 527
T_interval_end: 558
sigma: 0.9900000000000001
gamma: 0.03
rmse: 37.07272784819035
mae: 32.111823681364974
