fips: 8069
T_interval_start: 405
T_interval_end: 436
sigma: 0.9900000000000001
gamma: 0.03
rmse: 89.5297554506147
mae: 86.7096629814761
