fips: 8069
T_interval_start: 801
T_interval_end: 831
sigma: 0.9900000000000001
gamma: 0.03
rmse: 249.666348526475
mae: 240.07684588859422
