fips: 8069
T_interval_start: 619
T_interval_end: 650
sigma: 0.9
gamma: 0.03
rmse: 422.9014656565192
mae: 406.59543439124855
