fips: 8069
T_interval_start: 466
T_interval_end: 497
sigma: 0.9
gamma: 0.03
rmse: 48.05620948515465
mae: 40.66305221361718
