fips: 8069
T_interval_start: 892
T_interval_end: 923
sigma: 0.9
gamma: 0.03
rmse: 1273.8414580979554
mae: 1267.7780834747766
