fips: 8069
T_interval_start: 831
T_interval_end: 862
sigma: 0.9
gamma: 0.03
rmse: 251.08693942272896
mae: 200.05987569203677
