fips: 8069
T_interval_start: 101
T_interval_end: 132
sigma: 0.9
gamma: 0.04
rmse: 16.062826143702598
mae: 15.578344127060356
