fips: 8069
T_interval_start: 315
T_interval_end: 346
sigma: 0.9900000000000001
gamma: 0.04
rmse: 93.76255253267169
mae: 87.45548523098094
