fips: 8069
T_interval_start: 377
T_interval_end: 405
sigma: 0.9
gamma: 0.04
rmse: 119.49940510474842
mae: 117.24913592591113
