fips: 8069
T_interval_start: 1015
T_interval_end: 1045
sigma: 0.9
gamma: 0.03
rmse: 682.6131983068805
mae: 658.2411813386992
