fips: 8069
T_interval_start: 862
T_interval_end: 892
sigma: 0.9
gamma: 0.03
rmse: 978.6251036357161
mae: 937.4437396273744
