fips: 8069
T_interval_start: 346
T_interval_end: 377
sigma: 0.9
gamma: 0.04
rmse: 86.1597621767954
mae: 76.31837374375493
