fips: 8069
T_interval_start: 923
T_interval_end: 954
sigma: 0.9
gamma: 0.03
rmse: 686.3634589560861
mae: 667.1354040022757
