fips: 8069
T_interval_start: 224
T_interval_end: 254
sigma: 0.9
gamma: 0.04
rmse: 23.807214108330733
mae: 23.386011369077135
