fips: 8069
T_interval_start: 711
T_interval_end: 742
sigma: 0.9900000000000001
gamma: 0.02
rmse: 2745.540222883704
mae: 2675.739819042322
