fips: 8069
T_interval_start: 984
T_interval_end: 1015
sigma: 0.9
gamma: 0.03
rmse: 360.2753494226968
mae: 358.7931499485953
