fips: 8069
T_interval_start: 954
T_interval_end: 984
sigma: 0.9
gamma: 0.03
rmse: 464.9530937125728
mae: 460.9586942314307
