fips: 8069
T_interval_start: 71
T_interval_end: 101
sigma: 0.9
gamma: 0.04
rmse: 9.907291116203238
mae: 8.530921458289347
