fips: 8069
T_interval_start: 680
T_interval_end: 711
sigma: 0.9
gamma: 0.03
rmse: 728.8989772938246
mae: 725.5370235328305
