fips: 8069
T_interval_start: 254
T_interval_end: 285
sigma: 0.9
gamma: 0.04
rmse: 10.229399711533983
mae: 9.713695705343977
