fips: 8069
T_interval_start: 770
T_interval_end: 801
sigma: 0.9900000000000001
gamma: 0.03
rmse: 488.21921094945736
mae: 482.7714154363218
