fips: 8069
T_interval_start: 193
T_interval_end: 224
sigma: 0.9
gamma: 0.04
rmse: 33.2034511745188
mae: 33.04407011983106
