fips: 8113
T_interval_start: 711
T_interval_end: 742
sigma: 0.9500000000000001
gamma: 0.1
rmse: 39.61451913366791
