fips: 8113
T_interval_start: 405
T_interval_end: 436
sigma: 0.6000000000000001
gamma: 0.15000000000000002
rmse: 3.3301888000582784
