fips: 8113
T_interval_start: 1045
T_interval_end: 1076
sigma: 0.6500000000000001
gamma: 0.05
rmse: 3.493513366136205
