fips: 8113
T_interval_start: 892
T_interval_end: 923
sigma: 0.8500000000000001
gamma: 0.05
rmse: 5.658667791791379
