fips: 8113
T_interval_start: 497
T_interval_end: 527
sigma: 0.7500000000000001
gamma: 0.05
rmse: 16.26555255960256
