fips: 8113
T_interval_start: 831
T_interval_end: 862
sigma: 0.9000000000000001
gamma: 0.1
rmse: 1.7250744028200218
