fips: 8113
T_interval_start: 770
T_interval_end: 801
sigma: 0.9900000000000001
gamma: 0.04
rmse: 29.505205622994126
mae: 28.82284552588576
