fips: 8113
T_interval_start: 193
T_interval_end: 224
sigma: 0.9
gamma: 0.04
rmse: 1.962612119583797
mae: 1.8552935096275311
