fips: 8113
T_interval_start: 619
T_interval_end: 650
sigma: 0.9900000000000001
gamma: 0.04
rmse: 89.96544455210429
mae: 89.62114542161285
