fips: 8113
T_interval_start: 831
T_interval_end: 862
sigma: 0.9900000000000001
gamma: 0.04
rmse: 7.783685832294354
mae: 7.455544787290998
