fips: 8113
T_interval_start: 162
T_interval_end: 193
sigma: 0.9
gamma: 0.04
rmse: 0.8247813123811516
mae: 0.7513035670778367
