fips: 8113
T_interval_start: 742
T_interval_end: 770
sigma: 0.9900000000000001
gamma: 0.04
rmse: 33.58683800348212
mae: 31.758577663640022
