fips: 8113
T_interval_start: 377
T_interval_end: 405
sigma: 0.9900000000000001
gamma: 0.04
rmse: 46.871021117525714
mae: 40.76241674248589
