fips: 8113
T_interval_start: 680
T_interval_end: 711
sigma: 0.9900000000000001
gamma: 0.04
rmse: 59.47942709952306
mae: 55.91678239383019
