fips: 8113
T_interval_start: 436
T_interval_end: 466
sigma: 0.9900000000000001
gamma: 0.04
rmse: 42.56685786188637
mae: 42.56685786188637
