fips: 8113
T_interval_start: 801
T_interval_end: 831
sigma: 0.9900000000000001
gamma: 0.04
rmse: 27.29928498997328
mae: 26.395080774553502
