fips: 8113
T_interval_start: 405
T_interval_end: 436
sigma: 0.9900000000000001
gamma: 0.04
rmse: 61.61285822445591
mae: 61.01225131835834
