fips: 8113
T_interval_start: 711
T_interval_end: 742
sigma: 0.9
gamma: 0.04
rmse: 68.83643801296883
mae: 59.36149422265683
