fips: 8113
T_interval_start: 954
T_interval_end: 984
sigma: 0.9
gamma: 0.04
rmse: 10.410376816934992
mae: 10.338294325029878
