fips: 8113
T_interval_start: 862
T_interval_end: 892
sigma: 0.9
gamma: 0.04
rmse: 20.049335694950194
mae: 15.733146003093974
