fips: 8113
T_interval_start: 346
T_interval_end: 377
sigma: 0.9900000000000001
gamma: 0.04
rmse: 8.01125934359573
mae: 6.9692271484450306
