fips: 8113
T_interval_start: 650
T_interval_end: 680
sigma: 0.9900000000000001
gamma: 0.04
rmse: 78.00409401623601
mae: 77.7228168444195
