fips: 8113
T_interval_start: 954
T_interval_end: 984
sigma: 0.9
gamma: 0.04
rmse: 7.211245911295169
mae: 7.140050087500476
