fips: 8113
T_interval_start: 923
T_interval_end: 954
sigma: 0.9
gamma: 0.04
rmse: 20.829495985312132
mae: 18.014699051180568
