fips: 8113
T_interval_start: 680
T_interval_end: 711
sigma: 0.9900000000000001
gamma: 0.03
rmse: 38.13860511958596
mae: 36.111943657388125
