fips: 8113
T_interval_start: 162
T_interval_end: 193
sigma: 0.9
gamma: 0.04
rmse: 1.7969685115478236
mae: 1.4514564757844748
