fips: 8113
T_interval_start: 619
T_interval_end: 650
sigma: 0.9
gamma: 0.04
rmse: 7.966904736599417
mae: 7.478727130608372
