fips: 8113
T_interval_start: 862
T_interval_end: 892
sigma: 0.9
gamma: 0.04
rmse: 26.28332787442052
mae: 22.356339084639647
