fips: 8113
T_interval_start: 801
T_interval_end: 831
sigma: 0.9
gamma: 0.04
rmse: 2.5217894704679216
mae: 1.49352798122253
