fips: 8113
T_interval_start: 285
T_interval_end: 315
sigma: 0.9900000000000001
gamma: 0.02
rmse: 4.278918388793506
mae: 3.668106888983105
