fips: 8113
T_interval_start: 831
T_interval_end: 862
sigma: 0.9
gamma: 0.04
rmse: 5.733692828389653
mae: 5.470492013183884
