fips: 8113
T_interval_start: 711
T_interval_end: 742
sigma: 0.9
gamma: 0.03
rmse: 112.81206917551705
mae: 103.79907641562556
