fips: 8113
T_interval_start: 377
T_interval_end: 405
sigma: 0.9900000000000001
gamma: 0.02
rmse: 43.895389062283
mae: 40.22623625236452
