fips: 8113
T_interval_start: 1107
T_interval_end: 1135
sigma: 0.9900000000000001
gamma: 0.03
rmse: 8.878157615023865
mae: 8.554854050599728
