fips: 8113
T_interval_start: 193
T_interval_end: 224
sigma: 0.9
gamma: 0.04
rmse: 4.392048255761166
mae: 4.354533438898421
