fips: 8113
T_interval_start: 589
T_interval_end: 619
sigma: 0.9
gamma: 0.04
rmse: 11.656055664126603
mae: 11.528041879000016
