fips: 8113
T_interval_start: 650
T_interval_end: 680
sigma: 0.9
gamma: 0.04
rmse: 9.392602384521249
mae: 7.927969662488457
