fips: 8113
T_interval_start: 892
T_interval_end: 923
sigma: 0.9
gamma: 0.04
rmse: 38.70094905477045
mae: 38.451638247897556
