fips: 8113
T_interval_start: 1015
T_interval_end: 1045
sigma: 0.05
gamma: 0.05
rmse: 5.599993077613473
mae: 4.706794179026587
