fips: 8113
T_interval_start: 346
T_interval_end: 377
sigma: 0.9900000000000001
gamma: 0.02
rmse: 24.732565483814717
mae: 19.870928996745747
