fips: 8113
T_interval_start: 315
T_interval_end: 346
sigma: 0.9900000000000001
gamma: 0.02
rmse: 11.125739560551429
mae: 7.567204268429862
