fips: 8113
T_interval_start: 770
T_interval_end: 801
sigma: 0.9
gamma: 0.04
rmse: 19.500815658100567
mae: 14.865551469564766
