fips: 8113
T_interval_start: 497
T_interval_end: 527
sigma: 0.9
gamma: 0.04
rmse: 1.5151530092622658
mae: 1.3523599392433052
