fips: 8113
T_interval_start: 527
T_interval_end: 558
sigma: 0.9900000000000001
gamma: 0.04
rmse: 29.697054902726464
mae: 29.681503565624674
