fips: 8113
T_interval_start: 862
T_interval_end: 892
sigma: 0.9
gamma: 0.04
rmse: 17.296985911902382
mae: 13.525730183139073
