fips: 8113
T_interval_start: 71
T_interval_end: 101
sigma: 0.9500000000000001
gamma: 0.2
rmse: 0.5165094607167237
mae: 0.4291194045929912
