fips: 8113
T_interval_start: 650
T_interval_end: 680
sigma: 0.9900000000000001
gamma: 0.04
rmse: 26.550883057384766
mae: 26.47421914203593
