fips: 8113
T_interval_start: 466
T_interval_end: 497
sigma: 0.7500000000000001
gamma: 0.05
rmse: 0.9278576459846545
mae: 0.682432710739026
