fips: 8113
T_interval_start: 193
T_interval_end: 224
sigma: 0.9
gamma: 0.04
rmse: 1.292374225551615
mae: 1.2485352598020445
