fips: 8113
T_interval_start: 377
T_interval_end: 405
sigma: 0.9900000000000001
gamma: 0.04
rmse: 25.30097184818615
mae: 21.659266607901312
