fips: 8113
T_interval_start: 558
T_interval_end: 589
sigma: 0.9900000000000001
gamma: 0.04
rmse: 33.195230160263065
mae: 32.86094986487358
