fips: 8113
T_interval_start: 954
T_interval_end: 984
sigma: 0.9
gamma: 0.04
rmse: 5.832865194258109
mae: 5.770754338591829
