fips: 8113
T_interval_start: 923
T_interval_end: 954
sigma: 0.9
gamma: 0.04
rmse: 19.109648622642162
mae: 16.20270284981479
