fips: 8113
T_interval_start: 619
T_interval_end: 650
sigma: 0.9900000000000001
gamma: 0.04
rmse: 31.363757943163158
mae: 30.963955911995548
