fips: 8113
T_interval_start: 101
T_interval_end: 132
sigma: 0.25
gamma: 0.1
rmse: 0.3341273876464845
mae: 0.29184623954599354
