fips: 8113
T_interval_start: 831
T_interval_end: 862
sigma: 0.9900000000000001
gamma: 0.04
rmse: 9.203759811032224
mae: 8.73512402411316
