fips: 8113
T_interval_start: 801
T_interval_end: 831
sigma: 0.9900000000000001
gamma: 0.04
rmse: 20.860854801307426
mae: 20.30823856779418
