fips: 8113
T_interval_start: 742
T_interval_end: 770
sigma: 0.9
gamma: 0.04
rmse: 37.3699261495884
mae: 19.270241917325986
