fips: 8113
T_interval_start: 711
T_interval_end: 742
sigma: 0.9
gamma: 0.04
rmse: 131.40610526160424
mae: 125.06124436668279
