fips: 8113
T_interval_start: 254
T_interval_end: 285
sigma: 0.3
gamma: 0.1
rmse: 0.3681927252082496
mae: 0.3106988740842163
