fips: 8113
T_interval_start: 770
T_interval_end: 801
sigma: 0.9900000000000001
gamma: 0.04
rmse: 18.492983638385812
mae: 15.40815812220982
