fips: 8113
T_interval_start: 224
T_interval_end: 254
sigma: 0.45
gamma: 0.1
rmse: 0.596171240438187
mae: 0.5273731710458249
