fips: 8113
T_interval_start: 285
T_interval_end: 315
sigma: 0.9900000000000001
gamma: 0.03
rmse: 2.0472400045880574
mae: 1.8231778889537635
