fips: 8113
T_interval_start: 315
T_interval_end: 346
sigma: 0.9900000000000001
gamma: 0.03
rmse: 4.534103927656242
mae: 3.56388330430629
