fips: 8113
T_interval_start: 405
T_interval_end: 436
sigma: 0.9900000000000001
gamma: 0.04
rmse: 47.17856115362373
mae: 46.67603470241585
