fips: 8113
T_interval_start: 346
T_interval_end: 377
sigma: 0.9
gamma: 0.04
rmse: 8.057500708951082
mae: 6.69521722419042
