fips: 8113
T_interval_start: 497
T_interval_end: 527
sigma: 0.9900000000000001
gamma: 0.04
rmse: 36.03790659306562
mae: 35.95480461936443
