fips: 8023
T_interval_start: 862
T_interval_end: 892
sigma: 0.9000000000000001
gamma: 0.1
rmse: 1.6747263959605718
