fips: 8023
T_interval_start: 680
T_interval_end: 711
sigma: 0.9500000000000001
gamma: 0.1
rmse: 2.204315477985068
