fips: 8023
T_interval_start: 497
T_interval_end: 527
sigma: 0.9500000000000001
gamma: 0.2
rmse: 2.353123280630991
