fips: 8023
T_interval_start: 285
T_interval_end: 315
sigma: 0.9000000000000001
gamma: 0.05
rmse: 1.212736443630087
