fips: 8023
T_interval_start: 984
T_interval_end: 1015
sigma: 0.9500000000000001
gamma: 0.05
rmse: 8.194242997676307
