fips: 8023
T_interval_start: 862
T_interval_end: 892
sigma: 0.9
gamma: 0.01
rmse: 33.093932485380755
mae: 33.00000000000001
