fips: 8023
T_interval_start: 497
T_interval_end: 527
sigma: 0.9900000000000001
gamma: 0.04
rmse: 28.99452421759622
mae: 28.933850053728303
