fips: 8023
T_interval_start: 680
T_interval_end: 711
sigma: 0.9
gamma: 0.01
rmse: 25.935879856784844
mae: 25.873809523809513
