fips: 8023
T_interval_start: 923
T_interval_end: 954
sigma: 0.9900000000000001
gamma: 0.04
rmse: 4.824484092030791
mae: 4.739003865162191
