fips: 8023
T_interval_start: 497
T_interval_end: 527
sigma: 0.9
gamma: 0.01
rmse: 29.765728135366892
mae: 29.542857142857155
