fips: 8023
T_interval_start: 650
T_interval_end: 680
sigma: 0.9
gamma: 0.01
rmse: 35.02942494881836
mae: 34.81904761904763
