fips: 8023
T_interval_start: 619
T_interval_end: 650
sigma: 0.9
gamma: 0.01
rmse: 45.142107486629726
mae: 44.961751152073745
