fips: 8023
T_interval_start: 984
T_interval_end: 1015
sigma: 0.9
gamma: 0.01
rmse: 21.885830846388615
mae: 21.885714285714297
