fips: 8023
T_interval_start: 831
T_interval_end: 862
sigma: 0.9900000000000001
gamma: 0.04
rmse: 30.909225173151334
mae: 30.89975701865437
