fips: 8023
T_interval_start: 862
T_interval_end: 892
sigma: 0.9900000000000001
gamma: 0.04
rmse: 30.173541758066502
mae: 29.759027157310996
