fips: 8023
T_interval_start: 589
T_interval_end: 619
sigma: 0.9
gamma: 0.04
rmse: 56.6069942819694
mae: 54.95668478552555
