fips: 8023
T_interval_start: 315
T_interval_end: 346
sigma: 0.9900000000000001
gamma: 0.01
rmse: 2.357513818712039
mae: 1.9836556606297193
