fips: 8023
T_interval_start: 892
T_interval_end: 923
sigma: 0.9
gamma: 0.01
rmse: 41.8330516065341
mae: 41.8188940092166
