fips: 8023
T_interval_start: 346
T_interval_end: 377
sigma: 0.9900000000000001
gamma: 0.04
rmse: 11.781773157919039
mae: 9.512945657523948
