fips: 8023
T_interval_start: 650
T_interval_end: 680
sigma: 0.9900000000000001
gamma: 0.04
rmse: 41.19424554882875
mae: 40.65148678685038
