fips: 8023
T_interval_start: 984
T_interval_end: 1015
sigma: 0.9900000000000001
gamma: 0.04
rmse: 3.636106206455942
mae: 3.6330027088785037
