fips: 8023
T_interval_start: 466
T_interval_end: 497
sigma: 0.9700000000000001
gamma: 0.01
rmse: 29.497290526809437
mae: 29.42467532467526
