fips: 8023
T_interval_start: 619
T_interval_end: 650
sigma: 0.9900000000000001
gamma: 0.04
rmse: 59.71504907718906
mae: 59.30763426711019
