fips: 8023
T_interval_start: 711
T_interval_end: 742
sigma: 0.9
gamma: 0.01
rmse: 103.43364529780355
mae: 97.1857142857143
