fips: 8023
T_interval_start: 892
T_interval_end: 923
sigma: 0.9900000000000001
gamma: 0.04
rmse: 14.645771434372202
mae: 13.693422879741197
