fips: 8023
T_interval_start: 742
T_interval_end: 770
sigma: 0.9900000000000001
gamma: 0.04
rmse: 57.63279686936512
mae: 56.79399467543957
