fips: 8023
T_interval_start: 466
T_interval_end: 497
sigma: 0.9
gamma: 0.04
rmse: 20.443188359662017
mae: 19.855029870508023
