fips: 8023
T_interval_start: 346
T_interval_end: 377
sigma: 0.9900000000000001
gamma: 0.01
rmse: 45.26361410455724
mae: 42.21428571350956
