fips: 8023
T_interval_start: 285
T_interval_end: 315
sigma: 0.9900000000000001
gamma: 0.04
rmse: 230.63833907915955
mae: 115.57793693230484
