fips: 8023
T_interval_start: 711
T_interval_end: 742
sigma: 0.9900000000000001
gamma: 0.04
rmse: 56.90441004390165
mae: 52.82988939177096
