fips: 8023
T_interval_start: 770
T_interval_end: 801
sigma: 0.9900000000000001
gamma: 0.04
rmse: 38.399831263697884
mae: 38.12926491680411
