fips: 8023
T_interval_start: 436
T_interval_end: 466
sigma: 0.9500000000000001
gamma: 0.05
rmse: 1.0233773281958176
mae: 0.8636321089693643
