fips: 8023
T_interval_start: 346
T_interval_end: 377
sigma: 0.9900000000000001
gamma: 0.04
rmse: 17.51434329924862
mae: 15.903839180193525
