fips: 8023
T_interval_start: 497
T_interval_end: 527
sigma: 0.9900000000000001
gamma: 0.04
rmse: 26.303708789281313
mae: 26.298947867525346
