fips: 8023
T_interval_start: 285
T_interval_end: 315
sigma: 0.9
gamma: 0.04
rmse: 2.8484187193897377
mae: 2.4642437149211815
