fips: 8023
T_interval_start: 711
T_interval_end: 742
sigma: 0.9
gamma: 0.04
rmse: 3.9140168674898073
mae: 3.0656311578157385
