fips: 8023
T_interval_start: 923
T_interval_end: 954
sigma: 0.9
gamma: 0.04
rmse: 3.7634173985642927
mae: 3.0558995140681886
