fips: 8023
T_interval_start: 589
T_interval_end: 619
sigma: 0.9
gamma: 0.04
rmse: 39.59282715872609
mae: 38.64049520805399
