fips: 8023
T_interval_start: 770
T_interval_end: 801
sigma: 0.9900000000000001
gamma: 0.04
rmse: 13.749697962238207
mae: 13.574762119468513
