fips: 8023
T_interval_start: 619
T_interval_end: 650
sigma: 0.9900000000000001
gamma: 0.04
rmse: 45.297952982847264
mae: 45.14300666023266
