fips: 8023
T_interval_start: 892
T_interval_end: 923
sigma: 0.9
gamma: 0.04
rmse: 3.1974269625031244
mae: 2.721300343855009
