fips: 8023
T_interval_start: 315
T_interval_end: 346
sigma: 0.9
gamma: 0.04
rmse: 7.429260539937615
mae: 7.317593794810184
