fips: 8023
T_interval_start: 466
T_interval_end: 497
sigma: 0.9
gamma: 0.04
rmse: 22.37965488194817
mae: 22.311326300539534
