fips: 8023
T_interval_start: 742
T_interval_end: 770
sigma: 0.9900000000000001
gamma: 0.04
rmse: 6.220697039973056
mae: 5.236532708730329
