fips: 8023
T_interval_start: 680
T_interval_end: 711
sigma: 0.9900000000000001
gamma: 0.04
rmse: 19.238343069031526
mae: 19.19831990157522
