fips: 8023
T_interval_start: 984
T_interval_end: 1015
sigma: 0.9
gamma: 0.04
rmse: 1.6332638008242477
mae: 1.627651775384848
