fips: 8023
T_interval_start: 801
T_interval_end: 831
sigma: 0.05
gamma: 0.05
rmse: 5.903517282521396
mae: 4.923923755030151
