fips: 8023
T_interval_start: 497
T_interval_end: 527
sigma: 0.9900000000000001
gamma: 0.04
rmse: 21.779872665007215
mae: 21.774198522871156
