fips: 8023
T_interval_start: 984
T_interval_end: 1015
sigma: 0.9
gamma: 0.04
rmse: 0.8472711556438147
mae: 0.8352828837663466
