fips: 8023
T_interval_start: 466
T_interval_end: 497
sigma: 0.9
gamma: 0.04
rmse: 19.031917778151527
mae: 18.96490100212034
