fips: 8023
T_interval_start: 923
T_interval_end: 954
sigma: 0.9
gamma: 0.04
rmse: 2.1096449014569187
mae: 1.4904555237239547
