fips: 8023
T_interval_start: 711
T_interval_end: 742
sigma: 0.9900000000000001
gamma: 0.04
rmse: 7.906328967465178
mae: 7.853328471586825
