fips: 8023
T_interval_start: 862
T_interval_end: 892
sigma: 0.9900000000000001
gamma: 0.04
rmse: 11.869643364229118
mae: 11.526453407376664
