fips: 8023
T_interval_start: 619
T_interval_end: 650
sigma: 0.9900000000000001
gamma: 0.04
rmse: 36.653558501427774
mae: 36.331426592806075
