fips: 8023
T_interval_start: 680
T_interval_end: 711
sigma: 0.9900000000000001
gamma: 0.04
rmse: 15.72149203563598
mae: 15.676557348610489
