fips: 8023
T_interval_start: 589
T_interval_end: 619
sigma: 0.9
gamma: 0.04
rmse: 35.25631607817879
mae: 34.23853681981873
