fips: 8023
T_interval_start: 892
T_interval_end: 923
sigma: 0.9900000000000001
gamma: 0.04
rmse: 3.4346035001113875
mae: 2.8844046961820355
