fips: 8023
T_interval_start: 285
T_interval_end: 315
sigma: 0.9900000000000001
gamma: 0.02
rmse: 0.36150025602941394
mae: 0.2865691794548415
