fips: 8023
T_interval_start: 346
T_interval_end: 377
sigma: 0.9900000000000001
gamma: 0.04
rmse: 12.926906700325686
mae: 10.077288474195276
