fips: 8023
T_interval_start: 831
T_interval_end: 862
sigma: 0.9900000000000001
gamma: 0.04
rmse: 13.725457484567643
mae: 13.723006688225553
