fips: 8099
T_interval_start: 923
T_interval_end: 954
sigma: 0.35000000000000003
gamma: 0.05
rmse: 1.3957218318509743
