fips: 8099
T_interval_start: 193
T_interval_end: 224
sigma: 0.9000000000000001
gamma: 0.05
rmse: 12.828395532319497
