fips: 8099
T_interval_start: 954
T_interval_end: 984
sigma: 0.9500000000000001
gamma: 0.05
rmse: 15.593826267418137
