fips: 8099
T_interval_start: 711
T_interval_end: 742
sigma: 0.7000000000000001
gamma: 0.05
rmse: 25.82897815408423
