fips: 8099
T_interval_start: 892
T_interval_end: 923
sigma: 0.9
gamma: 0.04
rmse: 14.03753026301024
mae: 12.162271274421016
