fips: 8099
T_interval_start: 224
T_interval_end: 254
sigma: 0.9900000000000001
gamma: 0.04
rmse: 4.1656187554024715
mae: 3.8493701655533012
