fips: 8099
T_interval_start: 954
T_interval_end: 984
sigma: 0.9900000000000001
gamma: 0.03
rmse: 22.00359099685643
mae: 21.595255148281783
