fips: 8099
T_interval_start: 497
T_interval_end: 527
sigma: 0.9900000000000001
gamma: 0.04
rmse: 38.917718093571494
mae: 38.725681251359404
