fips: 8099
T_interval_start: 193
T_interval_end: 224
sigma: 0.9
gamma: 0.04
rmse: 1.088274825723302
mae: 0.9502310025251939
