fips: 8099
T_interval_start: 619
T_interval_end: 650
sigma: 0.9900000000000001
gamma: 0.04
rmse: 47.72725106998036
mae: 47.305089004296924
