fips: 8099
T_interval_start: 862
T_interval_end: 892
sigma: 0.9
gamma: 0.04
rmse: 5.542439253641522
mae: 4.989973003008321
