fips: 8099
T_interval_start: 254
T_interval_end: 285
sigma: 0.9
gamma: 0.04
rmse: 10.53834312763544
mae: 8.075872108205848
