fips: 8099
T_interval_start: 650
T_interval_end: 680
sigma: 0.9900000000000001
gamma: 0.04
rmse: 31.82650776013633
mae: 31.29491233604683
