fips: 8099
T_interval_start: 589
T_interval_end: 619
sigma: 0.9900000000000001
gamma: 0.04
rmse: 56.06230562516181
mae: 56.04301549213868
