fips: 8099
T_interval_start: 770
T_interval_end: 801
sigma: 0.9900000000000001
gamma: 0.04
rmse: 10.444149756337472
mae: 9.313218972260408
