fips: 8099
T_interval_start: 801
T_interval_end: 831
sigma: 0.9900000000000001
gamma: 0.04
rmse: 4.227081503827905
mae: 3.5543426165021983
