fips: 8099
T_interval_start: 711
T_interval_end: 742
sigma: 0.9
gamma: 0.04
rmse: 30.077112948333323
mae: 25.181669964756857
