fips: 8099
T_interval_start: 680
T_interval_end: 711
sigma: 0.9900000000000001
gamma: 0.04
rmse: 8.159872080412583
mae: 6.036544478782231
