fips: 8099
T_interval_start: 162
T_interval_end: 193
sigma: 0.9
gamma: 0.04
rmse: 1.4804847382103166
mae: 1.147808984123228
