fips: 8099
T_interval_start: 742
T_interval_end: 770
sigma: 0.9
gamma: 0.04
rmse: 51.93587591661986
mae: 48.87139166039666
