fips: 8099
T_interval_start: 1015
T_interval_end: 1045
sigma: 0.9
gamma: 0.03
rmse: 14.417124780428573
mae: 12.432406879550637
