fips: 8099
T_interval_start: 1045
T_interval_end: 1076
sigma: 0.9
gamma: 0.03
rmse: 18.503130828790102
mae: 18.287266977862718
