fips: 8099
T_interval_start: 315
T_interval_end: 346
sigma: 0.9900000000000001
gamma: 0.04
rmse: 88.28056409209198
mae: 87.90450350771556
