fips: 8099
T_interval_start: 377
T_interval_end: 405
sigma: 0.9900000000000001
gamma: 0.04
rmse: 26.64034366417532
mae: 26.531269234374633
