fips: 8099
T_interval_start: 892
T_interval_end: 923
sigma: 0.9
gamma: 0.04
rmse: 14.566674636657318
mae: 13.24248255856829
