fips: 8099
T_interval_start: 285
T_interval_end: 315
sigma: 0.9900000000000001
gamma: 0.01
rmse: 7.64990803552576
mae: 6.944464616308957
