fips: 8099
T_interval_start: 831
T_interval_end: 862
sigma: 0.9900000000000001
gamma: 0.04
rmse: 3.343921591643902
mae: 3.343921591643902
