fips: 8099
T_interval_start: 954
T_interval_end: 984
sigma: 0.9900000000000001
gamma: 0.03
rmse: 16.9371026957415
mae: 16.16329106924407
