fips: 8099
T_interval_start: 589
T_interval_end: 619
sigma: 0.9900000000000001
gamma: 0.04
rmse: 13.02569964450636
mae: 12.97875112659329
