fips: 8099
T_interval_start: 711
T_interval_end: 742
sigma: 0.9
gamma: 0.04
rmse: 37.234096108113356
mae: 27.38427522384732
