fips: 8099
T_interval_start: 742
T_interval_end: 770
sigma: 0.9
gamma: 0.04
rmse: 61.12384674765541
mae: 57.94915544231078
