fips: 8099
T_interval_start: 680
T_interval_end: 711
sigma: 0.9
gamma: 0.04
rmse: 20.806043884702305
mae: 19.721591607894013
