fips: 8099
T_interval_start: 193
T_interval_end: 224
sigma: 0.9900000000000001
gamma: 0.04
rmse: 0.5418907945703326
mae: 0.475286064385872
