fips: 8099
T_interval_start: 436
T_interval_end: 466
sigma: 0.9
gamma: 0.04
rmse: 4.812316428640862
mae: 4.777500942966263
