fips: 8099
T_interval_start: 466
T_interval_end: 497
sigma: 0.9900000000000001
gamma: 0.04
rmse: 5.85238627453635
mae: 5.702670518431792
