fips: 8099
T_interval_start: 224
T_interval_end: 254
sigma: 0.9900000000000001
gamma: 0.04
rmse: 2.0904930633672585
mae: 1.4870884898817052
