fips: 8099
T_interval_start: 650
T_interval_end: 680
sigma: 0.9
gamma: 0.04
rmse: 16.76380209964195
mae: 16.302131428422648
