fips: 8099
T_interval_start: 862
T_interval_end: 892
sigma: 0.9
gamma: 0.04
rmse: 6.828986706660894
mae: 6.222703808367497
