fips: 8099
T_interval_start: 923
T_interval_end: 954
sigma: 0.9
gamma: 0.04
rmse: 16.55395847172079
mae: 16.078287752593372
