fips: 8099
T_interval_start: 527
T_interval_end: 558
sigma: 0.05
gamma: 0.05
rmse: 2.0742584723505346
mae: 1.6918376891688045
