fips: 8099
T_interval_start: 770
T_interval_end: 801
sigma: 0.9900000000000001
gamma: 0.04
rmse: 9.66207175094626
mae: 8.937166158232943
