fips: 8099
T_interval_start: 984
T_interval_end: 1015
sigma: 0.9900000000000001
gamma: 0.03
rmse: 17.254008900496995
mae: 16.803965245866074
