fips: 8099
T_interval_start: 497
T_interval_end: 527
sigma: 0.9900000000000001
gamma: 0.04
rmse: 10.270905212249708
mae: 10.263455284059946
