fips: 8099
T_interval_start: 315
T_interval_end: 346
sigma: 0.9900000000000001
gamma: 0.02
rmse: 46.72052143170733
mae: 41.50601896806802
