fips: 8099
T_interval_start: 619
T_interval_end: 650
sigma: 0.9900000000000001
gamma: 0.04
rmse: 10.027370023422451
mae: 8.764191427280618
