fips: 8099
T_interval_start: 254
T_interval_end: 285
sigma: 0.9900000000000001
gamma: 0.01
rmse: 7.173021851300041
mae: 6.536603696362649
