fips: 8099
T_interval_start: 1076
T_interval_end: 1107
sigma: 0.9
gamma: 0.03
rmse: 11.445398869124483
mae: 9.583952806096134
