fips: 8099
T_interval_start: 1015
T_interval_end: 1045
sigma: 0.9
gamma: 0.03
rmse: 8.578981962703038
mae: 7.558316775005638
