fips: 8099
T_interval_start: 527
T_interval_end: 558
sigma: 0.9500000000000001
gamma: 0.05
rmse: 0.9461501903431397
mae: 0.5474274105179415
