fips: 8099
T_interval_start: 71
T_interval_end: 101
sigma: 0.9500000000000001
gamma: 0.05
rmse: 0.10180048642973537
mae: 0.10133587424073898
