fips: 8099
T_interval_start: 650
T_interval_end: 680
sigma: 0.9
gamma: 0.04
rmse: 4.586208062693171
mae: 4.113346790946283
