fips: 8099
T_interval_start: 984
T_interval_end: 1015
sigma: 0.9
gamma: 0.04
rmse: 19.41259046479939
mae: 19.04228507025547
