fips: 8099
T_interval_start: 193
T_interval_end: 224
sigma: 0.9
gamma: 0.04
rmse: 0.6201005376775024
mae: 0.5072271400224313
