fips: 8099
T_interval_start: 801
T_interval_end: 831
sigma: 0.9900000000000001
gamma: 0.04
rmse: 3.2846258249517573
mae: 2.9833837396259586
