fips: 8099
T_interval_start: 742
T_interval_end: 770
sigma: 0.9
gamma: 0.04
rmse: 69.74137032247161
mae: 66.2604321294236
