fips: 8099
T_interval_start: 923
T_interval_end: 954
sigma: 0.9
gamma: 0.04
rmse: 18.05058862137278
mae: 17.626295899858818
