fips: 8099
T_interval_start: 436
T_interval_end: 466
sigma: 0.9900000000000001
gamma: 0.04
rmse: 19.28022932481568
mae: 19.234605123705013
