fips: 8099
T_interval_start: 466
T_interval_end: 497
sigma: 0.9900000000000001
gamma: 0.04
rmse: 26.209835307444923
mae: 26.124450352650825
