fips: 8099
T_interval_start: 680
T_interval_end: 711
sigma: 0.9
gamma: 0.04
rmse: 14.549545590680447
mae: 13.600711586728707
