fips: 8099
T_interval_start: 377
T_interval_end: 405
sigma: 0.9900000000000001
gamma: 0.04
rmse: 10.966338243143168
mae: 10.795255865309414
