fips: 8099
T_interval_start: 770
T_interval_end: 801
sigma: 0.9
gamma: 0.04
rmse: 9.485500512417499
mae: 8.700017984591936
