fips: 8099
T_interval_start: 101
T_interval_end: 132
sigma: 0.9500000000000001
gamma: 0.05
rmse: 0.5522874517240176
mae: 0.4562348676069527
