fips: 8099
T_interval_start: 589
T_interval_end: 619
sigma: 0.9900000000000001
gamma: 0.04
rmse: 32.137948668987505
mae: 32.12090034169019
