fips: 8099
T_interval_start: 892
T_interval_end: 923
sigma: 0.9
gamma: 0.04
rmse: 15.277373280755677
mae: 14.014526221259551
