fips: 8099
T_interval_start: 315
T_interval_end: 346
sigma: 0.9
gamma: 0.04
rmse: 5.1184573762473855
mae: 3.9736219641801127
