fips: 8099
T_interval_start: 558
T_interval_end: 589
sigma: 0.9900000000000001
gamma: 0.04
rmse: 26.813785425192272
mae: 26.613062324701215
