fips: 8099
T_interval_start: 405
T_interval_end: 436
sigma: 0.9900000000000001
gamma: 0.04
rmse: 19.89719542714515
mae: 19.89719542714515
