fips: 8099
T_interval_start: 1045
T_interval_end: 1076
sigma: 0.9
gamma: 0.03
rmse: 5.153924910080808
mae: 4.061151817545702
