fips: 8099
T_interval_start: 346
T_interval_end: 377
sigma: 0.9900000000000001
gamma: 0.04
rmse: 20.178615749434044
mae: 19.412014151720342
