fips: 8099
T_interval_start: 285
T_interval_end: 315
sigma: 0.9
gamma: 0.04
rmse: 4.78639674800135
mae: 4.462511632560506
