fips: 8099
T_interval_start: 162
T_interval_end: 193
sigma: 0.9600000000000001
gamma: 0.04
rmse: 1.0713459801683802
mae: 0.8086719184127524
