fips: 8051
T_interval_start: 101
T_interval_end: 132
sigma: 0.8500000000000001
gamma: 0.15000000000000002
rmse: 8.706094572853486
