fips: 8051
T_interval_start: 742
T_interval_end: 770
sigma: 0.15000000000000002
gamma: 0.1
rmse: 18.4438850529757
