fips: 8051
T_interval_start: 71
T_interval_end: 101
sigma: 0.9500000000000001
gamma: 0.9000000000000001
rmse: 16.418813956287895
