fips: 8051
T_interval_start: 1076
T_interval_end: 1107
sigma: 0.9500000000000001
gamma: 0.05
rmse: 13.94959643932723
