fips: 8051
T_interval_start: 954
T_interval_end: 984
sigma: 0.8500000000000001
gamma: 0.05
rmse: 4.485577051320715
