fips: 8051
T_interval_start: 923
T_interval_end: 954
sigma: 0.9000000000000001
gamma: 0.1
rmse: 3.093105028445267
