fips: 8051
T_interval_start: 589
T_interval_end: 619
sigma: 0.9000000000000001
gamma: 0.05
rmse: 4.885790753578415
