fips: 8051
T_interval_start: 619
T_interval_end: 650
sigma: 0.8500000000000001
gamma: 0.05
rmse: 3.6080121452696927
