fips: 8051
T_interval_start: 527
T_interval_end: 558
sigma: 0.8500000000000001
gamma: 0.1
rmse: 3.595655743637805
