fips: 8051
T_interval_start: 984
T_interval_end: 1015
sigma: 0.9
gamma: 0.03
rmse: 21.250632336219212
mae: 20.558513045337506
