fips: 8051
T_interval_start: 71
T_interval_end: 101
sigma: 0.9
gamma: 0.04
rmse: 11.644478763658313
mae: 8.539614395496299
