fips: 8051
T_interval_start: 558
T_interval_end: 589
sigma: 0.9900000000000001
gamma: 0.04
rmse: 76.4022158250157
mae: 75.87120856193835
