fips: 8051
T_interval_start: 224
T_interval_end: 254
sigma: 0.9900000000000001
gamma: 0.04
rmse: 85.14633935717076
mae: 85.13307383475173
