fips: 8051
T_interval_start: 1045
T_interval_end: 1076
sigma: 0.9
gamma: 0.02
rmse: 6.700464202875863
mae: 5.734848251683868
