fips: 8051
T_interval_start: 285
T_interval_end: 315
sigma: 0.9900000000000001
gamma: 0.04
rmse: 292.63075376841715
mae: 270.483492565272
