fips: 8051
T_interval_start: 954
T_interval_end: 984
sigma: 0.9
gamma: 0.03
rmse: 13.849008737700725
mae: 12.704957369450833
