fips: 8051
T_interval_start: 346
T_interval_end: 377
sigma: 0.9900000000000001
gamma: 0.04
rmse: 480.66372411338756
mae: 479.1762028101683
