fips: 8051
T_interval_start: 770
T_interval_end: 801
sigma: 0.9
gamma: 0.04
rmse: 53.69530841126811
mae: 50.38973240236106
