fips: 8051
T_interval_start: 831
T_interval_end: 862
sigma: 0.9
gamma: 0.04
rmse: 15.603309687214024
mae: 14.625334873988024
