fips: 8051
T_interval_start: 619
T_interval_end: 650
sigma: 0.9900000000000001
gamma: 0.04
rmse: 36.84099964879091
mae: 34.8175641603272
