fips: 8051
T_interval_start: 436
T_interval_end: 466
sigma: 0.9900000000000001
gamma: 0.04
rmse: 196.86127042199425
mae: 196.10436732815882
