fips: 8051
T_interval_start: 162
T_interval_end: 193
sigma: 0.9
gamma: 0.04
rmse: 57.68613759918905
mae: 56.994922049032034
