fips: 8051
T_interval_start: 892
T_interval_end: 923
sigma: 0.9
gamma: 0.03
rmse: 15.302267426891856
mae: 14.737923299777238
