fips: 8051
T_interval_start: 801
T_interval_end: 831
sigma: 0.9
gamma: 0.04
rmse: 22.309784769710774
mae: 22.146084320821025
