fips: 8051
T_interval_start: 193
T_interval_end: 224
sigma: 0.9900000000000001
gamma: 0.04
rmse: 115.55532338922093
mae: 114.31975785861513
