fips: 8051
T_interval_start: 315
T_interval_end: 346
sigma: 0.9900000000000001
gamma: 0.04
rmse: 355.6408931151515
mae: 352.632892021989
