fips: 8051
T_interval_start: 466
T_interval_end: 497
sigma: 0.9900000000000001
gamma: 0.04
rmse: 139.8329995694589
mae: 135.94914608450853
