fips: 8051
T_interval_start: 862
T_interval_end: 892
sigma: 0.9900000000000001
gamma: 0.03
rmse: 16.71439858836063
mae: 13.968842360090365
