fips: 8051
T_interval_start: 680
T_interval_end: 711
sigma: 0.9
gamma: 0.04
rmse: 36.132946792782896
mae: 35.84831308583132
