fips: 8051
T_interval_start: 527
T_interval_end: 558
sigma: 0.9900000000000001
gamma: 0.04
rmse: 74.25284348326723
mae: 73.80677358520597
