fips: 8051
T_interval_start: 101
T_interval_end: 132
sigma: 0.9
gamma: 0.04
rmse: 30.319776539908208
mae: 29.95155001311144
