fips: 8051
T_interval_start: 923
T_interval_end: 954
sigma: 0.9
gamma: 0.03
rmse: 10.815809948925391
mae: 7.387146452088948
