fips: 8051
T_interval_start: 377
T_interval_end: 405
sigma: 0.9900000000000001
gamma: 0.04
rmse: 495.10151523266586
mae: 482.4349779709335
