fips: 8051
T_interval_start: 831
T_interval_end: 862
sigma: 0.9
gamma: 0.03
rmse: 12.711767894365586
mae: 11.323318549372205
