fips: 8051
T_interval_start: 405
T_interval_end: 436
sigma: 0.9900000000000001
gamma: 0.04
rmse: 226.655462510297
mae: 222.12829679167842
