fips: 8051
T_interval_start: 589
T_interval_end: 619
sigma: 0.9
gamma: 0.04
rmse: 37.94858366439328
mae: 35.597880018552196
