fips: 8051
T_interval_start: 711
T_interval_end: 742
sigma: 0.9
gamma: 0.02
rmse: 148.89751248489625
mae: 136.26087480397445
