fips: 8051
T_interval_start: 193
T_interval_end: 224
sigma: 0.9900000000000001
gamma: 0.04
rmse: 307.2500174503251
mae: 303.41887844130247
