fips: 8051
T_interval_start: 558
T_interval_end: 589
sigma: 0.9900000000000001
gamma: 0.04
rmse: 19.385332182681708
mae: 17.443910739748826
