fips: 8051
T_interval_start: 285
T_interval_end: 315
sigma: 0.9900000000000001
gamma: 0.04
rmse: 530.592599080226
mae: 498.30520219013664
