fips: 8051
T_interval_start: 346
T_interval_end: 377
sigma: 0.9900000000000001
gamma: 0.04
rmse: 696.722918324352
mae: 696.1030067552097
