fips: 8051
T_interval_start: 954
T_interval_end: 984
sigma: 0.9900000000000001
gamma: 0.02
rmse: 18.323394264042555
mae: 16.977992921133623
