fips: 8051
T_interval_start: 132
T_interval_end: 162
sigma: 0.55
gamma: 0.05
rmse: 3.572478684639297
mae: 2.900487441625801
