fips: 8051
T_interval_start: 680
T_interval_end: 711
sigma: 0.9
gamma: 0.03
rmse: 15.94858247591116
mae: 15.084241692514114
