fips: 8051
T_interval_start: 984
T_interval_end: 1015
sigma: 0.9900000000000001
gamma: 0.02
rmse: 4.75123327466587
mae: 4.117586748580306
