fips: 8051
T_interval_start: 650
T_interval_end: 680
sigma: 0.9900000000000001
gamma: 0.03
rmse: 29.240892158166357
mae: 24.446579724993665
