fips: 8051
T_interval_start: 71
T_interval_end: 101
sigma: 0.9
gamma: 0.04
rmse: 94.53830246741529
mae: 84.00069130505987
