fips: 8051
T_interval_start: 742
T_interval_end: 770
sigma: 0.9900000000000001
gamma: 0.02
rmse: 197.9610147137937
mae: 181.81242665138546
