fips: 8051
T_interval_start: 801
T_interval_end: 831
sigma: 0.9
gamma: 0.03
rmse: 20.228136877662852
mae: 20.107531355738807
