fips: 8051
T_interval_start: 527
T_interval_end: 558
sigma: 0.9900000000000001
gamma: 0.04
rmse: 36.75208067383587
mae: 36.4695034682101
