fips: 8051
T_interval_start: 619
T_interval_end: 650
sigma: 0.9
gamma: 0.04
rmse: 41.11327227428636
mae: 40.37776430726564
