fips: 8051
T_interval_start: 101
T_interval_end: 132
sigma: 0.9
gamma: 0.04
rmse: 152.90557851022456
mae: 152.54321518148296
