fips: 8051
T_interval_start: 1015
T_interval_end: 1045
sigma: 0.9900000000000001
gamma: 0.02
rmse: 7.732928008488511
mae: 6.997230382532583
