fips: 8051
T_interval_start: 923
T_interval_end: 954
sigma: 0.9900000000000001
gamma: 0.02
rmse: 29.791738623128705
mae: 29.289022234956146
