fips: 8051
T_interval_start: 892
T_interval_end: 923
sigma: 0.9900000000000001
gamma: 0.02
rmse: 37.130398245258185
mae: 36.34917077284932
