fips: 8051
T_interval_start: 1045
T_interval_end: 1076
sigma: 0.9
gamma: 0.02
rmse: 11.80328504851486
mae: 10.609696600885513
