fips: 8051
T_interval_start: 162
T_interval_end: 193
sigma: 0.9
gamma: 0.04
rmse: 175.41203177874564
mae: 173.55676386243087
