fips: 8051
T_interval_start: 466
T_interval_end: 497
sigma: 0.9900000000000001
gamma: 0.04
rmse: 105.92433947941306
mae: 102.04299122222086
