fips: 8051
T_interval_start: 862
T_interval_end: 892
sigma: 0.9
gamma: 0.03
rmse: 59.341172359477326
mae: 55.013386733070305
