fips: 8051
T_interval_start: 984
T_interval_end: 1015
sigma: 0.9
gamma: 0.03
rmse: 19.42372345710966
mae: 18.836590954585773
