fips: 8051
T_interval_start: 405
T_interval_end: 436
sigma: 0.9900000000000001
gamma: 0.04
rmse: 188.8948250034164
mae: 186.45459789372347
