fips: 8051
T_interval_start: 346
T_interval_end: 377
sigma: 0.9900000000000001
gamma: 0.04
rmse: 437.85889974282156
mae: 436.96171673199456
