fips: 8051
T_interval_start: 101
T_interval_end: 132
sigma: 0.9
gamma: 0.04
rmse: 30.004308830603765
mae: 29.619558091970383
