fips: 8051
T_interval_start: 801
T_interval_end: 831
sigma: 0.9
gamma: 0.04
rmse: 19.65956057191252
mae: 19.548567402830262
