fips: 8051
T_interval_start: 589
T_interval_end: 619
sigma: 0.9900000000000001
gamma: 0.04
rmse: 82.85894907213446
mae: 81.84693577722989
