fips: 8051
T_interval_start: 285
T_interval_end: 315
sigma: 0.9900000000000001
gamma: 0.04
rmse: 277.89546910204734
mae: 258.05327070503574
