fips: 8051
T_interval_start: 770
T_interval_end: 801
sigma: 0.9
gamma: 0.04
rmse: 50.76086070765784
mae: 47.66642571189715
