fips: 8051
T_interval_start: 892
T_interval_end: 923
sigma: 0.9
gamma: 0.03
rmse: 15.071126848820002
mae: 14.745037324006468
