fips: 8051
T_interval_start: 680
T_interval_end: 711
sigma: 0.9
gamma: 0.04
rmse: 31.2189745307302
mae: 30.95644699249839
