fips: 8051
T_interval_start: 224
T_interval_end: 254
sigma: 0.9900000000000001
gamma: 0.04
rmse: 84.40671022953202
mae: 84.39359050292991
