fips: 8051
T_interval_start: 1045
T_interval_end: 1076
sigma: 0.9
gamma: 0.02
rmse: 7.8893705510572305
mae: 7.182783557886349
