fips: 8051
T_interval_start: 650
T_interval_end: 680
sigma: 0.9
gamma: 0.04
rmse: 14.037190999664311
mae: 11.947109080066532
