fips: 8051
T_interval_start: 436
T_interval_end: 466
sigma: 0.9900000000000001
gamma: 0.04
rmse: 206.9531450704478
mae: 205.85474660906178
