fips: 8051
T_interval_start: 466
T_interval_end: 497
sigma: 0.9900000000000001
gamma: 0.04
rmse: 143.17044517922528
mae: 138.67566221737775
