fips: 8051
T_interval_start: 558
T_interval_end: 589
sigma: 0.9900000000000001
gamma: 0.04
rmse: 78.31358176283166
mae: 77.61116683900006
