fips: 8087
T_interval_start: 497
T_interval_end: 527
sigma: 0.9000000000000001
gamma: 0.1
rmse: 2.72018593656795
