fips: 8087
T_interval_start: 1076
T_interval_end: 1107
sigma: 0.7500000000000001
gamma: 0.1
rmse: 3.1334243428316246
