fips: 8087
T_interval_start: 527
T_interval_end: 558
sigma: 0.9500000000000001
gamma: 0.1
rmse: 2.8200459130202202
