fips: 8087
T_interval_start: 711
T_interval_end: 742
sigma: 0.9000000000000001
gamma: 0.05
rmse: 74.91587005897689
