fips: 8087
T_interval_start: 101
T_interval_end: 132
sigma: 0.9000000000000001
gamma: 0.2
rmse: 25.017007901935116
