fips: 8087
T_interval_start: 558
T_interval_end: 589
sigma: 0.7500000000000001
gamma: 0.05
rmse: 20.139187056377864
