fips: 8087
T_interval_start: 558
T_interval_end: 589
sigma: 0.9900000000000001
gamma: 0.04
rmse: 10.219926815604696
mae: 9.307206737129512
