fips: 8087
T_interval_start: 436
T_interval_end: 466
sigma: 0.9900000000000001
gamma: 0.04
rmse: 76.32424219250228
mae: 73.92185089431221
