fips: 8087
T_interval_start: 527
T_interval_end: 558
sigma: 0.9900000000000001
gamma: 0.04
rmse: 15.8386924249177
mae: 15.807726284420257
