fips: 8087
T_interval_start: 193
T_interval_end: 224
sigma: 0.9800000000000001
gamma: 0.04
rmse: 90.25767502900743
mae: 89.78422952169167
