fips: 8087
T_interval_start: 589
T_interval_end: 619
sigma: 0.9
gamma: 0.04
rmse: 33.70129731326209
mae: 30.50538750529824
