fips: 8087
T_interval_start: 377
T_interval_end: 405
sigma: 0.9900000000000001
gamma: 0.04
rmse: 174.8653730891381
mae: 168.14466247417536
