fips: 8087
T_interval_start: 254
T_interval_end: 285
sigma: 0.9
gamma: 0.04
rmse: 169.44549802501163
mae: 160.56097437259834
