fips: 8087
T_interval_start: 1015
T_interval_end: 1045
sigma: 0.9
gamma: 0.02
rmse: 31.34967904480458
mae: 26.901934613431358
