fips: 8087
T_interval_start: 650
T_interval_end: 680
sigma: 0.9900000000000001
gamma: 0.03
rmse: 79.44661237329908
mae: 74.5226674524417
