fips: 8087
T_interval_start: 923
T_interval_end: 954
sigma: 0.9900000000000001
gamma: 0.02
rmse: 98.82503997822768
mae: 98.23603340257343
