fips: 8087
T_interval_start: 954
T_interval_end: 984
sigma: 0.9
gamma: 0.03
rmse: 32.38713511650423
mae: 30.855680878066167
