fips: 8087
T_interval_start: 101
T_interval_end: 132
sigma: 0.9900000000000001
gamma: 0.04
rmse: 85.16090711142567
mae: 84.64950045243104
