fips: 8087
T_interval_start: 405
T_interval_end: 436
sigma: 0.9900000000000001
gamma: 0.04
rmse: 94.94148667006833
mae: 94.63757647810114
