fips: 8087
T_interval_start: 892
T_interval_end: 923
sigma: 0.9
gamma: 0.03
rmse: 62.477900090308026
mae: 60.10099291581323
