fips: 8087
T_interval_start: 984
T_interval_end: 1015
sigma: 0.9
gamma: 0.03
rmse: 19.885217132990142
mae: 19.49773545551587
