fips: 8087
T_interval_start: 770
T_interval_end: 801
sigma: 0.9
gamma: 0.04
rmse: 55.88722868540413
mae: 51.63986777905393
