fips: 8087
T_interval_start: 1045
T_interval_end: 1076
sigma: 0.9
gamma: 0.02
rmse: 22.229475921209993
mae: 20.739238489657588
