fips: 8087
T_interval_start: 346
T_interval_end: 377
sigma: 0.9900000000000001
gamma: 0.04
rmse: 389.4765174123288
mae: 381.08918380189414
