fips: 8087
T_interval_start: 831
T_interval_end: 862
sigma: 0.9900000000000001
gamma: 0.03
rmse: 19.12482720632834
mae: 16.36634480284898
