fips: 8087
T_interval_start: 862
T_interval_end: 892
sigma: 0.9
gamma: 0.03
rmse: 33.03405634911931
mae: 29.710259902602584
