fips: 8087
T_interval_start: 71
T_interval_end: 101
sigma: 0.9
gamma: 0.04
rmse: 25.446284616990567
mae: 20.22213707456217
