fips: 8087
T_interval_start: 801
T_interval_end: 831
sigma: 0.9900000000000001
gamma: 0.03
rmse: 45.904045652576805
mae: 45.42317936808764
