fips: 8087
T_interval_start: 405
T_interval_end: 436
sigma: 0.9900000000000001
gamma: 0.04
rmse: 77.7266820051921
mae: 77.66704563359993
