fips: 8087
T_interval_start: 101
T_interval_end: 132
sigma: 0.9900000000000001
gamma: 0.04
rmse: 37.83754166062266
mae: 31.31131292128193
