fips: 8087
T_interval_start: 254
T_interval_end: 285
sigma: 0.9
gamma: 0.04
rmse: 128.6654594932681
mae: 121.52230235776533
