fips: 8087
T_interval_start: 132
T_interval_end: 162
sigma: 0.9900000000000001
gamma: 0.04
rmse: 51.20253332301796
mae: 50.644346040472044
