fips: 8087
T_interval_start: 285
T_interval_end: 315
sigma: 0.9
gamma: 0.04
rmse: 552.1927242115106
mae: 513.4554420950213
