fips: 8087
T_interval_start: 558
T_interval_end: 589
sigma: 0.9900000000000001
gamma: 0.04
rmse: 8.080213066861292
mae: 7.2076439768153175
