fips: 8087
T_interval_start: 1107
T_interval_end: 1135
sigma: 0.9900000000000001
gamma: 0.02
rmse: 20.111602979588262
mae: 17.02851784398474
