fips: 8087
T_interval_start: 377
T_interval_end: 405
sigma: 0.9900000000000001
gamma: 0.04
rmse: 152.12806467235788
mae: 146.461715462708
