fips: 8087
T_interval_start: 862
T_interval_end: 892
sigma: 0.9
gamma: 0.03
rmse: 26.65731851955665
mae: 23.051320046089455
