fips: 8087
T_interval_start: 527
T_interval_end: 558
sigma: 0.9900000000000001
gamma: 0.04
rmse: 12.71504089519892
mae: 12.691553461693616
