fips: 8087
T_interval_start: 315
T_interval_end: 346
sigma: 0.9900000000000001
gamma: 0.04
rmse: 718.7007694396578
mae: 709.2489995967601
