fips: 8087
T_interval_start: 770
T_interval_end: 801
sigma: 0.9
gamma: 0.04
rmse: 56.06210891954442
mae: 51.76042710426471
