fips: 8087
T_interval_start: 984
T_interval_end: 1015
sigma: 0.9
gamma: 0.03
rmse: 18.32596586489881
mae: 17.896702270712854
