fips: 8087
T_interval_start: 954
T_interval_end: 984
sigma: 0.9
gamma: 0.03
rmse: 31.698250489573738
mae: 29.9576969149708
