fips: 8087
T_interval_start: 466
T_interval_end: 497
sigma: 0.9900000000000001
gamma: 0.04
rmse: 33.72585917520298
mae: 33.16881040586668
