fips: 8087
T_interval_start: 346
T_interval_end: 377
sigma: 0.9900000000000001
gamma: 0.04
rmse: 336.736681017737
mae: 328.61482290515056
