fips: 8087
T_interval_start: 224
T_interval_end: 254
sigma: 0.9900000000000001
gamma: 0.04
rmse: 58.24102525103263
mae: 57.75232258658403
