fips: 8087
T_interval_start: 497
T_interval_end: 527
sigma: 0.9900000000000001
gamma: 0.04
rmse: 20.25075826705997
mae: 20.064360568405245
