fips: 8087
T_interval_start: 193
T_interval_end: 224
sigma: 0.9
gamma: 0.04
rmse: 66.42964973092444
mae: 66.12310571870947
