fips: 8087
T_interval_start: 162
T_interval_end: 193
sigma: 0.05
gamma: 0.15000000000000002
rmse: 6.7095531684150425
mae: 6.074055483530464
