fips: 8087
T_interval_start: 436
T_interval_end: 466
sigma: 0.9900000000000001
gamma: 0.04
rmse: 53.30594546379428
mae: 52.1529939586807
