fips: 8087
T_interval_start: 923
T_interval_end: 954
sigma: 0.9
gamma: 0.03
rmse: 96.64575025703141
mae: 95.16630375224408
