fips: 8087
T_interval_start: 619
T_interval_end: 650
sigma: 0.9
gamma: 0.04
rmse: 86.7290322518536
mae: 78.16865519872593
