fips: 8087
T_interval_start: 742
T_interval_end: 770
sigma: 0.9
gamma: 0.03
rmse: 215.48302155050928
mae: 173.15300816724508
