fips: 8087
T_interval_start: 1045
T_interval_end: 1076
sigma: 0.9
gamma: 0.02
rmse: 31.73697891386989
mae: 30.29635123491484
