fips: 8087
T_interval_start: 862
T_interval_end: 892
sigma: 0.9
gamma: 0.03
rmse: 37.911711612855946
mae: 34.272323446322844
