fips: 8087
T_interval_start: 193
T_interval_end: 224
sigma: 0.9900000000000001
gamma: 0.04
rmse: 89.23851249341539
mae: 88.73974025553184
