fips: 8087
T_interval_start: 954
T_interval_end: 984
sigma: 0.9
gamma: 0.03
rmse: 37.278001841897975
mae: 35.5887592961621
