fips: 8087
T_interval_start: 619
T_interval_end: 650
sigma: 0.9
gamma: 0.04
rmse: 77.11371228521654
mae: 68.37032869728237
