fips: 8087
T_interval_start: 315
T_interval_end: 346
sigma: 0.9900000000000001
gamma: 0.04
rmse: 872.1859017827243
mae: 850.7106210956273
