fips: 8087
T_interval_start: 650
T_interval_end: 680
sigma: 0.9900000000000001
gamma: 0.03
rmse: 78.34794324497581
mae: 71.89213696531414
