fips: 8087
T_interval_start: 466
T_interval_end: 497
sigma: 0.9900000000000001
gamma: 0.04
rmse: 45.49512911260407
mae: 44.90222344103527
