fips: 8087
T_interval_start: 71
T_interval_end: 101
sigma: 0.9
gamma: 0.04
rmse: 22.62734589416031
mae: 18.24921419096866
