fips: 8087
T_interval_start: 831
T_interval_end: 862
sigma: 0.9900000000000001
gamma: 0.03
rmse: 13.940441296539843
mae: 12.40896487886715
