fips: 8087
T_interval_start: 770
T_interval_end: 801
sigma: 0.9900000000000001
gamma: 0.03
rmse: 50.45175026229396
mae: 49.776454590577984
