fips: 8087
T_interval_start: 589
T_interval_end: 619
sigma: 0.9
gamma: 0.04
rmse: 29.2665773073393
mae: 25.347381973861527
