fips: 8087
T_interval_start: 801
T_interval_end: 831
sigma: 0.9900000000000001
gamma: 0.03
rmse: 31.434684197229423
mae: 30.475163174785653
