fips: 8087
T_interval_start: 497
T_interval_end: 527
sigma: 0.9900000000000001
gamma: 0.04
rmse: 27.01909908014955
mae: 26.800514702596022
