fips: 8087
T_interval_start: 132
T_interval_end: 162
sigma: 0.9900000000000001
gamma: 0.04
rmse: 79.97975421468291
mae: 79.92316327860831
