fips: 8087
T_interval_start: 224
T_interval_end: 254
sigma: 0.9900000000000001
gamma: 0.04
rmse: 81.6554861431834
mae: 81.08785603374774
