fips: 8087
T_interval_start: 346
T_interval_end: 377
sigma: 0.9900000000000001
gamma: 0.04
rmse: 375.00076130061086
mae: 366.6173243178356
