fips: 8087
T_interval_start: 984
T_interval_end: 1015
sigma: 0.9
gamma: 0.03
rmse: 21.821550460644794
mae: 21.389800412225178
