fips: 8087
T_interval_start: 285
T_interval_end: 315
sigma: 0.9900000000000001
gamma: 0.04
rmse: 763.6107501594028
mae: 708.8934971956389
