fips: 8087
T_interval_start: 101
T_interval_end: 132
sigma: 0.9900000000000001
gamma: 0.04
rmse: 76.50264636614072
mae: 76.0396510797476
