fips: 8087
T_interval_start: 711
T_interval_end: 742
sigma: 0.9
gamma: 0.03
rmse: 202.18232000602154
mae: 153.48173251255798
