fips: 8087
T_interval_start: 680
T_interval_end: 711
sigma: 0.9900000000000001
gamma: 0.03
rmse: 15.947171980337588
mae: 14.710121066237702
