fips: 8087
T_interval_start: 1015
T_interval_end: 1045
sigma: 0.9
gamma: 0.02
rmse: 30.233162274132503
mae: 26.6515287006669
