fips: 8087
T_interval_start: 558
T_interval_end: 589
sigma: 0.9900000000000001
gamma: 0.04
rmse: 12.288799060943191
mae: 11.935644179539556
