fips: 8001
T_interval_start: 892
T_interval_end: 923
sigma: 0.8500000000000001
gamma: 0.1
rmse: 398.75635004645613
