fips: 8001
T_interval_start: 101
T_interval_end: 132
sigma: 0.9500000000000001
gamma: 0.05
rmse: 43.74180311862054
