fips: 8001
T_interval_start: 742
T_interval_end: 770
sigma: 0.6000000000000001
gamma: 0.1
rmse: 595.9590736850952
