fips: 8001
T_interval_start: 497
T_interval_end: 527
sigma: 0.6000000000000001
gamma: 0.1
rmse: 32.9674132604574
