fips: 8001
T_interval_start: 619
T_interval_end: 650
sigma: 0.9500000000000001
gamma: 0.05
rmse: 411.8291749283739
