fips: 8001
T_interval_start: 377
T_interval_end: 405
sigma: 0.9000000000000001
gamma: 0.05
rmse: 135.65066142931514
