fips: 8001
T_interval_start: 831
T_interval_end: 862
sigma: 0.9000000000000001
gamma: 0.05
rmse: 209.3502567097599
