fips: 8001
T_interval_start: 193
T_interval_end: 224
sigma: 0.9500000000000001
gamma: 0.05
rmse: 44.6258286632509
