fips: 8001
T_interval_start: 71
T_interval_end: 101
sigma: 0.9000000000000001
gamma: 0.05
rmse: 22.9036332913691
