fips: 8001
T_interval_start: 558
T_interval_end: 589
sigma: 0.9
gamma: 0.03
rmse: 183.65089120216788
mae: 130.1600762648033
