fips: 8001
T_interval_start: 436
T_interval_end: 466
sigma: 0.9
gamma: 0.03
rmse: 207.7470597531818
mae: 167.61816054619987
