fips: 8001
T_interval_start: 801
T_interval_end: 831
sigma: 0.9900000000000001
gamma: 0.03
rmse: 696.1643663987463
mae: 681.907745057803
