fips: 8001
T_interval_start: 285
T_interval_end: 315
sigma: 0.9
gamma: 0.04
rmse: 139.8105398930734
mae: 135.4441945592029
