fips: 8001
T_interval_start: 650
T_interval_end: 680
sigma: 0.9
gamma: 0.03
rmse: 2029.4523088208452
mae: 1998.323402952477
