fips: 8001
T_interval_start: 1045
T_interval_end: 1076
sigma: 0.9900000000000001
gamma: 0.04
rmse: 10427.579541173563
mae: 9792.937395564602
