fips: 8001
T_interval_start: 101
T_interval_end: 132
sigma: 0.9900000000000001
gamma: 0.04
rmse: 281.01873118644215
mae: 279.3082310083213
