fips: 8001
T_interval_start: 742
T_interval_end: 770
sigma: 0.9
gamma: 0.03
rmse: 6001.056775168185
mae: 4562.994028340566
