fips: 8001
T_interval_start: 466
T_interval_end: 497
sigma: 0.9
gamma: 0.03
rmse: 475.7675714994164
mae: 471.0933235718929
