fips: 8001
T_interval_start: 497
T_interval_end: 527
sigma: 0.9900000000000001
gamma: 0.03
rmse: 229.84142746204702
mae: 219.10771605192227
