fips: 8001
T_interval_start: 892
T_interval_end: 923
sigma: 0.9
gamma: 0.03
rmse: 896.4169819546705
mae: 725.2979574469447
