fips: 8001
T_interval_start: 193
T_interval_end: 224
sigma: 0.9900000000000001
gamma: 0.04
rmse: 243.78604084613738
mae: 243.04391014815653
