fips: 8001
T_interval_start: 346
T_interval_end: 377
sigma: 0.9
gamma: 0.04
rmse: 284.4629551613084
mae: 258.3302419170382
