fips: 8001
T_interval_start: 680
T_interval_end: 711
sigma: 0.9
gamma: 0.03
rmse: 2133.275980380649
mae: 2124.614977882664
