fips: 8001
T_interval_start: 711
T_interval_end: 742
sigma: 0.9900000000000001
gamma: 0.02
rmse: 4026.3430539385076
mae: 3849.3224532789386
