fips: 8001
T_interval_start: 1015
T_interval_end: 1045
sigma: 0.9
gamma: 0.03
rmse: 300.9445247167462
mae: 295.61877183130935
