fips: 8001
T_interval_start: 770
T_interval_end: 801
sigma: 0.9
gamma: 0.04
rmse: 964.4142088863146
mae: 932.4381359447406
