fips: 8001
T_interval_start: 71
T_interval_end: 101
sigma: 0.9
gamma: 0.04
rmse: 118.42207654408782
mae: 98.66215264151523
