fips: 8001
T_interval_start: 589
T_interval_end: 619
sigma: 0.9
gamma: 0.03
rmse: 568.6984875433461
mae: 565.7832235418828
