fips: 8001
T_interval_start: 254
T_interval_end: 285
sigma: 0.9
gamma: 0.04
rmse: 196.66660871337976
mae: 192.05121942404688
