fips: 8001
T_interval_start: 923
T_interval_end: 954
sigma: 0.9
gamma: 0.03
rmse: 556.0160009524737
mae: 374.89317625829204
