fips: 8001
T_interval_start: 954
T_interval_end: 984
sigma: 0.9
gamma: 0.03
rmse: 100.29723231567166
mae: 87.668137851811
