fips: 8001
T_interval_start: 377
T_interval_end: 405
sigma: 0.9
gamma: 0.04
rmse: 191.67753055200404
mae: 178.34965361678638
