fips: 8001
T_interval_start: 162
T_interval_end: 193
sigma: 0.9
gamma: 0.04
rmse: 151.26486984607965
mae: 148.5629190292207
