fips: 8001
T_interval_start: 1045
T_interval_end: 1076
sigma: 0.9
gamma: 0.04
rmse: 1006.939192531119
mae: 963.4973943978908
