fips: 8001
T_interval_start: 101
T_interval_end: 132
sigma: 0.9
gamma: 0.04
rmse: 96.50243219486299
mae: 94.21944641202323
