fips: 8001
T_interval_start: 984
T_interval_end: 1015
sigma: 0.9900000000000001
gamma: 0.03
rmse: 298.96937714022704
mae: 285.3031785545798
