fips: 8001
T_interval_start: 377
T_interval_end: 405
sigma: 0.9900000000000001
gamma: 0.03
rmse: 180.91993779198054
mae: 167.59310742187913
