fips: 8001
T_interval_start: 680
T_interval_end: 711
sigma: 0.9
gamma: 0.03
rmse: 2055.2568608864085
mae: 2047.5544199606877
