fips: 8001
T_interval_start: 1076
T_interval_end: 1107
sigma: 0.9
gamma: 0.04
rmse: 633.8647396614815
mae: 625.4363311455697
