fips: 8001
T_interval_start: 497
T_interval_end: 527
sigma: 0.9900000000000001
gamma: 0.03
rmse: 185.78047750417295
mae: 157.3840944661805
