fips: 8001
T_interval_start: 346
T_interval_end: 377
sigma: 0.9
gamma: 0.03
rmse: 207.77090256172949
mae: 175.96201758727014
