fips: 8001
T_interval_start: 466
T_interval_end: 497
sigma: 0.9
gamma: 0.03
rmse: 781.1649704223462
mae: 776.0090511088248
