fips: 8001
T_interval_start: 770
T_interval_end: 801
sigma: 0.9
gamma: 0.04
rmse: 790.4357290290909
mae: 761.7540325779382
