fips: 8001
T_interval_start: 558
T_interval_end: 589
sigma: 0.9
gamma: 0.03
rmse: 172.7834047659925
mae: 126.29006183027947
