fips: 8001
T_interval_start: 436
T_interval_end: 466
sigma: 0.9
gamma: 0.03
rmse: 456.6474442868045
mae: 425.339214897344
