fips: 8001
T_interval_start: 619
T_interval_end: 650
sigma: 0.9
gamma: 0.03
rmse: 815.7340922027211
mae: 767.3114280621656
