fips: 8001
T_interval_start: 650
T_interval_end: 680
sigma: 0.9
gamma: 0.03
rmse: 1964.836568875325
mae: 1938.2327005839657
