fips: 8001
T_interval_start: 527
T_interval_end: 558
sigma: 0.9900000000000001
gamma: 0.03
rmse: 66.15472653310397
mae: 60.69896363335448
