fips: 8001
T_interval_start: 162
T_interval_end: 193
sigma: 0.9
gamma: 0.04
rmse: 36.73625716239026
mae: 34.09638170570234
