fips: 8001
T_interval_start: 254
T_interval_end: 285
sigma: 0.9900000000000001
gamma: 0.02
rmse: 39.786608077766466
mae: 30.462028124159648
