fips: 8001
T_interval_start: 71
T_interval_end: 101
sigma: 0.9
gamma: 0.04
rmse: 38.29175635598531
mae: 32.077313270112
