fips: 8001
T_interval_start: 589
T_interval_end: 619
sigma: 0.9
gamma: 0.03
rmse: 472.186528836466
mae: 471.33932479628055
