fips: 8001
T_interval_start: 831
T_interval_end: 862
sigma: 0.9900000000000001
gamma: 0.03
rmse: 550.2681732855265
mae: 518.407501620083
