fips: 8001
T_interval_start: 892
T_interval_end: 923
sigma: 0.9500000000000001
gamma: 0.03
rmse: 425.1399003923559
mae: 347.1596574955514
