fips: 8001
T_interval_start: 193
T_interval_end: 224
sigma: 0.9900000000000001
gamma: 0.04
rmse: 72.3990260024398
mae: 68.35139117923603
