fips: 8001
T_interval_start: 801
T_interval_end: 831
sigma: 0.9900000000000001
gamma: 0.03
rmse: 911.5508372740663
mae: 897.4767159030184
