fips: 8001
T_interval_start: 1015
T_interval_end: 1045
sigma: 0.9900000000000001
gamma: 0.03
rmse: 71.4544842499102
mae: 57.885643223624776
