fips: 8001
T_interval_start: 862
T_interval_end: 892
sigma: 0.9
gamma: 0.03
rmse: 442.73700370565007
mae: 344.5574203187804
