fips: 8001
T_interval_start: 923
T_interval_end: 954
sigma: 0.9900000000000001
gamma: 0.03
rmse: 690.1175068627306
mae: 653.812212941782
