fips: 8001
T_interval_start: 558
T_interval_end: 589
sigma: 0.9900000000000001
gamma: 0.03
rmse: 155.9503012802378
mae: 140.0812111904152
