fips: 8001
T_interval_start: 770
T_interval_end: 801
sigma: 0.9
gamma: 0.04
rmse: 847.1194109357516
mae: 811.9248241383798
