fips: 8001
T_interval_start: 193
T_interval_end: 224
sigma: 0.9900000000000001
gamma: 0.04
rmse: 235.10640386109722
mae: 234.47108909530226
