fips: 8001
T_interval_start: 680
T_interval_end: 711
sigma: 0.9
gamma: 0.03
rmse: 1624.0510324921215
mae: 1617.8705071518798
