fips: 8001
T_interval_start: 862
T_interval_end: 892
sigma: 0.9900000000000001
gamma: 0.03
rmse: 493.080518791885
mae: 425.62365266073067
