fips: 8001
T_interval_start: 892
T_interval_end: 923
sigma: 0.9900000000000001
gamma: 0.03
rmse: 1035.7053429537455
mae: 956.9547296932362
