fips: 8001
T_interval_start: 650
T_interval_end: 680
sigma: 0.9
gamma: 0.03
rmse: 1434.4054920148637
mae: 1404.6291040368737
