fips: 8001
T_interval_start: 315
T_interval_end: 346
sigma: 0.9
gamma: 0.04
rmse: 315.9726976712621
mae: 314.00824893791224
