fips: 8001
T_interval_start: 346
T_interval_end: 377
sigma: 0.9
gamma: 0.04
rmse: 441.70578180502844
mae: 432.93110601107054
