fips: 8001
T_interval_start: 162
T_interval_end: 193
sigma: 0.9
gamma: 0.04
rmse: 151.96650855565946
mae: 149.22305943540226
