fips: 8001
T_interval_start: 377
T_interval_end: 405
sigma: 0.9
gamma: 0.04
rmse: 252.84091719859416
mae: 251.82947611569347
