fips: 8001
T_interval_start: 254
T_interval_end: 285
sigma: 0.9
gamma: 0.04
rmse: 167.238472189121
mae: 165.49500345674062
