fips: 8001
T_interval_start: 436
T_interval_end: 466
sigma: 0.9
gamma: 0.03
rmse: 108.16446923875279
mae: 91.38930430610147
