fips: 8001
T_interval_start: 527
T_interval_end: 558
sigma: 0.9900000000000001
gamma: 0.03
rmse: 246.50007979121034
mae: 243.90783243085102
