fips: 8001
T_interval_start: 1045
T_interval_end: 1076
sigma: 0.9900000000000001
gamma: 0.04
rmse: 14984.3041037601
mae: 14385.085943012522
