fips: 8001
T_interval_start: 101
T_interval_end: 132
sigma: 0.9900000000000001
gamma: 0.04
rmse: 269.61735894441983
mae: 268.1057959462057
