fips: 8001
T_interval_start: 285
T_interval_end: 315
sigma: 0.9
gamma: 0.04
rmse: 154.2720929985701
mae: 142.04248732851764
