fips: 8001
T_interval_start: 742
T_interval_end: 770
sigma: 0.9
gamma: 0.03
rmse: 5547.072990662627
mae: 4251.962854410359
