fips: 8001
T_interval_start: 132
T_interval_end: 162
sigma: 0.9900000000000001
gamma: 0.04
rmse: 209.90868985350116
mae: 207.65930039134705
