fips: 8001
T_interval_start: 801
T_interval_end: 831
sigma: 0.9
gamma: 0.04
rmse: 1161.4448568182625
mae: 1102.1672904797176
