fips: 8001
T_interval_start: 831
T_interval_end: 862
sigma: 0.9900000000000001
gamma: 0.03
rmse: 1114.7971784515346
mae: 1092.097018840186
