fips: 8001
T_interval_start: 224
T_interval_end: 254
sigma: 0.9900000000000001
gamma: 0.04
rmse: 164.7926062737484
mae: 162.60357513654805
