fips: 8093
T_interval_start: 315
T_interval_end: 346
sigma: 0.9500000000000001
gamma: 0.05
rmse: 3.7960778170116005
