fips: 8093
T_interval_start: 680
T_interval_end: 711
sigma: 0.9500000000000001
gamma: 0.05
rmse: 11.812604480621092
