fips: 8093
T_interval_start: 1045
T_interval_end: 1076
sigma: 0.9000000000000001
gamma: 0.05
rmse: 0.9347373453491957
