fips: 8093
T_interval_start: 1015
T_interval_end: 1045
sigma: 0.9500000000000001
gamma: 0.05
rmse: 4.885102516919255
