fips: 8093
T_interval_start: 862
T_interval_end: 892
sigma: 0.9000000000000001
gamma: 0.05
rmse: 6.60109636846612
