fips: 8093
T_interval_start: 831
T_interval_end: 862
sigma: 0.9500000000000001
gamma: 0.05
rmse: 6.634459171400023
