fips: 8093
T_interval_start: 285
T_interval_end: 315
sigma: 0.9500000000000001
gamma: 0.1
rmse: 2.965982776208755
