fips: 8093
T_interval_start: 619
T_interval_end: 650
sigma: 0.9900000000000001
gamma: 0.04
rmse: 22.772467814042244
mae: 22.358869925640466
