fips: 8093
T_interval_start: 680
T_interval_end: 711
sigma: 0.9
gamma: 0.04
rmse: 9.896935455176493
mae: 6.864582064874927
