fips: 8093
T_interval_start: 711
T_interval_end: 742
sigma: 0.9900000000000001
gamma: 0.03
rmse: 66.02738890914206
mae: 64.05099837558895
