fips: 8093
T_interval_start: 1015
T_interval_end: 1045
sigma: 0.9900000000000001
gamma: 0.04
rmse: 7.7116751360502045
mae: 7.688116025204549
