fips: 8093
T_interval_start: 801
T_interval_end: 831
sigma: 0.9900000000000001
gamma: 0.04
rmse: 18.05289526621884
mae: 18.010039516551494
