fips: 8093
T_interval_start: 650
T_interval_end: 680
sigma: 0.9900000000000001
gamma: 0.04
rmse: 13.03381414716732
mae: 12.06662623945793
