fips: 8093
T_interval_start: 497
T_interval_end: 527
sigma: 0.9900000000000001
gamma: 0.04
rmse: 7.08835072746583
mae: 6.536095368304891
