fips: 8093
T_interval_start: 1045
T_interval_end: 1076
sigma: 0.9900000000000001
gamma: 0.04
rmse: 4.724942874131488
mae: 4.352356125799526
