fips: 8093
T_interval_start: 558
T_interval_end: 589
sigma: 0.9900000000000001
gamma: 0.04
rmse: 22.49067310926154
mae: 22.057152264842184
