fips: 8093
T_interval_start: 466
T_interval_end: 497
sigma: 0.9900000000000001
gamma: 0.03
rmse: 4.909675556007697
mae: 4.108765378511475
