fips: 8093
T_interval_start: 742
T_interval_end: 770
sigma: 0.9
gamma: 0.04
rmse: 55.99012953720548
mae: 47.39077837049167
