fips: 8093
T_interval_start: 285
T_interval_end: 315
sigma: 0.9
gamma: 0.04
rmse: 10.14117305882638
mae: 9.789317250098327
