fips: 8093
T_interval_start: 589
T_interval_end: 619
sigma: 0.9900000000000001
gamma: 0.04
rmse: 29.703165888790544
mae: 29.639175278691862
