fips: 8093
T_interval_start: 405
T_interval_end: 436
sigma: 0.9900000000000001
gamma: 0.04
rmse: 6.759709832142045
mae: 6.170359917591898
