fips: 8093
T_interval_start: 436
T_interval_end: 466
sigma: 0.9900000000000001
gamma: 0.03
rmse: 5.234538668300673
mae: 4.749483143502134
