fips: 8093
T_interval_start: 892
T_interval_end: 923
sigma: 0.9
gamma: 0.04
rmse: 13.697519310741
mae: 12.021345781092698
