fips: 8093
T_interval_start: 346
T_interval_end: 377
sigma: 0.9
gamma: 0.04
rmse: 18.77010423339055
mae: 18.58424375969136
