fips: 8093
T_interval_start: 770
T_interval_end: 801
sigma: 0.9900000000000001
gamma: 0.04
rmse: 31.468535504422892
mae: 30.438840656629164
