fips: 8093
T_interval_start: 801
T_interval_end: 831
sigma: 0.9900000000000001
gamma: 0.04
rmse: 16.007695887009653
mae: 15.741424139701097
