fips: 8093
T_interval_start: 711
T_interval_end: 742
sigma: 0.9900000000000001
gamma: 0.03
rmse: 71.03798643259043
mae: 67.67486610054887
