fips: 8093
T_interval_start: 923
T_interval_end: 954
sigma: 0.9
gamma: 0.04
rmse: 8.815237982872668
mae: 7.585588464083591
