fips: 8093
T_interval_start: 315
T_interval_end: 346
sigma: 0.9
gamma: 0.04
rmse: 32.112269319999164
mae: 32.037784506281376
