fips: 8093
T_interval_start: 285
T_interval_end: 315
sigma: 0.9
gamma: 0.04
rmse: 15.061893483245312
mae: 13.03953749468936
