fips: 8093
T_interval_start: 377
T_interval_end: 405
sigma: 0.9900000000000001
gamma: 0.04
rmse: 11.637091112772021
mae: 11.111408651063158
