fips: 8093
T_interval_start: 497
T_interval_end: 527
sigma: 0.9900000000000001
gamma: 0.04
rmse: 4.239116495072098
mae: 3.8115965916114773
