fips: 8093
T_interval_start: 254
T_interval_end: 285
sigma: 0.9
gamma: 0.04
rmse: 0.9531604048220554
mae: 0.8272700390963366
