fips: 8093
T_interval_start: 1045
T_interval_end: 1076
sigma: 0.9
gamma: 0.04
rmse: 5.446280557695753
mae: 4.9129384056646135
