fips: 8093
T_interval_start: 346
T_interval_end: 377
sigma: 0.9
gamma: 0.04
rmse: 20.051785231306177
mae: 19.812481802261395
