fips: 8093
T_interval_start: 680
T_interval_end: 711
sigma: 0.9
gamma: 0.04
rmse: 21.974391192214227
mae: 21.580119164022747
