fips: 8093
T_interval_start: 862
T_interval_end: 892
sigma: 0.9
gamma: 0.04
rmse: 13.107470642853198
mae: 11.154120093823757
