fips: 8093
T_interval_start: 466
T_interval_end: 497
sigma: 0.9
gamma: 0.04
rmse: 6.316019453608714
mae: 5.265317567884849
