fips: 8093
T_interval_start: 589
T_interval_end: 619
sigma: 0.9900000000000001
gamma: 0.04
rmse: 16.54415987347806
mae: 16.388068065153814
