fips: 8093
T_interval_start: 1015
T_interval_end: 1045
sigma: 0.9900000000000001
gamma: 0.04
rmse: 0.6630016175409611
mae: 0.6023869271308688
