fips: 8093
T_interval_start: 619
T_interval_end: 650
sigma: 0.9900000000000001
gamma: 0.04
rmse: 8.550334097788147
mae: 7.169791497466607
