fips: 8093
T_interval_start: 405
T_interval_end: 436
sigma: 0.93
gamma: 0.04
rmse: 4.631850083904346
mae: 4.186439536299333
