fips: 8093
T_interval_start: 892
T_interval_end: 923
sigma: 0.9
gamma: 0.04
rmse: 12.345060147128166
mae: 11.78179699639824
