fips: 8093
T_interval_start: 954
T_interval_end: 984
sigma: 0.9
gamma: 0.04
rmse: 21.84357506801878
mae: 20.346162489374088
