fips: 8093
T_interval_start: 436
T_interval_end: 466
sigma: 0.9900000000000001
gamma: 0.04
rmse: 4.5378781596721405
mae: 3.1497118461537403
