fips: 8093
T_interval_start: 770
T_interval_end: 801
sigma: 0.9900000000000001
gamma: 0.04
rmse: 32.698371181042546
mae: 31.585702438589472
