fips: 8093
T_interval_start: 436
T_interval_end: 466
sigma: 0.9900000000000001
gamma: 0.04
rmse: 2.5831205704368108
mae: 1.9165190985158016
