fips: 8093
T_interval_start: 892
T_interval_end: 923
sigma: 0.9
gamma: 0.04
rmse: 15.491606941051339
mae: 15.129580930775079
