fips: 8093
T_interval_start: 923
T_interval_end: 954
sigma: 0.9
gamma: 0.04
rmse: 10.855013302235891
mae: 9.543436290158695
