fips: 8093
T_interval_start: 527
T_interval_end: 558
sigma: 0.9
gamma: 0.04
rmse: 10.415576610522864
mae: 10.291443733015054
