fips: 8093
T_interval_start: 558
T_interval_end: 589
sigma: 0.9900000000000001
gamma: 0.04
rmse: 19.458845869963593
mae: 19.156559059141244
