fips: 8093
T_interval_start: 831
T_interval_end: 862
sigma: 0.9900000000000001
gamma: 0.04
rmse: 7.55919732925304
mae: 6.514456504209402
