fips: 8093
T_interval_start: 862
T_interval_end: 892
sigma: 0.9
gamma: 0.04
rmse: 15.524976990973554
mae: 12.922634851751763
