fips: 8093
T_interval_start: 405
T_interval_end: 436
sigma: 0.9900000000000001
gamma: 0.04
rmse: 2.949509377165682
mae: 2.6922181830026957
