fips: 8093
T_interval_start: 101
T_interval_end: 132
sigma: 0.9500000000000001
gamma: 0.45
rmse: 0.13534609878669918
mae: 0.10334814958847473
