fips: 8093
T_interval_start: 680
T_interval_end: 711
sigma: 0.9
gamma: 0.04
rmse: 14.256153885699693
mae: 13.377351736959119
