fips: 8093
T_interval_start: 346
T_interval_end: 377
sigma: 0.9
gamma: 0.04
rmse: 5.8147502225971754
mae: 5.629924080607653
