fips: 8093
T_interval_start: 1015
T_interval_end: 1045
sigma: 0.9900000000000001
gamma: 0.04
rmse: 6.708486048449748
mae: 6.673535712417483
