fips: 8093
T_interval_start: 984
T_interval_end: 1015
sigma: 0.9900000000000001
gamma: 0.04
rmse: 8.499147191206248
mae: 8.490253536603529
