fips: 8093
T_interval_start: 193
T_interval_end: 224
sigma: 0.9500000000000001
gamma: 0.2
rmse: 0.241871897537896
mae: 0.18803357534495405
