fips: 8093
T_interval_start: 315
T_interval_end: 346
sigma: 0.9
gamma: 0.04
rmse: 8.022577013307444
mae: 7.952128366046137
