fips: 8093
T_interval_start: 711
T_interval_end: 742
sigma: 0.9900000000000001
gamma: 0.03
rmse: 67.70868126300448
mae: 67.53914634116386
