fips: 8093
T_interval_start: 132
T_interval_end: 162
sigma: 0.9500000000000001
gamma: 0.35000000000000003
rmse: 0.32069434979320155
mae: 0.2629539431868927
