fips: 8093
T_interval_start: 254
T_interval_end: 285
sigma: 0.9
gamma: 0.04
rmse: 1.2468549905082713
mae: 1.1339957642022287
