fips: 8093
T_interval_start: 954
T_interval_end: 984
sigma: 0.9
gamma: 0.04
rmse: 13.368323421433919
mae: 12.609947782436231
