fips: 8093
T_interval_start: 650
T_interval_end: 680
sigma: 0.9800000000000001
gamma: 0.04
rmse: 3.9961267618650047
mae: 3.17456095052148
