fips: 8093
T_interval_start: 801
T_interval_end: 831
sigma: 0.9900000000000001
gamma: 0.04
rmse: 17.343626284944776
mae: 17.122586416184095
