fips: 8093
T_interval_start: 589
T_interval_end: 619
sigma: 0.9900000000000001
gamma: 0.04
rmse: 23.163371507544095
mae: 23.130534695899566
