fips: 8093
T_interval_start: 71
T_interval_end: 101
sigma: 0.9500000000000001
gamma: 0.1
rmse: 0.24506793122218135
mae: 0.20307173342682264
