fips: 8093
T_interval_start: 162
T_interval_end: 193
sigma: 0.9500000000000001
gamma: 0.2
rmse: 0.37058875188106555
mae: 0.3221588760543932
