fips: 8077
T_interval_start: 436
T_interval_end: 466
sigma: 0.9500000000000001
gamma: 0.05
rmse: 53.10312379144024
