fips: 8077
T_interval_start: 315
T_interval_end: 346
sigma: 0.6000000000000001
gamma: 0.05
rmse: 96.59227014258184
