fips: 8077
T_interval_start: 801
T_interval_end: 831
sigma: 0.9500000000000001
gamma: 0.05
rmse: 38.11034719816734
