fips: 8077
T_interval_start: 71
T_interval_end: 101
sigma: 0.9500000000000001
gamma: 0.35000000000000003
rmse: 4.555067455657506
