fips: 8077
T_interval_start: 193
T_interval_end: 224
sigma: 0.9500000000000001
gamma: 0.05
rmse: 5.044417629533366
