fips: 8077
T_interval_start: 224
T_interval_end: 254
sigma: 0.9000000000000001
gamma: 0.05
rmse: 17.56664645956488
