fips: 8077
T_interval_start: 315
T_interval_end: 346
sigma: 0.9
gamma: 0.04
rmse: 96.63078020964213
mae: 61.133930003799215
