fips: 8077
T_interval_start: 193
T_interval_end: 224
sigma: 0.9
gamma: 0.04
rmse: 15.370250360396223
mae: 15.12920991302904
