fips: 8077
T_interval_start: 619
T_interval_end: 650
sigma: 0.9
gamma: 0.03
rmse: 186.48721829502114
mae: 170.5094518542747
