fips: 8077
T_interval_start: 466
T_interval_end: 497
sigma: 0.9
gamma: 0.04
rmse: 153.26362188323796
mae: 147.40300986344664
