fips: 8077
T_interval_start: 497
T_interval_end: 527
sigma: 0.9
gamma: 0.04
rmse: 230.52115334337097
mae: 229.93472171207955
