fips: 8077
T_interval_start: 770
T_interval_end: 801
sigma: 0.9900000000000001
gamma: 0.03
rmse: 162.0479526918813
mae: 146.080290909457
