fips: 8077
T_interval_start: 742
T_interval_end: 770
sigma: 0.9
gamma: 0.03
rmse: 2176.9106766124487
mae: 1939.3117796795655
