fips: 8077
T_interval_start: 831
T_interval_end: 862
sigma: 0.9
gamma: 0.03
rmse: 69.57044751719592
mae: 53.66045802861686
