fips: 8077
T_interval_start: 224
T_interval_end: 254
sigma: 0.9
gamma: 0.04
rmse: 12.404000590690744
mae: 11.915620871462348
