fips: 8077
T_interval_start: 254
T_interval_end: 285
sigma: 0.9900000000000001
gamma: 0.04
rmse: 18.944640998586088
mae: 17.53075198169833
