fips: 8077
T_interval_start: 801
T_interval_end: 831
sigma: 0.9900000000000001
gamma: 0.03
rmse: 71.52318053360025
mae: 64.47850538600784
