fips: 8077
T_interval_start: 923
T_interval_end: 954
sigma: 0.9
gamma: 0.03
rmse: 351.48665317688733
mae: 345.550395858299
