fips: 8077
T_interval_start: 527
T_interval_end: 558
sigma: 0.9
gamma: 0.04
rmse: 248.02332884006844
mae: 247.5892230179985
