fips: 8077
T_interval_start: 405
T_interval_end: 436
sigma: 0.9900000000000001
gamma: 0.04
rmse: 51.09171345026983
mae: 46.64814559621587
