fips: 8077
T_interval_start: 162
T_interval_end: 193
sigma: 0.9
gamma: 0.04
rmse: 5.360097117572914
mae: 4.6574134464445835
