fips: 8077
T_interval_start: 377
T_interval_end: 405
sigma: 0.9
gamma: 0.04
rmse: 108.58291984793672
mae: 88.1086453518869
