fips: 8077
T_interval_start: 436
T_interval_end: 466
sigma: 0.9900000000000001
gamma: 0.04
rmse: 38.08495370803458
mae: 32.07397539272987
