fips: 8077
T_interval_start: 132
T_interval_end: 162
sigma: 0.9
gamma: 0.04
rmse: 11.441210767884305
mae: 11.37303250930086
