fips: 8077
T_interval_start: 558
T_interval_end: 589
sigma: 0.9900000000000001
gamma: 0.03
rmse: 186.82850623502685
mae: 186.218766049664
