fips: 8077
T_interval_start: 497
T_interval_end: 527
sigma: 0.9
gamma: 0.04
rmse: 241.28116172795038
mae: 240.73287714187634
