fips: 8077
T_interval_start: 680
T_interval_end: 711
sigma: 0.9
gamma: 0.03
rmse: 517.5139996368214
mae: 517.0042301825466
