fips: 8077
T_interval_start: 285
T_interval_end: 315
sigma: 0.9
gamma: 0.04
rmse: 247.8991221487678
mae: 235.5723789851827
