fips: 8077
T_interval_start: 742
T_interval_end: 770
sigma: 0.9900000000000001
gamma: 0.02
rmse: 1872.3036998655673
mae: 1780.5747763943607
