fips: 8077
T_interval_start: 619
T_interval_end: 650
sigma: 0.9
gamma: 0.03
rmse: 167.4477999289516
mae: 154.46078149428948
