fips: 8077
T_interval_start: 589
T_interval_end: 619
sigma: 0.9900000000000001
gamma: 0.03
rmse: 66.85083566455789
mae: 54.740243354709456
