fips: 8077
T_interval_start: 346
T_interval_end: 377
sigma: 0.9900000000000001
gamma: 0.04
rmse: 192.30391852352327
mae: 150.71278173340343
