fips: 8077
T_interval_start: 650
T_interval_end: 680
sigma: 0.9
gamma: 0.03
rmse: 527.6652843375483
mae: 508.08196839803765
