fips: 8077
T_interval_start: 254
T_interval_end: 285
sigma: 0.9
gamma: 0.04
rmse: 97.83433705635551
mae: 94.80608126892537
