fips: 8077
T_interval_start: 1015
T_interval_end: 1045
sigma: 0.9900000000000001
gamma: 0.02
rmse: 377.0722769331894
mae: 374.78352488858553
