fips: 8077
T_interval_start: 405
T_interval_end: 436
sigma: 0.9900000000000001
gamma: 0.04
rmse: 76.15890462980035
mae: 73.80984295256906
