fips: 8077
T_interval_start: 1076
T_interval_end: 1107
sigma: 0.9900000000000001
gamma: 0.02
rmse: 241.24411487089793
mae: 238.64690112983408
