fips: 8077
T_interval_start: 101
T_interval_end: 132
sigma: 0.05
gamma: 0.1
rmse: 1.7827175642955375
mae: 1.5630705252489008
