fips: 8077
T_interval_start: 711
T_interval_end: 742
sigma: 0.9900000000000001
gamma: 0.02
rmse: 1404.5206869804524
mae: 1398.75299220504
