fips: 8077
T_interval_start: 377
T_interval_end: 405
sigma: 0.9
gamma: 0.04
rmse: 57.90817783829489
mae: 48.88056673955494
