fips: 8077
T_interval_start: 1107
T_interval_end: 1135
sigma: 0.9900000000000001
gamma: 0.02
rmse: 171.69534197981767
mae: 168.9882244665377
