fips: 8077
T_interval_start: 1045
T_interval_end: 1076
sigma: 0.9900000000000001
gamma: 0.02
rmse: 280.7118428323085
mae: 280.22268058900676
