fips: 8077
T_interval_start: 984
T_interval_end: 1015
sigma: 0.9
gamma: 0.03
rmse: 201.57754574254724
mae: 196.86882334675772
