fips: 8077
T_interval_start: 315
T_interval_end: 346
sigma: 0.9900000000000001
gamma: 0.04
rmse: 553.217145449298
mae: 548.653588907958
