fips: 8077
T_interval_start: 193
T_interval_end: 224
sigma: 0.9
gamma: 0.04
rmse: 66.2358698281639
mae: 66.07655469688153
