fips: 8077
T_interval_start: 162
T_interval_end: 193
sigma: 0.9
gamma: 0.04
rmse: 32.67493547832308
mae: 29.68470236652278
