fips: 8077
T_interval_start: 923
T_interval_end: 954
sigma: 0.9
gamma: 0.03
rmse: 386.0059940509647
mae: 381.3848577740621
