fips: 8077
T_interval_start: 101
T_interval_end: 132
sigma: 0.9500000000000001
gamma: 0.15000000000000002
rmse: 0.9609057068133572
mae: 0.7863362842983038
