fips: 8077
T_interval_start: 497
T_interval_end: 527
sigma: 0.9
gamma: 0.04
rmse: 119.47009366764061
mae: 118.35018169148961
