fips: 8077
T_interval_start: 923
T_interval_end: 954
sigma: 0.9
gamma: 0.03
rmse: 339.5664415957782
mae: 335.12118556302926
