fips: 8077
T_interval_start: 650
T_interval_end: 680
sigma: 0.9
gamma: 0.03
rmse: 417.6143487620146
mae: 398.2432822860037
