fips: 8077
T_interval_start: 862
T_interval_end: 892
sigma: 0.9
gamma: 0.03
rmse: 286.19663930991794
mae: 267.47620252750914
