fips: 8077
T_interval_start: 132
T_interval_end: 162
sigma: 0.9
gamma: 0.04
rmse: 2.537136513663172
mae: 2.486704441017161
