fips: 8077
T_interval_start: 954
T_interval_end: 984
sigma: 0.9
gamma: 0.03
rmse: 189.40068339702398
mae: 184.05142650251153
