fips: 8077
T_interval_start: 711
T_interval_end: 742
sigma: 0.9900000000000001
gamma: 0.02
rmse: 1489.862061732845
mae: 1487.5115377337956
