fips: 8077
T_interval_start: 680
T_interval_end: 711
sigma: 0.9
gamma: 0.03
rmse: 438.08897042789465
mae: 437.7245724653844
