fips: 8077
T_interval_start: 71
T_interval_end: 101
sigma: 0.9
gamma: 0.04
rmse: 2.8073256728179468
mae: 2.3724928233338227
