fips: 8077
T_interval_start: 193
T_interval_end: 224
sigma: 0.9
gamma: 0.04
rmse: 16.9156523286926
mae: 16.77996848812362
