fips: 8077
T_interval_start: 1045
T_interval_end: 1076
sigma: 0.9900000000000001
gamma: 0.02
rmse: 430.0220096091579
mae: 428.95634796036376
