fips: 8077
T_interval_start: 377
T_interval_end: 405
sigma: 0.9
gamma: 0.04
rmse: 97.78621192344242
mae: 87.8105617561131
