fips: 8077
T_interval_start: 770
T_interval_end: 801
sigma: 0.9900000000000001
gamma: 0.03
rmse: 161.10529804784977
mae: 141.54154584658704
