fips: 8077
T_interval_start: 831
T_interval_end: 862
sigma: 0.9900000000000001
gamma: 0.03
rmse: 50.01947989387869
mae: 41.90328344338709
