fips: 8077
T_interval_start: 742
T_interval_end: 770
sigma: 0.9900000000000001
gamma: 0.02
rmse: 2132.136712958661
mae: 2057.066051426512
