fips: 8077
T_interval_start: 558
T_interval_end: 589
sigma: 0.9
gamma: 0.04
rmse: 181.57425987916378
mae: 178.52239919560452
