fips: 8077
T_interval_start: 224
T_interval_end: 254
sigma: 0.9
gamma: 0.04
rmse: 14.413815141394254
mae: 14.236868522985118
