fips: 8077
T_interval_start: 405
T_interval_end: 436
sigma: 0.9900000000000001
gamma: 0.04
rmse: 44.05090839406665
mae: 38.41082950751589
