fips: 8077
T_interval_start: 984
T_interval_end: 1015
sigma: 0.9
gamma: 0.03
rmse: 185.98475681183405
mae: 181.55646347702861
