fips: 8077
T_interval_start: 892
T_interval_end: 923
sigma: 0.9
gamma: 0.03
rmse: 363.81302233961793
mae: 361.8817491169935
