fips: 8077
T_interval_start: 285
T_interval_end: 315
sigma: 0.9
gamma: 0.04
rmse: 66.25299343592279
mae: 60.50359612299984
