fips: 8077
T_interval_start: 254
T_interval_end: 285
sigma: 0.9
gamma: 0.04
rmse: 24.939896802848008
mae: 24.22036322810277
