fips: 8077
T_interval_start: 466
T_interval_end: 497
sigma: 0.9
gamma: 0.04
rmse: 34.33661645147461
mae: 27.64795624114863
