fips: 8077
T_interval_start: 315
T_interval_end: 346
sigma: 0.9900000000000001
gamma: 0.04
rmse: 121.38240926881063
mae: 116.15100040293972
