fips: 8077
T_interval_start: 619
T_interval_end: 650
sigma: 0.9
gamma: 0.03
rmse: 76.62792772913913
mae: 65.70055272345296
