fips: 8077
T_interval_start: 589
T_interval_end: 619
sigma: 0.9900000000000001
gamma: 0.03
rmse: 166.71459415511526
mae: 164.95347279145273
