fips: 8107
T_interval_start: 892
T_interval_end: 923
sigma: 0.9500000000000001
gamma: 0.05
rmse: 18.309288196907705
