fips: 8107
T_interval_start: 954
T_interval_end: 984
sigma: 0.9000000000000001
gamma: 0.1
rmse: 2.4276185623324356
