fips: 8107
T_interval_start: 71
T_interval_end: 101
sigma: 0.9500000000000001
gamma: 0.15000000000000002
rmse: 2.4673966853282767
