fips: 8107
T_interval_start: 862
T_interval_end: 892
sigma: 0.9900000000000001
gamma: 0.03
rmse: 121.20098417355645
mae: 120.83474608805221
