fips: 8107
T_interval_start: 984
T_interval_end: 1015
sigma: 0.9
gamma: 0.03
rmse: 9.456263415402038
mae: 7.923927652760162
