fips: 8107
T_interval_start: 801
T_interval_end: 831
sigma: 0.9
gamma: 0.04
rmse: 25.492399257546182
mae: 24.69650511654766
