fips: 8107
T_interval_start: 742
T_interval_end: 770
sigma: 0.9900000000000001
gamma: 0.03
rmse: 244.6193896410151
mae: 226.4178709436919
