fips: 8107
T_interval_start: 315
T_interval_end: 346
sigma: 0.9900000000000001
gamma: 0.04
rmse: 130.78103272821977
mae: 130.04469296772749
