fips: 8107
T_interval_start: 650
T_interval_end: 680
sigma: 0.9900000000000001
gamma: 0.03
rmse: 13.952606905369572
mae: 11.568775757121061
