fips: 8107
T_interval_start: 680
T_interval_end: 711
sigma: 0.9900000000000001
gamma: 0.03
rmse: 48.59980530122788
mae: 45.046137773377886
