fips: 8107
T_interval_start: 101
T_interval_end: 132
sigma: 0.9900000000000001
gamma: 0.04
rmse: 3.8349843704167292
mae: 3.829607089364034
