fips: 8107
T_interval_start: 405
T_interval_end: 436
sigma: 0.9900000000000001
gamma: 0.04
rmse: 66.3359191557377
mae: 64.82824856777586
