fips: 8107
T_interval_start: 1045
T_interval_end: 1076
sigma: 0.9
gamma: 0.03
rmse: 23.235678826575832
mae: 22.546791323498603
