fips: 8107
T_interval_start: 285
T_interval_end: 315
sigma: 0.9
gamma: 0.04
rmse: 56.500518452940476
mae: 49.49296816878663
