fips: 8107
T_interval_start: 770
T_interval_end: 801
sigma: 0.9
gamma: 0.04
rmse: 55.40018935531198
mae: 52.97992017068985
