fips: 8107
T_interval_start: 923
T_interval_end: 954
sigma: 0.9900000000000001
gamma: 0.03
rmse: 33.234407617039814
mae: 32.75466324701664
