fips: 8107
T_interval_start: 346
T_interval_end: 377
sigma: 0.9
gamma: 0.04
rmse: 79.67901361521822
mae: 78.62306382675081
