fips: 8107
T_interval_start: 193
T_interval_end: 224
sigma: 0.9
gamma: 0.04
rmse: 6.20877941995062
mae: 5.661892411427868
