fips: 8107
T_interval_start: 1015
T_interval_end: 1045
sigma: 0.9
gamma: 0.03
rmse: 13.110924258919185
mae: 12.779282652644234
