fips: 8107
T_interval_start: 466
T_interval_end: 497
sigma: 0.9900000000000001
gamma: 0.04
rmse: 16.539853157052505
mae: 15.820295847293433
