fips: 8107
T_interval_start: 831
T_interval_end: 862
sigma: 0.9
gamma: 0.04
rmse: 47.509522061090834
mae: 42.35980591221807
