fips: 8107
T_interval_start: 377
T_interval_end: 405
sigma: 0.9900000000000001
gamma: 0.04
rmse: 124.5666927915815
mae: 123.77113641085339
