fips: 8107
T_interval_start: 558
T_interval_end: 589
sigma: 0.9
gamma: 0.04
rmse: 37.53828062809365
mae: 34.330362145025695
