fips: 8107
T_interval_start: 619
T_interval_end: 650
sigma: 0.9900000000000001
gamma: 0.03
rmse: 59.51209574112941
mae: 57.60283535530018
