fips: 8107
T_interval_start: 436
T_interval_end: 466
sigma: 0.9900000000000001
gamma: 0.04
rmse: 3.498724568355639
mae: 2.9616768058842804
