fips: 8107
T_interval_start: 770
T_interval_end: 801
sigma: 0.9900000000000001
gamma: 0.03
rmse: 79.61557714678783
mae: 72.271116993437
