fips: 8107
T_interval_start: 254
T_interval_end: 285
sigma: 0.9
gamma: 0.04
rmse: 15.403545470760145
mae: 14.822943011378701
