fips: 8107
T_interval_start: 1045
T_interval_end: 1076
sigma: 0.9
gamma: 0.03
rmse: 28.218517759834974
mae: 27.964871316369535
