fips: 8107
T_interval_start: 527
T_interval_end: 558
sigma: 0.9900000000000001
gamma: 0.03
rmse: 15.769801663394723
mae: 15.549354174257402
