fips: 8107
T_interval_start: 589
T_interval_end: 619
sigma: 0.9
gamma: 0.03
rmse: 13.413642181033325
mae: 11.950671096238501
