fips: 8107
T_interval_start: 497
T_interval_end: 527
sigma: 0.9
gamma: 0.04
rmse: 2.6119370802327793
mae: 2.2377690154872747
