fips: 8107
T_interval_start: 71
T_interval_end: 101
sigma: 0.9
gamma: 0.04
rmse: 5.542904115799423
mae: 5.073408197475924
