fips: 8107
T_interval_start: 101
T_interval_end: 132
sigma: 0.9900000000000001
gamma: 0.04
rmse: 6.615589097251584
mae: 6.605710351729887
