fips: 8107
T_interval_start: 680
T_interval_end: 711
sigma: 0.9900000000000001
gamma: 0.03
rmse: 24.23084389572387
mae: 20.241086985325403
