fips: 8107
T_interval_start: 923
T_interval_end: 954
sigma: 0.9
gamma: 0.03
rmse: 21.42698061654914
mae: 20.249290593556793
