fips: 8107
T_interval_start: 984
T_interval_end: 1015
sigma: 0.9
gamma: 0.03
rmse: 18.716194101336146
mae: 17.48117160383444
