fips: 8107
T_interval_start: 711
T_interval_end: 742
sigma: 0.9
gamma: 0.03
rmse: 495.18446518616537
mae: 460.8564155078346
