fips: 8107
T_interval_start: 377
T_interval_end: 405
sigma: 0.9900000000000001
gamma: 0.04
rmse: 13.929842296863008
mae: 11.603886493629725
