fips: 8107
T_interval_start: 193
T_interval_end: 224
sigma: 0.9
gamma: 0.04
rmse: 6.268400067799744
mae: 6.145252540373712
