fips: 8107
T_interval_start: 862
T_interval_end: 892
sigma: 0.9
gamma: 0.03
rmse: 12.732391634975212
mae: 11.766855396236313
