fips: 8107
T_interval_start: 285
T_interval_end: 315
sigma: 0.9
gamma: 0.04
rmse: 64.77115318565811
mae: 58.41701484329307
