fips: 8107
T_interval_start: 801
T_interval_end: 831
sigma: 0.9
gamma: 0.04
rmse: 52.10159251039249
mae: 51.87198020169012
