fips: 8107
T_interval_start: 346
T_interval_end: 377
sigma: 0.9900000000000001
gamma: 0.04
rmse: 58.16350753183473
mae: 50.1107789329922
