fips: 8107
T_interval_start: 892
T_interval_end: 923
sigma: 0.9
gamma: 0.03
rmse: 22.680307379059954
mae: 20.272725515947506
