fips: 8107
T_interval_start: 466
T_interval_end: 497
sigma: 0.9900000000000001
gamma: 0.04
rmse: 5.014196937776493
mae: 3.984689471339178
