fips: 8107
T_interval_start: 405
T_interval_end: 436
sigma: 0.9900000000000001
gamma: 0.04
rmse: 13.452294311341774
mae: 11.550263098483569
