fips: 8107
T_interval_start: 770
T_interval_end: 801
sigma: 0.9
gamma: 0.04
rmse: 41.28041001421493
mae: 39.808620101078134
