fips: 8107
T_interval_start: 801
T_interval_end: 831
sigma: 0.9
gamma: 0.04
rmse: 14.424314989603838
mae: 13.965242898002987
