fips: 8107
T_interval_start: 589
T_interval_end: 619
sigma: 0.9900000000000001
gamma: 0.03
rmse: 93.56226080461329
mae: 93.51425140545389
