fips: 8107
T_interval_start: 527
T_interval_end: 558
sigma: 0.9
gamma: 0.04
rmse: 11.482012092378966
mae: 9.67719954127738
