fips: 8107
T_interval_start: 466
T_interval_end: 497
sigma: 0.9900000000000001
gamma: 0.04
rmse: 5.346604967678478
mae: 4.827080890698859
