fips: 8107
T_interval_start: 650
T_interval_end: 680
sigma: 0.9900000000000001
gamma: 0.03
rmse: 28.082245365577098
mae: 26.54975141765268
