fips: 8107
T_interval_start: 984
T_interval_end: 1015
sigma: 0.9900000000000001
gamma: 0.03
rmse: 7.0183253207285174
mae: 6.099881813195604
