fips: 8107
T_interval_start: 497
T_interval_end: 527
sigma: 0.9900000000000001
gamma: 0.04
rmse: 2.276802654585079
mae: 2.154581447320744
