fips: 8107
T_interval_start: 923
T_interval_end: 954
sigma: 0.9900000000000001
gamma: 0.03
rmse: 32.33306862327407
mae: 31.74699194891514
