fips: 8107
T_interval_start: 132
T_interval_end: 162
sigma: 0.9500000000000001
gamma: 0.1
rmse: 0.3281091276089183
mae: 0.2569793813030789
