fips: 8107
T_interval_start: 285
T_interval_end: 315
sigma: 0.9
gamma: 0.04
rmse: 42.87716178910321
mae: 37.26661387448196
