fips: 8107
T_interval_start: 405
T_interval_end: 436
sigma: 0.9900000000000001
gamma: 0.04
rmse: 24.33265178897414
mae: 23.33087209216752
