fips: 8107
T_interval_start: 377
T_interval_end: 405
sigma: 0.9900000000000001
gamma: 0.04
rmse: 41.02519003437218
mae: 40.977325730612456
