fips: 8107
T_interval_start: 101
T_interval_end: 132
sigma: 0.9900000000000001
gamma: 0.04
rmse: 3.277352218024016
mae: 3.271125429733109
