fips: 8107
T_interval_start: 193
T_interval_end: 224
sigma: 0.9
gamma: 0.04
rmse: 3.932982082698963
mae: 3.545816829787575
