fips: 8107
T_interval_start: 1045
T_interval_end: 1076
sigma: 0.9
gamma: 0.03
rmse: 19.72228909807694
mae: 19.122916495722812
