fips: 8107
T_interval_start: 254
T_interval_end: 285
sigma: 0.9
gamma: 0.04
rmse: 9.591549380174888
mae: 9.44908439235815
