fips: 8107
T_interval_start: 315
T_interval_end: 346
sigma: 0.9900000000000001
gamma: 0.04
rmse: 86.42922054894883
mae: 85.8635863478797
