fips: 8107
T_interval_start: 619
T_interval_end: 650
sigma: 0.9900000000000001
gamma: 0.03
rmse: 71.21712490693302
mae: 69.64636795101703
