fips: 8107
T_interval_start: 1015
T_interval_end: 1045
sigma: 0.9
gamma: 0.03
rmse: 8.479795067525973
mae: 7.740457522656497
