fips: 8107
T_interval_start: 71
T_interval_end: 101
sigma: 0.9
gamma: 0.04
rmse: 1.8452113517509756
mae: 1.3517079171451354
