fips: 8107
T_interval_start: 711
T_interval_end: 742
sigma: 0.9
gamma: 0.03
rmse: 112.4601781154003
mae: 96.27410213550664
