fips: 8107
T_interval_start: 954
T_interval_end: 984
sigma: 0.9900000000000001
gamma: 0.03
rmse: 20.612235009411364
mae: 20.253483124024953
