fips: 8089
T_interval_start: 984
T_interval_end: 1015
sigma: 0.9000000000000001
gamma: 0.05
rmse: 3.979981413696461
