fips: 8089
T_interval_start: 680
T_interval_end: 711
sigma: 0.9000000000000001
gamma: 0.1
rmse: 15.857066731338685
