fips: 8089
T_interval_start: 346
T_interval_end: 377
sigma: 0.35000000000000003
gamma: 0.1
rmse: 9.512769947800464
