fips: 8089
T_interval_start: 466
T_interval_end: 497
sigma: 0.9500000000000001
gamma: 0.05
rmse: 5.21108465728949
