fips: 8089
T_interval_start: 405
T_interval_end: 436
sigma: 0.9500000000000001
gamma: 0.1
rmse: 4.529287187472676
