fips: 8089
T_interval_start: 1076
T_interval_end: 1107
sigma: 0.7000000000000001
gamma: 0.05
rmse: 4.514334918968198
