fips: 8089
T_interval_start: 1045
T_interval_end: 1076
sigma: 0.9000000000000001
gamma: 0.1
rmse: 6.218057750460707
