fips: 8089
T_interval_start: 984
T_interval_end: 1015
sigma: 0.9900000000000001
gamma: 0.02
rmse: 18.884219631096066
mae: 17.714112316531462
