fips: 8089
T_interval_start: 680
T_interval_end: 711
sigma: 0.9900000000000001
gamma: 0.04
rmse: 22.024396880407288
mae: 18.98247746725443
