fips: 8089
T_interval_start: 1045
T_interval_end: 1076
sigma: 0.9900000000000001
gamma: 0.02
rmse: 48.4525730442635
mae: 46.29089406019293
