fips: 8089
T_interval_start: 1015
T_interval_end: 1045
sigma: 0.9900000000000001
gamma: 0.02
rmse: 28.795112636721974
mae: 24.479166178607514
