fips: 8089
T_interval_start: 650
T_interval_end: 680
sigma: 0.9900000000000001
gamma: 0.04
rmse: 56.33068441853125
mae: 44.32108663053418
