fips: 8089
T_interval_start: 892
T_interval_end: 923
sigma: 0.9
gamma: 0.03
rmse: 35.27148048274559
mae: 33.17844327309899
