fips: 8089
T_interval_start: 954
T_interval_end: 984
sigma: 0.9900000000000001
gamma: 0.02
rmse: 30.674089181818754
mae: 29.460589380784256
