fips: 8089
T_interval_start: 589
T_interval_end: 619
sigma: 0.9900000000000001
gamma: 0.04
rmse: 113.03590037681319
mae: 110.65018916589862
