fips: 8089
T_interval_start: 558
T_interval_end: 589
sigma: 0.9900000000000001
gamma: 0.04
rmse: 56.079040164186445
mae: 55.96847324799377
