fips: 8089
T_interval_start: 193
T_interval_end: 224
sigma: 0.9700000000000001
gamma: 0.04
rmse: 6.621231575459153
mae: 5.108248029151919
