fips: 8089
T_interval_start: 801
T_interval_end: 831
sigma: 0.9900000000000001
gamma: 0.04
rmse: 2.1911973027786655
mae: 1.9980399827519442
