fips: 8089
T_interval_start: 285
T_interval_end: 315
sigma: 0.9
gamma: 0.04
rmse: 68.80344646824723
mae: 63.11609656534109
