fips: 8089
T_interval_start: 711
T_interval_end: 742
sigma: 0.9
gamma: 0.04
rmse: 86.35268519214888
mae: 65.32773871211067
