fips: 8089
T_interval_start: 497
T_interval_end: 527
sigma: 0.9900000000000001
gamma: 0.04
rmse: 102.62572146007551
mae: 98.61498638072479
