fips: 8089
T_interval_start: 254
T_interval_end: 285
sigma: 0.9
gamma: 0.04
rmse: 15.136975144485115
mae: 15.092334779818863
