fips: 8089
T_interval_start: 742
T_interval_end: 770
sigma: 0.9
gamma: 0.04
rmse: 134.8899742827219
mae: 117.91132143031294
