fips: 8089
T_interval_start: 346
T_interval_end: 377
sigma: 0.9900000000000001
gamma: 0.04
rmse: 262.0630332089713
mae: 256.95096717859775
