fips: 8089
T_interval_start: 831
T_interval_end: 862
sigma: 0.9
gamma: 0.04
rmse: 8.184461621195101
mae: 6.944194405642418
