fips: 8089
T_interval_start: 619
T_interval_end: 650
sigma: 0.9900000000000001
gamma: 0.04
rmse: 104.77808526191076
mae: 104.27353531552417
