fips: 8089
T_interval_start: 436
T_interval_end: 466
sigma: 0.9900000000000001
gamma: 0.04
rmse: 116.68566034950456
mae: 114.8961769603104
