fips: 8089
T_interval_start: 923
T_interval_end: 954
sigma: 0.9
gamma: 0.03
rmse: 48.812081998683944
mae: 47.65097994193476
