fips: 8089
T_interval_start: 527
T_interval_end: 558
sigma: 0.9900000000000001
gamma: 0.04
rmse: 58.54575702820735
mae: 58.531301639860125
