fips: 8089
T_interval_start: 466
T_interval_end: 497
sigma: 0.9900000000000001
gamma: 0.04
rmse: 186.76081033857812
mae: 186.09713759871013
