fips: 8089
T_interval_start: 831
T_interval_end: 862
sigma: 0.9
gamma: 0.04
rmse: 9.554317509006891
mae: 8.950674902952583
