fips: 8089
T_interval_start: 742
T_interval_end: 770
sigma: 0.9
gamma: 0.04
rmse: 167.00458180480902
mae: 149.92651330377012
