fips: 8089
T_interval_start: 862
T_interval_end: 892
sigma: 0.9900000000000001
gamma: 0.03
rmse: 28.53202896283444
mae: 24.210995556673993
