fips: 8089
T_interval_start: 770
T_interval_end: 801
sigma: 0.9
gamma: 0.04
rmse: 11.946837293844016
mae: 10.363146407446097
