fips: 8089
T_interval_start: 466
T_interval_end: 497
sigma: 0.9900000000000001
gamma: 0.04
rmse: 96.76730933259087
mae: 96.45503528390711
