fips: 8089
T_interval_start: 405
T_interval_end: 436
sigma: 0.9900000000000001
gamma: 0.04
rmse: 60.99132249594052
mae: 60.606635599462706
