fips: 8089
T_interval_start: 650
T_interval_end: 680
sigma: 0.9
gamma: 0.04
rmse: 94.74234677878142
mae: 88.84289650642134
