fips: 8089
T_interval_start: 315
T_interval_end: 346
sigma: 0.9900000000000001
gamma: 0.04
rmse: 28.002312297504027
mae: 24.25574351541131
