fips: 8089
T_interval_start: 254
T_interval_end: 285
sigma: 0.9
gamma: 0.04
rmse: 11.861331186561985
mae: 11.77868976015655
