fips: 8089
T_interval_start: 527
T_interval_end: 558
sigma: 0.9900000000000001
gamma: 0.04
rmse: 29.47452065670483
mae: 29.46342828041865
