fips: 8089
T_interval_start: 193
T_interval_end: 224
sigma: 0.9900000000000001
gamma: 0.04
rmse: 3.571521181680131
mae: 2.7399406605576955
