fips: 8089
T_interval_start: 1015
T_interval_end: 1045
sigma: 0.9900000000000001
gamma: 0.02
rmse: 22.313478555455887
mae: 19.113788422975496
