fips: 8089
T_interval_start: 497
T_interval_end: 527
sigma: 0.9900000000000001
gamma: 0.04
rmse: 52.5718292038631
mae: 50.594661093095894
