fips: 8089
T_interval_start: 224
T_interval_end: 254
sigma: 0.1
gamma: 0.05
rmse: 4.997695396771569
mae: 4.368619134599569
