fips: 8089
T_interval_start: 1076
T_interval_end: 1107
sigma: 0.9900000000000001
gamma: 0.02
rmse: 3.8205165781142973
mae: 3.2542957057135595
