fips: 8089
T_interval_start: 619
T_interval_end: 650
sigma: 0.9
gamma: 0.04
rmse: 35.67114667950177
mae: 33.219491801194195
