fips: 8089
T_interval_start: 589
T_interval_end: 619
sigma: 0.9900000000000001
gamma: 0.04
rmse: 37.009446699440936
mae: 36.946412473656466
