fips: 8089
T_interval_start: 1045
T_interval_end: 1076
sigma: 0.9
gamma: 0.02
rmse: 12.42465446737378
mae: 10.753662308927503
