fips: 8089
T_interval_start: 680
T_interval_end: 711
sigma: 0.9
gamma: 0.04
rmse: 73.56557397596342
mae: 58.89952964863778
