fips: 8089
T_interval_start: 377
T_interval_end: 405
sigma: 0.9900000000000001
gamma: 0.04
rmse: 122.82036082375235
mae: 121.8950003131799
