fips: 8089
T_interval_start: 132
T_interval_end: 162
sigma: 0.9500000000000001
gamma: 0.55
rmse: 0.12992630322249438
mae: 0.09766640220896884
