fips: 8089
T_interval_start: 466
T_interval_end: 497
sigma: 0.9900000000000001
gamma: 0.04
rmse: 190.99211359680686
mae: 190.17056136277455
