fips: 8089
T_interval_start: 254
T_interval_end: 285
sigma: 0.9
gamma: 0.04
rmse: 12.929690956031566
mae: 12.901403067397935
