fips: 8089
T_interval_start: 892
T_interval_end: 923
sigma: 0.9
gamma: 0.03
rmse: 42.33614322439946
mae: 41.51186473905422
