fips: 8089
T_interval_start: 193
T_interval_end: 224
sigma: 0.9800000000000001
gamma: 0.04
rmse: 5.401926481709357
mae: 4.185760676746932
