fips: 8089
T_interval_start: 650
T_interval_end: 680
sigma: 0.9900000000000001
gamma: 0.04
rmse: 37.894935645494165
mae: 33.77709857592502
