fips: 8089
T_interval_start: 742
T_interval_end: 770
sigma: 0.9
gamma: 0.04
rmse: 159.14466193486618
mae: 142.33150018806407
