fips: 8089
T_interval_start: 770
T_interval_end: 801
sigma: 0.9
gamma: 0.04
rmse: 8.70265423700137
mae: 6.906278134758626
