fips: 8089
T_interval_start: 984
T_interval_end: 1015
sigma: 0.9900000000000001
gamma: 0.02
rmse: 20.344298849626398
mae: 19.480774977046092
