fips: 8089
T_interval_start: 101
T_interval_end: 132
sigma: 0.9500000000000001
gamma: 0.15000000000000002
rmse: 0.19217781813141283
mae: 0.15605361207007024
