fips: 8089
T_interval_start: 801
T_interval_end: 831
sigma: 0.9
gamma: 0.04
rmse: 2.917209917877718
mae: 2.4808300624773847
