fips: 8089
T_interval_start: 558
T_interval_end: 589
sigma: 0.9900000000000001
gamma: 0.04
rmse: 54.3326657137617
mae: 54.17266629868213
