fips: 8089
T_interval_start: 527
T_interval_end: 558
sigma: 0.9900000000000001
gamma: 0.04
rmse: 56.484477889077866
mae: 56.46346353279261
