fips: 8089
T_interval_start: 711
T_interval_end: 742
sigma: 0.9
gamma: 0.04
rmse: 101.86026017236806
mae: 74.88095471803408
