fips: 8089
T_interval_start: 346
T_interval_end: 377
sigma: 0.9900000000000001
gamma: 0.04
rmse: 231.08547843753888
mae: 227.1687728675504
