fips: 8089
T_interval_start: 923
T_interval_end: 954
sigma: 0.9
gamma: 0.03
rmse: 51.54288212725948
mae: 50.5021914753557
