fips: 8089
T_interval_start: 405
T_interval_end: 436
sigma: 0.9900000000000001
gamma: 0.04
rmse: 119.1816563466367
mae: 117.87675597607682
