fips: 8089
T_interval_start: 862
T_interval_end: 892
sigma: 0.9
gamma: 0.03
rmse: 27.293529858391096
mae: 23.54428797019792
