fips: 8089
T_interval_start: 831
T_interval_end: 862
sigma: 0.9
gamma: 0.04
rmse: 9.645070934271153
mae: 8.823837247176426
