fips: 8089
T_interval_start: 497
T_interval_end: 527
sigma: 0.9900000000000001
gamma: 0.04
rmse: 98.78315016602693
mae: 95.25890590361404
