fips: 8089
T_interval_start: 315
T_interval_end: 346
sigma: 0.9900000000000001
gamma: 0.04
rmse: 227.35970683567612
mae: 224.37124680522356
