fips: 8089
T_interval_start: 285
T_interval_end: 315
sigma: 0.9
gamma: 0.04
rmse: 73.58872568811069
mae: 66.78923409730167
