fips: 8045
T_interval_start: 162
T_interval_end: 193
sigma: 0.9000000000000001
gamma: 0.05
rmse: 16.681964660943542
