fips: 8045
T_interval_start: 742
T_interval_end: 770
sigma: 0.6000000000000001
gamma: 0.1
rmse: 60.04718719102049
