fips: 8045
T_interval_start: 71
T_interval_end: 101
sigma: 0.9500000000000001
gamma: 0.45
rmse: 6.322248714244676
