fips: 8045
T_interval_start: 984
T_interval_end: 1015
sigma: 0.8500000000000001
gamma: 0.05
rmse: 5.636428296009624
