fips: 8045
T_interval_start: 831
T_interval_end: 862
sigma: 0.8500000000000001
gamma: 0.05
rmse: 19.12229063891701
