fips: 8045
T_interval_start: 193
T_interval_end: 224
sigma: 0.9500000000000001
gamma: 0.15000000000000002
rmse: 21.201058207266236
