fips: 8045
T_interval_start: 254
T_interval_end: 285
sigma: 0.9
gamma: 0.04
rmse: 46.64780610575178
mae: 46.38064445482725
