fips: 8045
T_interval_start: 315
T_interval_end: 346
sigma: 0.9900000000000001
gamma: 0.04
rmse: 208.10026041614896
mae: 207.81483443466243
