fips: 8045
T_interval_start: 346
T_interval_end: 377
sigma: 0.9900000000000001
gamma: 0.04
rmse: 171.76814300287296
mae: 167.18166313637138
