fips: 8045
T_interval_start: 892
T_interval_end: 923
sigma: 0.9
gamma: 0.03
rmse: 72.00518082005836
mae: 65.95653033866584
