fips: 8045
T_interval_start: 224
T_interval_end: 254
sigma: 0.9900000000000001
gamma: 0.04
rmse: 48.31380495099993
mae: 48.11864457644341
