fips: 8045
T_interval_start: 527
T_interval_end: 558
sigma: 0.9
gamma: 0.04
rmse: 36.79808564326749
mae: 35.47350062550151
