fips: 8045
T_interval_start: 558
T_interval_end: 589
sigma: 0.9
gamma: 0.04
rmse: 55.545162082416994
mae: 55.400702233472245
