fips: 8045
T_interval_start: 1015
T_interval_end: 1045
sigma: 0.9
gamma: 0.03
rmse: 64.60684512347017
mae: 61.94305481024552
