fips: 8045
T_interval_start: 711
T_interval_end: 742
sigma: 0.9
gamma: 0.03
rmse: 959.2452820891964
mae: 862.7045751813612
