fips: 8045
T_interval_start: 285
T_interval_end: 315
sigma: 0.9
gamma: 0.04
rmse: 115.70442546090894
mae: 111.00723962480922
