fips: 8045
T_interval_start: 436
T_interval_end: 466
sigma: 0.9900000000000001
gamma: 0.04
rmse: 36.093687835623186
mae: 35.926566182911834
