fips: 8045
T_interval_start: 770
T_interval_end: 801
sigma: 0.9
gamma: 0.04
rmse: 157.27971267107856
mae: 147.89348617239384
