fips: 8045
T_interval_start: 405
T_interval_end: 436
sigma: 0.9900000000000001
gamma: 0.04
rmse: 57.13468589168256
mae: 55.83893997113781
