fips: 8045
T_interval_start: 497
T_interval_end: 527
sigma: 0.9
gamma: 0.04
rmse: 12.7480370718854
mae: 11.978383678463448
