fips: 8045
T_interval_start: 132
T_interval_end: 162
sigma: 0.9
gamma: 0.04
rmse: 9.401268378599937
mae: 9.151443283260399
