fips: 8045
T_interval_start: 589
T_interval_end: 619
sigma: 0.9900000000000001
gamma: 0.03
rmse: 61.83937782463263
mae: 61.331887839927866
