fips: 8045
T_interval_start: 1045
T_interval_end: 1076
sigma: 0.9
gamma: 0.03
rmse: 109.52702924940091
mae: 109.24237092247402
