fips: 8045
T_interval_start: 619
T_interval_end: 650
sigma: 0.9900000000000001
gamma: 0.03
rmse: 37.69695600844693
mae: 30.243045152370883
