fips: 8045
T_interval_start: 101
T_interval_end: 132
sigma: 0.9
gamma: 0.04
rmse: 5.816703302315709
mae: 5.717375702935581
