fips: 8045
T_interval_start: 466
T_interval_end: 497
sigma: 0.9900000000000001
gamma: 0.04
rmse: 21.608556130081297
mae: 19.25666050161757
