fips: 8045
T_interval_start: 954
T_interval_end: 984
sigma: 0.9
gamma: 0.03
rmse: 23.58839185842766
mae: 22.421251985869553
