fips: 8045
T_interval_start: 377
T_interval_end: 405
sigma: 0.9900000000000001
gamma: 0.04
rmse: 105.63363240762543
mae: 104.76895121438929
