fips: 8045
T_interval_start: 193
T_interval_end: 224
sigma: 0.9900000000000001
gamma: 0.04
rmse: 144.376425599137
mae: 143.92360578342104
