fips: 8045
T_interval_start: 892
T_interval_end: 923
sigma: 0.9
gamma: 0.03
rmse: 210.6953551061351
mae: 209.45080271296942
