fips: 8045
T_interval_start: 254
T_interval_end: 285
sigma: 0.9
gamma: 0.04
rmse: 121.6571258142654
mae: 118.18040504346244
