fips: 8045
T_interval_start: 346
T_interval_end: 377
sigma: 0.9900000000000001
gamma: 0.04
rmse: 472.9183929582558
mae: 463.86210989104285
