fips: 8045
T_interval_start: 497
T_interval_end: 527
sigma: 0.9
gamma: 0.04
rmse: 13.016933792745577
mae: 11.354305042697698
