fips: 8045
T_interval_start: 742
T_interval_end: 770
sigma: 0.9
gamma: 0.03
rmse: 732.3784493292721
mae: 525.8858344860251
