fips: 8045
T_interval_start: 466
T_interval_end: 497
sigma: 0.9900000000000001
gamma: 0.04
rmse: 39.995107971039474
mae: 38.04767759154701
