fips: 8045
T_interval_start: 1045
T_interval_end: 1076
sigma: 0.9900000000000001
gamma: 0.02
rmse: 86.16208404932493
mae: 84.94157995913793
