fips: 8045
T_interval_start: 162
T_interval_end: 193
sigma: 0.9
gamma: 0.04
rmse: 91.05123664641232
mae: 87.26487698584029
