fips: 8045
T_interval_start: 954
T_interval_end: 984
sigma: 0.9
gamma: 0.03
rmse: 67.18610193288852
mae: 66.93621537398376
