fips: 8045
T_interval_start: 71
T_interval_end: 101
sigma: 0.9
gamma: 0.04
rmse: 22.146616129259687
mae: 19.617498625414175
