fips: 8045
T_interval_start: 1015
T_interval_end: 1045
sigma: 0.9
gamma: 0.03
rmse: 93.13378427061808
mae: 90.93494086493659
