fips: 8045
T_interval_start: 711
T_interval_end: 742
sigma: 0.9900000000000001
gamma: 0.02
rmse: 487.2899546908912
mae: 479.36578898308653
