fips: 8045
T_interval_start: 923
T_interval_end: 954
sigma: 0.9
gamma: 0.03
rmse: 143.75676263260812
mae: 133.4483091314923
