fips: 8045
T_interval_start: 101
T_interval_end: 132
sigma: 0.9
gamma: 0.04
rmse: 24.265932052910397
mae: 24.116332313000132
