fips: 8045
T_interval_start: 862
T_interval_end: 892
sigma: 0.9
gamma: 0.03
rmse: 166.0768127392731
mae: 158.8849253439966
