fips: 8045
T_interval_start: 315
T_interval_end: 346
sigma: 0.9900000000000001
gamma: 0.04
rmse: 725.6712691620969
mae: 725.0645506718952
