fips: 8045
T_interval_start: 285
T_interval_end: 315
sigma: 0.9
gamma: 0.04
rmse: 413.7796444846372
mae: 390.7469530365313
