fips: 8045
T_interval_start: 650
T_interval_end: 680
sigma: 0.9
gamma: 0.03
rmse: 81.65578280074394
mae: 81.03416426951516
