fips: 8045
T_interval_start: 680
T_interval_end: 711
sigma: 0.9
gamma: 0.03
rmse: 177.9808563006543
mae: 173.0851344489772
