fips: 8045
T_interval_start: 405
T_interval_end: 436
sigma: 0.9900000000000001
gamma: 0.04
rmse: 109.73889564452341
mae: 108.24065625833285
