fips: 8045
T_interval_start: 527
T_interval_end: 558
sigma: 0.9
gamma: 0.04
rmse: 40.9105930456264
mae: 39.67544205929017
