fips: 8045
T_interval_start: 801
T_interval_end: 831
sigma: 0.9900000000000001
gamma: 0.03
rmse: 31.796703766631133
mae: 28.1478110090543
