fips: 8045
T_interval_start: 132
T_interval_end: 162
sigma: 0.9
gamma: 0.04
rmse: 34.44184850846089
mae: 33.507444398766346
