fips: 8045
T_interval_start: 466
T_interval_end: 497
sigma: 0.9900000000000001
gamma: 0.04
rmse: 18.507814325339577
mae: 16.85344737962433
