fips: 8045
T_interval_start: 711
T_interval_end: 742
sigma: 0.9900000000000001
gamma: 0.02
rmse: 614.9983654606318
mae: 612.3599187069699
