fips: 8045
T_interval_start: 892
T_interval_end: 923
sigma: 0.9
gamma: 0.03
rmse: 133.922294736439
mae: 132.72287331106102
