fips: 8045
T_interval_start: 954
T_interval_end: 984
sigma: 0.9
gamma: 0.03
rmse: 36.46129098405336
mae: 36.056315958957164
