fips: 8045
T_interval_start: 377
T_interval_end: 405
sigma: 0.9900000000000001
gamma: 0.04
rmse: 132.88692471552878
mae: 130.840295206335
