fips: 8045
T_interval_start: 923
T_interval_end: 954
sigma: 0.9
gamma: 0.03
rmse: 90.2749693813573
mae: 79.549525574758
