fips: 8045
T_interval_start: 285
T_interval_end: 315
sigma: 0.9
gamma: 0.04
rmse: 220.2251118524819
mae: 209.20279479374355
