fips: 8045
T_interval_start: 193
T_interval_end: 224
sigma: 0.9900000000000001
gamma: 0.04
rmse: 64.58148306418197
mae: 64.41557957417142
