fips: 8045
T_interval_start: 831
T_interval_end: 862
sigma: 0.9900000000000001
gamma: 0.03
rmse: 14.85243144586636
mae: 10.539387423351338
