fips: 8045
T_interval_start: 346
T_interval_end: 377
sigma: 0.9900000000000001
gamma: 0.04
rmse: 285.84724780648685
mae: 276.67734867800834
