fips: 8045
T_interval_start: 862
T_interval_end: 892
sigma: 0.9
gamma: 0.03
rmse: 92.49144683422766
mae: 82.57358550333069
