fips: 8045
T_interval_start: 589
T_interval_end: 619
sigma: 0.9900000000000001
gamma: 0.03
rmse: 54.08820397651589
mae: 53.41556851505618
