fips: 8045
T_interval_start: 558
T_interval_end: 589
sigma: 0.9
gamma: 0.04
rmse: 59.99414309405896
mae: 59.87807261195856
