fips: 8045
T_interval_start: 405
T_interval_end: 436
sigma: 0.9900000000000001
gamma: 0.04
rmse: 70.5990918569419
mae: 69.7619063839001
