fips: 8045
T_interval_start: 650
T_interval_end: 680
sigma: 0.9
gamma: 0.03
rmse: 79.5427545925502
mae: 78.64147284207083
