fips: 8045
T_interval_start: 619
T_interval_end: 650
sigma: 0.9
gamma: 0.03
rmse: 31.720411542424205
mae: 27.741242409829933
