fips: 8045
T_interval_start: 984
T_interval_end: 1015
sigma: 0.9
gamma: 0.03
rmse: 42.518607868145274
mae: 42.4336860570707
