fips: 8045
T_interval_start: 224
T_interval_end: 254
sigma: 0.9900000000000001
gamma: 0.04
rmse: 58.00412538983518
mae: 57.8513282726262
