fips: 8045
T_interval_start: 162
T_interval_end: 193
sigma: 0.9
gamma: 0.04
rmse: 35.77451513493088
mae: 34.211823356264695
