fips: 8045
T_interval_start: 497
T_interval_end: 527
sigma: 0.9
gamma: 0.04
rmse: 11.857488468687396
mae: 10.450499887440989
