fips: 8045
T_interval_start: 742
T_interval_end: 770
sigma: 0.9
gamma: 0.03
rmse: 685.1811099223937
mae: 473.1895735821848
