fips: 8125
T_interval_start: 315
T_interval_end: 346
sigma: 0.9000000000000001
gamma: 0.05
rmse: 15.854497151528761
