fips: 8125
T_interval_start: 650
T_interval_end: 680
sigma: 0.9000000000000001
gamma: 0.05
rmse: 3.3319131919205893
