fips: 8125
T_interval_start: 954
T_interval_end: 984
sigma: 0.9000000000000001
gamma: 0.05
rmse: 0.9630136028594359
