fips: 8125
T_interval_start: 862
T_interval_end: 892
sigma: 0.7500000000000001
gamma: 0.05
rmse: 31.46210059875829
