fips: 8125
T_interval_start: 285
T_interval_end: 315
sigma: 0.9500000000000001
gamma: 0.15000000000000002
rmse: 5.150407736829789
