fips: 8125
T_interval_start: 1076
T_interval_end: 1107
sigma: 0.9000000000000001
gamma: 0.15000000000000002
rmse: 4.858990528517132
