fips: 8125
T_interval_start: 680
T_interval_end: 711
sigma: 0.8500000000000001
gamma: 0.05
rmse: 8.734527253469913
