fips: 8125
T_interval_start: 254
T_interval_end: 285
sigma: 0.9
gamma: 0.04
rmse: 34.91447069829837
mae: 34.641219096963134
