fips: 8125
T_interval_start: 346
T_interval_end: 377
sigma: 0.9900000000000001
gamma: 0.04
rmse: 39.79163630557214
mae: 38.61780981560965
