fips: 8125
T_interval_start: 742
T_interval_end: 770
sigma: 0.9
gamma: 0.04
rmse: 34.279446757986896
mae: 31.553109700961507
