fips: 8125
T_interval_start: 405
T_interval_end: 436
sigma: 0.9900000000000001
gamma: 0.04
rmse: 11.260072475824602
mae: 10.053854691469327
