fips: 8125
T_interval_start: 497
T_interval_end: 527
sigma: 0.9900000000000001
gamma: 0.04
rmse: 49.254153192040015
mae: 48.97990902822047
