fips: 8125
T_interval_start: 650
T_interval_end: 680
sigma: 0.9900000000000001
gamma: 0.04
rmse: 60.61641341963438
mae: 59.16655270279079
