fips: 8125
T_interval_start: 892
T_interval_end: 923
sigma: 0.9900000000000001
gamma: 0.04
rmse: 6.328869986259231
mae: 5.283929602623068
