fips: 8125
T_interval_start: 862
T_interval_end: 892
sigma: 0.9900000000000001
gamma: 0.04
rmse: 16.07852329616161
mae: 15.9599806344455
