fips: 8125
T_interval_start: 680
T_interval_end: 711
sigma: 0.9900000000000001
gamma: 0.04
rmse: 28.646648989913704
mae: 27.83192227960158
