fips: 8125
T_interval_start: 801
T_interval_end: 831
sigma: 0.9900000000000001
gamma: 0.04
rmse: 22.464310958989103
mae: 22.464310958989103
