fips: 8125
T_interval_start: 954
T_interval_end: 984
sigma: 0.9
gamma: 0.04
rmse: 8.771929670336899
mae: 8.651303589336516
