fips: 8125
T_interval_start: 589
T_interval_end: 619
sigma: 0.9900000000000001
gamma: 0.04
rmse: 49.95825961148455
mae: 49.68232779762296
