fips: 8125
T_interval_start: 132
T_interval_end: 162
sigma: 0.9
gamma: 0.04
rmse: 6.680781741551272
mae: 5.05083510282139
