fips: 8125
T_interval_start: 711
T_interval_end: 742
sigma: 0.9
gamma: 0.04
rmse: 16.764858632204923
mae: 14.572723428297703
