fips: 8125
T_interval_start: 285
T_interval_end: 315
sigma: 0.9900000000000001
gamma: 0.04
rmse: 35.359020785873625
mae: 35.11271732988432
