fips: 8125
T_interval_start: 1015
T_interval_end: 1045
sigma: 0.9
gamma: 0.04
rmse: 10.222305647882003
mae: 10.072295511548507
