fips: 8125
T_interval_start: 315
T_interval_end: 346
sigma: 0.9900000000000001
gamma: 0.04
rmse: 44.17222587719832
mae: 43.617325901651185
