fips: 8125
T_interval_start: 770
T_interval_end: 801
sigma: 0.9900000000000001
gamma: 0.04
rmse: 22.1886070946538
mae: 22.142515968299104
