fips: 8125
T_interval_start: 315
T_interval_end: 346
sigma: 0.9
gamma: 0.04
rmse: 84.84262411665132
mae: 83.85725436119846
