fips: 8125
T_interval_start: 466
T_interval_end: 497
sigma: 0.9900000000000001
gamma: 0.04
rmse: 22.13740067572408
mae: 22.03942439363873
