fips: 8125
T_interval_start: 862
T_interval_end: 892
sigma: 0.9
gamma: 0.04
rmse: 29.282115515556587
mae: 27.65863513313806
