fips: 8125
T_interval_start: 831
T_interval_end: 862
sigma: 0.05
gamma: 0.1
rmse: 3.1459011505390393
mae: 2.0973286259032338
