fips: 8125
T_interval_start: 892
T_interval_end: 923
sigma: 0.9
gamma: 0.04
rmse: 24.844055436430857
mae: 24.610443667528877
