fips: 8125
T_interval_start: 193
T_interval_end: 224
sigma: 0.05
gamma: 0.05
rmse: 2.7655792883337686
mae: 1.9418860759753855
