fips: 8125
T_interval_start: 650
T_interval_end: 680
sigma: 0.9
gamma: 0.04
rmse: 12.991987327514213
mae: 12.814416907319423
