fips: 8125
T_interval_start: 711
T_interval_end: 742
sigma: 0.9900000000000001
gamma: 0.03
rmse: 45.81510016522725
mae: 45.52997442543806
