fips: 8125
T_interval_start: 770
T_interval_end: 801
sigma: 0.9900000000000001
gamma: 0.04
rmse: 4.611875015102723
mae: 3.828523903008887
