fips: 8125
T_interval_start: 346
T_interval_end: 377
sigma: 0.9900000000000001
gamma: 0.04
rmse: 60.65698044399521
mae: 58.84702775443462
