fips: 8125
T_interval_start: 1015
T_interval_end: 1045
sigma: 0.9900000000000001
gamma: 0.03
rmse: 5.92128295701063
mae: 5.846678284980047
