fips: 8125
T_interval_start: 497
T_interval_end: 527
sigma: 0.9900000000000001
gamma: 0.04
rmse: 13.646710497336576
mae: 13.494430860021993
