fips: 8125
T_interval_start: 923
T_interval_end: 954
sigma: 0.9900000000000001
gamma: 0.03
rmse: 22.996319574407195
mae: 22.421940960086243
