fips: 8125
T_interval_start: 954
T_interval_end: 984
sigma: 0.9900000000000001
gamma: 0.03
rmse: 11.810048170581894
mae: 11.634501184715473
