fips: 8125
T_interval_start: 589
T_interval_end: 619
sigma: 0.9900000000000001
gamma: 0.04
rmse: 13.817623601490437
mae: 13.746882789551679
