fips: 8125
T_interval_start: 405
T_interval_end: 436
sigma: 0.9900000000000001
gamma: 0.04
rmse: 15.707182478753383
mae: 14.753355949694893
