fips: 8125
T_interval_start: 680
T_interval_end: 711
sigma: 0.9
gamma: 0.04
rmse: 17.404637172530897
mae: 16.380371927296334
