fips: 8125
T_interval_start: 1045
T_interval_end: 1076
sigma: 0.9
gamma: 0.03
rmse: 4.608032563560408
mae: 3.532411737238786
