fips: 8125
T_interval_start: 254
T_interval_end: 285
sigma: 0.9
gamma: 0.04
rmse: 18.48629298559302
mae: 17.653820762836556
