fips: 8125
T_interval_start: 224
T_interval_end: 254
sigma: 0.9
gamma: 0.04
rmse: 6.033098005625445
mae: 5.993721729088888
