fips: 8125
T_interval_start: 285
T_interval_end: 315
sigma: 0.9900000000000001
gamma: 0.04
rmse: 20.01733733055676
mae: 19.890780422925598
