fips: 8125
T_interval_start: 711
T_interval_end: 742
sigma: 0.9
gamma: 0.04
rmse: 28.625989222773534
mae: 21.934369869812386
