fips: 8125
T_interval_start: 436
T_interval_end: 466
sigma: 0.9900000000000001
gamma: 0.04
rmse: 25.231446486370753
mae: 22.489134224693174
