fips: 8125
T_interval_start: 346
T_interval_end: 377
sigma: 0.9900000000000001
gamma: 0.04
rmse: 23.61549215214631
mae: 22.992677646924474
