fips: 8125
T_interval_start: 527
T_interval_end: 558
sigma: 0.2
gamma: 0.05
rmse: 1.146049898455977
mae: 1.0021269893606062
