fips: 8125
T_interval_start: 224
T_interval_end: 254
sigma: 0.9
gamma: 0.04
rmse: 8.349671171921177
mae: 8.146525040390609
