fips: 8125
T_interval_start: 466
T_interval_end: 497
sigma: 0.9900000000000001
gamma: 0.04
rmse: 48.94747466910197
mae: 48.43363585030888
