fips: 8125
T_interval_start: 193
T_interval_end: 224
sigma: 0.9500000000000001
gamma: 0.2
rmse: 0.2632057155853282
mae: 0.2069066612972901
