fips: 8125
T_interval_start: 132
T_interval_end: 162
sigma: 0.9
gamma: 0.04
rmse: 4.034901159251717
mae: 3.118691491415297
