fips: 8125
T_interval_start: 1015
T_interval_end: 1045
sigma: 0.9
gamma: 0.04
rmse: 10.53776183667296
mae: 10.412284353846985
