fips: 8125
T_interval_start: 254
T_interval_end: 285
sigma: 0.9
gamma: 0.04
rmse: 20.128958063367755
mae: 19.953566761024504
