fips: 8125
T_interval_start: 801
T_interval_end: 831
sigma: 0.9900000000000001
gamma: 0.04
rmse: 16.63051905281204
mae: 16.63051905281204
