fips: 8125
T_interval_start: 589
T_interval_end: 619
sigma: 0.9900000000000001
gamma: 0.04
rmse: 35.934209250064384
mae: 35.77782611949614
