fips: 8125
T_interval_start: 892
T_interval_end: 923
sigma: 0.9900000000000001
gamma: 0.04
rmse: 2.405966709032915
mae: 1.9252158249895575
