fips: 8125
T_interval_start: 984
T_interval_end: 1015
sigma: 0.9
gamma: 0.04
rmse: 8.43718197991974
mae: 8.425662535184493
