fips: 8125
T_interval_start: 315
T_interval_end: 346
sigma: 0.9800000000000001
gamma: 0.04
rmse: 25.334110755174606
mae: 25.006705341471932
