fips: 8125
T_interval_start: 923
T_interval_end: 954
sigma: 0.9
gamma: 0.04
rmse: 10.279443502596214
mae: 10.060440743549345
