fips: 8125
T_interval_start: 619
T_interval_end: 650
sigma: 0.9900000000000001
gamma: 0.04
rmse: 49.708921833615655
mae: 49.31306110229215
