fips: 8125
T_interval_start: 1045
T_interval_end: 1076
sigma: 0.9900000000000001
gamma: 0.03
rmse: 11.568605612204296
mae: 10.61741930364492
