fips: 8125
T_interval_start: 377
T_interval_end: 405
sigma: 0.9900000000000001
gamma: 0.04
rmse: 12.395231923328678
mae: 12.198569755318417
