fips: 8125
T_interval_start: 497
T_interval_end: 527
sigma: 0.9900000000000001
gamma: 0.04
rmse: 37.353329357873804
mae: 37.051659728504674
