fips: 8125
T_interval_start: 680
T_interval_end: 711
sigma: 0.9900000000000001
gamma: 0.04
rmse: 12.274785363567295
mae: 10.859281840804545
