fips: 8125
T_interval_start: 650
T_interval_end: 680
sigma: 0.9900000000000001
gamma: 0.04
rmse: 34.98492771950328
mae: 33.84549053271444
