fips: 8071
T_interval_start: 254
T_interval_end: 285
sigma: 0.9500000000000001
gamma: 0.05
rmse: 5.487153524186079
