fips: 8071
T_interval_start: 466
T_interval_end: 497
sigma: 0.7000000000000001
gamma: 0.05
rmse: 2.2660519311901446
