fips: 8071
T_interval_start: 589
T_interval_end: 619
sigma: 0.9500000000000001
gamma: 0.1
rmse: 9.311754108832844
