fips: 8071
T_interval_start: 377
T_interval_end: 405
sigma: 0.7500000000000001
gamma: 0.15000000000000002
rmse: 7.46045030044016
