fips: 8071
T_interval_start: 558
T_interval_end: 589
sigma: 0.9000000000000001
gamma: 0.05
rmse: 11.908204753362398
