fips: 8071
T_interval_start: 801
T_interval_end: 831
sigma: 0.9500000000000001
gamma: 0.25
rmse: 4.540158863850614
