fips: 8071
T_interval_start: 285
T_interval_end: 315
sigma: 0.8500000000000001
gamma: 0.15000000000000002
rmse: 5.914681745594705
