fips: 8071
T_interval_start: 405
T_interval_end: 436
sigma: 0.8500000000000001
gamma: 0.05
rmse: 1.1101531061020535
