fips: 8071
T_interval_start: 770
T_interval_end: 801
sigma: 0.6500000000000001
gamma: 0.05
rmse: 29.425475710908966
