fips: 8071
T_interval_start: 862
T_interval_end: 892
sigma: 0.9
gamma: 0.04
rmse: 11.304547130364652
mae: 9.545543695684106
