fips: 8071
T_interval_start: 527
T_interval_end: 558
sigma: 0.9900000000000001
gamma: 0.04
rmse: 30.85259147863452
mae: 30.484662962487516
