fips: 8071
T_interval_start: 923
T_interval_end: 954
sigma: 0.9
gamma: 0.04
rmse: 23.376531566349804
mae: 20.91225379250939
