fips: 8071
T_interval_start: 466
T_interval_end: 497
sigma: 0.9900000000000001
gamma: 0.04
rmse: 47.898132342712515
mae: 47.40230912003478
