fips: 8071
T_interval_start: 650
T_interval_end: 680
sigma: 0.9
gamma: 0.04
rmse: 62.41648860654024
mae: 60.82509296607732
