fips: 8071
T_interval_start: 497
T_interval_end: 527
sigma: 0.9900000000000001
gamma: 0.04
rmse: 29.034112059225727
mae: 28.93920218652293
