fips: 8071
T_interval_start: 377
T_interval_end: 405
sigma: 0.9900000000000001
gamma: 0.04
rmse: 164.51618112176826
mae: 161.51138478629431
