fips: 8071
T_interval_start: 770
T_interval_end: 801
sigma: 0.9
gamma: 0.04
rmse: 56.04319677491152
mae: 54.407931944246975
