fips: 8071
T_interval_start: 892
T_interval_end: 923
sigma: 0.9
gamma: 0.04
rmse: 21.447494461879288
mae: 20.697172009616757
