fips: 8071
T_interval_start: 680
T_interval_end: 711
sigma: 0.9
gamma: 0.04
rmse: 72.60717808834305
mae: 68.13629697470812
