fips: 8071
T_interval_start: 315
T_interval_end: 346
sigma: 0.9900000000000001
gamma: 0.04
rmse: 91.89167718868606
mae: 89.97702000291515
