fips: 8071
T_interval_start: 954
T_interval_end: 984
sigma: 0.9
gamma: 0.04
rmse: 28.87942024861777
mae: 27.882416154516175
