fips: 8071
T_interval_start: 1015
T_interval_end: 1045
sigma: 0.9
gamma: 0.03
rmse: 28.649401207049955
mae: 27.315162386671968
