fips: 8071
T_interval_start: 285
T_interval_end: 315
sigma: 0.9
gamma: 0.04
rmse: 19.629697262409532
mae: 16.625726846080696
