fips: 8071
T_interval_start: 558
T_interval_end: 589
sigma: 0.9
gamma: 0.04
rmse: 21.385060951097135
mae: 18.385693715811136
