fips: 8071
T_interval_start: 770
T_interval_end: 801
sigma: 0.9900000000000001
gamma: 0.03
rmse: 63.64095064763004
mae: 60.56763853286823
