fips: 8071
T_interval_start: 892
T_interval_end: 923
sigma: 0.9
gamma: 0.04
rmse: 23.780793955985416
mae: 23.314356401993823
