fips: 8071
T_interval_start: 436
T_interval_end: 466
sigma: 0.9900000000000001
gamma: 0.04
rmse: 20.844639367778154
mae: 20.769002791186683
