fips: 8071
T_interval_start: 862
T_interval_end: 892
sigma: 0.9
gamma: 0.04
rmse: 14.712249640036127
mae: 12.852736182928528
