fips: 8071
T_interval_start: 405
T_interval_end: 436
sigma: 0.9900000000000001
gamma: 0.04
rmse: 36.38507800181841
mae: 35.22084745297811
