fips: 8071
T_interval_start: 315
T_interval_end: 346
sigma: 0.9
gamma: 0.04
rmse: 59.22204641286363
mae: 58.30798501557129
