fips: 8071
T_interval_start: 589
T_interval_end: 619
sigma: 0.9
gamma: 0.04
rmse: 38.097661626696
mae: 37.17903037245757
