fips: 8071
T_interval_start: 711
T_interval_end: 742
sigma: 0.9
gamma: 0.03
rmse: 34.204105784367684
mae: 29.58804917382748
