fips: 8071
T_interval_start: 497
T_interval_end: 527
sigma: 0.9900000000000001
gamma: 0.04
rmse: 12.775010651306573
mae: 12.738044984630749
