fips: 8071
T_interval_start: 527
T_interval_end: 558
sigma: 0.9
gamma: 0.04
rmse: 3.6393428154532215
mae: 3.2827408363780846
