fips: 8071
T_interval_start: 466
T_interval_end: 497
sigma: 0.9900000000000001
gamma: 0.04
rmse: 19.80292070535149
mae: 19.608282557674503
