fips: 8071
T_interval_start: 1045
T_interval_end: 1076
sigma: 0.9
gamma: 0.03
rmse: 7.1321302931763695
mae: 6.9248556284616125
