fips: 8071
T_interval_start: 1076
T_interval_end: 1107
sigma: 0.9
gamma: 0.03
rmse: 10.434197745575235
mae: 9.773343012642242
