fips: 8071
T_interval_start: 1015
T_interval_end: 1045
sigma: 0.9
gamma: 0.03
rmse: 12.087244464699001
mae: 10.867994932397796
