fips: 8071
T_interval_start: 377
T_interval_end: 405
sigma: 0.9900000000000001
gamma: 0.04
rmse: 72.56767819838905
mae: 71.00708902255266
