fips: 8071
T_interval_start: 801
T_interval_end: 831
sigma: 0.9900000000000001
gamma: 0.04
rmse: 6.762383404340845
mae: 4.2759036645933675
