fips: 8071
T_interval_start: 831
T_interval_end: 862
sigma: 0.9900000000000001
gamma: 0.04
rmse: 4.60497195144256
mae: 3.7342028190936607
