fips: 8071
T_interval_start: 954
T_interval_end: 984
sigma: 0.9
gamma: 0.04
rmse: 28.029401021861126
mae: 27.07704987969892
