fips: 8071
T_interval_start: 742
T_interval_end: 770
sigma: 0.9
gamma: 0.03
rmse: 47.45466041191166
mae: 42.790672678268386
