fips: 8071
T_interval_start: 770
T_interval_end: 801
sigma: 0.9
gamma: 0.04
rmse: 49.92525620169148
mae: 48.89306202345836
