fips: 8071
T_interval_start: 193
T_interval_end: 224
sigma: 0.9500000000000001
gamma: 0.35000000000000003
rmse: 0.14782274778613252
mae: 0.12287137537359169
