fips: 8071
T_interval_start: 162
T_interval_end: 193
sigma: 0.9500000000000001
gamma: 0.2
rmse: 0.12088922852758421
mae: 0.10497886241221333
