fips: 8071
T_interval_start: 1015
T_interval_end: 1045
sigma: 0.9
gamma: 0.03
rmse: 19.603420352600377
mae: 17.668383360564935
