fips: 8071
T_interval_start: 984
T_interval_end: 1015
sigma: 0.9900000000000001
gamma: 0.03
rmse: 20.69402361969202
mae: 19.266284763945148
