fips: 8071
T_interval_start: 923
T_interval_end: 954
sigma: 0.9
gamma: 0.04
rmse: 22.07507069333114
mae: 20.13912253705269
