fips: 8071
T_interval_start: 346
T_interval_end: 377
sigma: 0.9900000000000001
gamma: 0.04
rmse: 46.42181812673078
mae: 37.79120552406146
