fips: 8071
T_interval_start: 71
T_interval_end: 101
sigma: 0.9500000000000001
gamma: 0.05
rmse: 0.12132031260001745
mae: 0.10768910379187803
