fips: 8071
T_interval_start: 1045
T_interval_end: 1076
sigma: 0.9
gamma: 0.03
rmse: 15.531431234340296
mae: 15.481368735949902
