fips: 8071
T_interval_start: 527
T_interval_end: 558
sigma: 0.9900000000000001
gamma: 0.04
rmse: 35.75634901811316
mae: 35.15978403887936
