fips: 8071
T_interval_start: 497
T_interval_end: 527
sigma: 0.9900000000000001
gamma: 0.04
rmse: 26.626692473366855
mae: 26.60592350733172
