fips: 8071
T_interval_start: 650
T_interval_end: 680
sigma: 0.9
gamma: 0.04
rmse: 50.68155724277999
mae: 48.58608256841716
