fips: 8071
T_interval_start: 589
T_interval_end: 619
sigma: 0.9900000000000001
gamma: 0.04
rmse: 27.8879246508048
mae: 27.293576561520005
