fips: 8071
T_interval_start: 254
T_interval_end: 285
sigma: 0.9
gamma: 0.04
rmse: 3.833652418004359
mae: 3.306544900107464
