fips: 8071
T_interval_start: 862
T_interval_end: 892
sigma: 0.9
gamma: 0.04
rmse: 7.414276923947197
mae: 6.70943283924266
