fips: 8071
T_interval_start: 711
T_interval_end: 742
sigma: 0.9900000000000001
gamma: 0.03
rmse: 72.17014182456481
mae: 69.21834187220945
