fips: 8071
T_interval_start: 831
T_interval_end: 862
sigma: 0.9900000000000001
gamma: 0.04
rmse: 15.938671786781578
mae: 15.770613757846352
