fips: 8071
T_interval_start: 405
T_interval_end: 436
sigma: 0.9900000000000001
gamma: 0.04
rmse: 67.83848446003113
mae: 65.94847134083878
