fips: 8071
T_interval_start: 315
T_interval_end: 346
sigma: 0.9
gamma: 0.04
rmse: 32.286733505821125
mae: 31.640052748848863
