fips: 8071
T_interval_start: 285
T_interval_end: 315
sigma: 0.9
gamma: 0.04
rmse: 10.593987347897125
mae: 10.287485229382842
