fips: 8061
T_interval_start: 650
T_interval_end: 680
sigma: 0.9500000000000001
gamma: 0.15000000000000002
rmse: 6.5478891833609385
