fips: 8061
T_interval_start: 742
T_interval_end: 770
sigma: 0.35000000000000003
gamma: 0.05
rmse: 0.626214017610246
