fips: 8061
T_interval_start: 619
T_interval_end: 650
sigma: 0.9900000000000001
gamma: 0.01
rmse: 75.61401525364658
mae: 72.55535601985027
