fips: 8061
T_interval_start: 742
T_interval_end: 770
sigma: 0.9
gamma: 0.01
rmse: 24.727512499467114
mae: 24.528571428571414
