fips: 8061
T_interval_start: 346
T_interval_end: 377
sigma: 0.9900000000000001
gamma: 0.01
rmse: 30.12419674413408
mae: 29.635342119929938
