fips: 8061
T_interval_start: 711
T_interval_end: 742
sigma: 0.9900000000000001
gamma: 0.04
rmse: 18.305179024338383
mae: 18.299053176943556
