fips: 8061
T_interval_start: 619
T_interval_end: 650
sigma: 0.9
gamma: 0.04
rmse: 14.03392777264953
mae: 12.186592045786455
