fips: 8061
T_interval_start: 650
T_interval_end: 680
sigma: 0.9900000000000001
gamma: 0.04
rmse: 36.723771295322344
mae: 35.68626906351057
