fips: 8061
T_interval_start: 650
T_interval_end: 680
sigma: 0.9900000000000001
gamma: 0.01
rmse: 63.90196307117097
mae: 57.395238095216335
