fips: 8061
T_interval_start: 315
T_interval_end: 346
sigma: 0.9900000000000001
gamma: 0.04
rmse: 89.7190408775065
mae: 55.571628879241956
