fips: 8061
T_interval_start: 680
T_interval_end: 711
sigma: 0.9
gamma: 0.01
rmse: 24.04319667021108
mae: 23.921428571428578
