fips: 8061
T_interval_start: 680
T_interval_end: 711
sigma: 0.9900000000000001
gamma: 0.04
rmse: 23.72267704464826
mae: 23.59373091519247
