fips: 8061
T_interval_start: 346
T_interval_end: 377
sigma: 0.9900000000000001
gamma: 0.04
rmse: 8.319882875696026
mae: 8.002714092584604
