fips: 8061
T_interval_start: 742
T_interval_end: 770
sigma: 0.9900000000000001
gamma: 0.04
rmse: 16.906360897861056
mae: 16.809447778393253
