fips: 8061
T_interval_start: 315
T_interval_end: 346
sigma: 0.9900000000000001
gamma: 0.04
rmse: 1.141067260843233
mae: 1.0385475601110634
