fips: 8061
T_interval_start: 315
T_interval_end: 346
sigma: 0.9900000000000001
gamma: 0.03
rmse: 0.6418257700598001
mae: 0.5300634706988478
