fips: 8061
T_interval_start: 619
T_interval_end: 650
sigma: 0.9900000000000001
gamma: 0.01
rmse: 9.436958333917902
mae: 8.99829742816568
