fips: 8061
T_interval_start: 742
T_interval_end: 770
sigma: 0.9900000000000001
gamma: 0.04
rmse: 0.6546149835147955
mae: 0.4954899012928045
