fips: 8061
T_interval_start: 405
T_interval_end: 436
sigma: 0.9500000000000001
gamma: 0.2
rmse: 0.41039739832949973
mae: 0.3634205359209932
