fips: 8061
T_interval_start: 558
T_interval_end: 589
sigma: 0.05
gamma: 0.05
rmse: 6.281791811946615
mae: 4.621172152171989
