fips: 8061
T_interval_start: 346
T_interval_end: 377
sigma: 0.9900000000000001
gamma: 0.04
rmse: 5.869970936452028
mae: 5.391703414581361
