fips: 8061
T_interval_start: 680
T_interval_end: 711
sigma: 0.9900000000000001
gamma: 0.04
rmse: 1.336127235345609
mae: 1.2803797841758626
