fips: 8061
T_interval_start: 466
T_interval_end: 497
sigma: 0.05
gamma: 0.05
rmse: 1.2650629506503288
mae: 1.0941994887395918
