fips: 8061
T_interval_start: 527
T_interval_end: 558
sigma: 0.9500000000000001
gamma: 0.9500000000000001
rmse: 7.925493450305152e-08
mae: 4.609458201428554e-08
