fips: 8061
T_interval_start: 497
T_interval_end: 527
sigma: 0.9500000000000001
gamma: 0.9500000000000001
rmse: 7.431263326725022e-05
mae: 4.393138955028693e-05
