fips: 8061
T_interval_start: 346
T_interval_end: 377
sigma: 0.9900000000000001
gamma: 0.04
rmse: 6.774426712450195
mae: 6.429670724063543
