fips: 8061
T_interval_start: 650
T_interval_end: 680
sigma: 0.9900000000000001
gamma: 0.04
rmse: 19.41823326695285
mae: 17.311805671865105
