fips: 8061
T_interval_start: 315
T_interval_end: 346
sigma: 0.9900000000000001
gamma: 0.04
rmse: 0.6819603005191573
mae: 0.5596401096981256
