fips: 8061
T_interval_start: 742
T_interval_end: 770
sigma: 0.9900000000000001
gamma: 0.04
rmse: 11.639509232410711
mae: 11.568443719199035
