fips: 8061
T_interval_start: 711
T_interval_end: 742
sigma: 0.9900000000000001
gamma: 0.04
rmse: 12.47254119238449
mae: 12.46255562419685
