fips: 8061
T_interval_start: 680
T_interval_end: 711
sigma: 0.9900000000000001
gamma: 0.04
rmse: 16.063092159546294
mae: 16.003887970523643
