fips: 8011
T_interval_start: 770
T_interval_end: 801
sigma: 0.9500000000000001
gamma: 0.2
rmse: 6.96318695641365
