fips: 8011
T_interval_start: 315
T_interval_end: 346
sigma: 0.9500000000000001
gamma: 0.05
rmse: 154.90453743503497
