fips: 8011
T_interval_start: 680
T_interval_end: 711
sigma: 0.9000000000000001
gamma: 0.05
rmse: 3.1739968803199705
