fips: 8011
T_interval_start: 1045
T_interval_end: 1076
sigma: 0.8500000000000001
gamma: 0.05
rmse: 1.768102219199422
