fips: 8011
T_interval_start: 466
T_interval_end: 497
sigma: 0.9500000000000001
gamma: 0.2
rmse: 5.0048538189929195
