fips: 8011
T_interval_start: 1107
T_interval_end: 1135
sigma: 0.9500000000000001
gamma: 0.15000000000000002
rmse: 6.087886479975383
