fips: 8011
T_interval_start: 742
T_interval_end: 770
sigma: 0.9000000000000001
gamma: 0.05
rmse: 47.79103697510171
