fips: 8011
T_interval_start: 405
T_interval_end: 436
sigma: 0.9500000000000001
gamma: 0.25
rmse: 15.46157595051577
