fips: 8011
T_interval_start: 1015
T_interval_end: 1045
sigma: 0.9
gamma: 0.02
rmse: 15.03256503100375
mae: 13.823942117287514
