fips: 8011
T_interval_start: 466
T_interval_end: 497
sigma: 0.9900000000000001
gamma: 0.04
rmse: 114.54792180246588
mae: 114.37246124803721
