fips: 8011
T_interval_start: 377
T_interval_end: 405
sigma: 0.9900000000000001
gamma: 0.04
rmse: 66.13784040760272
mae: 62.41635489085853
