fips: 8011
T_interval_start: 862
T_interval_end: 892
sigma: 0.9900000000000001
gamma: 0.03
rmse: 8.985176355399137
mae: 7.251097209318422
