fips: 8011
T_interval_start: 405
T_interval_end: 436
sigma: 0.9900000000000001
gamma: 0.04
rmse: 72.43187746402947
mae: 69.60549090155865
