fips: 8011
T_interval_start: 680
T_interval_end: 711
sigma: 0.9900000000000001
gamma: 0.04
rmse: 10.798560535974215
mae: 9.685508837965648
