fips: 8011
T_interval_start: 346
T_interval_end: 377
sigma: 0.9900000000000001
gamma: 0.04
rmse: 39.681623882641965
mae: 31.964156308556348
