fips: 8011
T_interval_start: 892
T_interval_end: 923
sigma: 0.9
gamma: 0.03
rmse: 18.35478983756709
mae: 17.333176227236027
