fips: 8011
T_interval_start: 589
T_interval_end: 619
sigma: 0.9900000000000001
gamma: 0.04
rmse: 103.1583741612696
mae: 103.0785933370157
