fips: 8011
T_interval_start: 285
T_interval_end: 315
sigma: 0.9900000000000001
gamma: 0.01
rmse: 1.2754390675127423
mae: 1.0378833901489763
