fips: 8011
T_interval_start: 831
T_interval_end: 862
sigma: 0.9
gamma: 0.04
rmse: 9.354048268293054
mae: 9.347058846989675
