fips: 8011
T_interval_start: 436
T_interval_end: 466
sigma: 0.9900000000000001
gamma: 0.04
rmse: 94.09831514860801
mae: 94.09831514860801
