fips: 8011
T_interval_start: 770
T_interval_end: 801
sigma: 0.9900000000000001
gamma: 0.03
rmse: 51.687087887850325
mae: 48.42737796175667
