fips: 8011
T_interval_start: 315
T_interval_end: 346
sigma: 0.9900000000000001
gamma: 0.03
rmse: 12.875002570224128
mae: 11.269227461501954
