fips: 8011
T_interval_start: 711
T_interval_end: 742
sigma: 0.9
gamma: 0.04
rmse: 54.426485016577914
mae: 38.113338276772076
