fips: 8011
T_interval_start: 650
T_interval_end: 680
sigma: 0.9900000000000001
gamma: 0.04
rmse: 55.41120157801578
mae: 52.081055152517614
