fips: 8011
T_interval_start: 558
T_interval_end: 589
sigma: 0.05
gamma: 0.05
rmse: 2.207017688261804
mae: 1.380914972524659
