fips: 8011
T_interval_start: 527
T_interval_end: 558
sigma: 0.05
gamma: 0.1
rmse: 1.943143953094579
mae: 1.355634579299411
