fips: 8011
T_interval_start: 315
T_interval_end: 346
sigma: 0.9900000000000001
gamma: 0.01
rmse: 198.8470787643466
mae: 182.56515482173643
