fips: 8011
T_interval_start: 377
T_interval_end: 405
sigma: 0.9900000000000001
gamma: 0.04
rmse: 32.8355931518939
mae: 28.935703659459755
