fips: 8011
T_interval_start: 770
T_interval_end: 801
sigma: 0.9
gamma: 0.04
rmse: 47.9030259543781
mae: 31.699582478332356
