fips: 8011
T_interval_start: 831
T_interval_end: 862
sigma: 0.9900000000000001
gamma: 0.04
rmse: 0.4532877485918327
mae: 0.4044060921483024
