fips: 8011
T_interval_start: 742
T_interval_end: 770
sigma: 0.9900000000000001
gamma: 0.03
rmse: 45.08758137711088
mae: 38.051627579870924
