fips: 8011
T_interval_start: 1015
T_interval_end: 1045
sigma: 0.9
gamma: 0.03
rmse: 10.643127447474122
mae: 10.240676747649552
