fips: 8011
T_interval_start: 466
T_interval_end: 497
sigma: 0.9900000000000001
gamma: 0.04
rmse: 46.089930743926544
mae: 45.934038555448716
