fips: 8011
T_interval_start: 801
T_interval_end: 831
sigma: 0.9900000000000001
gamma: 0.04
rmse: 4.581264785818907
mae: 3.9894798565639102
