fips: 8011
T_interval_start: 285
T_interval_end: 315
sigma: 0.9900000000000001
gamma: 0.01
rmse: 11.662942611247646
mae: 7.508610434533227
