fips: 8011
T_interval_start: 589
T_interval_end: 619
sigma: 0.9900000000000001
gamma: 0.04
rmse: 54.290060163596344
mae: 54.05227687573951
