fips: 8011
T_interval_start: 984
T_interval_end: 1015
sigma: 0.9
gamma: 0.03
rmse: 18.902967279142793
mae: 12.815702991309797
