fips: 8011
T_interval_start: 954
T_interval_end: 984
sigma: 0.9
gamma: 0.03
rmse: 41.899243340947656
mae: 37.43543116888256
