fips: 8011
T_interval_start: 680
T_interval_end: 711
sigma: 0.9900000000000001
gamma: 0.04
rmse: 17.32652853626453
mae: 16.694343725838102
