fips: 8011
T_interval_start: 1076
T_interval_end: 1107
sigma: 0.9900000000000001
gamma: 0.02
rmse: 10.200551687075523
mae: 9.630140775309115
