fips: 8011
T_interval_start: 650
T_interval_end: 680
sigma: 0.9900000000000001
gamma: 0.04
rmse: 52.82501763281901
mae: 51.16937545104223
