fips: 8011
T_interval_start: 497
T_interval_end: 527
sigma: 0.15000000000000002
gamma: 0.05
rmse: 0.6917181276014199
mae: 0.6202190691366049
