fips: 8011
T_interval_start: 436
T_interval_end: 466
sigma: 0.9900000000000001
gamma: 0.04
rmse: 39.61923928509855
mae: 39.61923928509855
