fips: 8011
T_interval_start: 377
T_interval_end: 405
sigma: 0.9900000000000001
gamma: 0.04
rmse: 68.93930522681876
mae: 68.79057535650341
