fips: 8011
T_interval_start: 862
T_interval_end: 892
sigma: 0.9900000000000001
gamma: 0.03
rmse: 9.576796230015823
mae: 7.891945736140495
