fips: 8011
T_interval_start: 101
T_interval_end: 132
sigma: 0.9500000000000001
gamma: 0.05
rmse: 0.1934185190022973
mae: 0.17862178906345022
