fips: 8011
T_interval_start: 1045
T_interval_end: 1076
sigma: 0.9900000000000001
gamma: 0.02
rmse: 4.903241795359831
mae: 3.7891370241687303
