fips: 8011
T_interval_start: 346
T_interval_end: 377
sigma: 0.9
gamma: 0.04
rmse: 42.35671417270941
mae: 35.413326720306344
