fips: 8011
T_interval_start: 1015
T_interval_end: 1045
sigma: 0.9
gamma: 0.02
rmse: 12.222860543332088
mae: 10.9076124984877
