fips: 8011
T_interval_start: 497
T_interval_end: 527
sigma: 0.9500000000000001
gamma: 0.05
rmse: 0.3569279319004163
mae: 0.31574694509834444
