fips: 8011
T_interval_start: 619
T_interval_end: 650
sigma: 0.9900000000000001
gamma: 0.04
rmse: 113.77047584691856
mae: 113.60896268402757
