fips: 8011
T_interval_start: 558
T_interval_end: 589
sigma: 0.2
gamma: 0.05
rmse: 1.311581197025921
mae: 1.0964419556151472
