fips: 8011
T_interval_start: 984
T_interval_end: 1015
sigma: 0.9900000000000001
gamma: 0.02
rmse: 21.045574087715977
mae: 19.596435196743574
