fips: 8011
T_interval_start: 680
T_interval_end: 711
sigma: 0.9900000000000001
gamma: 0.04
rmse: 15.312056723223863
mae: 14.136201646323503
