fips: 8011
T_interval_start: 831
T_interval_end: 862
sigma: 0.9
gamma: 0.04
rmse: 8.959205634413015
mae: 8.95195899394314
