fips: 8011
T_interval_start: 315
T_interval_end: 346
sigma: 0.9900000000000001
gamma: 0.01
rmse: 11.348622952215162
mae: 9.349017204258333
