fips: 8011
T_interval_start: 132
T_interval_end: 162
sigma: 0.9500000000000001
gamma: 0.05
rmse: 0.1413310229701185
mae: 0.11091484664954417
