fips: 8011
T_interval_start: 801
T_interval_end: 831
sigma: 0.9
gamma: 0.04
rmse: 7.940701168475936
mae: 7.713800924828232
