fips: 8011
T_interval_start: 589
T_interval_end: 619
sigma: 0.9900000000000001
gamma: 0.04
rmse: 112.10713403390467
mae: 111.95249448534356
