fips: 8011
T_interval_start: 193
T_interval_end: 224
sigma: 0.9500000000000001
gamma: 0.25
rmse: 0.18305195701521365
mae: 0.13998072179318424
