fips: 8011
T_interval_start: 923
T_interval_end: 954
sigma: 0.9
gamma: 0.03
rmse: 11.062834431580365
mae: 10.940962873493314
