fips: 8011
T_interval_start: 711
T_interval_end: 742
sigma: 0.9
gamma: 0.04
rmse: 50.058343608167135
mae: 35.1244796986994
