fips: 8011
T_interval_start: 742
T_interval_end: 770
sigma: 0.9
gamma: 0.03
rmse: 75.07834671414415
mae: 65.66987477395286
