fips: 8005
T_interval_start: 892
T_interval_end: 923
sigma: 0.6500000000000001
gamma: 0.05
rmse: 544.273945103181
