fips: 8005
T_interval_start: 862
T_interval_end: 892
sigma: 0.8500000000000001
gamma: 0.05
rmse: 321.5176805352871
