fips: 8005
T_interval_start: 193
T_interval_end: 224
sigma: 0.9000000000000001
gamma: 0.05
rmse: 47.42446613989775
