fips: 8005
T_interval_start: 224
T_interval_end: 254
sigma: 0.9500000000000001
gamma: 0.05
rmse: 85.81863852163383
