fips: 8005
T_interval_start: 742
T_interval_end: 770
sigma: 0.6500000000000001
gamma: 0.1
rmse: 615.1978741101556
