fips: 8005
T_interval_start: 132
T_interval_end: 162
sigma: 0.7000000000000001
gamma: 0.05
rmse: 29.8934173101546
