fips: 8005
T_interval_start: 1015
T_interval_end: 1045
sigma: 0.9500000000000001
gamma: 0.4
rmse: 733.4976822980705
