fips: 8005
T_interval_start: 315
T_interval_end: 346
sigma: 0.9
gamma: 0.04
rmse: 399.91794627572455
mae: 365.5447861692737
