fips: 8005
T_interval_start: 346
T_interval_end: 377
sigma: 0.9
gamma: 0.04
rmse: 343.83406011983254
mae: 313.7677061592721
