fips: 8005
T_interval_start: 558
T_interval_end: 589
sigma: 0.9
gamma: 0.03
rmse: 238.97868758160897
mae: 206.7669841312713
