fips: 8005
T_interval_start: 132
T_interval_end: 162
sigma: 0.9900000000000001
gamma: 0.04
rmse: 176.56191547548636
mae: 170.5568712529769
