fips: 8005
T_interval_start: 527
T_interval_end: 558
sigma: 0.9900000000000001
gamma: 0.03
rmse: 76.62315585488041
mae: 67.03398598250497
