fips: 8005
T_interval_start: 923
T_interval_end: 954
sigma: 0.9
gamma: 0.03
rmse: 773.378237912026
mae: 527.961984666905
