fips: 8005
T_interval_start: 162
T_interval_end: 193
sigma: 0.9
gamma: 0.04
rmse: 73.80693699565022
mae: 73.25123739991044
