fips: 8005
T_interval_start: 405
T_interval_end: 436
sigma: 0.9900000000000001
gamma: 0.03
rmse: 294.23069931229753
mae: 280.1473434664759
