fips: 8005
T_interval_start: 862
T_interval_end: 892
sigma: 0.9
gamma: 0.03
rmse: 1075.009823628564
mae: 1009.7370411859727
