fips: 8005
T_interval_start: 954
T_interval_end: 984
sigma: 0.9900000000000001
gamma: 0.03
rmse: 66.26612614160976
mae: 57.703788584147546
