fips: 8005
T_interval_start: 497
T_interval_end: 527
sigma: 0.9900000000000001
gamma: 0.03
rmse: 174.9357283339884
mae: 164.8897607164004
