fips: 8005
T_interval_start: 254
T_interval_end: 285
sigma: 0.9
gamma: 0.04
rmse: 47.00370612640317
mae: 44.82283879591302
