fips: 8005
T_interval_start: 831
T_interval_end: 862
sigma: 0.9900000000000001
gamma: 0.03
rmse: 434.00211120480026
mae: 360.7707957496215
