fips: 8005
T_interval_start: 1045
T_interval_end: 1076
sigma: 0.9900000000000001
gamma: 0.04
rmse: 1690.145547258639
mae: 1497.30261326381
