fips: 8005
T_interval_start: 224
T_interval_end: 254
sigma: 0.9900000000000001
gamma: 0.04
rmse: 94.83233945915852
mae: 91.41766221308434
