fips: 8005
T_interval_start: 984
T_interval_end: 1015
sigma: 0.9
gamma: 0.03
rmse: 123.28833451572828
mae: 112.32566367648275
