fips: 8005
T_interval_start: 101
T_interval_end: 132
sigma: 0.9
gamma: 0.04
rmse: 289.9761615448126
mae: 289.40968545799683
