fips: 8005
T_interval_start: 770
T_interval_end: 801
sigma: 0.9
gamma: 0.04
rmse: 977.76027520354
mae: 961.0318900861384
