fips: 8005
T_interval_start: 589
T_interval_end: 619
sigma: 0.9
gamma: 0.03
rmse: 635.325376478514
mae: 630.521428935981
