fips: 8005
T_interval_start: 801
T_interval_end: 831
sigma: 0.9900000000000001
gamma: 0.03
rmse: 830.4162325001291
mae: 810.6433063001201
