fips: 8005
T_interval_start: 285
T_interval_end: 315
sigma: 0.9900000000000001
gamma: 0.04
rmse: 436.6610837260082
mae: 385.25925634499526
