fips: 8005
T_interval_start: 680
T_interval_end: 711
sigma: 0.9
gamma: 0.03
rmse: 2321.076740682113
mae: 2286.0995314041315
