fips: 8005
T_interval_start: 466
T_interval_end: 497
sigma: 0.9
gamma: 0.03
rmse: 340.3390256797452
mae: 336.24067194334464
