fips: 8005
T_interval_start: 742
T_interval_end: 770
sigma: 0.9
gamma: 0.03
rmse: 6940.640840268725
mae: 5260.953071673271
