fips: 8005
T_interval_start: 193
T_interval_end: 224
sigma: 0.9900000000000001
gamma: 0.04
rmse: 147.72455916273657
mae: 145.69266182364962
