fips: 8005
T_interval_start: 650
T_interval_end: 680
sigma: 0.9
gamma: 0.03
rmse: 1937.151009755695
mae: 1902.6770037545518
