fips: 8005
T_interval_start: 377
T_interval_end: 405
sigma: 0.9
gamma: 0.04
rmse: 222.7434469652784
mae: 213.79478303197766
