fips: 8005
T_interval_start: 436
T_interval_end: 466
sigma: 0.9
gamma: 0.03
rmse: 400.3062729500158
mae: 366.11897930330196
