fips: 8005
T_interval_start: 954
T_interval_end: 984
sigma: 0.9900000000000001
gamma: 0.03
rmse: 740.9244925811602
mae: 731.0401438715398
