fips: 8005
T_interval_start: 466
T_interval_end: 497
sigma: 0.9
gamma: 0.03
rmse: 612.612791093714
mae: 608.2428898627226
