fips: 8005
T_interval_start: 1107
T_interval_end: 1135
sigma: 0.9900000000000001
gamma: 0.03
rmse: 368.8177589920461
mae: 362.73685895166494
