fips: 8005
T_interval_start: 162
T_interval_end: 193
sigma: 0.9
gamma: 0.04
rmse: 120.2989899642006
mae: 119.65588138937449
