fips: 8005
T_interval_start: 711
T_interval_end: 742
sigma: 0.9900000000000001
gamma: 0.02
rmse: 6146.399514894149
mae: 5922.861091893063
