fips: 8005
T_interval_start: 680
T_interval_end: 711
sigma: 0.9
gamma: 0.03
rmse: 2141.115132807083
mae: 2122.5426088565264
