fips: 8005
T_interval_start: 101
T_interval_end: 132
sigma: 0.91
gamma: 0.04
rmse: 137.5219980553741
mae: 124.89890968074266
