fips: 8005
T_interval_start: 315
T_interval_end: 346
sigma: 0.9
gamma: 0.04
rmse: 376.5983827449142
mae: 367.75860789105764
