fips: 8005
T_interval_start: 254
T_interval_end: 285
sigma: 0.9
gamma: 0.04
rmse: 65.29245442745751
mae: 61.83154750830394
