fips: 8005
T_interval_start: 892
T_interval_end: 923
sigma: 0.9900000000000001
gamma: 0.03
rmse: 583.8000024595267
mae: 480.9462164019133
