fips: 8005
T_interval_start: 1076
T_interval_end: 1107
sigma: 0.9900000000000001
gamma: 0.03
rmse: 772.4707543143736
mae: 756.95386644896
