fips: 8005
T_interval_start: 831
T_interval_end: 862
sigma: 0.9900000000000001
gamma: 0.03
rmse: 894.5254777359163
mae: 857.403422941461
