fips: 8005
T_interval_start: 71
T_interval_end: 101
sigma: 0.9
gamma: 0.04
rmse: 22.59804840980526
mae: 20.098084491335456
