fips: 8005
T_interval_start: 984
T_interval_end: 1015
sigma: 0.9900000000000001
gamma: 0.03
rmse: 367.8058678818269
mae: 352.17537437186974
