fips: 8005
T_interval_start: 770
T_interval_end: 801
sigma: 0.9
gamma: 0.04
rmse: 746.9384065062778
mae: 733.3387961237346
