fips: 8005
T_interval_start: 801
T_interval_end: 831
sigma: 0.9
gamma: 0.04
rmse: 1306.2780029255346
mae: 1207.1922157556082
