fips: 8005
T_interval_start: 862
T_interval_end: 892
sigma: 0.9900000000000001
gamma: 0.03
rmse: 1283.2994667582636
mae: 1232.3380693462286
