fips: 8005
T_interval_start: 377
T_interval_end: 405
sigma: 0.9
gamma: 0.04
rmse: 325.464878079134
mae: 324.6694092390638
