fips: 8005
T_interval_start: 1015
T_interval_end: 1045
sigma: 0.9900000000000001
gamma: 0.03
rmse: 814.647679547573
mae: 814.0378411190549
