fips: 8005
T_interval_start: 101
T_interval_end: 132
sigma: 0.9
gamma: 0.04
rmse: 275.20701543962866
mae: 274.64144406974975
