fips: 8005
T_interval_start: 923
T_interval_end: 954
sigma: 0.9
gamma: 0.04
rmse: 2316.0959191866723
mae: 2063.7185891293707
