fips: 8005
T_interval_start: 711
T_interval_end: 742
sigma: 0.9900000000000001
gamma: 0.02
rmse: 10404.472076329226
mae: 10213.950019005782
