fips: 8005
T_interval_start: 285
T_interval_end: 315
sigma: 0.9900000000000001
gamma: 0.04
rmse: 166.23460655852193
mae: 138.47405431546642
