fips: 8005
T_interval_start: 466
T_interval_end: 497
sigma: 0.9
gamma: 0.03
rmse: 82.72192682595806
mae: 72.46265582855904
