fips: 8005
T_interval_start: 346
T_interval_end: 377
sigma: 0.9
gamma: 0.04
rmse: 401.48293008770673
mae: 385.91598782388473
