fips: 8005
T_interval_start: 224
T_interval_end: 254
sigma: 0.9900000000000001
gamma: 0.04
rmse: 102.31468912551922
mae: 100.62069601706501
