fips: 8005
T_interval_start: 984
T_interval_end: 1015
sigma: 0.9
gamma: 0.04
rmse: 854.6146836836149
mae: 853.283545536017
