fips: 8005
T_interval_start: 680
T_interval_end: 711
sigma: 0.9
gamma: 0.03
rmse: 1614.6772511842753
mae: 1586.3236410576042
