fips: 8005
T_interval_start: 193
T_interval_end: 224
sigma: 0.9900000000000001
gamma: 0.04
rmse: 164.81462743344002
mae: 162.99413926353978
