fips: 8005
T_interval_start: 497
T_interval_end: 527
sigma: 0.9900000000000001
gamma: 0.03
rmse: 341.6998185327089
mae: 325.90424139453313
