fips: 8005
T_interval_start: 801
T_interval_end: 831
sigma: 0.9
gamma: 0.04
rmse: 1168.0344677349378
mae: 1095.4351498605865
