fips: 8005
T_interval_start: 254
T_interval_end: 285
sigma: 0.9
gamma: 0.04
rmse: 76.57180691734398
mae: 74.42868057413669
