fips: 8005
T_interval_start: 436
T_interval_end: 466
sigma: 0.9900000000000001
gamma: 0.03
rmse: 103.3033908805003
mae: 87.12594651673474
