fips: 8005
T_interval_start: 132
T_interval_end: 162
sigma: 0.9900000000000001
gamma: 0.04
rmse: 165.6912380701945
mae: 160.97915475870255
