fips: 8005
T_interval_start: 162
T_interval_end: 193
sigma: 0.9
gamma: 0.04
rmse: 89.84022720098392
mae: 88.9122301046874
