fips: 8005
T_interval_start: 954
T_interval_end: 984
sigma: 0.9
gamma: 0.04
rmse: 1152.3993437858996
mae: 1145.9007591677778
