fips: 8005
T_interval_start: 405
T_interval_end: 436
sigma: 0.9900000000000001
gamma: 0.03
rmse: 321.5131662456284
mae: 313.1593402636899
