fips: 8005
T_interval_start: 71
T_interval_end: 101
sigma: 0.9
gamma: 0.04
rmse: 131.5255655287892
mae: 109.00068247558825
