fips: 8005
T_interval_start: 770
T_interval_end: 801
sigma: 0.9
gamma: 0.04
rmse: 742.3284814225196
mae: 723.0019526794799
