fips: 8047
T_interval_start: 711
T_interval_end: 742
sigma: 0.9500000000000001
gamma: 0.05
rmse: 17.72546431185505
