fips: 8047
T_interval_start: 497
T_interval_end: 527
sigma: 0.9500000000000001
gamma: 0.1
rmse: 1.6704787848455216
