fips: 8047
T_interval_start: 892
T_interval_end: 923
sigma: 0.9000000000000001
gamma: 0.1
rmse: 2.9353522902977542
