fips: 8047
T_interval_start: 285
T_interval_end: 315
sigma: 0.6500000000000001
gamma: 0.05
rmse: 2.933607412350072
