fips: 8047
T_interval_start: 770
T_interval_end: 801
sigma: 0.8500000000000001
gamma: 0.05
rmse: 1.6649499925584195
