fips: 8047
T_interval_start: 619
T_interval_end: 650
sigma: 0.9000000000000001
gamma: 0.1
rmse: 3.55087984965908
