fips: 8047
T_interval_start: 466
T_interval_end: 497
sigma: 0.9
gamma: 0.01
rmse: 29.128292081840346
mae: 29.104608294930877
