fips: 8047
T_interval_start: 315
T_interval_end: 346
sigma: 0.9900000000000001
gamma: 0.01
rmse: 34.82662929543645
mae: 34.43887315717685
