fips: 8047
T_interval_start: 923
T_interval_end: 954
sigma: 0.9900000000000001
gamma: 0.04
rmse: 32.80956521296836
mae: 32.80295615376466
