fips: 8047
T_interval_start: 742
T_interval_end: 770
sigma: 0.9
gamma: 0.01
rmse: 111.92602239781385
mae: 93.34489795918371
