fips: 8047
T_interval_start: 831
T_interval_end: 862
sigma: 0.9900000000000001
gamma: 0.04
rmse: 53.305600402471605
mae: 53.26977122525784
