fips: 8047
T_interval_start: 619
T_interval_end: 650
sigma: 0.9900000000000001
gamma: 0.04
rmse: 20.326054204233113
mae: 20.125312109283602
