fips: 8047
T_interval_start: 650
T_interval_end: 680
sigma: 0.9900000000000001
gamma: 0.04
rmse: 27.71516709811921
mae: 27.311117039325065
