fips: 8047
T_interval_start: 346
T_interval_end: 377
sigma: 0.9
gamma: 0.04
rmse: 2.8962641105458475
mae: 2.852409170624865
