fips: 8047
T_interval_start: 711
T_interval_end: 742
sigma: 0.9900000000000001
gamma: 0.04
rmse: 28.04019135025235
mae: 27.265336253201742
