fips: 8047
T_interval_start: 770
T_interval_end: 801
sigma: 0.9900000000000001
gamma: 0.04
rmse: 55.58378865130246
mae: 55.531428112790195
