fips: 8047
T_interval_start: 558
T_interval_end: 589
sigma: 0.9
gamma: 0.04
rmse: 13.314268103859717
mae: 13.2469589133289
