fips: 8047
T_interval_start: 680
T_interval_end: 711
sigma: 0.9900000000000001
gamma: 0.04
rmse: 22.613704930070107
mae: 22.246935568107435
