fips: 8047
T_interval_start: 497
T_interval_end: 527
sigma: 0.9900000000000001
gamma: 0.04
rmse: 10.423618605071686
mae: 10.324485589760727
