fips: 8047
T_interval_start: 589
T_interval_end: 619
sigma: 0.9
gamma: 0.04
rmse: 18.148293421724716
mae: 18.066650669686535
