fips: 8047
T_interval_start: 680
T_interval_end: 711
sigma: 0.9
gamma: 0.01
rmse: 38.23301612551623
mae: 37.629953917050706
