fips: 8047
T_interval_start: 436
T_interval_end: 466
sigma: 0.9
gamma: 0.04
rmse: 4.70655588705038
mae: 4.549511135010728
