fips: 8047
T_interval_start: 315
T_interval_end: 346
sigma: 0.9
gamma: 0.04
rmse: 2.1893239379101215
mae: 2.0860233647087703
