fips: 8047
T_interval_start: 466
T_interval_end: 497
sigma: 0.9
gamma: 0.04
rmse: 7.1736321243328875
mae: 7.144660650350827
