fips: 8047
T_interval_start: 285
T_interval_end: 315
sigma: 0.9900000000000001
gamma: 0.04
rmse: 337.92892044296093
mae: 137.17952929180967
