fips: 8047
T_interval_start: 285
T_interval_end: 315
sigma: 0.9900000000000001
gamma: 0.04
rmse: 0.8173676261003298
mae: 0.7255004180485359
