fips: 8047
T_interval_start: 619
T_interval_end: 650
sigma: 0.9900000000000001
gamma: 0.04
rmse: 8.168359013414282
mae: 7.823730460892151
