fips: 8047
T_interval_start: 558
T_interval_end: 589
sigma: 0.9
gamma: 0.04
rmse: 2.856155445993517
mae: 2.8262948875402856
