fips: 8047
T_interval_start: 742
T_interval_end: 770
sigma: 0.9900000000000001
gamma: 0.04
rmse: 33.686542143341725
mae: 29.89858112357812
