fips: 8047
T_interval_start: 862
T_interval_end: 892
sigma: 0.9900000000000001
gamma: 0.04
rmse: 37.72698366363555
mae: 37.5182257929619
