fips: 8047
T_interval_start: 923
T_interval_end: 954
sigma: 0.9900000000000001
gamma: 0.04
rmse: 29.509783224067633
mae: 29.470515967995578
