fips: 8047
T_interval_start: 589
T_interval_end: 619
sigma: 0.9
gamma: 0.04
rmse: 3.9849289011637627
mae: 3.9163586717359276
