fips: 8047
T_interval_start: 315
T_interval_end: 346
sigma: 0.9
gamma: 0.04
rmse: 10.551278044798932
mae: 10.434604965858501
