fips: 8047
T_interval_start: 285
T_interval_end: 315
sigma: 0.9
gamma: 0.04
rmse: 5.368760372387063
mae: 4.198181621428563
