fips: 8047
T_interval_start: 680
T_interval_end: 711
sigma: 0.9900000000000001
gamma: 0.04
rmse: 5.613606121060658
mae: 5.2264463132211905
