fips: 8047
T_interval_start: 892
T_interval_end: 923
sigma: 0.9900000000000001
gamma: 0.04
rmse: 34.319758027983006
mae: 34.07423171434755
