fips: 8047
T_interval_start: 801
T_interval_end: 831
sigma: 0.05
gamma: 0.05
rmse: 1.6961927005776842
mae: 1.5071266182993759
