fips: 8047
T_interval_start: 770
T_interval_end: 801
sigma: 0.9900000000000001
gamma: 0.04
rmse: 34.17836248024668
mae: 34.13826896082337
