fips: 8047
T_interval_start: 466
T_interval_end: 497
sigma: 0.9
gamma: 0.04
rmse: 5.643228844622924
mae: 5.510185848215509
