fips: 8047
T_interval_start: 497
T_interval_end: 527
sigma: 0.9900000000000001
gamma: 0.04
rmse: 3.0099407376895293
mae: 2.997032919867249
