fips: 8047
T_interval_start: 711
T_interval_end: 742
sigma: 0.9
gamma: 0.04
rmse: 30.827023017859588
mae: 27.333540717221716
