fips: 8047
T_interval_start: 436
T_interval_end: 466
sigma: 0.9
gamma: 0.04
rmse: 6.468938173464844
mae: 6.417061906258848
