fips: 8047
T_interval_start: 831
T_interval_end: 862
sigma: 0.9900000000000001
gamma: 0.04
rmse: 31.24084194397631
mae: 31.226177123854068
