fips: 8047
T_interval_start: 742
T_interval_end: 770
sigma: 0.9900000000000001
gamma: 0.04
rmse: 33.04852592780455
mae: 29.40120253192477
