fips: 8047
T_interval_start: 254
T_interval_end: 285
sigma: 0.9500000000000001
gamma: 0.15000000000000002
rmse: 0.22899824218596432
mae: 0.19440597261424017
