fips: 8047
T_interval_start: 892
T_interval_end: 923
sigma: 0.9900000000000001
gamma: 0.04
rmse: 33.5198052512034
mae: 33.39286020505683
