fips: 8047
T_interval_start: 650
T_interval_end: 680
sigma: 0.9900000000000001
gamma: 0.04
rmse: 2.8009227041077738
mae: 2.736243251680112
