fips: 8047
T_interval_start: 193
T_interval_end: 224
sigma: 0.9500000000000001
gamma: 0.25
rmse: 0.23933455175785706
mae: 0.2096440415708968
