fips: 8047
T_interval_start: 285
T_interval_end: 315
sigma: 0.9900000000000001
gamma: 0.04
rmse: 0.8291083118147307
mae: 0.7466996210382184
