fips: 8047
T_interval_start: 162
T_interval_end: 193
sigma: 0.15000000000000002
gamma: 0.15000000000000002
rmse: 0.45542290504190774
mae: 0.3614582872805607
