fips: 8047
T_interval_start: 71
T_interval_end: 101
sigma: 0.9500000000000001
gamma: 0.05
rmse: 0.10195691664440759
mae: 0.1014877070433405
