fips: 8047
T_interval_start: 558
T_interval_end: 589
sigma: 0.9
gamma: 0.04
rmse: 1.1152547633833056
mae: 1.0225601649995881
