fips: 8047
T_interval_start: 497
T_interval_end: 527
sigma: 0.9900000000000001
gamma: 0.04
rmse: 1.1815119867636061
mae: 1.081332625037813
