fips: 8047
T_interval_start: 346
T_interval_end: 377
sigma: 0.9
gamma: 0.04
rmse: 1.3249916207848025
mae: 1.1808446809445523
