fips: 8047
T_interval_start: 770
T_interval_end: 801
sigma: 0.9900000000000001
gamma: 0.04
rmse: 33.90459268055037
mae: 33.87749727992413
