fips: 8047
T_interval_start: 436
T_interval_end: 466
sigma: 0.9
gamma: 0.04
rmse: 1.436428305741395
mae: 1.3492894675400615
