fips: 8047
T_interval_start: 589
T_interval_end: 619
sigma: 0.9900000000000001
gamma: 0.04
rmse: 1.2743941841770836
mae: 1.0535183582190895
