fips: 8047
T_interval_start: 466
T_interval_end: 497
sigma: 0.9
gamma: 0.04
rmse: 1.2166106584172363
mae: 1.1281731228635101
