fips: 8047
T_interval_start: 224
T_interval_end: 254
sigma: 0.9500000000000001
gamma: 0.25
rmse: 0.06191401229631362
mae: 0.04800106569982612
