fips: 8047
T_interval_start: 405
T_interval_end: 436
sigma: 0.9500000000000001
gamma: 0.05
rmse: 1.1285159975818397
mae: 0.9688580469721321
