fips: 8047
T_interval_start: 101
T_interval_end: 132
sigma: 0.9500000000000001
gamma: 0.05
rmse: 0.16677541655948938
mae: 0.12334859015162669
