fips: 8081
T_interval_start: 558
T_interval_end: 589
sigma: 0.9900000000000001
gamma: 0.04
rmse: 67.35944827966034
mae: 66.85470004364133
