fips: 8081
T_interval_start: 527
T_interval_end: 558
sigma: 0.9900000000000001
gamma: 0.04
rmse: 89.03899082224262
mae: 88.86516509194878
