fips: 8081
T_interval_start: 436
T_interval_end: 466
sigma: 0.9
gamma: 0.04
rmse: 28.248338999582565
mae: 28.028897949357287
