fips: 8081
T_interval_start: 742
T_interval_end: 770
sigma: 0.9900000000000001
gamma: 0.03
rmse: 80.54063078394324
mae: 80.27987854913896
