fips: 8081
T_interval_start: 650
T_interval_end: 680
sigma: 0.9900000000000001
gamma: 0.04
rmse: 53.14234976100912
mae: 48.569474307591825
