fips: 8081
T_interval_start: 405
T_interval_end: 436
sigma: 0.91
gamma: 0.04
rmse: 20.669371416122353
mae: 20.624832791704282
