fips: 8081
T_interval_start: 680
T_interval_end: 711
sigma: 0.9900000000000001
gamma: 0.04
rmse: 15.384863970613534
mae: 13.501731972770706
