fips: 8081
T_interval_start: 862
T_interval_end: 892
sigma: 0.9
gamma: 0.03
rmse: 10.13404372463969
mae: 9.089140749176533
