fips: 8081
T_interval_start: 466
T_interval_end: 497
sigma: 0.9900000000000001
gamma: 0.04
rmse: 39.08463342420866
mae: 38.942438057425065
