fips: 8081
T_interval_start: 892
T_interval_end: 923
sigma: 0.9
gamma: 0.03
rmse: 12.717924375823769
mae: 10.455298702650614
