fips: 8081
T_interval_start: 1045
T_interval_end: 1076
sigma: 0.9900000000000001
gamma: 0.02
rmse: 32.61296266200654
mae: 32.5864952121263
