fips: 8081
T_interval_start: 770
T_interval_end: 801
sigma: 0.9
gamma: 0.04
rmse: 23.072986101581314
mae: 20.505461215659626
