fips: 8081
T_interval_start: 346
T_interval_end: 377
sigma: 0.9900000000000001
gamma: 0.04
rmse: 29.447944821977757
mae: 29.088862496438527
