fips: 8081
T_interval_start: 1015
T_interval_end: 1045
sigma: 0.9900000000000001
gamma: 0.02
rmse: 31.691822238976915
mae: 30.6720192859683
