fips: 8081
T_interval_start: 436
T_interval_end: 466
sigma: 0.9
gamma: 0.04
rmse: 10.45732617861096
mae: 10.34909433740338
