fips: 8081
T_interval_start: 984
T_interval_end: 1015
sigma: 0.9
gamma: 0.03
rmse: 8.012254888501555
mae: 7.966359964393123
