fips: 8081
T_interval_start: 742
T_interval_end: 770
sigma: 0.9
gamma: 0.03
rmse: 30.372648421044364
mae: 26.55345985919636
