fips: 8081
T_interval_start: 801
T_interval_end: 831
sigma: 0.9
gamma: 0.04
rmse: 17.938044717741057
mae: 17.03341263446388
