fips: 8081
T_interval_start: 346
T_interval_end: 377
sigma: 0.9900000000000001
gamma: 0.04
rmse: 19.982946458619942
mae: 19.192372572057494
