fips: 8081
T_interval_start: 315
T_interval_end: 346
sigma: 0.91
gamma: 0.04
rmse: 3.7570057156333854
mae: 3.2542108896942095
