fips: 8081
T_interval_start: 923
T_interval_end: 954
sigma: 0.9900000000000001
gamma: 0.03
rmse: 2.910126810707841
mae: 2.7559442010456876
