fips: 8081
T_interval_start: 770
T_interval_end: 801
sigma: 0.9900000000000001
gamma: 0.03
rmse: 31.24218783773223
mae: 30.64892028030918
