fips: 8081
T_interval_start: 862
T_interval_end: 892
sigma: 0.9900000000000001
gamma: 0.03
rmse: 14.2906235408045
mae: 13.286455121177644
