fips: 8081
T_interval_start: 954
T_interval_end: 984
sigma: 0.9
gamma: 0.03
rmse: 3.3545537465600392
mae: 2.890128541695892
