fips: 8081
T_interval_start: 680
T_interval_end: 711
sigma: 0.9
gamma: 0.04
rmse: 30.54702955540029
mae: 30.34640840720714
