fips: 8081
T_interval_start: 285
T_interval_end: 315
sigma: 0.9400000000000001
gamma: 0.02
rmse: 2.648223647333104
mae: 2.3271197565644495
