fips: 8081
T_interval_start: 650
T_interval_end: 680
sigma: 0.9
gamma: 0.04
rmse: 39.386904655981496
mae: 38.96269651712192
