fips: 8081
T_interval_start: 466
T_interval_end: 497
sigma: 0.9500000000000001
gamma: 0.04
rmse: 13.057585134744734
mae: 13.020696548689923
