fips: 8081
T_interval_start: 589
T_interval_end: 619
sigma: 0.9600000000000001
gamma: 0.03
rmse: 46.90122085761604
mae: 45.64715502669469
