fips: 8081
T_interval_start: 405
T_interval_end: 436
sigma: 0.9900000000000001
gamma: 0.04
rmse: 5.437673563935921
mae: 5.284470111589507
