fips: 8081
T_interval_start: 742
T_interval_end: 770
sigma: 0.9900000000000001
gamma: 0.03
rmse: 50.575217765455115
mae: 50.145131633805654
