fips: 8081
T_interval_start: 377
T_interval_end: 405
sigma: 0.9900000000000001
gamma: 0.04
rmse: 14.81225743132465
mae: 14.647017484993809
