fips: 8081
T_interval_start: 132
T_interval_end: 162
sigma: 0.9500000000000001
gamma: 0.5
rmse: 0.08009186062514316
mae: 0.04465609955931908
