fips: 8081
T_interval_start: 71
T_interval_end: 101
sigma: 0.9500000000000001
gamma: 0.1
rmse: 0.13751306178268582
mae: 0.09448576684332011
