fips: 8081
T_interval_start: 680
T_interval_end: 711
sigma: 0.9
gamma: 0.04
rmse: 8.139782959758943
mae: 7.829811527122293
