fips: 8081
T_interval_start: 1045
T_interval_end: 1076
sigma: 0.9
gamma: 0.03
rmse: 30.435795578701317
mae: 29.30764366689314
