fips: 8081
T_interval_start: 1015
T_interval_end: 1045
sigma: 0.9
gamma: 0.03
rmse: 39.06532052322149
mae: 35.81375542386848
