fips: 8081
T_interval_start: 193
T_interval_end: 224
sigma: 0.9500000000000001
gamma: 0.3
rmse: 0.3770377118726449
mae: 0.29731517534289087
