fips: 8081
T_interval_start: 315
T_interval_end: 346
sigma: 0.9900000000000001
gamma: 0.04
rmse: 2.6644376062866058
mae: 2.401930427784693
