fips: 8081
T_interval_start: 892
T_interval_end: 923
sigma: 0.9900000000000001
gamma: 0.03
rmse: 15.999958699457821
mae: 14.763333524150186
