fips: 8081
T_interval_start: 862
T_interval_end: 892
sigma: 0.9900000000000001
gamma: 0.03
rmse: 23.758649981576088
mae: 22.97981777075021
