fips: 8081
T_interval_start: 801
T_interval_end: 831
sigma: 0.9
gamma: 0.04
rmse: 13.86884254957231
mae: 13.132274891681766
