fips: 8081
T_interval_start: 770
T_interval_end: 801
sigma: 0.9
gamma: 0.04
rmse: 28.141971160727298
mae: 25.213359042063058
