fips: 8081
T_interval_start: 589
T_interval_end: 619
sigma: 0.9900000000000001
gamma: 0.04
rmse: 22.337086608259856
mae: 22.12355031869485
