fips: 8081
T_interval_start: 254
T_interval_end: 285
sigma: 0.9
gamma: 0.04
rmse: 0.15390370939778109
mae: 0.15390370939778109
