fips: 8081
T_interval_start: 923
T_interval_end: 954
sigma: 0.9900000000000001
gamma: 0.03
rmse: 3.106449246039661
mae: 2.981357273624193
