fips: 8081
T_interval_start: 954
T_interval_end: 984
sigma: 0.9
gamma: 0.03
rmse: 3.4941608234154367
mae: 3.052881843797339
