fips: 8081
T_interval_start: 405
T_interval_end: 436
sigma: 0.9900000000000001
gamma: 0.04
rmse: 9.891662053800745
mae: 9.849665089364063
