fips: 8081
T_interval_start: 346
T_interval_end: 377
sigma: 0.9900000000000001
gamma: 0.04
rmse: 19.32699794376422
mae: 18.4967315678303
