fips: 8081
T_interval_start: 466
T_interval_end: 497
sigma: 0.9900000000000001
gamma: 0.04
rmse: 19.890854132573992
mae: 19.78736909812053
