fips: 8081
T_interval_start: 285
T_interval_end: 315
sigma: 0.9900000000000001
gamma: 0.02
rmse: 1.5669219151458704
mae: 1.1670474308971535
