fips: 8081
T_interval_start: 619
T_interval_end: 650
sigma: 0.9900000000000001
gamma: 0.04
rmse: 10.059706224309416
mae: 8.225108251796724
