fips: 8081
T_interval_start: 101
T_interval_end: 132
sigma: 0.9500000000000001
gamma: 0.35000000000000003
rmse: 0.14807131733415713
mae: 0.12012504534195739
