fips: 8081
T_interval_start: 711
T_interval_end: 742
sigma: 0.9900000000000001
gamma: 0.03
rmse: 67.43486242088827
mae: 67.28041673157638
