fips: 8121
T_interval_start: 770
T_interval_end: 801
sigma: 0.9500000000000001
gamma: 0.15000000000000002
rmse: 4.534625284873693
