fips: 8121
T_interval_start: 315
T_interval_end: 346
sigma: 0.9500000000000001
gamma: 0.05
rmse: 11.124853720811554
