fips: 8121
T_interval_start: 132
T_interval_end: 162
sigma: 0.9500000000000001
gamma: 0.2
rmse: 5.116766431447574
