fips: 8121
T_interval_start: 1045
T_interval_end: 1076
sigma: 0.9500000000000001
gamma: 0.05
rmse: 10.046433249443696
