fips: 8121
T_interval_start: 923
T_interval_end: 954
sigma: 0.9500000000000001
gamma: 0.05
rmse: 8.255304596552312
