fips: 8121
T_interval_start: 1107
T_interval_end: 1135
sigma: 0.8500000000000001
gamma: 0.05
rmse: 13.157216921896017
