fips: 8121
T_interval_start: 650
T_interval_end: 680
sigma: 0.9500000000000001
gamma: 0.1
rmse: 4.103568816550385
