fips: 8121
T_interval_start: 132
T_interval_end: 162
sigma: 0.9900000000000001
gamma: 0.04
rmse: 30.726559305159945
mae: 30.272887980066127
