fips: 8121
T_interval_start: 254
T_interval_end: 285
sigma: 0.9900000000000001
gamma: 0.01
rmse: 27.848813707795195
mae: 27.635179670934537
