fips: 8121
T_interval_start: 101
T_interval_end: 132
sigma: 0.9
gamma: 0.04
rmse: 0.9139283448613063
mae: 0.88441242055735
