fips: 8121
T_interval_start: 101
T_interval_end: 132
sigma: 0.9900000000000001
gamma: 0.04
rmse: 904.2605308991076
mae: 615.8692141970593
