fips: 8121
T_interval_start: 619
T_interval_end: 650
sigma: 0.9900000000000001
gamma: 0.04
rmse: 205.32576718963804
mae: 200.58776843205112
