fips: 8121
T_interval_start: 619
T_interval_end: 650
sigma: 0.9
gamma: 0.01
rmse: 84.74239627326824
mae: 78.66682027649775
