fips: 8121
T_interval_start: 742
T_interval_end: 770
sigma: 0.9900000000000001
gamma: 0.04
rmse: 51.194382812468646
mae: 49.69022257443447
