fips: 8121
T_interval_start: 680
T_interval_end: 711
sigma: 0.9900000000000001
gamma: 0.04
rmse: 80.16528653332718
mae: 79.21747451792758
