fips: 8121
T_interval_start: 1045
T_interval_end: 1076
sigma: 0.9900000000000001
gamma: 0.04
rmse: 51.588509773520514
mae: 51.46702397589688
