fips: 8121
T_interval_start: 405
T_interval_end: 436
sigma: 0.9900000000000001
gamma: 0.04
rmse: 97.40976090466032
mae: 95.71836292826845
