fips: 8121
T_interval_start: 770
T_interval_end: 801
sigma: 0.9900000000000001
gamma: 0.04
rmse: 57.126189395830416
mae: 56.98506266545465
