fips: 8121
T_interval_start: 132
T_interval_end: 162
sigma: 0.9
gamma: 0.04
rmse: 5.074602721159596
mae: 4.140372876316923
