fips: 8121
T_interval_start: 315
T_interval_end: 346
sigma: 0.9700000000000001
gamma: 0.01
rmse: 113.62308244825402
mae: 111.36728110599051
