fips: 8121
T_interval_start: 711
T_interval_end: 742
sigma: 0.9
gamma: 0.01
rmse: 62.916876836782144
mae: 57.803296703296674
