fips: 8121
T_interval_start: 285
T_interval_end: 315
sigma: 0.9
gamma: 0.04
rmse: 24.320127129580783
mae: 23.65367587274734
