fips: 8121
T_interval_start: 315
T_interval_end: 346
sigma: 0.9900000000000001
gamma: 0.04
rmse: 46.24804611639533
mae: 45.15401769130652
