fips: 8121
T_interval_start: 436
T_interval_end: 466
sigma: 0.9900000000000001
gamma: 0.04
rmse: 50.087923625657496
mae: 50.062298306110506
