fips: 8121
T_interval_start: 831
T_interval_end: 862
sigma: 0.05
gamma: 0.05
rmse: 3.290055058710828
mae: 2.728011161082917
