fips: 8121
T_interval_start: 862
T_interval_end: 892
sigma: 0.05
gamma: 0.05
rmse: 5.078332778144422
mae: 3.850982563463991
