fips: 8121
T_interval_start: 1045
T_interval_end: 1076
sigma: 0.9900000000000001
gamma: 0.04
rmse: 16.64822170619612
mae: 16.572776687851505
