fips: 8121
T_interval_start: 254
T_interval_end: 285
sigma: 0.9
gamma: 0.04
rmse: 9.075372332790302
mae: 9.035965947603314
