fips: 8121
T_interval_start: 801
T_interval_end: 831
sigma: 0.1
gamma: 0.05
rmse: 3.116100445338246
mae: 2.7891497471533406
