fips: 8121
T_interval_start: 1076
T_interval_end: 1107
sigma: 0.05
gamma: 0.05
rmse: 2.720618488165141
mae: 2.3744815236229018
