fips: 8121
T_interval_start: 466
T_interval_end: 497
sigma: 0.05
gamma: 0.05
rmse: 5.5130598897302265
mae: 4.936006554612765
