fips: 8121
T_interval_start: 193
T_interval_end: 224
sigma: 0.05
gamma: 0.05
rmse: 1.7856090124214423
mae: 1.4861519538228825
