fips: 8121
T_interval_start: 285
T_interval_end: 315
sigma: 0.9
gamma: 0.04
rmse: 28.84036879839636
mae: 26.931377800114266
