fips: 8121
T_interval_start: 742
T_interval_end: 770
sigma: 0.9
gamma: 0.04
rmse: 12.196915317721853
mae: 10.856273315687798
