fips: 8121
T_interval_start: 650
T_interval_end: 680
sigma: 0.9900000000000001
gamma: 0.04
rmse: 65.99431690338884
mae: 64.58756596403573
