fips: 8121
T_interval_start: 680
T_interval_end: 711
sigma: 0.9900000000000001
gamma: 0.04
rmse: 33.33124291836319
mae: 33.06052574031888
