fips: 8121
T_interval_start: 1107
T_interval_end: 1135
sigma: 0.9900000000000001
gamma: 0.04
rmse: 11.797403543401577
mae: 11.729815799060242
