fips: 8121
T_interval_start: 1015
T_interval_end: 1045
sigma: 0.05
gamma: 0.05
rmse: 3.533957504963108
mae: 2.5112741465335966
