fips: 8121
T_interval_start: 558
T_interval_end: 589
sigma: 0.05
gamma: 0.05
rmse: 2.4450418873524975
mae: 1.9349573125918853
