fips: 8121
T_interval_start: 101
T_interval_end: 132
sigma: 0.9
gamma: 0.04
rmse: 1.1881974407834828
mae: 1.187108681880737
