fips: 8121
T_interval_start: 405
T_interval_end: 436
sigma: 0.9900000000000001
gamma: 0.04
rmse: 72.99210352057575
mae: 72.26664932250404
