fips: 8121
T_interval_start: 650
T_interval_end: 680
sigma: 0.9900000000000001
gamma: 0.04
rmse: 98.0333671480721
mae: 94.8762823719828
