fips: 8121
T_interval_start: 315
T_interval_end: 346
sigma: 0.9900000000000001
gamma: 0.04
rmse: 37.870681869386594
mae: 37.29538453145149
