fips: 8121
T_interval_start: 132
T_interval_end: 162
sigma: 0.9
gamma: 0.04
rmse: 4.910177814842748
mae: 4.225144419865121
