fips: 8121
T_interval_start: 742
T_interval_end: 770
sigma: 0.9900000000000001
gamma: 0.04
rmse: 24.00701592087825
mae: 22.347145905490468
