fips: 8121
T_interval_start: 71
T_interval_end: 101
sigma: 0.9500000000000001
gamma: 0.05
rmse: 0.3634301415594398
mae: 0.31341509769253323
