fips: 8121
T_interval_start: 711
T_interval_end: 742
sigma: 0.9900000000000001
gamma: 0.04
rmse: 41.363569439000926
mae: 41.194666885008914
