fips: 8121
T_interval_start: 285
T_interval_end: 315
sigma: 0.9
gamma: 0.04
rmse: 22.083024789404337
mae: 21.418839613116713
