fips: 8121
T_interval_start: 954
T_interval_end: 984
sigma: 0.9900000000000001
gamma: 0.04
rmse: 38.33678670970136
mae: 38.2923536601828
