fips: 8121
T_interval_start: 254
T_interval_end: 285
sigma: 0.9
gamma: 0.04
rmse: 10.059616394022388
mae: 10.011521460896523
