fips: 8121
T_interval_start: 984
T_interval_end: 1015
sigma: 0.9900000000000001
gamma: 0.04
rmse: 33.188925955826726
mae: 33.17065905590204
