fips: 8121
T_interval_start: 466
T_interval_end: 497
sigma: 0.7500000000000001
gamma: 0.05
rmse: 0.49583523542463204
mae: 0.4009288750797541
