fips: 8121
T_interval_start: 589
T_interval_end: 619
sigma: 0.9900000000000001
gamma: 0.04
rmse: 68.91527590544705
mae: 68.69253979255151
