fips: 8121
T_interval_start: 193
T_interval_end: 224
sigma: 0.8
gamma: 0.1
rmse: 0.11226750518836047
mae: 0.09160379410832882
