fips: 8121
T_interval_start: 801
T_interval_end: 831
sigma: 0.2
gamma: 0.05
rmse: 0.9240964996222365
mae: 0.7043940834090822
