fips: 8121
T_interval_start: 680
T_interval_end: 711
sigma: 0.9900000000000001
gamma: 0.04
rmse: 44.19101638857738
mae: 43.74632072800582
