"fips","date.x","days_from_start.x","county","state","log_rolled_cases.x","r.lm","t0.lm","predicted.lm","r.slm","t0.slm","predicted.slm","date.y","days_from_start.y","log_rolled_cases.y","lm.mse","slm.mse","lm.mape","slm.mape"
1001,2021-05-26,491,"Autauga","Alabama",5.32509838922568,0.069837654999318,414.750326535482,5.8139619742209,0.0698376549993087,414.750326535472,5.81396197422084,2021-06-02,498,5.42557914615896,0.15084122113339,0.150841221133339,0.0715836627942096,0.0715836627941977
1003,2021-05-26,491,"Baldwin","Alabama",6.37575465807969,0.00194742028439646,-2782.948982233,6.38938660007046,0.0019474202843961,-2782.94898223361,6.38938660007046,2021-06-02,498,6.25465264795325,0.0181532378531235,0.0181532378531228,0.0215413964133249,0.0215413964133245
1005,2021-05-26,491,"Barbour","Alabama",3.32194801000801,0.0103627870355487,170.43488574914,3.39448751925686,0.0103627870355472,170.434885749091,3.39448751925684,2021-06-02,498,3.31158522297247,0.00687279072922452,0.00687279072922268,0.0250340216852325,0.0250340216852292
1007,2021-05-26,491,"Bibb","Alabama",4.14991441337691,0.00225479238708931,-1349.48626256628,4.16569796008654,0.00225479238708903,-1349.48626256651,4.16569796008653,2021-06-02,498,4.07511320029421,0.00820559870663271,0.00820559870663238,0.0222287714083089,0.0222287714083085
1009,2021-05-26,491,"Blount","Alabama",5.39751608009205,0.0051880790817772,-549.368890877259,5.43383263366449,0.0051880790817771,-549.36889087728,5.43383263366449,2021-06-02,498,5.37262939951259,0.00374583587065333,0.00374583587065322,0.0113916724197394,0.0113916724197392
1013,2021-05-26,491,"Butler","Alabama",3.93462283734539,0.0515873687904988,414.728948973454,4.29573441887888,0.051587368790492,414.728948973444,4.29573441887883,2021-06-02,498,4.09196077086682,0.04152369962414,0.0415236996241205,0.0497985341068864,0.0497985341068747
1015,2021-05-26,491,"Calhoun","Alabama",5.06169046489654,-0.0161583407865899,804.255583091633,4.94858207939041,0,490,5.06169046489654,2021-06-02,498,4.89570532742228,0.00279595089869922,0.0275510658623489,0.0108006402411421,0.0339042336850889
1017,2021-05-26,491,"Chambers","Alabama",4.58058471051548,0.0433875081135836,385.426186022852,4.88429726731056,0.0433875081135913,385.426186022871,4.88429726731062,2021-06-02,498,4.67149282891917,0.045285728999078,0.0452857289991006,0.0455538403214532,0.0455538403214646
1021,2021-05-26,491,"Chilton","Alabama",5.19533497329518,-0.00788647620692206,1149.76506020967,5.14012963984672,0,490,5.19533497329518,2021-06-02,498,5.01727983681492,0.0150920741049511,0.0317036316270007,0.024485340070205,0.0354883806108937
1031,2021-05-26,491,"Coffee","Alabama",4.71081637512308,-0.0190966974564516,737.682254136649,4.57713949292792,0,490,4.71081637512308,2021-06-02,498,4.57911950878815,3.92046280677334e-06,0.0173440646024399,0.000432401001204002,0.0287603033906799
1033,2021-05-26,491,"Colbert","Alabama",4.06044301054642,0.00741659765504942,-56.4805563683183,4.11235919413177,0.0074165976550491,-56.4805563683419,4.11235919413176,2021-06-02,498,3.95672318434605,0.0242225675420183,0.0242225675420175,0.0393345711930148,0.0393345711930141
1037,2021-05-26,491,"Coosa","Alabama",3.42472787907235,-0.0275246733900862,615.423924329139,3.23205516534175,0,490,3.42472787907235,2021-06-02,498,3.3322045101752,0.0100298912705709,0.00856057379207721,0.0300549814777703,0.0277664136803777
1039,2021-05-26,491,"Covington","Alabama",4.33822401201549,0.0979255371703231,446.698746850171,5.02370277220775,0.0979255371703092,446.698746850165,5.02370277220765,2021-06-02,498,4.5776521570942,0.198961151243178,0.198961151243091,0.0974409150818256,0.0974409150818043
1043,2021-05-26,491,"Cullman","Alabama",5.35253495245283,-0.0107672641846111,988.111881038715,5.27716410316056,0,490,5.35253495245283,2021-06-02,498,5.24325758936501,0.00114965167776771,0.0119415420834286,0.00646668854574711,0.0208415019146638
1045,2021-05-26,491,"Dale","Alabama",4.44265125649032,-0.00836824967051835,1021.89372705286,4.38407350879669,0,490,4.44265125649032,2021-06-02,498,4.29241447598419,0.00840137829612185,0.0225710902168448,0.0213537237201395,0.0350005297360468
1047,2021-05-26,491,"Dallas","Alabama",3.98898404656427,6.28036983473404e-16,-6351511378362786,3.98898404656428,0,490,3.98898404656427,2021-06-02,498,3.90629233071916,0.0068379198694098,0.00683791986940907,0.0211688498566349,0.0211688498566338
1049,2021-05-26,491,"DeKalb","Alabama",4.39444915467244,-0.00702990592826057,1116.10781787371,4.34523981317462,0,490,4.39444915467244,2021-06-02,498,4.30019661642625,0.00202888957331199,0.00888354096584948,0.0104746830822354,0.0219181927370847
1051,2021-05-26,491,"Elmore","Alabama",5.31951957419864,0.0262147494741413,288.07913747389,5.50302282051763,0.0262147494741463,288.079137473928,5.50302282051766,2021-06-02,498,5.23947686652511,0.0694564698658285,0.0694564698658468,0.0503000510750054,0.050300051075012
1053,2021-05-26,491,"Escambia","Alabama",3.52636052461616,0.0169495583137767,282.949709878285,3.6450074328126,0.0169495583137742,282.949709878255,3.64500743281258,2021-06-02,498,3.64507683145554,4.81617164263472e-09,4.81617164503861e-09,1.90390069000228e-05,1.90390069047743e-05
1055,2021-05-26,491,"Etowah","Alabama",5.1857883614116,-0.0166472334331517,802.510521086614,5.06925772737954,0,490,5.1857883614116,2021-06-02,498,5.11456621694449,0.00205285922665701,0.00507259386249451,0.00885871599723192,0.0139253538709024
1061,2021-05-26,491,"Geneva","Alabama",4.42399083377291,0,490,4.42399083377291,0,490,4.42399083377291,2021-06-02,498,4.19827548507033,0.0509474186399276,0.0509474186399276,0.0537638250527524,0.0537638250527524
1065,2021-05-26,491,"Hale","Alabama",3.50941096630239,-0.0459370951870177,567.396013984232,3.18785129999326,0,490,3.50941096630239,2021-06-02,498,3.24147565678544,0.00287557164137496,0.0717893300859409,0.016543192814028,0.0826584364303556
1067,2021-05-26,491,"Henry","Alabama",3.55942138687705,0.0716095323781326,441.294028341344,4.06068811352398,0.0716095323781225,441.294028341337,4.06068811352391,2021-06-02,498,3.84710345932883,0.0456184045076599,0.0456184045076296,0.0555183026537081,0.0555183026536897
1069,2021-05-26,491,"Houston","Alabama",5.277385530507,0.00805570083221832,-164.11190651475,5.33377543633253,0.00805570083221863,-164.111906514725,5.33377543633253,2021-06-02,498,5.05624580534831,0.0770226960742388,0.0770226960742397,0.054888476879558,0.0548884768795583
1071,2021-05-26,491,"Jackson","Alabama",4.19397440317094,-0.00215285336110148,2439.10035785491,4.17890442964323,0,490,4.19397440317094,2021-06-02,498,4.08477511120595,0.00886032858946715,0.0119244853656556,0.0230439414348791,0.0267332445464184
1073,2021-05-26,491,"Jefferson","Alabama",8.27297191449913,-0.00211331833070401,4405.68327052421,8.2581786861842,0,490,8.27297191449913,2021-06-02,498,8.2378193668349,0.000414501884366922,0.00123570160728612,0.00247144522630214,0.00426721515717556
1075,2021-05-26,491,"Lamar","Alabama",3.49650756146648,-0.00862074304390511,896.592365258877,3.43616236015914,0,490,3.49650756146648,2021-06-02,498,3.36729582998647,0.00474259897802334,0.0166956715520612,0.0204515830059835,0.0383725511519803
1077,2021-05-26,491,"Lauderdale","Alabama",4.74741351921463,-0.0256894861153065,675.799863177722,4.56758711640749,0,490,4.74741351921463,2021-06-02,498,4.54632968596516,0.000451878349010464,0.0404347079943024,0.00467573447388833,0.0442299276865544
1079,2021-05-26,491,"Lawrence","Alabama",4.2257904483556,0.0383025544142585,380.673403954946,4.49390832925541,0.0383025544142654,380.673403954966,4.49390832925546,2021-06-02,498,4.35119917087862,0.0203659038846114,0.0203659038846251,0.0327976616956314,0.0327976616956424
1081,2021-05-26,491,"Lee","Alabama",5.56452040732269,0.0082440697750798,-183.972502554885,5.62222889574825,0.00824406977508207,-183.972502554698,5.62222889574827,2021-06-02,498,5.55240572171167,0.00487527563254307,0.0048752756325453,0.0125753011462316,0.0125753011462345
1083,2021-05-26,491,"Limestone","Alabama",5.17856811343811,-0.0112090845347173,952.997418022748,5.10010452169509,0,490,5.17856811343811,2021-06-02,498,5.08847778086019,0.000135181102441885,0.00811626802400005,0.00228491531959339,0.0177047707502595
1085,2021-05-26,491,"Lowndes","Alabama",3.36235754834589,0.0149628726767128,266.286629713903,3.46709765708288,0.014962872676715,266.286629713936,3.4670976570829,2021-06-02,498,3.24147565678544,0.0509052870182179,0.050905287018225,0.0696047184019849,0.0696047184019897
1087,2021-05-26,491,"Macon","Alabama",3.44316158076119,0.0184337016888363,304.213773398188,3.57219749258304,0.018433701688839,304.213773398215,3.57219749258306,2021-06-02,498,3.48343547989913,0.0078786948956993,0.00787869489570253,0.0254811702975719,0.0254811702975772
1089,2021-05-26,491,"Madison","Alabama",6.64583377362522,-0.00776631122491486,1346.72591429312,6.59146959505082,0,490,6.64583377362522,2021-06-02,498,6.44821104477093,0.0205230122282949,0.0390547429598165,0.0222167899414614,0.0306476831298116
1093,2021-05-26,491,"Marion","Alabama",4.22160634183303,0.0384662808278006,381.251767236567,4.49087030762763,0.0384662808277954,381.251767236552,4.49087030762759,2021-06-02,498,4.18965474202643,0.0907308169604544,0.0907308169604324,0.0718950806565784,0.0718950806565697
1095,2021-05-26,491,"Marshall","Alabama",5.15823394393222,-0.0235496063598651,710.036949709836,4.99338669941316,0,490,5.15823394393222,2021-06-02,498,4.87192042239884,0.0147540564517195,0.0819754326128426,0.0249319090796052,0.0587681030702058
1097,2021-05-26,491,"Mobile","Alabama",6.45990445437753,-0.0188246063727765,834.162790576042,6.3281322097681,0,490,6.45990445437753,2021-06-02,498,6.43041048347951,0.0104608452733859,0.000869894319333629,0.0159054035468147,0.0045866389049035
1101,2021-05-26,491,"Montgomery","Alabama",6.37988037683078,-0.00169389030217364,4257.40705047073,6.36802314471556,0,490,6.37988037683078,2021-06-02,498,6.33935098501363,0.000822092741972835,0.00164263160106746,0.00452288566601047,0.0063933030231257
1103,2021-05-26,491,"Morgan","Alabama",5.52886203334256,0.00340909421077341,-1130.79795907965,5.55272569281797,0.00340909421077384,-1130.79795907944,5.55272569281797,2021-06-02,498,5.4614075614141,0.00833900112309435,0.00833900112309484,0.0167206219966167,0.0167206219966172
1109,2021-05-26,491,"Pike","Alabama",3.63381967693091,-0.00376648279547443,1455.77798366611,3.60745429736259,0,490,3.63381967693091,2021-06-02,498,3.29583686600433,0.0971054235263198,0.114232380481833,0.0945488032409947,0.102548404143658
1111,2021-05-26,491,"Randolph","Alabama",3.88008995832514,0.0483477841577863,410.746271190791,4.21852444742964,0.0483477841577939,410.746271190804,4.21852444742969,2021-06-02,498,3.83791503327442,0.144863526143577,0.144863526143618,0.0991708807660834,0.0991708807660973
1113,2021-05-26,491,"Russell","Alabama",4.71081637512308,-0.0102302682508165,951.47828459895,4.63920449736736,0,490,4.71081637512308,2021-06-02,498,4.63055941999291,7.47373628101731e-05,0.00644117884676483,0.00186696176214063,0.0173320214364693
1115,2021-05-26,491,"St. Clair","Alabama",6.03034179469031,-0.00787001495730206,1257.24273618377,5.9752516899892,0,490,6.03034179469031,2021-06-02,498,6.00494470866467,0.000881675358062287,0.00064501197859357,0.0049447613785075,0.00422936217697229
1117,2021-05-26,491,"Shelby","Alabama",7.60759430483165,-0.00134718352704314,6138.03631845107,7.59816402014235,0,490,7.60759430483165,2021-06-02,498,7.59975894884001,2.54379755059953e-06,6.13928035158642e-05,0.000209865695529357,0.00103100059414971
1121,2021-05-26,491,"Talladega","Alabama",5.26785815906333,-0.0204088716312025,749.116090602944,5.12499605764491,0,490,5.26785815906333,2021-06-02,498,5.08051665964432,0.00197841684649463,0.035096837404561,0.00875489659425721,0.0368744976090916
1123,2021-05-26,491,"Tallapoosa","Alabama",4.22787595484662,-0.0487901641694238,577.654267859508,3.88634480566066,0,490,4.22787595484662,2021-06-02,498,4.09196077086682,0.0422779251476638,0.0184729372362627,0.0502487625663651,0.0332151727718073
1125,2021-05-26,491,"Tuscaloosa","Alabama",5.93072831192015,-0.0124459460600493,967.51888279971,5.8436066894998,0,490,5.93072831192015,2021-06-02,498,5.68017260901707,0.0267106986632373,0.062778160257257,0.0287727313468063,0.0441105790527092
1127,2021-05-26,491,"Walker","Alabama",4.28653786749521,-0.00392157365318326,1584.06575538004,4.25908685192293,0,490,4.28653786749521,2021-06-02,498,4.08717607274349,0.0295533159980811,0.039745125206627,0.0420610162419656,0.0487773932914762
1133,2021-05-26,491,"Winston","Alabama",3.44771739729705,0.095310179804307,454.826346730475,4.1148886559272,0.0953101798043225,454.826346730481,4.11488865592731,2021-06-02,498,3.85014760171006,0.0700878257880013,0.0700878257880591,0.0687612740092228,0.0687612740092512
2020,2021-05-26,491,"Anchorage","Alaska",6.23469079853913,-0.0373772555562926,657.804402991795,5.97305000964509,0,490,6.23469079853913,2021-06-02,498,5.93715920225044,0.00128815005543967,0.088525050790099,0.00604511453576033,0.0501134610262628
2090,2021-05-26,491,"Fairbanks North Star Borough","Alaska",5.81199605929643,-0.0929764564581184,553.51040618992,5.1611608640896,0,490,5.81199605929643,2021-06-02,498,5.21338175574225,0.00272702152499759,0.358339084419657,0.0100167020370472,0.114822649021403
2110,2021-05-26,491,"Juneau City and Borough","Alaska",3.9810158769151,-0.0417815340149618,586.28170687772,3.68854513881037,0,490,3.9810158769151,2021-06-02,498,3.71008166176454,0.000463821820955681,0.0734053489392488,0.00580486493764439,0.0730264829323729
2122,2021-05-26,491,"Kenai Peninsula Borough","Alaska",4.54784369079637,-0.0342040777708578,623.962032225034,4.30841514640037,0,490,4.54784369079637,2021-06-02,498,4.32885187218663,0.000417659760862698,0.047957416618004,0.00472104992031864,0.0505888917144044
2130,2021-05-26,491,"Ketchikan Gateway Borough","Alaska",5.21182533519459,0.0141178815457836,121.835170397704,5.31065050601508,0.0141178815457819,121.835170397659,5.31065050601506,2021-06-02,498,5.10334469220053,0.0429757004413128,0.0429757004413076,0.040621558275571,0.0406215582755686
2158,2021-05-26,491,"Kusilvak Census Area","Alaska",3.18398856586776,-0.0175957618903792,671.95201479219,3.0608182326351,0,490,3.18398856586776,2021-06-02,498,3.36235754834589,0.0909259589193312,0.0318154939102851,0.0896809192285726,0.0530487849413526
2170,2021-05-26,491,"Matanuska-Susitna Borough","Alaska",5.75393225834167,-0.0614767735510112,584.595221837191,5.32359484348459,0,490,5.75393225834167,2021-06-02,498,5.30045793104715,0.000535316717138109,0.205638965515223,0.00436507802503708,0.0855538018023545
2198,2021-05-26,491,"Prince of Wales-Hyder Census Area","Alaska",3.630038954091,0.0268730182511003,355.918822285905,3.8181500818487,0.0268730182510963,355.918822285885,3.81815008184868,2021-06-02,498,3.72051653905712,0.00953230867803636,0.0095323086780309,0.0262419322066308,0.0262419322066233
2240,2021-05-26,491,"Southeast Fairbanks Census Area","Alaska",3.58747933967221,0.0321312781827875,379.349311245452,3.81239828695172,0.0321312781827925,379.349311245469,3.81239828695175,2021-06-02,498,3.75787232560089,0.00297308046123216,0.00297308046123598,0.0145097961363312,0.0145097961363405
2261,2021-05-26,491,"Valdez-Cordova Census Area","Alaska",3.50941096630239,-0.0169495583137712,698.050290121781,3.39076405810599,0,490,3.50941096630239,2021-06-02,498,3.44771739729705,0.00324368284501175,0.00380609645661667,0.0165191437197576,0.0178940330358013
4001,2021-05-26,491,"Apache","Arizona",4.22787595484662,-0.0388199918495878,599.909758951727,3.95613601189951,0,490,4.22787595484662,2021-06-02,498,4.05302641289137,0.00938774980436348,0.0305723623219621,0.0239056919746891,0.0431404891414263
4003,2021-05-26,491,"Cochise","Arizona",4.91580119142541,-0.0278799678737417,667.320188519847,4.72064141630922,0,490,4.91580119142541,2021-06-02,498,4.7523579050601,0.00100593565868465,0.0267137078578936,0.00667384262391283,0.0343920406733857
4005,2021-05-26,491,"Coconino","Arizona",4.93652732194253,-0.101352494260304,539.7065203276,4.2270598621204,0,490,4.93652732194253,2021-06-02,498,3.61477148196021,0.374897060479187,1.74703850052737,0.169385086502939,0.365654052152021
4009,2021-05-26,491,"Graham","Arizona",4.14765962098982,-0.0134531176971139,799.304715261624,4.05348779711002,0,490,4.14765962098982,2021-06-02,498,4.05550472890584,4.06801386895506e-06,0.00849252413501112,0.000497331881143085,0.0227234088588646
4013,2021-05-26,491,"Maricopa","Arizona",9.18296917518005,-0.0145753928500819,1121.0323613664,9.08094142522948,0,490,9.18296917518005,2021-06-02,498,9.12464241778337,0.00190977675019508,0.00340201062841154,0.00478933754913164,0.00639222390600293
4015,2021-05-26,491,"Mohave","Arizona",5.62659283596507,-0.00410678195265054,1861.07342995983,5.59784536229652,0,490,5.62659283596507,2021-06-02,498,5.6378461516518,0.00160006314904554,0.000126637113945145,0.00709504805191627,0.00199603099907761
4017,2021-05-26,491,"Navajo","Arizona",5.20243559484476,0.00472814119594643,-609.313078489482,5.23553258321638,0.00472814119594744,-609.313078489246,5.23553258321639,2021-06-02,498,5.1102651350451,0.0156919335713449,0.0156919335713467,0.0245129058592724,0.0245129058592738
4019,2021-05-26,491,"Pima","Arizona",6.96737098865649,-0.0210421933431067,822.114293792902,6.82007563525474,0,490,6.96737098865649,2021-06-02,498,6.96359536389079,0.0205979125077636,1.42553423713918e-05,0.0206100040476583,0.0005421947382643
4021,2021-05-26,491,"Pinal","Arizona",7.10179363944331,-0.00364085198709898,2441.58564989949,7.07630767553362,0,490,7.10179363944331,2021-06-02,498,6.98894019123445,0.00763307731276573,0.0127359007726306,0.0125008201399043,0.016147433676769
4023,2021-05-26,491,"Santa Cruz","Arizona",4.65938777189289,0.035816500533913,360.909463447409,4.91010327563028,0.0358165005339082,360.909463447392,4.91010327563025,2021-06-02,498,4.69265764011121,0.0472826044062957,0.047282604406281,0.0463374173433042,0.046337417343297
4025,2021-05-26,491,"Yavapai","Arizona",6.07665879793294,-0.00556011244350267,1583.90214176044,6.03773801082842,0,490,6.07665879793294,2021-06-02,498,6.04602037079716,6.85974866517803e-05,0.000938713217354434,0.00136988621618679,0.00506753620675268
4027,2021-05-26,491,"Yuma","Arizona",4.71977356872709,-0.0189280098855223,740.353925598758,4.58727749952844,0,490,4.71977356872709,2021-06-02,498,4.59367580656236,4.09383329002984e-05,0.0159006456229546,0.00139285123795168,0.0274502963366719
5001,2021-05-26,491,"Arkansas","Arkansas",3.17805383034795,-0.0176995770993957,670.555353921787,3.05415679065218,0,490,3.17805383034795,2021-06-02,498,3.18988828799495,0.0184230393709112,0.000140054387798715,0.0425505488244195,0.00370999125315515
5003,2021-05-26,491,"Ashley","Arkansas",3.77767495289707,-0.0994607935306208,528.981548495629,3.08144939818272,0,490,3.77767495289707,2021-06-02,498,3.31158522297247,0.0529624978516565,0.217239636341187,0.069494157418415,0.140745201630728
5005,2021-05-26,491,"Baxter","Arkansas",3.63758615972639,-0.014925650216673,734.713748273622,3.53310660820967,0,490,3.63758615972639,2021-06-02,498,3.42006586596654,0.012778209406879,0.04731507819737,0.0330522120547492,0.0636012001769953
5007,2021-05-26,491,"Benton","Arkansas",6.23832462503951,-0.0113747931939577,1039.43411380466,6.1587010726818,0,490,6.23832462503951,2021-06-02,498,6.03923378214331,0.0142724335086093,0.0396371637251194,0.0197818622110199,0.0329662420893306
5009,2021-05-26,491,"Boone","Arkansas",3.97298370521783,-6.28036983473606e-16,6326034628158344,3.97298370521783,0,490,3.97298370521783,2021-06-02,498,3.83791503327442,0.018243546140555,0.0182435461405562,0.0351932418441705,0.0351932418441717
5021,2021-05-26,491,"Clay","Arkansas",3.29053181377464,-0.00530505222968978,1111.263792194,3.25339644816681,0,490,3.29053181377464,2021-06-02,498,3.27444567602301,0.000443069993342292,0.000258763827764321,0.00642833320165719,0.00491262929460614
5023,2021-05-26,491,"Cleburne","Arkansas",3.20158432775814,0.0116960397631929,217.267660457735,3.28345660610049,0.011696039763192,217.267660457715,3.28345660610049,2021-06-02,498,3.49216915986788,0.0435609301001068,0.0435609301001092,0.059765877370983,0.0597658773709846
5029,2021-05-26,491,"Conway","Arkansas",3.31158522297247,-0.0307716586667609,598.618027966415,3.09618361230514,0,490,3.31158522297247,2021-06-02,498,3.17208366336144,0.00576081775034941,0.0194606851339079,0.023927506053189,0.0439778941590696
5031,2021-05-26,491,"Craighead","Arkansas",5.29831736654804,-0.0246926125903764,705.570951014433,5.1254690784154,0,490,5.29831736654804,2021-06-02,498,5.08051665964432,0.00202071995337034,0.0474371479277571,0.00884800144995976,0.0428697948446371
5033,2021-05-26,491,"Crawford","Arkansas",3.96759285658296,0.0301806171499881,359.538378891814,4.17885717663287,0.0301806171499917,359.538378891829,4.1788571766329,2021-06-02,498,4.00733318523247,0.0294204796259256,0.0294204796259341,0.0428025281332959,0.0428025281333021
5035,2021-05-26,491,"Crittenden","Arkansas",4.57028292698765,-0.0277187695218228,655.88044043187,4.37625154033489,0,490,4.57028292698765,2021-06-02,498,4.4188406077966,0.00181382866725789,0.0229347760419646,0.00963806374607938,0.034271957880501
5045,2021-05-26,491,"Faulkner","Arkansas",5.68649097754614,-0.0110817804757433,1004.13874967955,5.60891851421594,0,490,5.68649097754614,2021-06-02,498,5.38515015616332,0.0500722780655656,0.0908062906316743,0.0415528539713079,0.0559577379728098
5049,2021-05-26,491,"Fulton","Arkansas",3.01693448120459,-6.28036983473606e-16,4803752900853953,3.01693448120459,0,490,3.01693448120459,2021-06-02,498,3.16607763930123,0.0222436816070397,0.0222436816070384,0.0471066016339251,0.0471066016339237
5051,2021-05-26,491,"Garland","Arkansas",4.94875989037817,0.0702963693903893,420.601486772448,5.44083447611089,0.0702963693903991,420.601486772458,5.44083447611096,2021-06-02,498,5.18338739987406,0.066278997062895,0.0662789970629302,0.0496677281430076,0.0496677281430207
5053,2021-05-26,491,"Grant","Arkansas",3.36235754834589,0.0718257345712435,444.187286305986,3.8651376903446,0.0718257345712554,444.187286305993,3.86513769034468,2021-06-02,498,3.80348283685294,0.00380132095907766,0.0038013209590879,0.0162101043007916,0.0162101043008134
5055,2021-05-26,491,"Greene","Arkansas",4.00473240353241,-0.0358094526967044,602.834504633492,3.75406623465548,0,490,4.00473240353241,2021-06-02,498,4.02535169073515,0.0735957986803523,0.000425155004748884,0.067394224634847,0.0051223566999607
5059,2021-05-26,491,"Hot Spring","Arkansas",4.28260085453587,-0.00197044398729787,2664.41923045918,4.26880774662478,0,490,4.28260085453587,2021-06-02,498,4.34008794545355,0.00508086674506862,0.00330476562217788,0.016423676138507,0.013245605075331
5063,2021-05-26,491,"Independence","Arkansas",3.4106761256167,0.02386748140664,348.099453959652,3.57774849546318,0.0238674814066431,348.099453959671,3.5777484954632,2021-06-02,498,3.56751859710967,0.000104650820323184,0.00010465082032362,0.00286751086926356,0.00286751086926953
5069,2021-05-26,491,"Jefferson","Arkansas",4.23203396499529,0.00833338155914566,-16.8411368732716,4.29036763590931,0.00833338155914465,-16.8411368733331,4.2903676359093,2021-06-02,498,4.35487564560793,0.00416128331527779,0.0041612833152787,0.0148128247390217,0.0148128247390233
5077,2021-05-26,491,"Lee","Arkansas",3.25809653802148,0.00550965581096899,-100.343025735846,3.29666412869827,0.00550965581096818,-100.343025735931,3.29666412869826,2021-06-02,498,3.03769647265303,0.0670642468775658,0.0670642468775628,0.0852513272397707,0.0852513272397688
5085,2021-05-26,491,"Lonoke","Arkansas",5.03509559166642,0.00279199809103366,-1312.40223291568,5.05463957830365,0.00279199809103492,-1312.40223291487,5.05463957830366,2021-06-02,498,4.95179479407332,0.010577049643384,0.0105770496433858,0.0207691934959475,0.0207691934959493
5091,2021-05-26,491,"Miller","Arkansas",4.66747406932424,-0.00401875959492054,1652.42156779511,4.6393427521598,0,490,4.66747406932424,2021-06-02,498,4.51085950651685,0.0165079444109461,0.0245281212833506,0.0284830962829429,0.0347194503799399
5093,2021-05-26,491,"Mississippi","Arkansas",3.97834564835922,-0.0263867551731903,641.770552204969,3.79363836214689,0,490,3.97834564835922,2021-06-02,498,3.73766961828337,0.00313250028966007,0.0579249514530714,0.0149742351730978,0.0643920021444772
5107,2021-05-26,491,"Phillips","Arkansas",3.62624388312245,-0.0662006371559666,545.776570723619,3.16283942303069,0,490,3.62624388312245,2021-06-02,498,3.08452777233712,0.00613271463435046,0.293456344684382,0.0253885380432888,0.17562367751835
5115,2021-05-26,491,"Pope","Arkansas",4.13173209429372,-0.0814531451429125,541.725261584981,3.56156007829333,0,490,4.13173209429372,2021-06-02,498,3.61477148196021,0.00283145348019961,0.267248274704235,0.0147205442812734,0.143013359188385
5119,2021-05-26,491,"Pulaski","Arkansas",6.42671959116957,0.00649202372860317,-498.940865874246,6.47216375726979,0.00649202372860369,-498.940865874166,6.4721637572698,2021-06-02,498,6.4712416881807,8.50211405066901e-07,8.50211405073453e-07,0.00014248719697495,0.000142487196975499
5121,2021-05-26,491,"Randolph","Arkansas",4.03297561584581,0.0492966215112196,409.189614374934,4.37805196642434,0.0492966215112265,409.189614374945,4.37805196642439,2021-06-02,498,4.10852919721406,0.0726425231227815,0.0726425231228079,0.0656007919800222,0.0656007919800341
5125,2021-05-26,491,"Saline","Arkansas",5.32370660055286,0.00488657167830299,-598.456361438592,5.35791260230098,0.00488657167830198,-598.456361438819,5.35791260230097,2021-06-02,498,5.37063802812766,0.000161936462470499,0.000161936462470679,0.00236944395806225,0.00236944395806357
5129,2021-05-26,491,"Searcy","Arkansas",3.14168618617707,0.0769610411361155,450.178226544251,3.68041347412988,0.0769610411361277,450.178226544258,3.68041347412996,2021-06-02,498,3.47903986842609,0.040551329074145,0.0405513290741793,0.0578819482729555,0.05788194827298
5131,2021-05-26,491,"Sebastian","Arkansas",4.54784369079637,0.00759305090759879,-107.948136413137,4.60099504714956,0.00759305090759721,-107.948136413262,4.60099504714955,2021-06-02,498,4.66343909411207,0.00389925900105533,0.00389925900105666,0.013390128122686,0.0133901281226883
5139,2021-05-26,491,"Union","Arkansas",3.3722098447889,-0.00488998529419243,1180.61553908841,3.33797994772955,0,490,3.3722098447889,2021-06-02,498,3.52214999207982,0.0339186052359783,0.0224820477696219,0.0522890975013567,0.0425706309010361
5141,2021-05-26,491,"Van Buren","Arkansas",3.14168618617707,-0.018349138668203,662.217093237256,3.01324221549965,0,490,3.14168618617707,2021-06-02,498,3.42472787907235,0.169320451325867,0.0801125999170261,0.120151345771787,0.0826464767098364
5143,2021-05-26,491,"Washington","Arkansas",5.80125481746502,-0.0398020360945428,636.752714853209,5.52264056480322,0,490,5.80125481746502,2021-06-02,498,5.53508201381421,0.000154789653492978,0.0708479614033341,0.00224774429356886,0.0480883215436574
5145,2021-05-26,491,"White","Arkansas",4.99431232006433,0.000968523078134593,-4665.62706735242,5.00109198161127,0.000968523078135775,-4665.62706734613,5.00109198161128,2021-06-02,498,4.91789324239764,0.0069220302067372,0.00692203020673853,0.0169175569929748,0.0169175569929764
6001,2021-05-26,491,"Alameda","California",7.54644627374602,-0.0510933950908757,638.69905699795,7.18879250810989,0,490,7.54644627374602,2021-06-02,498,7.20542304234084,0.000276574668806662,0.116296844358034,0.00230805799093554,0.047328689710687
6005,2021-05-26,491,"Amador","California",3.16607763930123,0.00604231445596113,-32.9842551023958,3.20837384049296,0.00604231445596071,-32.9842551024323,3.20837384049295,2021-06-02,498,3.3964241029095,0.0353629011949303,0.0353629011949314,0.0553671322304689,0.0553671322304698
6007,2021-05-26,491,"Butte","California",6.09227903091789,-0.00418882520007558,1945.41233279631,6.06295725451736,0,490,6.09227903091789,2021-06-02,498,6.13926859901922,0.0058234212996823,0.00220801951035007,0.0124300384110993,0.00765393586279032
6009,2021-05-26,491,"Calaveras","California",4.0990951649807,-0.0257324139664841,650.29695404091,3.91896826721531,0,490,4.0990951649807,2021-06-02,498,3.96488649498521,0.00210848364152876,0.018011967101957,0.0115812212601751,0.0338493094733562
6011,2021-05-26,491,"Colusa","California",3.43858491373377,0.0232028970796605,342.803638919382,3.6010051932914,0.0232028970796638,342.803638919404,3.60100519329142,2021-06-02,498,3.62243435470578,0.000459208958923762,0.000459208958922753,0.00591567971039889,0.00591567971039239
6013,2021-05-26,491,"Contra Costa","California",7.18441251493484,-0.00970253407100637,1231.4676409644,7.1164947764378,0,490,7.18441251493484,2021-06-02,498,7.04515418313315,0.00508948025305973,0.0193928829761913,0.010126193330935,0.0197665413959421
6015,2021-05-26,491,"Del Norte","California",4.52798054729696,-0.0452565915881276,591.051293930955,4.21118440618007,0,490,4.52798054729696,2021-06-02,498,4.10852919721406,0.0105380919278554,0.175939435086371,0.024985877923326,0.102092824450981
6017,2021-05-26,491,"El Dorado","California",5.68697535633982,-0.0412674158865475,628.807886298829,5.39810344513399,0,490,5.68697535633982,2021-06-02,498,5.28029886104536,0.0138779200322954,0.165385771824988,0.0223102114461205,0.0770177041103983
6019,2021-05-26,491,"Fresno","California",6.86111280687016,-0.00492722161450572,1883.49121384577,6.82662225556862,0,490,6.86111280687016,2021-06-02,498,6.74875954749168,0.00606260130907544,0.012623254892969,0.0115373362362397,0.0166479867282045
6021,2021-05-26,491,"Glenn","California",3.93741223943297,-0.00555556984460042,1199.73238021835,3.89852325052076,0,490,3.93741223943297,2021-06-02,498,3.54715129428523,0.123462251628782,0.1523036053076,0.0990575047649134,0.110020947168641
6023,2021-05-26,491,"Humboldt","California",5.90341366898525,0.00156128056694916,-3290.13568691942,5.91434263295389,0.00156128056695071,-3290.13568691567,5.9143426329539,2021-06-02,498,5.87090981670924,0.00188640952694151,0.00188640952694244,0.00739797026366089,0.00739797026366271
6025,2021-05-26,491,"Imperial","California",5.82050674896434,-0.0349744222718232,657.421812595703,5.57568579306158,0,490,5.82050674896434,2021-06-02,498,5.95175800167159,0.141430306088813,0.0172268913372223,0.0631867439006072,0.0220525183769882
6029,2021-05-26,491,"Kern","California",6.97981012450491,0.0140555155106877,-5.58869638737234,7.07819873307973,0.0140555155106856,-5.58869638744683,7.07819873307971,2021-06-02,498,7.00501161574195,0.0053563541442135,0.00535635414421129,0.0104478224095029,0.0104478224095007
6031,2021-05-26,491,"Kings","California",4.98556165654414,-0.0317181802707813,648.183092282782,4.76353439464867,0,490,4.98556165654414,2021-06-02,498,4.68872320880638,0.00559671352713011,0.0881130640553644,0.0159555560246727,0.0633090149532051
6033,2021-05-26,491,"Lake","California",4.15216413311093,-0.0111733005981278,862.614823806555,4.07395102892403,0,490,4.15216413311093,2021-06-02,498,3.92338676407846,0.0226695978484874,0.0523390845814171,0.0383760954245194,0.0583111945850187
6035,2021-05-26,491,"Lassen","California",3.41538201665411,0.00470589103741106,-234.767339171772,3.44832325391599,0.00470589103741093,-234.767339171792,3.44832325391599,2021-06-02,498,3.68887945411394,0.0578672854536753,0.0578672854536758,0.0652111849113621,0.0652111849113623
6037,2021-05-26,491,"Los Angeles","California",8.59750838943344,-0.0193491250957409,935.335769544737,8.46206451376325,0,490,8.59750838943344,2021-06-02,498,9.05370327022898,0.350036418152318,0.208113769264063,0.0653477078723355,0.0503876554354988
6039,2021-05-26,491,"Madera","California",4.72231809936209,-0.0410760918408902,605.965126615603,4.43478545647586,0,490,4.72231809936209,2021-06-02,498,4.59943951127911,0.0271109577631521,0.0150991474092666,0.0357987216484691,0.0267159917597888
6041,2021-05-26,491,"Marin","California",5.0201140380508,-0.0469916025335137,597.83002424679,4.6911728203162,0,490,5.0201140380508,2021-06-02,498,4.68345310438213,5.9594014102694e-05,0.113340584258656,0.0016482957685312,0.0718830585393631
6045,2021-05-26,491,"Mendocino","California",4.87846352098777,0.0208684124347447,257.227376603626,5.02454240803098,0.0208684124347425,257.227376603602,5.02454240803097,2021-06-02,498,4.93857650298747,0.00739013682994981,0.00739013682994706,0.0174070210295431,0.0174070210295398
6047,2021-05-26,491,"Merced","California",6.11462989748333,-0.0131745945712144,955.122813376238,6.02240773548483,0,490,6.11462989748333,2021-06-02,498,5.96174144565578,0.00368039872162229,0.0233748787022252,0.010175934394682,0.0256449316397238
6053,2021-05-26,491,"Monterey","California",5.40588972000246,-0.0408476516638509,623.342729625912,5.11995615835551,0,490,5.40588972000246,2021-06-02,498,5.1664172956556,0.00215863727921759,0.0573470420225668,0.00899291223323297,0.0463517386697044
6055,2021-05-26,491,"Napa","California",4.82373182779719,-0.0282984361224352,661.459307607211,4.62564277494014,0,490,4.82373182779719,2021-06-02,498,4.5776521570942,0.00230309940123507,0.0605552043332902,0.0104836750803721,0.053756743032916
6057,2021-05-26,491,"Nevada","California",5.18498868124104,-0.0560021901152926,583.585462650061,4.79297335043399,0,490,5.18498868124104,2021-06-02,498,4.7548209604925,0.00145560485824764,0.185044267973994,0.00802393828463732,0.0904698040836398
6059,2021-05-26,491,"Orange","California",7.27447955877387,-0.0255108395455429,776.152495502439,7.09590368195507,0,490,7.27447955877387,2021-06-02,498,7.22016480662286,0.0154408271037031,0.00295009230122609,0.0172102892379693,0.00752264714251297
6061,2021-05-26,491,"Placer","California",6.47938702765639,-0.0180341661060839,850.283982943382,6.3531478649138,0,490,6.47938702765639,2021-06-02,498,6.15364413332105,0.039801738919432,0.106108433209963,0.0324204206922639,0.0529349580960473
6065,2021-05-26,491,"Riverside","California",7.52270923100333,-0.00723413959825627,1530.88997293011,7.47207025381554,0,490,7.52270923100333,2021-06-02,498,7.40123126441302,0.00501816241957111,0.0147568963669188,0.00957124387439927,0.0164132104849116
6067,2021-05-26,491,"Sacramento","California",7.90005421723715,-0.0113221673429554,1188.75105577754,7.82079904583646,0,490,7.90005421723715,2021-06-02,498,7.66602116948043,0.0239561910092813,0.0547714674422965,0.0201901185679241,0.0305286200732702
6069,2021-05-26,491,"San Benito","California",3.75118333745009,-0.0554791523202186,558.614287179421,3.36282927120856,0,490,3.75118333745009,2021-06-02,498,3.19575340744735,0.0279143442515564,0.308502407142855,0.052280586910074,0.173802499500862
6071,2021-05-26,491,"San Bernardino","California",7.38336814699238,-0.00212860390792925,3959.64351770126,7.36846791963688,0,490,7.38336814699238,2021-06-02,498,7.51573354002894,0.0216871629494582,0.0175205972737215,0.0195943110020758,0.0176117730001435
6073,2021-05-26,491,"San Diego","California",8.13944052187461,-0.0255168377409334,809.983120264058,7.96082265768807,0,490,8.13944052187461,2021-06-02,498,7.85515700588134,0.011165229971741,0.0808171174654921,0.0134517555444933,0.0361906854032852
6075,2021-05-26,491,"San Francisco","California",6.09935756755249,-0.0275116165616981,712.701169535929,5.9067762516206,0,490,6.09935756755249,2021-06-02,498,5.94092284989974,0.00116599017403689,0.0251015597577059,0.00574769259622941,0.0266683681400477
6077,2021-05-26,491,"San Joaquin","California",6.99393297522319,-0.016249951332138,921.397164414338,6.88018331589822,0,490,6.99393297522319,2021-06-02,498,6.70756066065347,0.0297985811037483,0.082009102552017,0.0257355339709942,0.0426939582148807
6079,2021-05-26,491,"San Luis Obispo","California",4.29045944114839,-0.0514889699580721,574.327738827212,3.93003665144189,0,490,4.29045944114839,2021-06-02,498,3.65989191724069,0.0729781774166375,0.397615402207095,0.0738122164014264,0.172291296619249
6081,2021-05-26,491,"San Mateo","California",6.43637927989612,-0.0143167994756879,940.568305460035,6.33616168356631,0,490,6.43637927989612,2021-06-02,498,6.28812405863673,0.00230761340887492,0.0219796106306721,0.00763942067326097,0.0235770191359005
6083,2021-05-26,491,"Santa Barbara","California",5.53282467651256,-0.0512085450337023,599.044949780768,5.17436486127665,0,490,5.53282467651256,2021-06-02,498,5.28029886104536,0.011222012306997,0.0637692874773774,0.0200621219662816,0.0478241520248369
6085,2021-05-26,491,"Santa Clara","California",6.85856503479136,-0.0415900068461935,655.9089662369,6.56743498686801,0,490,6.85856503479136,2021-06-02,498,6.49763650219263,0.0048718284629798,0.130269405643879,0.0107421344133102,0.0555476645203134
6089,2021-05-26,491,"Shasta","California",6.0919560856543,0.00810771426879271,-260.377747622751,6.14871008553585,0.0081077142687942,-260.377747622613,6.14871008553586,2021-06-02,498,5.86444253466898,0.0808080404758527,0.0808080404758587,0.0484730729624113,0.0484730729624131
6093,2021-05-26,491,"Siskiyou","California",5.45897742656081,-0.0364328141014871,640.836831471604,5.2039477278504,0,490,5.45897742656081,2021-06-02,498,5.14249862962008,0.00377599167331979,0.100158828913053,0.0119492687613729,0.0615418339866652
6095,2021-05-26,491,"Solano","California",6.50300420160763,-0.0287060656334771,717.537634402389,6.30206174217329,0,490,6.50300420160763,2021-06-02,498,6.32793678372919,0.000669517775519835,0.0306486008026224,0.00408901707463909,0.0276657975358697
6097,2021-05-26,491,"Sonoma","California",5.73472727850562,0.0120763195450373,16.1262392388201,5.81926151532088,0.0120763195450371,16.1262392388098,5.81926151532088,2021-06-02,498,5.86037914021172,0.00169065907666363,0.00169065907666377,0.00701620559132495,0.00701620559132526
6099,2021-05-26,491,"Stanislaus","California",7.06926655811361,-0.0265082987771085,757.681261500582,6.88370846667385,0,490,7.06926655811361,2021-06-02,498,6.80730333148881,0.00583774468264442,0.0686247321036765,0.0112239945047859,0.0384826727807217
6101,2021-05-26,491,"Sutter","California",4.78749174278205,-0.00947874395454051,996.076597251974,4.72114053510026,0,490,4.78749174278205,2021-06-02,498,4.7361984483945,0.000226740752776659,0.00263100204912788,0.00317932482312647,0.0108300559924675
6103,2021-05-26,491,"Tehama","California",4.55537952148507,-0.00598804184462479,1251.74610693882,4.5134632285727,0,490,4.55537952148507,2021-06-02,498,4.56583518058941,0.00274282135804084,0.000109320807306156,0.0114703991592512,0.0022899773405727
6107,2021-05-26,491,"Tulare","California",6.44003475575097,0.0567694627288712,377.558116878641,6.83742099485307,0.0567694627288802,377.558116878659,6.83742099485313,2021-06-02,498,5.9431742579802,0.799677226407772,0.799677226407883,0.150466181548037,0.150466181548047
6109,2021-05-26,491,"Tuolumne","California",3.91202300542815,-0.00853490244983914,949.355913078054,3.85227868827927,0,490,3.91202300542815,2021-06-02,498,3.79709303875417,0.00304545591350744,0.0132088972396813,0.0145336574484382,0.0302678826936738
6111,2021-05-26,491,"Ventura","California",6.38808109813966,-0.0105138363955426,1098.58802570372,6.31448424337086,0,490,6.38808109813966,2021-06-02,498,6.21860011969173,0.0091937651737157,0.0287238020556689,0.0154189241684009,0.0272538795204499
6113,2021-05-26,491,"Yolo","California",5.45471042831582,-0.0348174424434206,647.666028447663,5.21098833121188,0,490,5.45471042831582,2021-06-02,498,5.18898070251057,0.000484335721054646,0.0706122871765348,0.00424122384780894,0.0512103900630591
6115,2021-05-26,491,"Yuba","California",4.95179479407332,0.0204088716312028,248.370476743917,5.09465689549174,0.0204088716312016,248.370476743904,5.09465689549173,2021-06-02,498,4.91160391349008,0.0335083942197005,0.0335083942196976,0.0372694918454017,0.0372694918454
8001,2021-05-26,491,"Adams","Colorado",8.05361459167776,-0.00985318706048976,1308.36138187936,7.98464228225433,0,490,8.05361459167776,2021-06-02,498,7.81416882018546,0.0290612012697467,0.0573342774855424,0.0218159430633884,0.030642513234903
8003,2021-05-26,491,"Alamosa","Colorado",5.2102664884253,0.0149315151301246,142.055740625176,5.31478709433617,0.0149315151301259,142.055740625207,5.31478709433618,2021-06-02,498,5.16804596051072,0.0215329603563786,0.0215329603563812,0.0283939297263812,0.0283939297263829
8005,2021-05-26,491,"Arapahoe","Colorado",8.09816509179046,-0.0062362161311494,1789.5703063338,8.05451157887241,0,490,8.09816509179046,2021-06-02,498,7.90686288893631,0.0218001356398473,0.0365965328168499,0.0186734855542645,0.0241944505098006
8007,2021-05-26,491,"Archuleta","Colorado",4.26869794936688,-0.0256677467485834,657.305908780344,4.08902372212679,0,490,4.26869794936688,2021-06-02,498,3.87120101090789,0.0474467335227535,0.158003816084268,0.0562674763219847,0.102680521455476
8009,2021-05-26,491,"Baca","Colorado",3.25258688221051,-0.0537763967807941,551.483540678057,2.87615210474496,0,490,3.25258688221051,2021-06-02,498,3.01693448120459,0.0198196775216231,0.0555320540998556,0.0466640483367164,0.0781098835503483
8013,2021-05-26,491,"Boulder","Colorado",6.43133108193348,-0.0563529365511409,605.125926269999,6.03686052607549,0,490,6.43133108193348,2021-06-02,498,6.11210065174677,0.00566107651102981,0.10190806755719,0.012310027265303,0.0522292495454039
8014,2021-05-26,491,"Broomfield","Colorado",5.1857883614116,-0.0521722045955279,590.397531724318,4.8205829292429,0,490,5.1857883614116,2021-06-02,498,4.76461296039711,0.00313263741259895,0.177388718419714,0.011747012676792,0.0883965611719664
8015,2021-05-26,491,"Chaffee","Colorado",4.31175743882733,-0.013320843975659,814.685004246439,4.21851153099771,0,490,4.31175743882733,2021-06-02,498,4.23617475766132,0.000311989576169886,0.0057127416922424,0.00416961708948863,0.0178422009217899
8021,2021-05-26,491,"Conejos","Colorado",4.91893762891555,0.00523287431666155,-449.006835870983,4.95556774913218,0.0052328743166612,-449.006835871045,4.95556774913218,2021-06-02,498,4.78032325330343,0.0307106333182718,0.0307106333182708,0.0366595492695279,0.0366595492695274
8023,2021-05-26,491,"Costilla","Colorado",3.36235754834589,0.0149628726767164,266.286629713956,3.46709765708291,0.014962872676715,266.286629713936,3.4670976570829,2021-06-02,498,3.45225255246244,0.000220377131192616,0.000220377131192339,0.00430012126716465,0.00430012126716195
8029,2021-05-26,491,"Delta","Colorado",4.4724547868809,0.0114849498668946,101.581252968917,4.55284943594916,0.0114849498668965,101.581252968982,4.55284943594917,2021-06-02,498,4.4014790606007,0.0229129905331347,0.0229129905331387,0.034390797562446,0.034390797562449
8031,2021-05-26,491,"Denver","Colorado",7.68063742756094,-0.0436198181541191,667.081372013598,7.3752987004821,0,490,7.68063742756094,2021-06-02,498,7.38576250808839,0.000109491269621452,0.086951218133939,0.00141675386865347,0.0399247767782428
8033,2021-05-26,491,"Dolores","Colorado",3.4106761256167,0.038466280827792,402.333353466486,3.67994009141124,0.038466280827798,402.3333534665,3.67994009141129,2021-06-02,498,3.38680864421006,0.0859260453382623,0.085926045338287,0.0865509327497176,0.0865509327497301
8035,2021-05-26,491,"Douglas","Colorado",7.29641326877392,-0.0239245860852542,795.975527801127,7.12894116617714,0,490,7.29641326877392,2021-06-02,498,7.04614982727265,0.00685440579759865,0.0626317901520612,0.0117498692099965,0.0355177575890609
8037,2021-05-26,491,"Eagle","Colorado",4.53566698022112,-0.0780381082168262,549.121180585502,3.98940022270333,0,490,4.53566698022112,2021-06-02,498,3.98367899433458,3.27324540474304e-05,0.304690736563075,0.00143616701468417,0.138562365760783
8039,2021-05-26,491,"Elbert","Colorado",4.74865190946578,-0.0292703823001125,653.23402416741,4.54375923336499,0,490,4.74865190946578,2021-06-02,498,4.4576640488795,0.0074123807915903,0.0846739350085782,0.0193139688279402,0.0652781047193138
8041,2021-05-26,491,"El Paso","Colorado",8.50881533785807,-0.0124552439781995,1174.15123756316,8.42162863001067,0,490,8.50881533785807,2021-06-02,498,8.39667069256896,0.000622898641344162,0.0125764214670187,0.00297236111257701,0.013355846548603
8043,2021-05-26,491,"Fremont","Colorado",5.69421302364005,-0.0344943246690069,656.076808381649,5.452752750957,0,490,5.69421302364005,2021-06-02,498,5.45715094203478,1.93440847566201e-05,0.0561984305350254,0.000805950050583562,0.0434406312237502
8045,2021-05-26,491,"Garfield","Colorado",4.79224234554065,-0.00472814119593863,1504.55736788425,4.75914535716908,0,490,4.79224234554065,2021-06-02,498,4.89463638023338,0.0183578173310106,0.0104845383406558,0.0276815298499946,0.0209196407533437
8047,2021-05-26,491,"Gilpin","Colorado",3.38196601973427,0.00486618965117264,-203.9926456153,3.41602934729248,0.00486618965117147,-203.992645615467,3.41602934729247,2021-06-02,498,3.45225255246244,0.00131212059278539,0.00131212059278597,0.0104926289776012,0.0104926289776035
8051,2021-05-26,491,"Gunnison","Colorado",3.26902560855367,-0.0268112574506608,612.927351395938,3.08134680639905,0,490,3.26902560855367,2021-06-02,498,2.99573227355399,0.00732984823427728,0.0746892469552484,0.0285788331623799,0.091227556418271
8059,2021-05-26,491,"Jefferson","Colorado",7.79040058401331,-0.0387751046629705,691.912432132078,7.51897485137252,0,490,7.79040058401331,2021-06-02,498,7.49307859486952,0.000670616100868784,0.088400365228418,0.00345602360566771,0.0396795503182579
8065,2021-05-26,491,"Lake","Colorado",3.11033565629299,0.00638979809876892,4.23412599026566,3.15506424298438,0.00638979809876883,4.2341259902585,3.15506424298438,2021-06-02,498,3.15395627876888,1.22758470281099e-06,1.22758470280902e-06,0.000351293460518282,0.000351293460518001
8067,2021-05-26,491,"La Plata","Colorado",5.07517381523383,-0.0393924017106663,619.836364243808,4.79942700325916,0,490,5.07517381523383,2021-06-02,498,4.81797475950712,0.00034401926183381,0.0661513542667073,0.00384969975431323,0.0533832302087472
8069,2021-05-26,491,"Larimer","Colorado",7.13795955886692,-0.044175421327115,652.58215008321,6.82873160957711,0,490,7.13795955886692,2021-06-02,498,6.85570982209203,0.000727823950500093,0.0796649139094928,0.00393514504187195,0.0411700238340539
8071,2021-05-26,491,"Las Animas","Colorado",3.3722098447889,-0.0800427076735504,533.130132060777,2.81191089107405,0,490,3.3722098447889,2021-06-02,498,3.05803615689015,0.060577646473045,0.0987051061679044,0.0804847468077009,0.102737074311853
8075,2021-05-26,491,"Logan","Colorado",4.08717607274349,-0.0236977914298188,663.470758924843,3.92129153273476,0,490,4.08717607274349,2021-06-02,498,4.07511320029421,0.023661105410772,0.000145512891727474,0.0377465999099979,0.00296013186784699
8077,2021-05-26,491,"Mesa","Colorado",6.8959718404418,0.00798204658847972,-372.935303308624,6.95184616656116,0.00798204658847901,-372.935303308702,6.95184616656115,2021-06-02,498,6.99078253943289,0.00151604113240677,0.00151604113240719,0.00556967301616187,0.00556967301616263
8081,2021-05-26,491,"Moffat","Colorado",3.95672318434605,0.00547946576462638,-231.10017441652,3.99507944469844,0.00547946576462577,-231.100174416599,3.99507944469843,2021-06-02,498,4.05797691805123,0.00395609215416468,0.00395609215416524,0.0154997119557283,0.0154997119557294
8083,2021-05-26,491,"Montezuma","Colorado",4.39797028507102,0.00175901540518217,-2009.24546238442,4.41028339290729,0.00175901540518097,-2009.24546238612,4.41028339290729,2021-06-02,498,4.4576640488795,0.00224492656035678,0.00224492656035754,0.0106290324826337,0.0106290324826355
8085,2021-05-26,491,"Montrose","Colorado",4.74988876800318,0.0313898967080835,339.680968523863,4.96961804495977,0.0313898967080881,339.680968523885,4.9696180449598,2021-06-02,498,4.86753445045558,0.0104210602668947,0.0104210602669014,0.0209723414478616,0.0209723414478684
8087,2021-05-26,491,"Morgan","Colorado",4.24645234041956,-0.00611622701743307,1185.29279330475,4.20363875129753,0,490,4.24645234041956,2021-06-02,498,4.20682254564879,1.01365464711281e-05,0.00157052063357333,0.000756816888926087,0.00942036283697294
8089,2021-05-26,491,"Otero","Colorado",4.34380542185368,-0.0435640572307006,590.710763826481,4.03885702123878,0,490,4.34380542185368,2021-06-02,498,3.99688922607139,0.00176129583121221,0.120350846896061,0.0105001146625831,0.0867965500568268
8093,2021-05-26,491,"Park","Colorado",3.97834564835922,-0.00533334597536205,1236.93804091045,3.94101222653168,0,490,3.97834564835922,2021-06-02,498,4.00473240353241,0.00406026095700443,0.000696260848570186,0.0159112196721373,0.00658889346761878
8099,2021-05-26,491,"Prowers","Colorado",3.95398720452718,0.00274348594574985,-950.227432075096,3.97319160614743,0.00274348594575002,-950.227432075007,3.97319160614743,2021-06-02,498,3.58747933967221,0.148773952509451,0.148773952509452,0.107516233531944,0.107516233531944
8101,2021-05-26,491,"Pueblo","Colorado",6.93828448401696,-0.0660788334850894,596.000105451053,6.47573264962133,0,490,6.93828448401696,2021-06-02,498,6.47256706942177,1.00208979999e-05,0.216892710257232,0.000489076461567091,0.0719525050262322
8105,2021-05-26,491,"Rio Grande","Colorado",3.8859723282282,1.25607396694681e-15,-3093744819561370,3.88597232822821,0,490,3.8859723282282,2021-06-02,498,3.82241084673846,0.00404006192917226,0.00404006192917113,0.016628636752637,0.0166286367526347
8107,2021-05-26,491,"Routt","Colorado",4.01766919456313,0.00774197415361667,-27.9463455759896,4.07186301363845,0.00774197415361666,-27.9463455759899,4.07186301363845,2021-06-02,498,3.95398720452718,0.0138947063736371,0.0138947063736371,0.0298118843116914,0.0298118843116914
8117,2021-05-26,491,"Summit","Colorado",3.72397077392521,-0.0170944333592968,708.846985369651,3.60430974041013,0,490,3.72397077392521,2021-06-02,498,3.57555076880693,0.000827078447673406,0.0220284979193082,0.00804322843185125,0.0415096903148706
8119,2021-05-26,491,"Teller","Colorado",4.94977254869255,-0.0140705838969383,842.781602309312,4.85127846141399,0,490,4.94977254869255,2021-06-02,498,4.80985877292894,0.0017155905941979,0.0195758646484297,0.00861141468813218,0.0290889571542263
8123,2021-05-26,491,"Weld","Colorado",7.39493203098503,-0.0322970822409243,719.965947320615,7.16885245529856,0,490,7.39493203098503,2021-06-02,498,7.18938334859796,0.000421517579671154,0.0422502608310627,0.00285572382273914,0.0285905859265608
8125,2021-05-26,491,"Yuma","Colorado",3.83174217416734,-0.0030911925696755,1730.56760628781,3.81010382617961,0,490,3.83174217416734,2021-06-02,498,3.72741311811618,0.00683775320003208,0.0108845519365267,0.0221844763226099,0.0279896681009403
9001,2021-05-26,491,"Fairfield","Connecticut",7.41680790334175,-0.0474563014576902,647.287103620037,7.08461379313792,0,490,7.41680790334175,2021-06-02,498,6.94505106372583,0.0194777554409521,0.222554515724402,0.0200952776490052,0.0679270512609933
9003,2021-05-26,491,"Hartford","Connecticut",7.61881254079972,-0.0437895927351772,664.986832599138,7.31228539165348,0,490,7.61881254079972,2021-06-02,498,7.22131393184724,0.00827580649927848,0.158005144119157,0.0125976326004941,0.0550451915958734
9005,2021-05-26,491,"Litchfield","Connecticut",5.55461933633998,-0.0771043472074192,563.040287448351,5.01488890588805,0,490,5.55461933633998,2021-06-02,498,4.88604341651054,0.0166011601329294,0.446993760575784,0.0263701073433205,0.136833806586786
9007,2021-05-26,491,"Middlesex","Connecticut",5.36731023803499,-0.0456105112520594,608.677046160991,5.04803665927057,0,490,5.36731023803499,2021-06-02,498,5.06169046489654,0.000186426408071748,0.0934034457331956,0.00269747937386927,0.060378992998082
9009,2021-05-26,491,"New Haven","Connecticut",7.62747483736728,-0.0544149385101367,631.172442461667,7.24657026779632,0,490,7.62747483736728,2021-06-02,498,7.16945998532965,0.00594599566209057,0.209777604687055,0.0107553822218774,0.0638841492908582
9011,2021-05-26,491,"New London","Connecticut",6.19060810305998,-0.0524486115335721,609.031877718963,5.82346782232497,0,490,6.19060810305998,2021-06-02,498,5.73149028145949,0.00845986802366128,0.210789174111175,0.0160477530884096,0.0801044403906018
9013,2021-05-26,491,"Tolland","Connecticut",5.26638431944503,-0.0684027268844087,567.990853425251,4.78756523125417,0,490,5.26638431944503,2021-06-02,498,4.91265488573605,0.0156474216583971,0.125124512272073,0.025462740084813,0.0720037213963541
9015,2021-05-26,491,"Windham","Connecticut",5.44365380462232,-0.0482311679942906,603.865892139844,5.10603562866229,0,490,5.44365380462232,2021-06-02,498,5.04802282616788,0.00336548525325524,0.15652387111282,0.0114921830768439,0.0783734527513575
10001,2021-05-26,491,"Kent","Delaware",6.48398071395813,-0.0632145328736933,593.571045283424,6.04147898384227,0,490,6.48398071395813,2021-06-02,498,6.12873892601134,0.00761429750734841,0.126196727903631,0.0142378298737313,0.0579632763339105
10003,2021-05-26,491,"New Castle","Delaware",7.80331838445175,-0.030734532743579,744.894160342554,7.58817665524669,0,490,7.80331838445175,2021-06-02,498,7.55612921673058,0.00102703831544374,0.0611024846386803,0.00424125072466332,0.0327137295606117
10005,2021-05-26,491,"Sussex","Delaware",6.44503931578667,-0.035662348343016,671.723917948293,6.19540287738556,0,490,6.44503931578667,2021-06-02,498,6.20743960894358,0.000144882906599719,0.0564536206919253,0.00193908154026547,0.0382766038514119
11001,2021-05-26,491,"District of Columbia","District of Columbia",6.88243747099785,-0.0467996968002001,638.061582479492,6.55483959339645,0,490,6.88243747099785,2021-06-02,498,6.64248680136726,0.00768203306507825,0.0575763238561692,0.0131949389726703,0.0361236200847552
12001,2021-05-26,491,"Alachua","Florida",6.43385836644925,-0.00754375505714716,1343.87211974806,6.38105208104922,0,490,6.43385836644925,2021-06-02,498,6.37672694789863,1.87067767703846e-05,0.00326399898560684,0.000678268520188294,0.0089593641091145
12003,2021-05-26,491,"Baker","Florida",3.84710345932883,-0.032986498996311,607.62660713885,3.61619796635465,0,490,3.84710345932883,2021-06-02,498,3.67810735713203,0.00383277266642533,0.028559682557713,0.0168318607278623,0.0459464843703144
12005,2021-05-26,491,"Bay","Florida",6.15546452217327,-0.0221831638330734,768.483616335913,6.00018237534175,0,490,6.15546452217327,2021-06-02,498,5.83230132545718,0.0281840469103472,0.104434451711762,0.0287847010153261,0.0554092079065817
12007,2021-05-26,491,"Bradford","Florida",3.68887945411394,-0.0453830058478262,572.283277411882,3.37119841317915,0,490,3.68887945411394,2021-06-02,498,3.46573590279973,0.00893733694376,0.0497930444931173,0.0272777534907386,0.0643856189774725
12009,2021-05-26,491,"Brevard","Florida",7.41267779938107,-0.0327397573206109,717.412118049345,7.18349949813679,0,490,7.41267779938107,2021-06-02,498,7.14980469707956,0.00113533961828637,0.0691022679136189,0.00471268831594715,0.0367664731330188
12011,2021-05-26,491,"Broward","Florida",8.86795066159093,-0.0430398330657796,697.040545000202,8.56667183013048,0,490,8.86795066159093,2021-06-02,498,8.54711253891705,0.000382565872771601,0.102937100960902,0.00228840922877379,0.0375376036308205
12015,2021-05-26,491,"Charlotte","Florida",6.270177949577,-0.0144891185141332,923.750822174643,6.16875411997807,0,490,6.270177949577,2021-06-02,498,6.10734100449378,0.00377157075348637,0.0265158706840354,0.0100556224777852,0.0266624943593953
12017,2021-05-26,491,"Citrus","Florida",5.72731297206639,-0.0270720822984148,702.557903412614,5.53780839597749,0,490,5.72731297206639,2021-06-02,498,5.47706110199411,0.00369023372630373,0.0626259984746775,0.0110912207938063,0.0456909034630225
12019,2021-05-26,491,"Clay","Florida",6.50557049899554,-0.0133660629931748,977.723016517093,6.41200805804332,0,490,6.50557049899554,2021-06-02,498,6.30913875369698,0.0105820937766992,0.0385854305610384,0.0163048093190308,0.0311344785662634
12021,2021-05-26,491,"Collier","Florida",7.23479541779118,-0.0252250966409961,777.809423200904,7.0582197413042,0,490,7.23479541779118,2021-06-02,498,7.00979600451529,0.00234485828460228,0.0506247359744945,0.00690800941392945,0.0320978546495445
12023,2021-05-26,491,"Columbia","Florida",4.89677313318311,-0.00213219696984004,2787.58572938994,4.88184775439423,0,490,4.89677313318311,2021-06-02,498,4.75112409861117,0.0170886741812871,0.0212136412717373,0.0275142583249445,0.0306556999036317
12027,2021-05-26,491,"DeSoto","Florida",4.66613088577778,-0.0120241929668103,879.061876473326,4.5819615350101,0,490,4.66613088577778,2021-06-02,498,4.48863636973214,0.00870958647415927,0.0315043032262745,0.0207914291982474,0.0395430820020353
12031,2021-05-26,491,"Duval","Florida",7.86677703915432,-0.0239658761392744,819.249090224685,7.6990159061794,0,490,7.86677703915432,2021-06-02,498,7.69764019133759,1.89259132596191e-06,0.0286072732893784,0.000178719036952767,0.0219725582922233
12033,2021-05-26,491,"Escambia","Florida",6.30052363710505,-0.0317405047833763,689.501053467961,6.07834010362142,0,490,6.30052363710505,2021-06-02,498,6.08742386682475,8.25147539341608e-05,0.0454115120935184,0.00149221795657012,0.0350065602366964
12035,2021-05-26,491,"Flagler","Florida",5.40909177204994,-0.0382611736585893,632.372865880073,5.14126355643982,0,490,5.40909177204994,2021-06-02,498,5.11628148323124,0.000624103981798459,0.0857378652380889,0.00488285746014006,0.0572310749082886
12037,2021-05-26,491,"Franklin","Florida",3.56347818757266,0.0122201113347769,199.392330482992,3.6490189669161,0.0122201113347749,199.392330482943,3.64901896691609,2021-06-02,498,3.5305534028762,0.0140340898632932,0.0140340898632898,0.0335543895026194,0.0335543895026154
12039,2021-05-26,491,"Gadsden","Florida",4.66074003714291,-0.0200675630508032,723.252417762124,4.52026709578728,0,490,4.66074003714291,2021-06-02,498,4.4188406077966,0.0102873324661244,0.058515333918069,0.0229531899864701,0.0547427370246168
12041,2021-05-26,491,"Gilchrist","Florida",3.24147565678544,-0.0329700192375731,589.31585579093,3.01068552212243,0,490,3.24147565678544,2021-06-02,498,3.10394585819422,0.00869749028422385,0.0189144455005411,0.0300457354388421,0.0443080533212743
12049,2021-05-26,491,"Hardee","Florida",4.84755598352469,-0.0144688111199219,826.034851401865,4.74627430568524,0,490,4.84755598352469,2021-06-02,498,4.72104664337389,0.000636434945695458,0.0160046131453914,0.00534365877252169,0.0267968841884588
12051,2021-05-26,491,"Hendry","Florida",4.85870437100731,-0.0143095452129009,830.542892434267,4.75853755451701,0,490,4.85870437100731,2021-06-02,498,4.81334512160838,0.00300386941047538,0.0020574615060346,0.0113865857748965,0.00942364369330247
12053,2021-05-26,491,"Hernando","Florida",6.48724904675092,-0.0276752619406295,725.406057679516,6.29352221316651,0,490,6.48724904675092,2021-06-02,498,6.23720793033943,0.0031712984503281,0.0625205598963011,0.00902876470626386,0.0400886292719563
12055,2021-05-26,491,"Highlands","Florida",5.61156275255943,-0.0328740439878265,661.698887993136,5.38144444464465,0,490,5.61156275255943,2021-06-02,498,5.29974491853922,0.00667481256585167,0.0972303616130579,0.0154157468635204,0.0588363853002497
12057,2021-05-26,491,"Hillsborough","Florida",8.72515928852595,-0.0278962266122811,803.772025041005,8.52988570223998,0,490,8.72515928852595,2021-06-02,498,8.52223758987521,5.84936227441143e-05,0.0411772157832999,0.000897430080317651,0.0238108473872889
12059,2021-05-26,491,"Holmes","Florida",3.55534806148941,-0.0121705356202569,783.127493187055,3.47015431214762,0,490,3.55534806148941,2021-06-02,498,3.08452777233712,0.148707828206212,0.221671744677445,0.125019636155944,0.152639341870977
12061,2021-05-26,491,"Indian River","Florida",5.79126992877932,-0.0112799460650707,1004.41290954506,5.71231030632382,0,490,5.79126992877932,2021-06-02,498,5.64897423816121,0.00401145753029938,0.0202480635684847,0.0112119591083905,0.0251896511860227
12063,2021-05-26,491,"Jackson","Florida",4.57471097850338,-0.00733679006385515,1114.53030939795,4.5233534480564,0,490,4.57471097850338,2021-06-02,498,4.39444915467244,0.0166163168528174,0.0324943251308582,0.0293334360796731,0.0410203457785553
12065,2021-05-26,491,"Jefferson","Florida",3.27983652465789,0.0217399866364097,340.13346178581,3.43201643111276,0.021739986636407,340.133461785791,3.43201643111274,2021-06-02,498,3.35739475900376,0.00556839394834239,0.00556839394833954,0.0222260643937913,0.0222260643937857
12069,2021-05-26,491,"Lake","Florida",7.22454528922196,-0.00767161133425551,1432.72462269598,7.17084400988217,0,490,7.22454528922196,2021-06-02,498,7.09683963072691,0.00547664813415503,0.0163087352116533,0.0104277936385716,0.0179947223186675
12071,2021-05-26,491,"Lee","Florida",8.14708143775079,-0.0328391968734773,739.090154857922,7.91720705963645,0,490,8.14708143775079,2021-06-02,498,7.87408709298179,0.00185933152429878,0.074525912275855,0.0054761861464665,0.0346699676477188
12073,2021-05-26,491,"Leon","Florida",6.9188365118501,-0.0252506963794362,765.005770291733,6.74208163719404,0,490,6.9188365118501,2021-06-02,498,6.64990936281611,0.00849572816400055,0.0723218114875466,0.0138606813039174,0.0404407239800481
12075,2021-05-26,491,"Levy","Florida",4.78868151091763,-0.0141678875187353,828.995449539333,4.68950629828649,0,490,4.78868151091763,2021-06-02,498,4.69787958409236,7.01119151868629e-05,0.00824498991518213,0.0017823542847347,0.019328278896875
12079,2021-05-26,491,"Madison","Florida",3.3964241029095,-0.00477327875265403,1202.54949855401,3.36301115164092,0,490,3.3964241029095,2021-06-02,498,3.17805383034795,0.0342092106998728,0.0476855759386072,0.0581982971864027,0.0687119489532515
12081,2021-05-26,491,"Manatee","Florida",7.24330872629876,-0.0335440166206583,706.934448405857,7.00850060995415,0,490,7.24330872629876,2021-06-02,498,6.96535010551672,0.00186196603320538,0.0772609948670573,0.00619502304747928,0.0399059080407023
12083,2021-05-26,491,"Marion","Florida",6.81281645878672,-0.035795243946482,681.32742084319,6.56224975116135,0,490,6.81281645878672,2021-06-02,498,6.52712214657515,0.0012339486039641,0.0816212400300419,0.00538179059581829,0.0437703333560988
12085,2021-05-26,491,"Martin","Florida",6.00353427119531,-0.00983153986576799,1101.6402814984,5.93471349213494,0,490,6.00353427119531,2021-06-02,498,5.82810492819541,0.0113653859052472,0.0307754543853759,0.0182921490352323,0.0301005807481605
12086,2021-05-26,491,"Miami-Dade","Florida",9.55485163741401,-0.0322211752758966,787.539513397626,9.32930341048273,0,490,9.55485163741401,2021-06-02,498,9.2975660117242,0.00100726247995827,0.0661958931865973,0.00341351690523245,0.0276723634298885
12087,2021-05-26,491,"Monroe","Florida",5.09724976693303,-0.0444137895696387,605.76727872862,4.78635323994556,0,490,5.09724976693303,2021-06-02,498,4.77431000607998,0.000145039481941065,0.104290089139826,0.00252250772368022,0.0676411377647859
12089,2021-05-26,491,"Nassau","Florida",5.44118008660145,-0.0030911925696676,2251.22035637416,5.41954173861377,0,490,5.44118008660145,2021-06-02,498,5.4380793089232,0.000343641512976836,9.61482220993146e-06,0.00340884515586342,0.000570197215248718
12091,2021-05-26,491,"Okaloosa","Florida",5.89636863006204,-0.0278871673524855,702.436628020827,5.70115845859464,0,490,5.89636863006204,2021-06-02,498,5.67724291942159,0.000571953013937811,0.0480160770636828,0.00421252701575242,0.0385972053249355
12093,2021-05-26,491,"Okeechobee","Florida",5.04342511691925,0.0214260641726707,255.612619645179,5.19340756612794,0.0214260641726742,255.612619645217,5.19340756612797,2021-06-02,498,4.99431232006433,0.0396389170051309,0.0396389170051408,0.0398643963982311,0.0398643963982361
12095,2021-05-26,491,"Orange","Florida",8.54597499284169,-0.0312914078868416,764.10931562256,8.3269351376338,0,490,8.54597499284169,2021-06-02,498,8.29903718161307,0.000778295950134708,0.060978282614383,0.00336158947239585,0.0297549951668762
12097,2021-05-26,491,"Osceola","Florida",7.38735556975817,-0.0427585688036428,663.769009264145,7.08804558813267,0,490,7.38735556975817,2021-06-02,498,7.13295386013248,0.00201675289400969,0.0647202298604695,0.00629588707293061,0.0356656883829831
12099,2021-05-26,491,"Palm Beach","Florida",8.36680210213013,-0.036774362499148,718.517257500357,8.10938156463609,0,490,8.36680210213013,2021-06-02,498,8.10314852680003,3.88507606657499e-05,0.0695132077843427,0.000769211845919478,0.0325371766860867
12101,2021-05-26,491,"Pasco","Florida",7.44691843249415,-0.0330263145764492,716.484391098378,7.215734230459,0,490,7.44691843249415,2021-06-02,498,7.14800875990362,0.00458673936194786,0.0893469923681757,0.00947473245070488,0.0418171944985916
12103,2021-05-26,491,"Pinellas","Florida",7.65896919089548,-0.0378925883633738,693.123146549114,7.39372107235186,0,490,7.65896919089548,2021-06-02,498,7.37005070478456,0.000560286300771435,0.0834738916166285,0.00321169670541626,0.0392016958476774
12105,2021-05-26,491,"Polk","Florida",7.91216153995033,-0.0361228166189001,710.035011123982,7.65930182361803,0,490,7.91216153995033,2021-06-02,498,7.63847346102069,0.000433820688486105,0.0749051645481947,0.00272677030346752,0.0358302061696323
12107,2021-05-26,491,"Putnam","Florida",5.32509838922568,-0.0206476708934768,748.903102809917,5.18056469297134,0,490,5.32509838922568,2021-06-02,498,5.2447658852769,0.00412179309345522,0.00645331119068074,0.0122410024984687,0.0153166996784907
12109,2021-05-26,491,"St. Johns","Florida",6.54020508679006,-0.00821866142478218,1286.77497462896,6.48267445681659,0,490,6.54020508679006,2021-06-02,498,6.33150184989369,0.0228531570838644,0.0435570410910227,0.0238762635638232,0.0329626748667656
12111,2021-05-26,491,"St. Lucie","Florida",7.00254584329023,-0.0209586585206335,825.112311453346,6.85583523364579,0,490,7.00254584329023,2021-06-02,498,6.80175964104192,0.00292416971545944,0.0403150990132962,0.00795023574158287,0.0295197438375733
12113,2021-05-26,491,"Santa Rosa","Florida",5.71608740984658,0.0061335412858369,-440.939175667689,5.75902219884744,0.00613354128583676,-440.93917566771,5.75902219884744,2021-06-02,498,5.67870883710409,0.00645023607451852,0.00645023607451838,0.0141428912887016,0.0141428912887014
12115,2021-05-26,491,"Sarasota","Florida",6.90775527898214,-0.0266419309464259,750.281329603057,6.72126176235716,0,490,6.90775527898214,2021-06-02,498,6.67690352422461,0.00196765329022378,0.0532925326746302,0.0066435343826087,0.0345746728135237
12117,2021-05-26,491,"Seminole","Florida",7.15338692412754,-0.0293993097528211,734.318192987205,6.9475917558578,0,490,7.15338692412754,2021-06-02,498,6.96427062895798,0.000278184807892008,0.0357649730986619,0.00239492029945404,0.0271552191529152
12119,2021-05-26,491,"Sumter","Florida",5.16478597392351,-0.0265823142815641,685.294067823338,4.97870977395257,0,490,5.16478597392351,2021-06-02,498,4.99334379698619,0.000214154630148714,0.0293924200330082,0.00293070608165598,0.0343341423918776
12121,2021-05-26,491,"Suwannee","Florida",3.9756682705885,-6.28036983473606e-16,6330309162049361,3.9756682705885,0,490,3.9756682705885,2021-06-02,498,3.93741223943297,0.00146352391977304,0.00146352391977337,0.00971603399115794,0.00971603399115907
12127,2021-05-26,491,"Volusia","Florida",7.42459137504481,-0.018486999303707,892.611492112515,7.29518237991886,0,490,7.42459137504481,2021-06-02,498,7.23623648855009,0.00347461810925982,0.0354775632664418,0.00814593213779685,0.0260293989552113
12129,2021-05-26,491,"Wakulla","Florida",4.55086484113055,-0.0267873159636453,660.888795402526,4.36335362938503,0,490,4.55086484113055,2021-06-02,498,4.19181690503092,0.0294248478021387,0.128915420417403,0.0409218074740426,0.0856544892666253
12131,2021-05-26,491,"Walton","Florida",4.93857650298747,-0.0312367965885341,649.101247321892,4.71991892686773,0,490,4.93857650298747,2021-06-02,498,4.69657665231195,0.000544861781437719,0.0585639277269766,0.00497006144769212,0.0515268606456999
13009,2021-05-26,491,"Baldwin","Georgia",4.06044301054642,-0.0122400548945034,822.7340523015,3.9747626262849,0,490,4.06044301054642,2021-06-02,498,3.97298370521783,3.16456016284179e-06,0.00764913008855897,0.00044775443320521,0.0220135071819509
13011,2021-05-26,491,"Banks","Georgia",3.25809653802148,-0.0163491380015255,690.282466006311,3.1436525720108,0,490,3.25809653802148,2021-06-02,498,3.00991690854595,0.0178852276823851,0.0615931284866133,0.0444316795208349,0.0824539802978901
13013,2021-05-26,491,"Barrow","Georgia",5.27519494912718,-0.0145140428842567,854.454551650053,5.17359664893738,0,490,5.27519494912718,2021-06-02,498,5.14082778545526,0.00107379841390973,0.0180545346732355,0.006374238712067,0.0261372621841322
13015,2021-05-26,491,"Bartow","Georgia",5.30045793104715,-0.0169615373743747,803.498673560983,5.18172716942652,0,490,5.30045793104715,2021-06-02,498,5.17453422333718,5.17384734442548e-05,0.015856780163426,0.00139006638644053,0.0243352739154866
13019,2021-05-26,491,"Berrien","Georgia",3.74782198974739,-0.0166948785721662,715.489323090721,3.63095783974222,0,490,3.74782198974739,2021-06-02,498,3.49650756146648,0.0180768773284245,0.0631589418621585,0.0384527348825043,0.0718758429269637
13021,2021-05-26,491,"Bibb","Georgia",5.03695260241363,-0.0497615095590563,592.221860973406,4.68862203550024,0,490,5.03695260241363,2021-06-02,498,4.98066688416741,0.0852901936330349,0.00316808207849234,0.0586356918579584,0.011300839737975
13025,2021-05-26,491,"Brantley","Georgia",3.53472877428668,0.00836824967051566,68.6023764275587,3.59330652198029,0.00836824967051664,68.6023764276082,3.59330652198029,2021-06-02,498,3.4106761256167,0.0333538616759213,0.0333538616759238,0.0535466838941109,0.0535466838941128
13029,2021-05-26,491,"Bryan","Georgia",4.26066577766961,-0.0414669477835102,593.748478135251,3.97039714318504,0,490,4.26066577766961,2021-06-02,498,4.1225154391888,0.0231399759790855,0.0190855160223646,0.0368993878246545,0.0335111755234572
13031,2021-05-26,491,"Bulloch","Georgia",4.08477511120595,-0.0538141528139171,566.905220051138,3.70807604150853,0,490,4.08477511120595,2021-06-02,498,3.63381967693091,0.00551400768028445,0.20336080370219,0.0204347962143065,0.124099563095523
13033,2021-05-26,491,"Burke","Georgia",3.56347818757266,-0.0240011520995358,639.471130585501,3.39547012287591,0,490,3.56347818757266,2021-06-02,498,3.49650756146648,0.0102085639969426,0.00448506476105432,0.028896673842224,0.0191535767988146
13035,2021-05-26,491,"Butts","Georgia",4.09672268462707,-0.139452073034271,520.377280634761,3.12055817338717,0,490,4.09672268462707,2021-06-02,498,3.67449071666184,0.306841262498741,0.178279834771792,0.150750834874308,0.114908976651006
13039,2021-05-26,491,"Camden","Georgia",4.14313472639153,0.0136988443581613,188.555894638426,4.23902663689866,0.0136988443581627,188.555894638458,4.23902663689867,2021-06-02,498,4.03044076024262,0.0435080679403693,0.0435080679403734,0.0517526218754013,0.0517526218754037
13043,2021-05-26,491,"Candler","Georgia",3.42006586596654,-0.018519047767239,675.678278762085,3.29043253159587,0,490,3.42006586596654,2021-06-02,498,3.20738144544246,0.00689748291125972,0.0452346627336612,0.0258937352996829,0.0663109218974527
13045,2021-05-26,491,"Carroll","Georgia",5.07606627401685,-0.00622500898584594,1306.43115609287,5.03249121111592,0,490,5.07606627401685,2021-06-02,498,4.87628724156518,0.0243996801034109,0.0399116618073251,0.0320333815078149,0.0409694963719046
13047,2021-05-26,491,"Catoosa","Georgia",5.22420939439432,-0.013751171612817,870.910129950309,5.1279511931046,0,490,5.22420939439432,2021-06-02,498,5.02105698955867,0.0114263707517176,0.0412708995905052,0.0212891834863081,0.0404600874393779
13049,2021-05-26,491,"Charlton","Georgia",5.04985600724954,0.0250360781613219,289.296842871699,5.22510855437879,0.0250360781613255,289.296842871728,5.22510855437882,2021-06-02,498,4.82258306259331,0.16202677153714,0.16202677153716,0.0834667825439219,0.0834667825439271
13051,2021-05-26,491,"Chatham","Georgia",5.7420870173377,-0.0311326745137134,675.43924613057,5.52415829574171,0,490,5.7420870173377,2021-06-02,498,5.69805179994721,0.0302389508048698,0.0019391003706276,0.0305180630697523,0.00772811812467144
13053,2021-05-26,491,"Chattahoochee","Georgia",5.50938833662798,0.0389200064903564,349.443283199526,5.78182838206047,0.0389200064903612,349.443283199544,5.78182838206051,2021-06-02,498,5.64038615809741,0.0200059027196175,0.020005902719627,0.0250766915594968,0.0250766915595028
13055,2021-05-26,491,"Chattooga","Georgia",4.13630876132113,-0.0358782876648958,606.287240014194,3.88516074766686,0,490,4.13630876132113,2021-06-02,498,3.67086094861126,0.0459244038752722,0.216641666356407,0.0583786207256575,0.126795272069883
13057,2021-05-26,491,"Cherokee","Georgia",6.29103989900614,-0.0374069586948285,659.178331479161,6.02919118814234,0,490,6.29103989900614,2021-06-02,498,5.97598826196848,0.00283055135346111,0.0992575340001086,0.00890278291081083,0.0527195876609505
13059,2021-05-26,491,"Clarke","Georgia",5.0058620153436,-0.0301625127574737,656.963030188963,4.79472442604128,0,490,5.0058620153436,2021-06-02,498,4.7548209604925,0.00159228656280308,0.0630216112207532,0.0083922120055288,0.0527971624877118
13063,2021-05-26,491,"Clayton","Georgia",6.54617034154585,-0.0427561359876614,644.104816193749,6.24687738963222,0,490,6.54617034154585,2021-06-02,498,6.28653000941502,0.00157233025563955,0.0674131020690061,0.00630755277130903,0.0413010566627339
13067,2021-05-26,491,"Cobb","Georgia",7.32317071794347,-0.0401088690195617,673.58232896998,7.04240863480654,0,490,7.32317071794347,2021-06-02,498,7.06206921078919,0.000386538247969485,0.0681739970382386,0.00278396818210327,0.0369723801000678
13071,2021-05-26,491,"Colquitt","Georgia",3.8859723282282,0.00883658180049704,51.2403264110989,3.94782840083168,0.00883658180049718,51.2403264111058,3.94782840083168,2021-06-02,498,4.03550406219917,0.00768702159622601,0.00768702159622585,0.0217260743679456,0.0217260743679454
13073,2021-05-26,491,"Columbia","Georgia",5.43559174545139,-0.0444517625708276,613.280679799604,5.1244294074556,0,490,5.43559174545139,2021-06-02,498,5.09375020080676,0.00094121372060198,0.116855641645026,0.00602291149730446,0.0671099938490285
13077,2021-05-26,491,"Coweta","Georgia",5.40460602277868,-0.028491955794313,680.688839256778,5.20516233221849,0,490,5.40460602277868,2021-06-02,498,5.22112772785691,0.000254893857891062,0.0336642847074028,0.00305784429544427,0.0351415066792647
13083,2021-05-26,491,"Dade","Georgia",3.70306408910589,0.0249567319738703,342.620633142873,3.87776121292299,0.0249567319738673,342.620633142855,3.87776121292296,2021-06-02,498,3.76120011569356,0.013586489387327,0.0135864893873221,0.0309904003094845,0.0309904003094789
13085,2021-05-26,491,"Dawson","Georgia",4.13402304604028,-0.0577938589906529,562.530489886631,3.72946603310571,0,490,4.13402304604028,2021-06-02,498,3.630038954091,0.0098857440413962,0.253999964937934,0.0273900859666123,0.138837102941083
13087,2021-05-26,491,"Decatur","Georgia",3.42006586596654,0.0332572217564779,388.163211918014,3.65286641826188,0.0332572217564824,388.163211918028,3.65286641826192,2021-06-02,498,3.33729357968267,0.0995862164489407,0.0995862164489603,0.0945595078899883,0.0945595078899976
13089,2021-05-26,491,"DeKalb","Georgia",7.25538947826872,-0.0777269024406083,584.344636804646,6.71130116118447,0,490,7.25538947826872,2021-06-02,498,6.82731963697716,0.01346028672526,0.183243789023384,0.0169932685096991,0.062699545949645
13095,2021-05-26,491,"Dougherty","Georgia",4.75359019110636,-0.0422003544903853,603.643371092757,4.45818770967367,0,490,4.75359019110636,2021-06-02,498,4.53106221383437,0.00531069335666833,0.0495187006687652,0.0160833157263214,0.0491116578784916
13097,2021-05-26,491,"Douglas","Georgia",5.87693514122446,-0.0194334888375742,793.412767483188,5.74090071936144,0,490,5.87693514122446,2021-06-02,498,5.6434256741153,0.00950138444573694,0.0545266712296035,0.017272318424114,0.0413772556942137
13103,2021-05-26,491,"Effingham","Georgia",4.39091558209113,-0.0347861160854228,617.226094666864,4.14741276949317,0,490,4.39091558209113,2021-06-02,498,4.14086457785699,4.2878813704048e-05,0.0625255047184984,0.00158135855762808,0.0603861825308813
13107,2021-05-26,491,"Emanuel","Georgia",3.36235754834589,-0.0147422817372001,719.075789642621,3.25916157618549,0,490,3.36235754834589,2021-06-02,498,3.32194801000801,0.00394213627214992,0.00163293078868048,0.0189004865920134,0.0121644102244036
13113,2021-05-26,491,"Fayette","Georgia",5.08847778086019,-0.0639877086752961,570.522737822689,4.64056382013312,0,490,5.08847778086019,2021-06-02,498,4.77671964580014,0.0185384088630683,0.0971931347761212,0.0285040437294105,0.0652661571491139
13115,2021-05-26,491,"Floyd","Georgia",4.58787868887803,-0.0144302648290317,808.934476132957,4.48686683507481,0,490,4.58787868887803,2021-06-02,498,4.64163986576949,0.0239546910304153,0.00289026414075431,0.0333444720337041,0.0115823671043343
13117,2021-05-26,491,"Forsyth","Georgia",6.00035349452523,-0.0456668762719255,622.393998985081,5.68068536062175,0,490,6.00035349452523,2021-06-02,498,5.67919699918359,2.21521977061096e-06,0.103141494500126,0.000262072514543354,0.0565496311164782
13121,2021-05-26,491,"Fulton","Georgia",7.54031801548994,-0.0420567180096046,670.28926393562,7.24592098942271,0,490,7.54031801548994,2021-06-02,498,7.16405724877408,0.00670167203298481,0.141572164569602,0.0114270081611409,0.052520625345399
13123,2021-05-26,491,"Gilmer","Georgia",4.10852919721406,-0.032335380642942,618.059868030681,3.88218153271346,0,490,4.10852919721406,2021-06-02,498,3.72397077392521,0.0250306441963562,0.147885180922408,0.0424844254675762,0.103265693163191
13127,2021-05-26,491,"Glynn","Georgia",5.01063529409626,-0.0198026272961849,744.028813760564,4.87201690302296,0,490,5.01063529409626,2021-06-02,498,4.76217393479776,0.0120654776685233,0.0617330470644579,0.0230657195073387,0.0521739362527192
13129,2021-05-26,491,"Gordon","Georgia",4.17658266045907,-0.0195445960729733,704.695010368341,4.03977048794826,0,490,4.17658266045907,2021-06-02,498,4.21529717263976,0.0308096170387904,0.00149881345338883,0.0416404057656467,0.00918429012122201
13131,2021-05-26,491,"Grady","Georgia",4.26468992796934,-0.0238106486937152,670.108514968557,4.09801538711333,0,490,4.26468992796934,2021-06-02,498,4.24235397402728,0.0208336276723143,0.000498894838501925,0.0340232304512118,0.00526499063463548
13135,2021-05-26,491,"Gwinnett","Georgia",7.27596345873454,-0.0395400343703188,675.01510202521,6.99918321814231,0,490,7.27596345873454,2021-06-02,498,7.05555933089337,0.00317826608892046,0.0485779795694268,0.00799031091755041,0.0312383636086953
13137,2021-05-26,491,"Habersham","Georgia",3.51367536508885,-0.049802822483826,561.551731605773,3.16505560770206,0,490,3.51367536508885,2021-06-02,498,3.10394585819422,0.00373440148491088,0.16787826882011,0.0196877627058196,0.13200278793941
13139,2021-05-26,491,"Hall","Georgia",5.97271850428693,-0.0290499179593189,696.601906093195,5.7693690785717,0,490,5.97271850428693,2021-06-02,498,5.67675380226828,0.00857758940475777,0.0875951048409862,0.0163148305403711,0.0521362582080602
13145,2021-05-26,491,"Harris","Georgia",4.1155467698727,0.0355909451027073,375.36534185883,4.36468338559165,0.0355909451027028,375.365341858815,4.36468338559162,2021-06-02,498,4.24440525679783,0.014466828266143,0.0144668282661355,0.0283380406715837,0.0283380406715764
13151,2021-05-26,491,"Henry","Georgia",6.30497099564534,-0.0323602966847818,685.83662517255,6.07844891885186,0,490,6.30497099564534,2021-06-02,498,6.11399818552296,0.00126375036085298,0.0364706142060356,0.00581440582617039,0.0312353396791264
13153,2021-05-26,491,"Houston","Georgia",5.53508201381421,-0.0478770937727374,606.610233989725,5.19994235740505,0,490,5.53508201381421,2021-06-02,498,5.24325758936501,0.00187620931974509,0.0851614947051081,0.00826112988379906,0.0556570833065907
13157,2021-05-26,491,"Jackson","Georgia",4.82258306259331,-0.0182237389564611,755.631921808971,4.69501688989809,0,490,4.82258306259331,2021-06-02,498,4.72612279640575,0.00096757741966385,0.00930458295297467,0.00658169663541652,0.0204100211405673
13169,2021-05-26,491,"Jones","Georgia",3.18988828799495,-0.0515873687905026,552.83467703013,2.82877670646143,0,490,3.18988828799495,2021-06-02,498,3.20158432775814,0.138985522496911,0.000136797346142168,0.116444729587292,0.00365320371598082
13175,2021-05-26,491,"Laurens","Georgia",4.08236837117539,-0.00720291229405576,1057.76635845537,4.03194798511699,0,490,4.08236837117539,2021-06-02,498,4.01766919456313,0.000203883859681044,0.00418598345430338,0.00355399856543294,0.0161036594799307
13179,2021-05-26,491,"Liberty","Georgia",4.81218435537242,-0.00463500250415146,1529.22691596439,4.77973933784336,0,490,4.81218435537242,2021-06-02,498,4.84867643182119,0.00475232292610841,0.001331671643543,0.014217713833286,0.00752619337707901
13185,2021-05-26,491,"Lowndes","Georgia",5.34370037239585,-0.0101868453069911,1015.56871694405,5.27239245524691,0,490,5.34370037239585,2021-06-02,498,5.18898070251057,0.00695752049454918,0.023938176249411,0.0160747856888325,0.0298169676773756
13187,2021-05-26,491,"Lumpkin","Georgia",4.06044301054642,-0.0146701897477912,767.781901280981,3.95775168231188,0,490,4.06044301054642,2021-06-02,498,3.85620822632175,0.0103110734544196,0.0417118470872972,0.026332461846073,0.0529625923285473
13189,2021-05-26,491,"McDuffie","Georgia",3.86523084392139,-0.0581559201570636,557.463239399917,3.45813940282194,0,490,3.86523084392139,2021-06-02,498,3.42472787907235,0.00111632991926956,0.194042862040793,0.00975596454064618,0.128624223705726
13195,2021-05-26,491,"Madison","Georgia",3.80029304148484,-0.04985456022521,567.227591303937,3.45131111990837,0,490,3.80029304148484,2021-06-02,498,3.38196601973427,0.00480874291815638,0.174997497126704,0.0205043751975816,0.123693443195341
13199,2021-05-26,491,"Meriwether","Georgia",3.79066214842388,-0.0254790853009792,639.7754408624,3.61230855131702,0,490,3.79066214842388,2021-06-02,498,3.61861025826738,3.97115104881669e-05,0.0296018529064238,0.00174147158731967,0.0475463998266777
13207,2021-05-26,491,"Monroe","Georgia",3.94019388239484,-0.00277392688272518,1911.43898378601,3.92077639421577,0,490,3.94019388239484,2021-06-02,498,3.83483336673702,0.00738620397221307,0.0111008382596829,0.0224111504359514,0.0274746007405987
13211,2021-05-26,491,"Morgan","Georgia",3.86822038276975,-0.0351942481217976,600.910584518893,3.62186064591717,0,490,3.86822038276975,2021-06-02,498,3.43858491373377,0.03358999400736,0.184586636253766,0.0532997546320259,0.124945429534111
13213,2021-05-26,491,"Murray","Georgia",4.41193211745279,0.00870327512830273,-15.9278004443806,4.47285504335091,0.00870327512830205,-15.9278004444203,4.4728550433509,2021-06-02,498,4.36763789722178,0.0110706478395572,0.0110706478395562,0.0240901715309436,0.0240901715309426
13215,2021-05-26,491,"Muscogee","Georgia",5.96761086822858,-0.0112748966725411,1020.28297629211,5.8886865915208,0,490,5.96761086822858,2021-06-02,498,5.85014782526081,0.00148523650484191,0.0137975664632491,0.00658765682699118,0.0200786452712479
13217,2021-05-26,491,"Newton","Georgia",5.58242161765194,-0.0610040564633775,582.509023190994,5.15539322240829,0,490,5.58242161765194,2021-06-02,498,5.17453422333718,0.000366377916559536,0.166372126440884,0.00369907707684257,0.0788259148959118
13219,2021-05-26,491,"Oconee","Georgia",3.40119738166216,-0.0600642407426402,547.625994761765,2.98074769646367,0,490,3.40119738166216,2021-06-02,498,3.04452243772342,0.00406721762274795,0.127217015633698,0.0209473710784794,0.117153002230931
13221,2021-05-26,491,"Oglethorpe","Georgia",3.12926366617852,0.0062696130135973,-8.1159198170422,3.1731509572737,0.00626961301359774,-8.11591981700724,3.1731509572737,2021-06-02,498,3.16003532484527,0.000172019813997628,0.000172019813997709,0.00415047019421216,0.00415047019421315
13223,2021-05-26,491,"Paulding","Georgia",6.04365030027855,-0.0323523296518363,677.807267523484,5.8171839927157,0,490,6.04365030027855,2021-06-02,498,5.78250563078573,0.00120258878614574,0.0681965384045147,0.00599711684591206,0.0451611612970166
13225,2021-05-26,491,"Peach","Georgia",4.03297561584581,-0.0684864141451661,549.887235755947,3.55357071682965,0,490,4.03297561584581,2021-06-02,498,3.75453342433537,0.0403860098080327,0.0775300540131336,0.053525347837675,0.074161596140198
13227,2021-05-26,491,"Pickens","Georgia",4.50613880538191,-0.0233837622668595,683.703755450345,4.3424524695139,0,490,4.50613880538191,2021-06-02,498,4.13630876132113,0.042495228427463,0.136774261489999,0.0498376016124389,0.0894106473673056
13229,2021-05-26,491,"Pierce","Georgia",3.61091791264422,-0.0563000446885408,555.13703457289,3.21681759982444,0,490,3.61091791264422,2021-06-02,498,3.22457384598284,6.01593544696669e-05,0.149261737844459,0.0024053554140374,0.119812441927076
13231,2021-05-26,491,"Pike","Georgia",3.68530163276605,0.00719427563402762,-21.2547175333744,3.73566156220425,0.0071942756340273,-21.2547175333965,3.73566156220424,2021-06-02,498,3.72741311811618,6.80368298739641e-05,6.80368298739275e-05,0.00221291384310938,0.00221291384310879
13233,2021-05-26,491,"Polk","Georgia",4.23617475766132,-0.0562397183228865,566.323541511007,3.84249672940111,0,490,4.23617475766132,2021-06-02,498,3.75118333745009,0.0083381355496007,0.235216677678502,0.0243425563979744,0.129290246992008
13237,2021-05-26,491,"Putnam","Georgia",3.13549421592915,-0.00619197024791696,997.380697966687,3.09215042419373,0,490,3.13549421592915,2021-06-02,498,3.00284974132285,0.00797461196120516,0.0175945566435805,0.0297386451416441,0.0441728644563689
13241,2021-05-26,491,"Rabun","Georgia",3.90052862600241,-0.0228581380760469,661.640697550506,3.74052165947008,0,490,3.90052862600241,2021-06-02,498,3.51367536508885,0.0514592412744984,0.149655445479458,0.0645609712938008,0.110099317870187
13245,2021-05-26,491,"Richmond","Georgia",6.1708054757638,-0.0483636339859625,618.591848816713,5.83226003786206,0,490,6.1708054757638,2021-06-02,498,5.78952320344438,0.00182643701604469,0.145376171185063,0.00738175371544589,0.0658572837384236
13247,2021-05-26,491,"Rockdale","Georgia",5.21104621556032,-0.0329658061301776,649.074284456524,4.98028557264908,0,490,5.21104621556032,2021-06-02,498,5.05806398766736,0.00604948184275685,0.0234035620510925,0.0153771117186194,0.0302452140316848
13255,2021-05-26,491,"Spalding","Georgia",5.08847778086019,-0.0131292914417941,878.566823649157,4.99657274076763,0,490,5.08847778086019,2021-06-02,498,4.96484063890662,0.00100692628851758,0.0152861428704471,0.00639136362451288,0.0249025398689931
13259,2021-05-26,491,"Stewart","Georgia",3.23023958351852,0.034486176071176,397.332335111564,3.47164281601675,0.0344861760711708,397.33233511155,3.47164281601671,2021-06-02,498,3.36235754834589,0.0119432697298904,0.0119432697298825,0.0325025718114416,0.0325025718114308
13261,2021-05-26,491,"Sumter","Georgia",3.73084365321297,-0.0369790032410812,591.890865794572,3.4719906305254,0,490,3.73084365321297,2021-06-02,498,3.5715427474094,0.00991062397608469,0.0253767785898388,0.0278737016254965,0.0446028277049522
13275,2021-05-26,491,"Thomas","Georgia",4.55537952148507,-0.00896866998276305,998.921412008702,4.49259883160573,0,490,4.55537952148507,2021-06-02,498,4.30599373411057,0.0348214624111777,0.0621932709443993,0.043336128433476,0.0579159661564189
13277,2021-05-26,491,"Tift","Georgia",4.16111273868694,-0.0176605031519486,726.616884914619,4.0374892166233,0,490,4.16111273868694,2021-06-02,498,3.78743112784243,0.0625290477647407,0.139637946283347,0.0660231382011474,0.0986636055498078
13279,2021-05-26,491,"Toombs","Georgia",3.73426245996176,-0.0434124929353183,577.018153012442,3.43037500941453,0,490,3.73426245996176,2021-06-02,498,3.42936825862885,1.01354714445505e-06,0.0929604740064281,0.000293567418179942,0.0889068126660758
13285,2021-05-26,491,"Troup","Georgia",4.7548209604925,-0.0503703593889396,585.39720141319,4.40222844476992,0,490,4.7548209604925,2021-06-02,498,4.30791866252016,0.00889433502799682,0.199721663932954,0.0218921919464901,0.103739725139308
13291,2021-05-26,491,"Union","Georgia",3.60316593583991,-0.0603957102897501,550.659302267555,3.18039596381166,0,490,3.60316593583991,2021-06-02,498,3.16003532484527,0.000414555619119559,0.196364738400481,0.00644316815268007,0.140229638419101
13293,2021-05-26,491,"Upson","Georgia",3.61861025826738,-0.055880458394465,555.756273699891,3.22744704950613,0,490,3.61861025826738,2021-06-02,498,3.4106761256167,0.0335728943323347,0.0432366035211908,0.0537222149984834,0.0609656634029075
13295,2021-05-26,491,"Walker","Georgia",5.41673512136251,-0.0232058077073886,724.421529199255,5.25429446741079,0,490,5.41673512136251,2021-06-02,498,5.20557531484942,0.00237355582629813,0.0445884638866458,0.00935903327003926,0.0405641631791852
13297,2021-05-26,491,"Walton","Georgia",4.98066688416741,-0.0728454342852223,559.373082445578,4.47074884417086,0,490,4.98066688416741,2021-06-02,498,4.57028292698765,0.00990703364218016,0.168414992310522,0.021778538529648,0.0897939938808677
13299,2021-05-26,491,"Ware","Georgia",4.39444915467244,-0.0192145649446213,719.704067322771,4.25994720006009,0,490,4.39444915467244,2021-06-02,498,4.28062652023215,0.000427634282778672,0.0129555921109272,0.00483090969845718,0.0265901811107113
13305,2021-05-26,491,"Wayne","Georgia",3.6959969218828,-0.0685199464367656,544.940452584762,3.21635729682544,0,490,3.6959969218828,2021-06-02,498,3.42006586596654,0.0414971811415135,0.0761379476190632,0.0595627619831024,0.0806800414758332
13311,2021-05-26,491,"White","Georgia",3.29583686600433,-0.0414567136783365,570.500678504736,3.00563987025597,0,490,3.29583686600433,2021-06-02,498,3.2188758248682,0.0454695723393878,0.00592300185275687,0.0662454739523722,0.023909291728978
13313,2021-05-26,491,"Whitfield","Georgia",5.08051665964432,-0.0228280325562069,713.55604582371,4.92072043175088,0,490,5.08051665964432,2021-06-02,498,4.87082573153965,0.00248948110916785,0.0439702853293985,0.0102435814708263,0.043050386045815
15001,2021-05-26,491,"Hawaii","Hawaii",4.56434819146784,-0.00297177038915666,2026.90203607995,4.54354579874374,0,490,4.56434819146784,2021-06-02,498,4.92621795228367,0.146437977094891,0.130949723792911,0.0776807192143288,0.073457927424442
15003,2021-05-26,491,"Honolulu","Hawaii",7.22100066499353,-0.0253674151089335,775.656542023887,7.043428759231,0,490,7.22100066499353,2021-06-02,498,7.00293558022273,0.00163969754619523,0.0475523811960952,0.00578231493698462,0.0311390962079737
15007,2021-05-26,491,"Kauai","Hawaii",4.0943445622221,-0.110348057168882,528.103911634402,3.32190816203993,0,490,4.0943445622221,2021-06-02,498,3.14168618617707,0.0324799605839132,0.907557981448757,0.057364728742103,0.303231551335897
15009,2021-05-26,491,"Maui","Hawaii",5.58617799448641,-0.0419568618304815,624.140986975057,5.29247996167304,0,490,5.58617799448641,2021-06-02,498,5.34710753071747,0.0029841712997038,0.0571546866466971,0.0102162839872978,0.0447102405170565
16001,2021-05-26,491,"Ada","Idaho",6.88828116914676,-0.0187595688975134,858.187604724744,6.75696418686416,0,490,6.88828116914676,2021-06-02,498,6.7841338041897,0.000738188105616176,0.0108466736274982,0.00400487639391174,0.0153516083206875
16005,2021-05-26,491,"Bannock","Idaho",4.63195120866574,0.0210830015629989,271.299252228159,4.77953221960673,0.021083001563003,271.299252228203,4.77953221960676,2021-06-02,498,4.54632968596516,0.0543834216968474,0.054383421696861,0.051294681589301,0.0512946815893074
16011,2021-05-26,491,"Bingham","Idaho",3.67086094861126,-0.0180185055026746,694.727270725442,3.54473141009254,0,490,3.67086094861126,2021-06-02,498,3.56347818757266,0.00035144166588945,0.0115310573682717,0.00526080882029986,0.03013425518166
16017,2021-05-26,491,"Bonner","Idaho",4.16111273868694,0.0478996921604495,404.128612084844,4.49641058381009,0.0478996921604571,404.128612084858,4.49641058381014,2021-06-02,498,4.29436569611546,0.0408221366435355,0.0408221366435571,0.0470488314205269,0.0470488314205393
16019,2021-05-26,491,"Bonneville","Idaho",4.93550115458722,-0.0392602006061583,616.712581147969,4.66067975034411,0,490,4.93550115458722,2021-06-02,498,4.79932620042905,0.0192228381211539,0.0185436181399811,0.0288887323542498,0.0283737650810236
16027,2021-05-26,491,"Canyon","Idaho",6.32997552041904,-0.00811363477416821,1271.1652029707,6.27318007699987,0,490,6.32997552041904,2021-06-02,498,6.20340269458003,0.00486888309736398,0.016020680240873,0.0112482432392791,0.0204037738755217
16039,2021-05-26,491,"Elmore","Idaho",4.33073334028633,0.0018814680997056,-1810.78409135078,4.34390361698427,0.0018814680997048,-1810.78409135176,4.34390361698426,2021-06-02,498,4.26869794936688,0.00565589244177764,0.00565589244177684,0.0176179407654145,0.0176179407654133
16045,2021-05-26,491,"Gem","Idaho",3.73766961828337,0.0171530792262509,273.099203939823,3.85774117286712,0.0171530792262491,273.099203939799,3.85774117286711,2021-06-02,498,3.8098320645316,0.00229528266150526,0.00229528266150403,0.0125751233975761,0.0125751233975727
16049,2021-05-26,491,"Idaho","Idaho",4.07753744390572,0.0269955043420087,339.95494478462,4.26650597429978,0.026995504342012,339.954944784639,4.2665059742998,2021-06-02,498,4.03802613163188,0.0522030385055496,0.0522030385055605,0.0565820614379154,0.0565820614379213
16051,2021-05-26,491,"Jefferson","Idaho",3.59142411796322,1.25607396694681e-15,-2859245723157875,3.59142411796323,0,490,3.59142411796322,2021-06-02,498,3.14784005175145,0.196766823796979,0.196766823796971,0.140916964940761,0.140916964940758
16053,2021-05-26,491,"Jerome","Idaho",3.4106761256167,0.0335762955336091,389.420118377779,3.64571019435196,0.0335762955336043,389.420118377765,3.64571019435193,2021-06-02,498,3.44771739729705,0.0392011476856293,0.039201147685616,0.0574272117575934,0.0574272117575837
16055,2021-05-26,491,"Kootenai","Idaho",6.43339933499754,0.00806734812091854,-306.461475390632,6.48987077184397,0.00806734812091747,-306.461475390737,6.48987077184396,2021-06-02,498,6.39835720720733,0.00837473251250344,0.00837473251250214,0.0143026657738881,0.0143026657738869
16057,2021-05-26,491,"Latah","Idaho",4.45268478547989,-0.0262740893701833,660.470565572976,4.26876615988861,0,490,4.45268478547989,2021-06-02,498,4.20682254564879,0.00383701134509188,0.0604482409747678,0.0147245607742337,0.0584436916849288
16065,2021-05-26,491,"Madison","Idaho",4.57323713888508,0.00591717702808842,-281.874821418431,4.6146573780817,0.00591717702808925,-281.874821418323,4.61465737808171,2021-06-02,498,4.61228765375696,5.61559337527932e-06,5.61559337530879e-06,0.00051378502440386,0.000513785024405207
16069,2021-05-26,491,"Nez Perce","Idaho",4.29045944114839,-0.00973717527785666,931.626703198549,4.22229921420339,0,490,4.29045944114839,2021-06-02,498,4.19397440317094,0.000802294920024133,0.0093093625535098,0.00675369191834761,0.0230056334880107
16075,2021-05-26,491,"Payette","Idaho",3.74444930526875,-0.0622131845015609,551.187391712359,3.30895701375782,0,490,3.74444930526875,2021-06-02,498,3.55534806148941,0.0607085484022719,0.0357592803988911,0.0693015264526236,0.0531878287326151
16079,2021-05-26,491,"Shoshone","Idaho",3.74106520728451,-0.0134682170508653,768.769892863745,3.64678768792845,0,490,3.74106520728451,2021-06-02,498,3.70657903121334,0.00357500473181135,0.00118929634001164,0.0161311394634733,0.00930404445197533
16083,2021-05-26,491,"Twin Falls","Idaho",5.20007431865907,-0.0187359110574679,768.54584779513,5.0689229412568,0,490,5.20007431865907,2021-06-02,498,5.17614973257383,0.0114975847761462,0.000572385819350227,0.0207155505263394,0.00462208153189322
17001,2021-05-26,491,"Adams","Illinois",5.49599657899631,0.00528946281739968,-548.04626400194,5.53302281871811,0.00528946281740073,-548.046264001734,5.53302281871812,2021-06-02,498,5.35456266521249,0.0318480263892504,0.031848026389253,0.0333286142423997,0.0333286142424011
17005,2021-05-26,491,"Bond","Illinois",4.03802613163188,0.0101266688179316,92.2483271417326,4.1089128133574,0.0101266688179305,92.2483271416875,4.10891281335739,2021-06-02,498,3.89763426797605,0.0446386237384599,0.0446386237384565,0.0542068677703472,0.0542068677703452
17007,2021-05-26,491,"Boone","Illinois",5.1197032145424,-0.0540222744199324,585.77022708717,4.74154729360288,0,490,5.1197032145424,2021-06-02,498,4.90209512552105,0.0257756063336276,0.0473532804075232,0.0327508601541291,0.0443908336026463
17009,2021-05-26,491,"Brown","Illinois",3.2188758248682,0.00573067470898367,-70.6922942462855,3.25899054783109,0.00573067470898314,-70.6922942463371,3.25899054783108,2021-06-02,498,3.04452243772342,0.0459965702531527,0.0459965702531512,0.0704439249487135,0.0704439249487123
17011,2021-05-26,491,"Bureau","Illinois",4.76095218754743,-0.0593293780575914,571.246116568523,4.3456465411443,0,490,4.76095218754743,2021-06-02,498,4.32696685749085,0.000348930581392634,0.18834326670432,0.00431703876379427,0.100297817004368
17015,2021-05-26,491,"Carroll","Illinois",3.4106761256167,-0.0186921330121493,673.465860017145,3.27983119453165,0,490,3.4106761256167,2021-06-02,498,3.36235754834589,0.00681059907387287,0.00233468490947493,0.0245441933606487,0.0143704459076867
17017,2021-05-26,491,"Cass","Illinois",3.48781185449893,-0.075666333073726,537.094633013345,2.95814752298284,0,490,3.48781185449893,2021-06-02,498,3.46126162240481,0.253123797037173,0.000704914824251604,0.145355698097277,0.00767068051783755
17019,2021-05-26,491,"Champaign","Illinois",6.3258938820994,-0.0336799865729762,678.823527434987,6.09013397608856,0,490,6.3258938820994,2021-06-02,498,6.14694087848307,0.0032270241596592,0.0320241775033044,0.00924149158378225,0.0291125304690561
17021,2021-05-26,491,"Christian","Illinois",4.92206425991498,-0.00622408648300143,1281.80910481524,4.87849565453397,0,490,4.92206425991498,2021-06-02,498,5.07784880568313,0.0397416788730996,0.0242688247001887,0.0392593711979064,0.0306792407040153
17023,2021-05-26,491,"Clark","Illinois",3.58351893845611,0.0281708769666924,363.793490146116,3.78071507722296,0.0281708769666964,363.793490146134,3.78071507722298,2021-06-02,498,3.64507683145554,0.0183977337148611,0.0183977337148688,0.0372113543936603,0.0372113543936681
17027,2021-05-26,491,"Clinton","Illinois",3.56751859710967,-0.0199607425625345,669.726747561274,3.42779339917193,0,490,3.56751859710967,2021-06-02,498,3.28519846779927,0.0203333144531719,0.0797046554138383,0.0434052714836973,0.0859370087005791
17029,2021-05-26,491,"Coles","Illinois",4.44096917030733,-0.0556608471055437,570.786230379972,4.05134324056853,0,490,4.44096917030733,2021-06-02,498,4.27069595202955,0.0481156120253041,0.0289929688626724,0.0513622870662997,0.0398701336246757
17031,2021-05-26,491,"Cook","Illinois",9.64693493909079,-0.0327570639121833,785.499377751093,9.4176354917055,0,490,9.64693493909079,2021-06-02,498,9.38333283348162,0.00117667236122476,0.069486070081588,0.00365570089355539,0.0280925882399252
17033,2021-05-26,491,"Crawford","Illinois",3.25809653802148,-0.0271019297777852,611.216403951134,3.06838302957699,0,490,3.25809653802148,2021-06-02,498,3.11668488397165,0.00233306913796382,0.0199972559011081,0.0154978306093997,0.0453724580168732
17037,2021-05-26,491,"DeKalb","Illinois",5.77853649657822,-0.0261680871368774,711.823802150781,5.59535988662008,0,490,5.77853649657822,2021-06-02,498,5.53677167909934,0.00343257806049356,0.0584502269705983,0.0105816549636507,0.0436653038071839
17039,2021-05-26,491,"De Witt","Illinois",4.62216776235667,-0.0125612258729748,858.971072974744,4.53423918124584,0,490,4.62216776235667,2021-06-02,498,4.28457129852317,0.0623340516632225,0.113971372392881,0.0582713801048731,0.0787935222246999
17043,2021-05-26,491,"DuPage","Illinois",7.84109976542212,-0.0351591168811011,714.017540285174,7.59498594725441,0,490,7.84109976542212,2021-06-02,498,7.54938357580139,0.00207957628213906,0.0850983352868356,0.00604054238271731,0.0386410607822056
17045,2021-05-26,491,"Edgar","Illinois",3.90341463089155,0.0472064045698033,408.311757451902,4.23385946288017,0.0472064045697964,408.31175745189,4.23385946288012,2021-06-02,498,4.07753744390572,0.0244365736162483,0.024436573616233,0.0383373595276454,0.0383373595276334
17049,2021-05-26,491,"Effingham","Illinois",3.64133850934494,-0.0258794479878149,631.703870927209,3.46018237343023,0,490,3.64133850934494,2021-06-02,498,3.391627930646,0.00469971162545583,0.0623553731141549,0.0202128429727754,0.0736255815216643
17051,2021-05-26,491,"Fayette","Illinois",3.69953674858792,0,490,3.69953674858792,0,490,3.69953674858792,2021-06-02,498,3.53472877428668,0.02716166839328,0.02716166839328,0.0466253522760044,0.0466253522760044
17053,2021-05-26,491,"Ford","Illinois",4.30983989269805,-0.0227713824124807,680.265623607282,4.15044021581069,0,490,4.30983989269805,2021-06-02,498,4.25864761351338,0.0117088409175878,0.00262064944812187,0.0254088639218068,0.0120207830819895
17055,2021-05-26,491,"Franklin","Illinois",4.63055941999291,-0.0124569084852903,862.72621324632,4.54336106059588,0,490,4.63055941999291,2021-06-02,498,4.46426473291085,0.00625622905325737,0.0276539229517204,0.0177176606714035,0.0372501849758427
17057,2021-05-26,491,"Fulton","Illinois",5.36129216570943,-0.0218914214818489,735.90379348617,5.20805221533648,0,490,5.36129216570943,2021-06-02,498,5.01727983681492,0.036394100406773,0.118344482431418,0.0380230692180537,0.0685655056292191
17063,2021-05-26,491,"Grundy","Illinois",5.15246548953547,-0.0538932174417575,586.605082311216,4.77521296744317,0,490,5.15246548953547,2021-06-02,498,4.75605021694722,0.000367211006569945,0.157145068341216,0.0040291312374426,0.0833496818800828
17067,2021-05-26,491,"Hancock","Illinois",3.59142411796322,0.0158733491562888,264.745031209098,3.70253756205725,0.015873349156291,264.745031209129,3.70253756205726,2021-06-02,498,3.58747933967221,0.0132383945384052,0.0132383945384087,0.0320721630679977,0.0320721630680019
17073,2021-05-26,491,"Henry","Illinois",5.16967197712914,-0.0335494723729604,645.091006846823,4.93482567051842,0,490,5.16967197712914,2021-06-02,498,4.93652732194253,2.89561756918748e-06,0.0543564302420829,0.000344706169567778,0.0472284745898796
17075,2021-05-26,491,"Iroquois","Illinois",4.65123555283134,-0.0242599498774807,682.724862430522,4.48141590368898,0,490,4.65123555283134,2021-06-02,498,4.58496747867057,0.0107229286811689,0.00439145765297719,0.022585018424519,0.0144533357039173
17077,2021-05-26,491,"Jackson","Illinois",4.78868151091763,-0.0269811088310996,668.482754355817,4.59981374909994,0,490,4.78868151091763,2021-06-02,498,4.36763789722178,0.0539056261953467,0.177277724634061,0.0531582190057101,0.096400760228698
17081,2021-05-26,491,"Jefferson","Illinois",5.18738580584075,-0.0166208812360443,803.100527774141,5.07103963718844,0,490,5.18738580584075,2021-06-02,498,4.97476135519337,0.0092695075839227,0.0452091570131012,0.0193533468483997,0.0427406332618176
17083,2021-05-26,491,"Jersey","Illinois",3.31158522297247,-0.0800427076735228,532.37272862482,2.75128626925781,0,490,3.31158522297247,2021-06-02,498,3.02390315052069,0.0743199639494998,0.0827609748101504,0.09015397242995,0.0951360073824594
17085,2021-05-26,491,"Jo Daviess","Illinois",3.33729357968267,-0.0300022503038055,602.234775588129,3.12727782755604,0,490,3.33729357968267,2021-06-02,498,3.09104245335832,0.00131300234324876,0.0606396172160147,0.0117227035035869,0.0796660447211956
17087,2021-05-26,491,"Johnson","Illinois",3.81614123372486,0.0254790853009811,341.224559137611,3.99449483083173,0.0254790853009843,341.22455913763,3.99449483083175,2021-06-02,498,3.71008166176454,0.0808908507388424,0.080890850738855,0.0766595441815482,0.0766595441815542
17089,2021-05-26,491,"Kane","Illinois",7.41086550115041,-0.0399612977175551,676.451072022989,7.13113641712753,0,490,7.41086550115041,2021-06-02,498,7.0974306822247,0.00113607656533982,0.0982413857149962,0.0047490051558016,0.0441617302033965
17091,2021-05-26,491,"Kankakee","Illinois",6.16060436719987,-0.031758122274993,684.985157996916,5.93829751127492,0,490,6.16060436719987,2021-06-02,498,5.93527205317179,9.15339673382008e-06,0.0507746517452516,0.000509742110560434,0.0379649512287593
17093,2021-05-26,491,"Kendall","Illinois",6.25327921002275,-0.0233642793188849,758.642717529419,6.08972925479056,0,490,6.25327921002275,2021-06-02,498,5.99609665943454,0.00876706291310351,0.0661428643270576,0.0156155913878891,0.042891661891999
17095,2021-05-26,491,"Knox","Illinois",4.9406214934752,-0.0517528414864382,586.465704907621,4.57835160307013,0,490,4.9406214934752,2021-06-02,498,4.59367580656236,0.000234831212671161,0.120371309667423,0.00333593491084737,0.0755268115388568
17097,2021-05-26,491,"Lake","Illinois",7.46965417293213,-0.0342652798390315,708.994839324892,7.22979721405891,0,490,7.46965417293213,2021-06-02,498,7.17362985859437,0.00315477181987928,0.0876303946791375,0.00782969801504915,0.0412656242617678
17099,2021-05-26,491,"LaSalle","Illinois",6.1463292576689,-0.0486590538836488,617.314195758218,5.80571588048336,0,490,6.1463292576689,2021-06-02,498,5.65699031314944,0.0221192943787948,0.239452602623416,0.0262905819350986,0.0865016408781907
17103,2021-05-26,491,"Lee","Illinois",4.60802325497049,-0.0688029199240159,557.974239756968,4.12640281550238,0,490,4.60802325497049,2021-06-02,498,3.99951045955126,0.0161016699988261,0.370287822188929,0.0317269718967952,0.152146819360364
17105,2021-05-26,491,"Livingston","Illinois",4.86643494512217,-0.0711174922355963,559.428101050031,4.36861249947299,0,490,4.86643494512217,2021-06-02,498,4.44096917030733,0.00523548781422905,0.181021125538787,0.0162929910250498,0.0958047125522807
17107,2021-05-26,491,"Logan","Illinois",4.93550115458722,-0.0684451513582495,563.108850030212,4.45638509507947,0,490,4.93550115458722,2021-06-02,498,4.6388812433304,0.0333048441264235,0.0879833717540048,0.0393405518870117,0.0639421221837248
17109,2021-05-26,491,"McDonough","Illinois",4.99527990601306,-0.0682188776402715,564.224305042864,4.51774776253116,0,490,4.99527990601306,2021-06-02,498,4.44096917030733,0.0058949522238733,0.307260391718629,0.0172887019205579,0.124817514927124
17111,2021-05-26,491,"McHenry","Illinois",6.79170288775354,-0.036699921476521,676.060420145546,6.53480343741789,0,490,6.79170288775354,2021-06-02,498,6.51280611260195,0.000483882299058017,0.0777834111899553,0.00337754946725304,0.0428228278762877
17113,2021-05-26,491,"McLean","Illinois",6.56244409369372,-0.0445921183730296,638.166008997295,6.25029926508251,0,490,6.56244409369372,2021-06-02,498,6.17824045425132,0.00519247221840611,0.147612436560788,0.0116633224887859,0.0621865792190119
17115,2021-05-26,491,"Macon","Illinois",5.86889328043405,-0.035300115686229,657.25705514964,5.62179247063044,0,490,5.86889328043405,2021-06-02,498,5.56452040732269,0.00328008923552686,0.0926428458860597,0.0102923628840289,0.0546988510835201
17117,2021-05-26,491,"Macoupin","Illinois",4.60517018598809,-0.0212022076505969,708.202390518915,4.45675473243391,0,490,4.60517018598809,2021-06-02,498,4.49663001741289,0.00159003835215425,0.0117809681943343,0.00886781541388952,0.024138114133227
17119,2021-05-26,491,"Madison","Illinois",6.28599809450886,-0.0241798902507353,750.968015955643,6.11673886275372,0,490,6.28599809450886,2021-06-02,498,6.08677472691231,0.000897849436722511,0.0396899501965135,0.00492282648623844,0.0327305307876279
17121,2021-05-26,491,"Marion","Illinois",3.84098723231139,-0.00306278953054609,1745.08135100506,3.81954770559757,0,490,3.84098723231139,2021-06-02,498,3.58747933967221,0.0538557264632696,0.0642662516303624,0.0646884187900495,0.0706646279006452
17123,2021-05-26,491,"Marshall","Illinois",4.03550406219917,-0.0371790032417587,599.542556559627,3.77525103950686,0,490,4.03550406219917,2021-06-02,498,3.3770998300831,0.158524385565604,0.433496132868355,0.117897376286316,0.194961435919374
17125,2021-05-26,491,"Mason","Illinois",4.07024701064304,-0.0522684285457457,568.871998908112,3.70436801082282,0,490,4.07024701064304,2021-06-02,498,3.69244452027843,0.000142169626762124,0.1427347217257,0.00322915902430119,0.102317716160599
17127,2021-05-26,491,"Massac","Illinois",3.24147565678544,-0.0383608678724527,575.499539154409,2.97294958167827,0,490,3.24147565678544,2021-06-02,498,3.15395627876888,0.0327634243916521,0.00765964152840532,0.0573903634330863,0.0277490777553585
17131,2021-05-26,491,"Mercer","Illinois",4.12943588203337,-0.0816329544968565,541.585402763934,3.55800520055537,0,490,4.12943588203337,2021-06-02,498,3.49216915986788,0.00433438425340493,0.406108875179543,0.0188524775500799,0.182484494018496
17135,2021-05-26,491,"Montgomery","Illinois",4.30983989269805,0.0174254167138607,243.669335633742,4.43181780969508,0.0174254167138592,243.669335633722,4.43181780969507,2021-06-02,498,4.24440525679783,0.0351234649834628,0.0351234649834588,0.0441551976209354,0.0441551976209329
17137,2021-05-26,491,"Morgan","Illinois",4.65396035015752,-0.0439192339348468,596.966337141981,4.3465257126136,0,490,4.65396035015752,2021-06-02,498,4.24235397402728,0.0108517511200962,0.169419808871074,0.0245551736663379,0.0970231099644679
17139,2021-05-26,491,"Moultrie","Illinois",3.27444567602301,-0.0679112056161992,539.21657407363,2.79906723670962,0,490,3.27444567602301,2021-06-02,498,3.07797037179096,0.0777869587582037,0.0386025451730758,0.0906126769891753,0.0638327470701825
17141,2021-05-26,491,"Ogle","Illinois",5.14249862962008,-0.0708831261221596,563.548981837476,4.64631674676496,0,490,5.14249862962008,2021-06-02,498,4.65123555283134,2.41946531186377e-05,0.241339410615938,0.00105752676047203,0.105619909206639
17143,2021-05-26,491,"Peoria","Illinois",6.75193654205418,-0.0830944224628771,572.25619436215,6.17027558481404,0,490,6.75193654205418,2021-06-02,498,6.17675787429109,4.20200768642902e-05,0.330830499849721,0.00104946472064769,0.0931198339758626
17145,2021-05-26,491,"Perry","Illinois",3.86523084392139,0.00299850299625617,-798.053520622584,3.88622036489518,0.00299850299625604,-798.053520622643,3.88622036489518,2021-06-02,498,3.71705033108063,0.0286185003408154,0.0286185003408151,0.0455119029193685,0.0455119029193683
17147,2021-05-26,491,"Piatt","Illinois",4.17877324183889,-0.0344119975977231,612.433614249566,3.93788925865483,0,490,4.17877324183889,2021-06-02,498,3.78418963391826,0.0236235746441622,0.155696223639662,0.0406162585931044,0.104271626449139
17157,2021-05-26,491,"Randolph","Illinois",3.25258688221051,-0.0379449315641157,576.718612424286,2.9869723612617,0,490,3.25258688221051,2021-06-02,498,3.07797037179096,0.00828063792028308,0.0304909257111013,0.0295642905998183,0.0567310562895211
17161,2021-05-26,491,"Rock Island","Illinois",6.24333437668059,-0.0370614622795998,659.458932612521,5.98390414072339,0,490,6.24333437668059,2021-06-02,498,5.89479630269409,0.00794020679825683,0.121478789018221,0.0151163557574636,0.0591263982823651
17163,2021-05-26,491,"St. Clair","Illinois",6.32717118461052,-0.0234651866347875,760.640778191399,6.16291487816701,0,490,6.32717118461052,2021-06-02,498,6.09001622083648,0.00531421424059402,0.0562424768426673,0.0119701909957339,0.0389415980474135
17165,2021-05-26,491,"Saline","Illinois",3.48343547989913,-0.0216928246112548,651.580078543199,3.33158570762035,0,490,3.48343547989913,2021-06-02,498,3.33729357968267,3.25798034799125e-05,0.0213574549988762,0.00171032962070764,0.0437905436627336
17167,2021-05-26,491,"Sangamon","Illinois",6.40805798125796,-0.0464665004927783,628.907049450687,6.08279247780851,0,490,6.40805798125796,2021-06-02,498,6.00564918209994,0.00595108807278015,0.1619328416398,0.0128451218793299,0.0670050459086779
17169,2021-05-26,491,"Schuyler","Illinois",3.86223234092513,-0.0266682470821559,635.825129639263,3.67555461135004,0,490,3.86223234092513,2021-06-02,498,3.57954279007647,0.00921826982426759,0.0799133821590166,0.0268223700355645,0.0789736475933061
17173,2021-05-26,491,"Shelby","Illinois",3.55942138687705,-0.0359320092260569,590.059904067258,3.30789732229465,0,490,3.55942138687705,2021-06-02,498,3.34235688163922,0.00118746123022208,0.0471169994341424,0.0103099580819364,0.0649435452061509
17177,2021-05-26,491,"Stephenson","Illinois",5.06710564058432,-0.0474605763601744,597.764519716964,4.7348816060631,0,490,5.06710564058432,2021-06-02,498,4.51711930786536,0.0474204185163618,0.302484966177652,0.0482082237275792,0.121755989876404
17179,2021-05-26,491,"Tazewell","Illinois",6.25162859066587,-0.0536033993695752,607.627465127038,5.87640479507884,0,490,6.25162859066587,2021-06-02,498,5.79126992877932,0.00724794545983869,0.21193009757398,0.0147005522703159,0.0794918329741177
17183,2021-05-26,491,"Vermilion","Illinois",6.29341927884648,-0.013898217679977,943.822039757898,6.19613175508664,0,490,6.29341927884648,2021-06-02,498,6.01928814155686,0.0312736636462701,0.0751478804317001,0.0293794896291574,0.0455421190750168
17187,2021-05-26,491,"Warren","Illinois",3.66721795733276,-0.00364299127850256,1497.65021598409,3.64171701838324,0,490,3.66721795733276,2021-06-02,498,3.62243435470578,0.000371821118497869,0.00200557106425066,0.00532312301323176,0.0123628472573413
17191,2021-05-26,491,"Wayne","Illinois",3.80029304148484,0.00320000273067059,-696.590562051943,3.82269306059953,0.00320000273067,-696.590562052161,3.82269306059953,2021-06-02,498,3.59535339610311,0.0516833230533453,0.0516833230533435,0.0632315212025687,0.0632315212025675
17195,2021-05-26,491,"Whiteside","Illinois",4.77551555173533,-0.0753980174842216,554.337415373484,4.24772942934578,0,490,4.77551555173533,2021-06-02,498,4.20682254564879,0.00167337313379928,0.32341173517175,0.00972393849588533,0.135183502492815
17197,2021-05-26,491,"Will","Illinois",7.74413662762799,-0.0450221242278664,663.007357725577,7.42898175803293,0,490,7.74413662762799,2021-06-02,498,7.41508909920598,0.000193005969281875,0.108272275960633,0.00187356600049917,0.0443753977895214
17199,2021-05-26,491,"Williamson","Illinois",5.07159599388594,-0.023030247274697,711.214569708855,4.91038426296306,0,490,5.07159599388594,2021-06-02,498,4.88819858975853,0.000492204095538349,0.0336346078406735,0.00453861945196243,0.0375184028962441
17201,2021-05-26,491,"Winnebago","Illinois",7.21187297218219,-0.0503548271834837,634.221084761218,6.85938918189781,0,490,7.21187297218219,2021-06-02,498,6.91331124455282,0.00290758884097122,0.0891391052050354,0.00779974468782962,0.0431865016730755
17203,2021-05-26,491,"Woodford","Illinois",5.20557531484942,-0.0783533142465295,557.437206452693,4.65710211512371,0,490,5.20557531484942,2021-06-02,498,4.62497281328427,0.00103229203669001,0.337099264823709,0.00694691690882115,0.12553641394334
18001,2021-05-26,491,"Adams","Indiana",3.71357206670431,-0.047628048989246,568.970274775328,3.38017572377959,0,490,3.71357206670431,2021-06-02,498,3.46573590279973,0.0073205442339585,0.0614227641389385,0.0246874491939857,0.0715104009236168
18003,2021-05-26,491,"Allen","Indiana",7.0731486447554,-0.03275466993724,706.943212320808,6.84386595519472,0,490,7.0731486447554,2021-06-02,498,6.77878489768518,0.00423554404656057,0.0866500155892228,0.0096006966575629,0.0434242643059442
18005,2021-05-26,491,"Bartholomew","Indiana",4.64163986576949,-0.0627290337626289,564.995079907237,4.20253662943108,0,490,4.64163986576949,2021-06-02,498,4.32507828280299,0.0150164568111197,0.100211235810256,0.0283328174334192,0.0731921048054054
18011,2021-05-26,491,"Boone","Indiana",5.02950377840064,0.00374532273016402,-851.875939073046,5.05572103751179,0.0037453227301647,-851.875939072803,5.05572103751179,2021-06-02,498,5.07695793702733,0.000451005901033081,0.000451005901032892,0.00418299694008756,0.00418299694008668
18015,2021-05-26,491,"Carroll","Indiana",3.6959969218828,-0.021053409197835,666.553369392681,3.54862305749796,0,490,3.6959969218828,2021-06-02,498,3.6959969218828,0.0217190559037227,0,0.0398739142644552,0
18017,2021-05-26,491,"Cass","Indiana",5.04434635143857,0.0139084300461309,128.317343890885,5.14170536176148,0.013908430046131,128.317343890887,5.14170536176148,2021-06-02,498,5.05897184065754,0.00684483551425575,0.00684483551425589,0.0163538212328109,0.0163538212328111
18019,2021-05-26,491,"Clark","Indiana",5.47765829520385,-0.048363633985947,604.259857536667,5.13911285730222,0,490,5.47765829520385,2021-06-02,498,5.17776263614929,0.00149380540492727,0.0899374063197692,0.00746457139174923,0.0579199318564347
18021,2021-05-26,491,"Clay","Indiana",3.75118333745009,-0.0649578962747819,548.747919076412,3.29647806352662,0,490,3.75118333745009,2021-06-02,498,3.61861025826738,0.1037691508885,0.0175756213239854,0.0890209698612311,0.0366364625424426
18023,2021-05-26,491,"Clinton","Indiana",4.06780500698749,-0.00244200365555308,2156.76532256099,4.05071098139862,0,490,4.06780500698749,2021-06-02,498,4.20255814686233,0.0230575616593659,0.01815840870613,0.0361320795946842,0.0320645509629544
18025,2021-05-26,491,"Crawford","Indiana",3.36235754834589,-0.029270382300105,605.872348228053,3.15746487224516,0,490,3.36235754834589,2021-06-02,498,3.19575340744735,0.00146601192792916,0.0277569397645431,0.0119810668473232,0.0521329776290922
18027,2021-05-26,491,"Daviess","Indiana",4.03297561584581,-0.0542004568976899,565.408516951408,3.65357241756198,0,490,4.03297561584581,2021-06-02,498,3.68530163276605,0.0010067430974665,0.120877198510541,0.0086096657386115,0.0943407128438502
18029,2021-05-26,491,"Dearborn","Indiana",4.45434729625351,-0.00991743665734909,940.143004402525,4.38492523965206,0,490,4.45434729625351,2021-06-02,498,4.27864828022005,0.0112947921061147,0.0308701442351266,0.024838909971481,0.041064140945099
18031,2021-05-26,491,"Decatur","Indiana",3.90916177314711,-0.0142249909313499,765.809438685256,3.80958683662767,0,490,3.90916177314711,2021-06-02,498,3.71357206670431,0.00921883604343524,0.0382553332663832,0.0258550980561871,0.0526688867024969
18033,2021-05-26,491,"DeKalb","Indiana",4.79579054559674,-0.0163938097756787,783.536671537546,4.68103387716699,0,490,4.79579054559674,2021-06-02,498,4.51242813428948,0.0284278965312782,0.0802942561418676,0.0373647486142319,0.0627959942794486
18035,2021-05-26,491,"Delaware","Indiana",5.68406555797248,-0.0197169166837289,779.283693091991,5.54604714118637,0,490,5.68406555797248,2021-06-02,498,5.44118008660145,0.0109970991373183,0.0589933522031277,0.0192728512778242,0.0446383812895883
18037,2021-05-26,491,"Dubois","Indiana",3.82241084673846,-0.0337973795832968,604.097846456343,3.58582918965538,0,490,3.82241084673846,2021-06-02,498,3.73766961828337,0.0230555157659309,0.00718107580007778,0.0406243579917383,0.0226722094538709
18039,2021-05-26,491,"Elkhart","Indiana",6.8697566758909,-0.0371410926771097,675.96377410363,6.60976902715114,0,490,6.8697566758909,2021-06-02,498,6.57547424697939,0.00117613194702832,0.0866021479660594,0.00521555995561829,0.0447545557716538
18041,2021-05-26,491,"Fayette","Indiana",3.89473150831808,0.0205587270210388,301.555804144274,4.03864259746536,0.0205587270210366,301.555804144253,4.03864259746534,2021-06-02,498,3.71008166176454,0.107952288468595,0.107952288468585,0.0885589498169023,0.0885589498168982
18043,2021-05-26,491,"Floyd","Indiana",4.53719720240189,-0.0271509890659451,658.109831298661,4.34714027894027,0,490,4.53719720240189,2021-06-02,498,4.28850057666306,0.00343861468315994,0.0618500116538781,0.0136737074483127,0.0579915103876099
18045,2021-05-26,491,"Fountain","Indiana",3.62243435470578,-0.00380952841666833,1441.88786812984,3.5957676557891,0,490,3.62243435470578,2021-06-02,498,3.71705033108063,0.0147094873258701,0.008952182985366,0.0326287417411073,0.0254545857460429
18047,2021-05-26,491,"Franklin","Indiana",3.14168618617707,-0.0122700925918179,747.044211783051,3.05579553803434,0,490,3.14168618617707,2021-06-02,498,3.00991690854595,0.00210484864373345,0.0173631425274273,0.0152424903684662,0.0437783771561909
18049,2021-05-26,491,"Fulton","Indiana",3.500827222611,0.00431966114451524,-319.440241836115,3.5310648506226,0.00431966114451532,-319.440241836099,3.5310648506226,2021-06-02,498,3.44771739729705,0.0069467979758556,0.00694679797585567,0.0241746766689457,0.0241746766689458
18051,2021-05-26,491,"Gibson","Indiana",4.28062652023215,0.00396040121609638,-589.856783609265,4.30834932874483,0.00396040121609698,-589.856783609102,4.30834932874483,2021-06-02,498,4.27666611901606,0.00100382577871731,0.00100382577871759,0.00740838981745454,0.00740838981745558
18053,2021-05-26,491,"Grant","Indiana",5.23034438296183,-0.021929045084794,729.512181571857,5.07684106736827,0,490,5.23034438296183,2021-06-02,498,4.98848706087325,0.0078064304637232,0.0584949642478614,0.017711583776176,0.0484831010158513
18055,2021-05-26,491,"Greene","Indiana",4.38202663467388,-0.0299054827788994,637.529205599909,4.17268825522159,0,490,4.38202663467388,2021-06-02,498,4.11321304652648,0.00353730044932594,0.072260745172679,0.0144595497540123,0.0653536748781844
18057,2021-05-26,491,"Hamilton","Indiana",6.68300329197133,-0.034283044509442,685.936108726596,6.44302198040524,0,490,6.68300329197133,2021-06-02,498,6.4569938959588,0.000195214424235732,0.0510802470859517,0.00216384214987437,0.0350022626092288
18059,2021-05-26,491,"Hancock","Indiana",5.49892312483688,-0.0384111421816512,634.159583717448,5.23004512956532,0,490,5.49892312483688,2021-06-02,498,5.27299955856375,0.0018450829705809,0.05104145779757,0.00814610896916646,0.0428453603615829
18061,2021-05-26,491,"Harrison","Indiana",4.13173209429372,-0.0338250961536371,613.149899457106,3.89495642121826,0,490,4.13173209429372,2021-06-02,498,3.58747933967221,0.0945421556760792,0.296211060913107,0.085708390887667,0.151708958600231
18063,2021-05-26,491,"Hendricks","Indiana",5.88808619265415,-0.0258028388526432,719.195286041209,5.70746632068565,0,490,5.88808619265415,2021-06-02,498,5.66296048013595,0.00198076984303525,0.0506815864368281,0.00785911197964616,0.0397540673836378
18065,2021-05-26,491,"Henry","Indiana",5.16233399067623,-0.00652530863492014,1282.12487692154,5.11665683023179,0,490,5.16233399067623,2021-06-02,498,5.04250303294428,0.00549878565215708,0.0143594584309566,0.0147057516481476,0.0237641815878061
18067,2021-05-26,491,"Howard","Indiana",5.70330617076532,0.019726403426638,201.879573563636,5.84139099475179,0.0197264034266391,201.879573563653,5.84139099475179,2021-06-02,498,5.63274670153945,0.0435324410900763,0.0435324410900796,0.0370413058260396,0.037041305826041
18069,2021-05-26,491,"Huntington","Indiana",4.84080680154977,-0.0112234623698432,922.311358476751,4.76224256496087,0,490,4.84080680154977,2021-06-02,498,4.6388812433304,0.0152180156744162,0.0407739310622051,0.0265929035816198,0.0435289345916524
18071,2021-05-26,491,"Jackson","Indiana",4.21529717263976,-0.0352368060994365,610.627674561208,3.96863952994371,0,490,4.21529717263976,2021-06-02,498,3.99162605602711,0.000528380381383069,0.0500287684067497,0.00575868725195262,0.0560350878246524
18073,2021-05-26,491,"Jasper","Indiana",5.1793729424554,-0.00801286338535242,1137.3822847552,5.12328289875793,0,490,5.1793729424554,2021-06-02,498,5.09899496807406,0.000589903576904718,0.0064606187656477,0.00476327802556134,0.015763493567773
18075,2021-05-26,491,"Jay","Indiana",4.57471097850338,-0.0290296146751207,648.587726523427,4.37150367577754,0,490,4.57471097850338,2021-06-02,498,4.12943588203337,0.0585968167681689,0.198269911536379,0.0586200635291064,0.107829521801597
18077,2021-05-26,491,"Jefferson","Indiana",4.15216413311093,-0.163417402154773,516.408335210092,3.00824231802752,0,490,4.15216413311093,2021-06-02,498,3.68887945411394,0.463266911019921,0.214632693793345,0.184510538919171,0.125589541420315
18079,2021-05-26,491,"Jennings","Indiana",3.73084365321297,-0.0236897711224083,648.487534764907,3.56501525535611,0,490,3.73084365321297,2021-06-02,498,3.61861025826738,0.00287242433705903,0.0125963349410123,0.0148109354382176,0.0310156073562137
18081,2021-05-26,491,"Johnson","Indiana",5.91812551001714,-0.0272950985894409,707.820081840868,5.72705981989105,0,490,5.91812551001714,2021-06-02,498,5.72311813953437,1.55368440342481e-05,0.0380278745426033,0.000688729510833076,0.0340736231069019
18083,2021-05-26,491,"Knox","Indiana",3.63758615972639,-0.0441248049089446,573.438577739502,3.32871252536377,0,490,3.63758615972639,2021-06-02,498,3.36729582998647,0.0014886713956081,0.0730568623509101,0.0114582461924218,0.0802692556243261
18085,2021-05-26,491,"Kosciusko","Indiana",5.32091719846528,-0.0295859212533236,670.84625703915,5.11381574969201,0,490,5.32091719846528,2021-06-02,498,5.18658740260473,0.00529571346764884,0.0180444940559366,0.0140307387620943,0.025899456701161
18087,2021-05-26,491,"LaGrange","Indiana",4.37125453769197,-0.0561551028297379,568.842516840288,3.9781688178838,0,490,4.37125453769197,2021-06-02,498,4.10382330617665,0.0157890504281357,0.0715194635898031,0.0306188836404625,0.0651663611132611
18089,2021-05-26,491,"Lake","Indiana",7.4615582870318,-0.0228103562543389,818.112746676741,7.30188579325142,0,490,7.4615582870318,2021-06-02,498,7.25821092310696,0.00190749428213613,0.0413501504151815,0.00601730517439583,0.0280161827865145
18091,2021-05-26,491,"LaPorte","Indiana",6.41929668536304,-0.0372486795274654,663.336221492892,6.15855592867078,0,490,6.41929668536304,2021-06-02,498,6.08709934954135,0.00510604270088051,0.110355069927028,0.0117390196916721,0.054573996044063
18093,2021-05-26,491,"Lawrence","Indiana",5.31109255803676,-0.0298737046586192,668.784865276305,5.10197662542643,0,490,5.31109255803676,2021-06-02,498,5.08140436498446,0.000423217899692016,0.0527566660276301,0.00404853834969841,0.0452017152256296
18095,2021-05-26,491,"Madison","Indiana",5.83355681840301,-0.008744590388749,1158.10463944756,5.77234468568177,0,490,5.83355681840301,2021-06-02,498,5.64443679654725,0.0163604281028476,0.0357663826667227,0.0226608772043932,0.0335055610812128
18097,2021-05-26,491,"Marion","Indiana",7.97782110995786,-0.0248252568905388,812.359055623642,7.80404431172409,0,490,7.97782110995786,2021-06-02,498,7.71912984090673,0.00721046735419118,0.0669211726832816,0.0110005237076539,0.033513009158133
18099,2021-05-26,491,"Marshall","Indiana",5.42620787928247,-0.0297235504060386,673.555845622671,5.2181430264402,0,490,5.42620787928247,2021-06-02,498,5.10853950907762,0.0120129310182488,0.100913193428604,0.021454961279602,0.0621837943389429
18101,2021-05-26,491,"Martin","Indiana",3.59142411796322,-0.090286846672084,530.777932781361,2.95941619125864,0,490,3.59142411796322,2021-06-02,498,3.19575340744735,0.0558552797558292,0.15655531116014,0.0739535208310982,0.123811402217021
18103,2021-05-26,491,"Miami","Indiana",4.37665509087197,0.00359712618084852,-725.708803314642,4.40183497413791,0.00359712618084895,-725.708803314495,4.40183497413791,2021-06-02,498,4.31367131500961,0.00777283079089126,0.00777283079089173,0.0204381958406362,0.0204381958406368
18105,2021-05-26,491,"Monroe","Indiana",5.57540783114393,-0.0639630984398947,578.166006136852,5.12766614206466,0,490,5.57540783114393,2021-06-02,498,5.27446368766863,0.02154951939535,0.0905673774920774,0.0278317482680134,0.0570568234603418
18107,2021-05-26,491,"Montgomery","Indiana",3.99688922607139,-0.0360863897744264,601.75891079866,3.7442844976504,0,490,3.99688922607139,2021-06-02,498,3.91487607441055,0.0291014860615136,0.00672615704534325,0.0435752175848462,0.0209491054383335
18109,2021-05-26,491,"Morgan","Indiana",4.90949864955462,-0.0239470058505036,696.015135512291,4.74186960860109,0,490,4.90949864955462,2021-06-02,498,4.78986986518701,0.00230402463231395,0.0143110460492714,0.0100212026499479,0.0249753725538713
18111,2021-05-26,491,"Newton","Indiana",3.70306408910589,-0.0209066848193084,668.123447409793,3.55671729537073,0,490,3.70306408910589,2021-06-02,498,3.56751859710967,0.000116668119255492,0.0183725804004987,0.00302767916828371,0.0379943336822522
18113,2021-05-26,491,"Noble","Indiana",5.19375018690961,-0.00947126259249063,1039.36935795947,5.12745134876217,0,490,5.19375018690961,2021-06-02,498,5.00968245934098,0.0138695113154996,0.0338809283322761,0.0235082543408707,0.0367423941662033
18117,2021-05-26,491,"Orange","Indiana",4.04555439805267,-0.0173486383346157,724.191465521566,3.92411392971036,0,490,4.04555439805267,2021-06-02,498,3.80666248977032,0.0137948407439885,0.0570693438427821,0.0308541774469544,0.0627562619287434
18119,2021-05-26,491,"Owen","Indiana",4.66613088577778,0.0162605208717712,204.039273306531,4.77995453188017,0.0162605208717732,204.039273306567,4.77995453188019,2021-06-02,498,4.57323713888508,0.0427320805666869,0.0427320805666928,0.0452015468949609,0.045201546894964
18123,2021-05-26,491,"Perry","Indiana",3.3770998300831,-0.0097088141269633,838.838550199887,3.30913813119435,0,490,3.3770998300831,2021-06-02,498,3.47462485021697,0.0273858541728718,0.00951112955211318,0.047627219097419,0.0280677841027319
18125,2021-05-26,491,"Pike","Indiana",3.66721795733276,-0.0216614967811842,660.296609296094,3.51558747986447,0,490,3.66721795733276,2021-06-02,498,3.44771739729705,0.0046063481077083,0.0481804958559899,0.01968551210741,0.0636654733383292
18127,2021-05-26,491,"Porter","Indiana",6.45632102389124,-0.0359188111292343,670.747625851582,6.2048893459866,0,490,6.45632102389124,2021-06-02,498,6.20571149791444,6.75933792442938e-07,0.0628051345103189,0.000132483104976985,0.0403836894546303
18131,2021-05-26,491,"Pulaski","Indiana",3.20158432775814,-0.0115608224010793,767.933959945553,3.12065857095059,0,490,3.20158432775814,2021-06-02,498,3.13549421592915,0.000220096361929979,0.00436790288156859,0.00473151725274904,0.0210780525421594
18133,2021-05-26,491,"Putnam","Indiana",4.56731996185699,0.00148478126757985,-2585.08942918682,4.57771343073005,0.00148478126757912,-2585.08942918835,4.57771343073005,2021-06-02,498,4.54329478227,0.00118464336181642,0.00118464336181605,0.00757570224022575,0.00757570224022458
18135,2021-05-26,491,"Randolph","Indiana",3.63758615972639,-0.0186225120979984,686.332731727282,3.5072285750404,0,490,3.63758615972639,2021-06-02,498,3.60316593583991,0.00920397719717518,0.00118475181239537,0.0266258514061873,0.00955277233948873
18137,2021-05-26,491,"Ripley","Indiana",3.87120101090789,0.0149927845861397,232.795729227867,3.97615050301087,0.0149927845861413,232.795729227893,3.97615050301088,2021-06-02,498,3.84710345932883,0.0166531394830739,0.0166531394830767,0.0335439493755003,0.0335439493755031
18141,2021-05-26,491,"St. Joseph","Indiana",7.3024001541725,-0.0265998393976657,765.527979097999,7.11620127838884,0,490,7.3024001541725,2021-06-02,498,7.06536934212262,0.00258388574457266,0.0561836058610237,0.00719451932444128,0.0335482549562888
18143,2021-05-26,491,"Scott","Indiana",3.71008166176454,-0.0309835455199598,610.743612278797,3.49319684312482,0,490,3.71008166176454,2021-06-02,498,3.40119738166216,0.00846390090942053,0.0954094984943685,0.0270491392115873,0.09081633479073
18145,2021-05-26,491,"Shelby","Indiana",4.7349445297349,-0.0247844160697835,682.045232472014,4.56145361724642,0,490,4.7349445297349,2021-06-02,498,4.47733681447821,0.00707563650794609,0.0663617349597749,0.0187872403291629,0.0575359250221424
18149,2021-05-26,491,"Starke","Indiana",4.50928841428481,-0.0430835861363025,595.663720425196,4.20770331133069,0,490,4.50928841428481,2021-06-02,498,4.55086484113055,0.117759835534578,0.00172859926925911,0.0754057836871742,0.00913593971633107
18151,2021-05-26,491,"Steuben","Indiana",4.97476135519337,-0.0462956343653078,598.456381652289,4.65069191463622,0,490,4.97476135519337,2021-06-02,498,4.57323713888508,0.00599924228665872,0.161221696281986,0.0169365316949251,0.0877986870381661
18157,2021-05-26,491,"Tippecanoe","Indiana",5.88212788307052,-0.0306026234949543,683.209922265009,5.66790951860584,0,490,5.88212788307052,2021-06-02,498,5.75121116822731,0.00693916482965904,0.0171391862253368,0.0144841924917793,0.0227633294994377
18163,2021-05-26,491,"Vanderburgh","Indiana",5.47706110199411,-0.00476758948347,1639.81139011317,5.44368797560982,0,490,5.47706110199411,2021-06-02,498,5.22420939439432,0.0481708476123689,0.0639339860361297,0.0420118269859178,0.0483999948147379
18165,2021-05-26,491,"Vermillion","Indiana",3.54302757710137,0.0124741742251793,206.970972254843,3.63034679667763,0.0124741742251775,206.970972254802,3.63034679667762,2021-06-02,498,3.44316158076119,0.0350383050576847,0.0350383050576799,0.0543643426327555,0.0543643426327517
18167,2021-05-26,491,"Vigo","Indiana",5.1574119134708,-0.0371309805750368,629.897810766089,4.89749504944554,0,490,5.1574119134708,2021-06-02,498,4.7548209604925,0.0203558956585823,0.16207947541998,0.0300061958459673,0.084670055155264
18169,2021-05-26,491,"Wabash","Indiana",3.96759285658296,-0.00807541400554585,982.317578746821,3.91106495854414,0,490,3.96759285658296,2021-06-02,498,3.93741223943297,0.000694179210234876,0.00091086965155437,0.00669152206745407,0.00766508948383266
18173,2021-05-26,491,"Warrick","Indiana",4.21529717263976,-0.00630916919326322,1159.12238561311,4.17113298828692,0,490,4.21529717263976,2021-06-02,498,3.92338676407846,0.0613781916095477,0.0852116866264256,0.0631460111138571,0.0744026592621352
18175,2021-05-26,491,"Washington","Indiana",3.91202300542815,-0.0901018346971706,534.417795193364,3.28131016254795,0,490,3.91202300542815,2021-06-02,498,3.56347818757266,0.079618794346347,0.121483490053911,0.0791833175824537,0.0978102852070213
18177,2021-05-26,491,"Wayne","Indiana",4.76583024600086,-0.0299602995958736,650.07151498102,4.55610814882975,0,490,4.76583024600086,2021-06-02,498,4.49980967033027,0.00316951868135671,0.0707669466801161,0.0125113021714429,0.0591181839144483
18179,2021-05-26,491,"Wells","Indiana",3.51367536508885,-0.0252114193464897,630.368407498171,3.33719542966342,0,490,3.51367536508885,2021-06-02,498,3.34235688163922,2.66405864985273e-05,0.0293500227714792,0.00154425519433827,0.0512567895997997
18181,2021-05-26,491,"White","Indiana",4.46261864200418,0.0318018431608765,350.67421386776,4.68523154413032,0.0318018431608715,350.674213867738,4.68523154413029,2021-06-02,498,4.63611498983751,0.00241243590559842,0.00241243590559502,0.0105943347825655,0.010594334782558
18183,2021-05-26,491,"Whitley","Indiana",4.67416305747504,-0.0302058420570672,645.743676691557,4.46272216307557,0,490,4.67416305747504,2021-06-02,498,4.378448813326,0.00710199747801399,0.0874469141926406,0.0192473072867917,0.0675385865535359
19011,2021-05-26,491,"Benton","Iowa",3.44316158076119,-0.0831989438549587,532.384678954142,2.86076897377648,0,490,3.44316158076119,2021-06-02,498,3.11033565629299,0.0622835290222997,0.110773095998108,0.0802378617920481,0.107006433146469
19013,2021-05-26,491,"Black Hawk","Iowa",5.09462624116064,-0.0199399757838395,746.498115764494,4.95504641067376,0,490,5.09462624116064,2021-06-02,498,5.02950377840064,0.00554389960881501,0.0042409351559279,0.0148041180616334,0.0129480890420389
19015,2021-05-26,491,"Boone","Iowa",4.01251454397447,0,490,4.01251454397447,0,490,4.01251454397447,2021-06-02,498,3.81299162482197,0.0398093952671354,0.0398093952671354,0.0523271328092195,0.0523271328092195
19017,2021-05-26,491,"Bremer","Iowa",3.82241084673846,-0.0307716586667584,615.218550846844,3.60700923607115,0,490,3.82241084673846,2021-06-02,498,3.57555076880693,0.000989635162613804,0.0609398980763591,0.00879821579899248,0.0690411334905746
19031,2021-05-26,491,"Cedar","Iowa",3.38680864421006,-0.0517762695237263,556.412372798663,3.02437475754397,0,490,3.38680864421006,2021-06-02,498,3.11033565629299,0.00738927611373944,0.0764373130477886,0.0276371775422696,0.0888884732931279
19033,2021-05-26,491,"Cerro Gordo","Iowa",4.88171908544754,0.00652176224638948,-257.527606652652,4.92737142117227,0.0065217622463889,-257.527606652719,4.92737142117226,2021-06-02,498,4.83628190695148,0.00829729960097929,0.00829729960097848,0.0188346163381958,0.0188346163381948
19045,2021-05-26,491,"Clinton","Iowa",4.62076228074793,-0.0534007767271195,577.529870236911,4.2469568436581,0,490,4.62076228074793,2021-06-02,498,4.24645234041956,2.54523517692878e-07,0.140107931428629,0.000118805816736359,0.088146506853622
19047,2021-05-26,491,"Crawford","Iowa",3.55125807623789,-0.00816331063916102,926.026698506583,3.49411490176376,0,490,3.55125807623789,2021-06-02,498,3.0513021247088,0.196083155523128,0.249955953469357,0.145122560453505,0.16385003224707
19049,2021-05-26,491,"Dallas","Iowa",5.15081122943945,-0.0357761731652749,634.973230609218,4.90037801728253,0,490,5.15081122943945,2021-06-02,498,4.7349445297349,0.0273682388021695,0.172945111923152,0.0349388438467906,0.0878292653890563
19051,2021-05-26,491,"Davis","Iowa",3.50512830451039,-0.0170216875694349,696.921315980701,3.38597649152434,0,490,3.50512830451039,2021-06-02,498,3.23023958351852,0.0242539845152154,0.0755638089285469,0.0482121848795475,0.085098555040444
19055,2021-05-26,491,"Delaware","Iowa",3.41538201665411,-0.0503538861456243,558.827575547531,3.06290481363474,0,490,3.41538201665411,2021-06-02,498,3.12926366617852,0.00440349731092645,0.0818637104788756,0.0212059000527791,0.0914331232513256
19057,2021-05-26,491,"Des Moines","Iowa",4.89034912822175,-0.0149256502166736,818.647308976776,4.78586957670504,0,490,4.89034912822175,2021-06-02,498,4.7523579050601,0.00112303213643812,0.0190415776696492,0.00705158835138574,0.0290363701384372
19061,2021-05-26,491,"Dubuque","Iowa",4.86863274820464,-0.0152508402524622,810.237016951812,4.76187686643741,0,490,4.86863274820464,2021-06-02,498,4.69657665231195,0.00426411796483118,0.0296033001338369,0.0139037897088972,0.0366343634161704
19067,2021-05-26,491,"Floyd","Iowa",3.29583686600433,-0.0312525435041122,596.458196244752,3.07706906147554,0,490,3.29583686600433,2021-06-02,498,3.11033565629299,0.00110666633074837,0.034410698804369,0.0106954999374884,0.0596402543680519
19069,2021-05-26,491,"Franklin","Iowa",4.17877324183889,-0.0173540146931465,731.795764883684,4.05729513898687,0,490,4.17877324183889,2021-06-02,498,3.8286413964891,0.0522825339582371,0.122592309128054,0.0597219010136204,0.0914506763863733
19081,2021-05-26,491,"Hancock","Iowa",3.58747933967221,-0.0234385729720133,644.058778107174,3.42340932886811,0,490,3.58747933967221,2021-06-02,498,3.30111392310517,0.0149561662707225,0.0820051518056113,0.0370467086600589,0.0867481169197781
19087,2021-05-26,491,"Henry","Iowa",3.63758615972639,-0.0441248049089291,573.438577739531,3.32871252536388,0,490,3.63758615972639,2021-06-02,498,3.3322045101752,1.21939579225048e-05,0.0932579518826008,0.00104795032857649,0.0916455303444521
19097,2021-05-26,491,"Jackson","Iowa",3.51367536508885,0.0346354966627627,389.552765121267,3.75612384172819,0.0346354966627578,389.552765121253,3.75612384172815,2021-06-02,498,3.55125807623789,0.0419699818699249,0.0419699818699107,0.0576882223404404,0.0576882223404306
19099,2021-05-26,491,"Jasper","Iowa",4.39268392914787,-0.0330177690286656,624.039998109327,4.16155954594721,0,490,4.39268392914787,2021-06-02,498,3.68171096463532,0.230254660987032,0.50548255626776,0.13033303969841,0.193109391623025
19103,2021-05-26,491,"Johnson","Iowa",5.23110861685459,-0.0593205768444309,579.183711203167,4.81586457894357,0,490,5.23110861685459,2021-06-02,498,4.91789324239764,0.0104098481662243,0.0981038707962037,0.0207464168954447,0.0636889332522885
19105,2021-05-26,491,"Jones","Iowa",3.71008166176454,-0.0241807981972193,644.430901308758,3.54081607438401,0,490,3.71008166176454,2021-06-02,498,3.500827222611,0.00159910826612377,0.0437874203054645,0.0114226864767081,0.0597728553417378
19111,2021-05-26,491,"Lee","Iowa",4.19181690503092,0.0108578699720468,104.937455889361,4.26782199483525,0.0108578699720487,104.937455889428,4.26782199483526,2021-06-02,498,3.9863350383927,0.0792349066472896,0.0792349066472971,0.0706129699916156,0.0706129699916189
19113,2021-05-26,491,"Linn","Iowa",5.929969010441,-0.0299311531626184,689.120298881336,5.72045093830267,0,490,5.929969010441,2021-06-02,498,5.6634563888989,0.00324837866173858,0.0710289774412413,0.0100635628651586,0.0470582985444183
19121,2021-05-26,491,"Madison","Iowa",4.01251454397447,-0.0601685214664411,557.68793658512,3.59133489370938,0,490,4.01251454397447,2021-06-02,498,3.3770998300831,0.0458966624869586,0.403751858629655,0.0634375868068473,0.188153962234435
19123,2021-05-26,491,"Mahaska","Iowa",3.52214999207982,-0.0534007767271036,556.956905647257,3.14834455499009,0,490,3.52214999207982,2021-06-02,498,3.14784005175145,2.54523517802212e-07,0.140107931428627,0.000160269654858487,0.118910088878278
19125,2021-05-26,491,"Marion","Iowa",3.91772102654278,-0.0498718300401644,569.555790380815,3.56861821626163,0,490,3.91772102654278,2021-06-02,498,3.68530163276605,0.0136150196871439,0.0540187746035431,0.0316618361620624,0.0630665863847582
19127,2021-05-26,491,"Marshall","Iowa",3.84405002184194,-0.0121582044798125,807.169219577168,3.75894259048325,0,490,3.84405002184194,2021-06-02,498,3.75453342433537,1.94407461196091e-05,0.00801322122915273,0.00117435794266775,0.0238422694352264
19139,2021-05-26,491,"Muscatine","Iowa",4.97574803509582,-0.0415318017191147,610.805735102644,4.68502542306201,0,490,4.97574803509582,2021-06-02,498,4.63611498983751,0.00239223047820845,0.11535060543143,0.0105498749128774,0.0732581150387317
19153,2021-05-26,491,"Polk","Iowa",6.85841496350722,-0.0430347629116285,650.369182016662,6.55717162312582,0,490,6.85841496350722,2021-06-02,498,6.46658897124626,0.00820521682153461,0.15352760821129,0.0140077948795481,0.0605923762903786
19155,2021-05-26,491,"Pottawattamie","Iowa",5.24023415546701,-0.0666181135308494,569.660800760147,4.77390736075107,0,490,5.24023415546701,2021-06-02,498,4.7043688995321,0.00483559758870124,0.287151572518186,0.0147816769271388,0.113908000707216
19163,2021-05-26,491,"Scott","Iowa",6.3261494731551,-0.0500914480024988,617.292006428712,5.97550933713761,0,490,6.3261494731551,2021-06-02,498,5.87372615331228,0.0103598165096204,0.204686860337598,0.0173285545101435,0.0770249255811307
19167,2021-05-26,491,"Sioux","Iowa",3.90916177314711,-0.0448254313800712,578.208570063758,3.59538375348662,0,490,3.90916177314711,2021-06-02,498,3.36235754834589,0.0543012122822864,0.298994860260465,0.0693044097155462,0.162625246404928
19169,2021-05-26,491,"Story","Iowa",5.14749447681345,-0.050212976835346,593.513230667297,4.79600363896603,0,490,5.14749447681345,2021-06-02,498,4.76339419120298,0.00106337608341089,0.147533029406044,0.00684584278648825,0.0806358386882663
19179,2021-05-26,491,"Wapello","Iowa",3.93741223943297,-0.0220394595662851,669.652848886378,3.78313602246897,0,490,3.93741223943297,2021-06-02,498,3.61861025826738,0.0270687270861173,0.101634703195103,0.0454665610438982,0.0881006680499023
19181,2021-05-26,491,"Warren","Iowa",4.67549550270882,-0.0569364628901926,573.117772432157,4.27694026247747,0,490,4.67549550270882,2021-06-02,498,4.16777203077692,0.0119177028126253,0.257783123950583,0.0261934268223882,0.121821315605224
19183,2021-05-26,491,"Washington","Iowa",3.59926729542425,-0.0155041865359668,723.148090264176,3.49073798967248,0,490,3.59926729542425,2021-06-02,498,3.02390315052069,0.217934767045881,0.331043899240606,0.154381544617726,0.19027201476492
19187,2021-05-26,491,"Webster","Iowa",3.34739467566918,-0.0442332549768333,566.675974499781,3.03776189083134,0,490,3.34739467566918,2021-06-02,498,3.07797037179096,0.00161672194107994,0.0725894555202609,0.0130633099422012,0.0875331050446229
19189,2021-05-26,491,"Winnebago","Iowa",3.35739475900376,-0.062671106962767,544.571652420283,2.91869701026439,0,490,3.35739475900376,2021-06-02,498,3.08452777233712,0.0274998416496228,0.0744563924125311,0.0537621231878494,0.0884631317356849
19193,2021-05-26,491,"Woodbury","Iowa",4.85314571300348,-0.037203415218278,621.448930146046,4.59272180647554,0,490,4.85314571300348,2021-06-02,498,4.6037405931785,0.000121413660405359,0.0622029137949146,0.00239344213253203,0.0541744511396961
20015,2021-05-26,491,"Butler","Kansas",4.49980967033027,-0.018868484304387,729.482837187088,4.36773028019956,0,490,4.49980967033027,2021-06-02,498,4.20682254564879,0.0258912990382597,0.0858414552291182,0.0382492327177424,0.0696457056370296
20021,2021-05-26,491,"Cherokee","Kansas",3.01693448120459,-0.0544352065550102,546.422486147008,2.63588803531952,0,490,3.01693448120459,2021-06-02,498,3.03082359336526,0.155974095008899,0.000192907436611607,0.130306349373249,0.00458261978396637
20035,2021-05-26,491,"Cowley","Kansas",3.94019388239484,6.28036983473404e-16,-6273824609186239,3.94019388239485,0,490,3.94019388239484,2021-06-02,498,3.65989191724069,0.0785691916692846,0.0785691916692821,0.0765874980716617,0.0765874980716605
20037,2021-05-26,491,"Crawford","Kansas",3.2188758248682,-0.0113637586503137,774.25802438433,3.139329514316,0,490,3.2188758248682,2021-06-02,498,3.11033565629299,0.000840643803058527,0.0117809681943344,0.00932177784875058,0.0348966094240032
20041,2021-05-26,491,"Dickinson","Kansas",3.46573590279973,-0.0479394622891116,563.294008679085,3.13015966677595,0,490,3.46573590279973,2021-06-02,498,3.06472514504094,0.00428167663468875,0.160809627838275,0.0213508613785104,0.130847217541731
20043,2021-05-26,491,"Doniphan","Kansas",3.24147565678544,0.245743383231411,477.809509927952,4.96167933940532,0.245743383231452,477.809509927954,4.96167933940561,2021-06-02,498,3.79066214842388,1.37128126157406,1.37128126157474,0.308921540651767,0.308921540651842
20045,2021-05-26,491,"Douglas","Kansas",4.73368903678907,-0.00125549294583059,4261.38282254738,4.72490058616826,0,490,4.73368903678907,2021-06-02,498,4.63055941999291,0.00890025563532365,0.0106357178605222,0.0203736001676202,0.0222715243326507
20055,2021-05-26,491,"Finney","Kansas",3.59926729542425,0.0197245053477796,308.52306423089,3.73733883285871,0.0197245053477779,308.523064230874,3.7373388328587,2021-06-02,498,3.67449071666184,0.00394988570949535,0.0039498857094939,0.0171038984836424,0.0171038984836393
20059,2021-05-26,491,"Franklin","Kansas",3.36235754834589,-0.0147422817372048,719.075789642547,3.25916157618546,0,490,3.36235754834589,2021-06-02,498,3.25258688221051,4.32266008641858e-05,0.0120495991438048,0.00202137382122052,0.0337487268167229
20061,2021-05-26,491,"Geary","Kansas",4.24440525679783,-0.0919513410428433,537.159253455806,3.60074586949793,0,490,4.24440525679783,2021-06-02,498,4.10852919721406,0.257843907906465,0.0184623035680138,0.123592483670421,0.0330717035370983
20079,2021-05-26,491,"Harvey","Kansas",3.99162605602711,-0.0362734067868277,601.042767129241,3.73771220851932,0,490,3.99162605602711,2021-06-02,498,3.83791503327442,0.0100406060889023,0.0236270785156777,0.0261086615744107,0.0400506580838884
20087,2021-05-26,491,"Jefferson","Kansas",3.44316158076119,-0.0446502737377458,568.114008325786,3.13060966459697,0,490,3.44316158076119,2021-06-02,498,3.16003532484527,0.000865869481048452,0.0801604767889667,0.00931181370567179,0.0895959148588893
20091,2021-05-26,491,"Johnson","Kansas",7.01391547481053,-0.0307405142657358,719.165196397785,6.79873187495038,0,490,7.01391547481053,2021-06-02,498,6.81657939831627,0.000318534090295986,0.0389415270861487,0.00261825210607806,0.0289494282928772
20103,2021-05-26,491,"Leavenworth","Kansas",4.02279741093005,-0.0498856545108598,571.640365459259,3.67359782935403,0,490,4.02279741093005,2021-06-02,498,3.5305534028762,0.0204617079463738,0.242304163464926,0.0405161486472082,0.139424036937905
20111,2021-05-26,491,"Lyon","Kansas",3.47019025314911,-0.0728373239522554,538.643022352438,2.96032898548332,0,490,3.47019025314911,2021-06-02,498,3.12299405316492,0.0264599242438593,0.12054520128346,0.0520862559814197,0.11117414701201
20113,2021-05-26,491,"McPherson","Kansas",3.24147565678544,0.0457222493380894,420.10507020736,3.56153140215207,0.0457222493380973,420.105070207372,3.56153140215212,2021-06-02,498,3.52214999207982,0.00155089545927868,0.00155089545928305,0.0111810712663588,0.0111810712663746
20117,2021-05-26,491,"Marshall","Kansas",3.14784005175145,0.130905570546876,466.953352950521,4.06417904557958,0.130905570546857,466.953352950517,4.06417904557945,2021-06-02,498,3.55942138687705,0.254780294018865,0.25478029401873,0.141808907639732,0.141808907639695
20121,2021-05-26,491,"Miami","Kansas",3.25258688221051,-0.00550965581096899,1081.34302573585,3.21401929153373,0,490,3.25258688221051,2021-06-02,498,3.18988828799495,0.000582305331788702,0.00393111371660807,0.0075648428283831,0.0196554200507677
20149,2021-05-26,491,"Pottawatomie","Kansas",3.03769647265303,-0.0402738991379438,566.425934356355,2.75577917868742,0,490,3.03769647265303,2021-06-02,498,3.11668488397165,0.130252928106712,0.00623916912264102,0.115797945162915,0.025343727152157
20155,2021-05-26,491,"Reno","Kansas",4.06535702534885,-0.0594705535983179,559.359158934479,3.64906315016062,0,490,4.06535702534885,2021-06-02,498,3.76451686831956,0.013329561036722,0.09050480008141,0.0306689336765992,0.0799146789754154
20161,2021-05-26,491,"Riley","Kansas",4.64439089914137,-0.00820798041782878,1056.83844779322,4.58693503621657,0,490,4.64439089914137,2021-06-02,498,4.51399430532222,0.00532035022340178,0.0170032716796365,0.0161587999365325,0.0288871861591421
20169,2021-05-26,491,"Saline","Kansas",4.22370058343614,-0.0628372840590776,558.216472619427,3.7838395950226,0,490,4.22370058343614,2021-06-02,498,3.86822038276975,0.00712011734083027,0.126366173065816,0.0218138522104408,0.0918976080705761
20173,2021-05-26,491,"Sedgwick","Kansas",6.87390298717691,-0.01844854665343,863.59861800002,6.7447631606029,0,490,6.87390298717691,2021-06-02,498,6.69155187475187,0.00283144094192041,0.0332519282026507,0.0079520097650004,0.0272509450480506
20177,2021-05-26,491,"Shawnee","Kansas",5.09899496807406,-0.0559467918146663,582.140077968463,4.70736742537139,0,490,5.09899496807406,2021-06-02,498,4.801676377774,0.00889417850327792,0.0883983441380113,0.0196408389451542,0.061919747793975
20191,2021-05-26,491,"Sumner","Kansas",3.2470467018349,-0.0434851119397334,565.670307997253,2.94265091825676,0,490,3.2470467018349,2021-06-02,498,3.14168618617707,0.0396150378761079,0.0111008382596833,0.0633530073105424,0.033536295293081
20209,2021-05-26,491,"Wyandotte","Kansas",5.75709753342392,-0.0306758882966722,678.67500643326,5.54236631534722,0,490,5.75709753342392,2021-06-02,498,5.46625018588989,0.00579366516356381,0.0845921795675794,0.0139247430814275,0.0532078367515625
21001,2021-05-26,491,"Adair","Kentucky",4.4724547868809,0.0231033378207574,297.415210582145,4.6341781516262,0.0231033378207615,297.415210582179,4.63417815162623,2021-06-02,498,4.46426473291085,0.0288705698595362,0.0288705698595459,0.0380607846713776,0.038060784671384
21003,2021-05-26,491,"Allen","Kentucky",3.65989191724069,-0.0145987994211535,741.698143844454,3.55770032129261,0,490,3.65989191724069,2021-06-02,498,3.17208366336144,0.148700206874002,0.237956892552714,0.121565727406613,0.153781648168231
21005,2021-05-26,491,"Anderson","Kentucky",3.28519846779927,-0.0721962912044761,536.5037012704,2.77982442936794,0,490,3.28519846779927,2021-06-02,498,3.04452243772342,0.0700650356273594,0.0579249514530714,0.0869423739748865,0.0790521452868051
21009,2021-05-26,491,"Barren","Kentucky",3.6959969218828,-0.107485914970157,525.385872073648,2.9435955170917,0,490,3.6959969218828,2021-06-02,498,3.09104245335832,0.0217405990144107,0.365969908987742,0.0477013624016768,0.195712119019013
21011,2021-05-26,491,"Bath","Kentucky",4.16333743370905,-0.0241504602322878,663.391639482833,3.99428421208304,0,490,4.16333743370905,2021-06-02,498,3.99162605602711,7.06579361765257e-06,0.0294847972254297,0.00066593313567329,0.0430179017953513
21013,2021-05-26,491,"Bell","Kentucky",3.64507683145554,0.0188329483330896,297.452140844505,3.77690746978717,0.0188329483330913,297.452140844523,3.77690746978718,2021-06-02,498,3.80029304148484,0.000546884963626816,0.000546884963626234,0.00615362327125485,0.00615362327125158
21015,2021-05-26,491,"Boone","Kentucky",5.70139868330092,-0.0028598684887613,2484.58771415757,5.68137960387959,0,490,5.70139868330092,2021-06-02,498,5.57865107723005,0.0105531501875865,0.0150669747961309,0.0184145818097219,0.0220030979481554
21017,2021-05-26,491,"Bourbon","Kentucky",3.80348283685294,0.00638979809877126,-104.243038678223,3.84821142354434,0.00638979809877149,-104.243038678202,3.84821142354434,2021-06-02,498,3.68171096463532,0.027722402816913,0.0277224028169136,0.0452236638096625,0.045223663809663
21019,2021-05-26,491,"Boyd","Kentucky",4.88388358845711,-0.0160861377516218,794.608216208687,4.77128062419576,0,490,4.88388358845711,2021-06-02,498,4.69265764011121,0.00618157362635983,0.0365673633207908,0.0167544683874892,0.0407500318607035
21021,2021-05-26,491,"Boyle","Kentucky",3.97834564835922,-0.0341688956152445,607.431789108931,3.73916337905251,0,490,3.97834564835922,2021-06-02,498,3.71357206670431,0.000654915267703094,0.0701050495423695,0.00689129277378231,0.0712988941372261
21023,2021-05-26,491,"Bracken","Kentucky",3.26902560855367,0.0109290705321899,191.887134095689,3.345529102279,0.0109290705321907,191.887134095712,3.34552910227901,2021-06-02,498,3.00991690854595,0.112635544582313,0.112635544582317,0.1115021457171,0.111502145717102
21025,2021-05-26,491,"Breathitt","Kentucky",3.62243435470578,-0.0113853222251254,809.167047280551,3.5427370991299,0,490,3.62243435470578,2021-06-02,498,3.11668488397165,0.181520490041252,0.25578252714785,0.136700446474179,0.162271608957028
21027,2021-05-26,491,"Breckinridge","Kentucky",3.90916177314711,-0.039330912062431,590.391587129787,3.6338453887101,0,490,3.90916177314711,2021-06-02,498,3.41538201665411,0.0477262449300725,0.24381844792229,0.0639645494971614,0.144575263933941
21029,2021-05-26,491,"Bullitt","Kentucky",5.16967197712914,-0.0974495336504311,544.049735421758,4.48752524157612,0,490,5.16967197712914,2021-06-02,498,4.67948221895265,0.0368474811635306,0.240285999021131,0.0410209865952831,0.104752990873894
21035,2021-05-26,491,"Calloway","Kentucky",3.53888678443534,0.00415801014866148,-360.101045430242,3.56799285547597,0.00415801014866268,-360.101045429996,3.56799285547598,2021-06-02,498,3.36729582998647,0.0402792960403318,0.0402792960403352,0.0596018394648454,0.0596018394648479
21037,2021-05-26,491,"Campbell","Kentucky",4.48380932898382,-0.0239055208535577,678.563758031088,4.31647068300892,0,490,4.48380932898382,2021-06-02,498,4.28260085453587,0.00114716528079391,0.0404848501896733,0.00790870539270041,0.0469827754867342
21043,2021-05-26,491,"Carter","Kentucky",3.78093759853188,-0.00325203538637727,1653.63728690351,3.75817335082724,0,490,3.78093759853188,2021-06-02,498,3.61091791264422,0.0216841640744731,0.0289066935893387,0.0407806108434037,0.0470848936477643
21045,2021-05-26,491,"Casey","Kentucky",4.07753744390572,-0.0120338395637253,829.839272562432,3.99330056695964,0,490,4.07753744390572,2021-06-02,498,3.89763426797605,0.00915204076121872,0.0323651527095829,0.0245447090224997,0.0461570182220028
21047,2021-05-26,491,"Christian","Kentucky",4.5155580272984,-0.0967296264585366,537.682264706501,3.83845064208865,0,490,4.5155580272984,2021-06-02,498,4.16111273868694,0.104110828581206,0.125631462618864,0.0775422625776081,0.0851804098735644
21049,2021-05-26,491,"Clark","Kentucky",4.67416305747504,0.00267022855587576,-1259.47302493627,4.69285465736617,0.00267022855587662,-1259.4730249357,4.69285465736618,2021-06-02,498,4.45931830897553,0.0545392260196364,0.0545392260196393,0.0523704145363636,0.052370414536365
21051,2021-05-26,491,"Clay","Kentucky",3.26902560855367,-0.0268112574506608,612.927351395938,3.08134680639905,0,490,3.26902560855367,2021-06-02,498,3.03769647265303,0.00190535163613914,0.0535131691165404,0.0143695507892201,0.0761528144708324
21059,2021-05-26,491,"Daviess","Kentucky",5.52260312244102,-0.0424644805177514,621.052294414209,5.22535175881676,0,490,5.52260312244102,2021-06-02,498,5.23644196282995,0.00012299262505411,0.0818882092699538,0.0021178892255293,0.0546480151298042
21065,2021-05-26,491,"Estill","Kentucky",4.03044076024262,-0.00506330195654892,1287.01034953675,3.99499764654678,0,490,4.03044076024262,2021-06-02,498,3.82241084673846,0.0297862034680769,0.0432764449125491,0.0451512950146587,0.0544237450774469
21067,2021-05-26,491,"Fayette","Kentucky",6.51238193444076,-0.0243096631505376,758.892726201627,6.342214292387,0,490,6.51238193444076,2021-06-02,498,6.31406551071296,0.00079235390973262,0.0393294039201845,0.00445810732028006,0.0314086737604038
21069,2021-05-26,491,"Fleming","Kentucky",3.73426245996176,-0.030254408357804,614.428705522794,3.52248160145713,0,490,3.73426245996176,2021-06-02,498,3.32194801000801,0.0402137212994795,0.170003205640656,0.0603662642657158,0.124118272986682
21071,2021-05-26,491,"Floyd","Kentucky",4.33635659784069,-0.0185190477672349,725.156564222101,4.20672326347005,0,490,4.33635659784069,2021-06-02,498,3.95398720452718,0.0638755154899744,0.146206352942946,0.063919291052206,0.0967047624422546
21073,2021-05-26,491,"Franklin","Kentucky",4.48057830840238,-0.0176427992427525,744.960737565098,4.35707871370311,0,490,4.48057830840238,2021-06-02,498,4.25864761351338,0.00968868148456137,0.0492532333339148,0.0231132296265593,0.0521129511126441
21077,2021-05-26,491,"Gallatin","Kentucky",3.07136968775961,0.0544352065550277,434.577513853009,3.45241613364481,0.05443520655502,434.577513853002,3.45241613364475,2021-06-02,498,3.14168618617707,0.0965531002533029,0.0965531002532695,0.0989054695643699,0.0989054695643528
21079,2021-05-26,491,"Garrard","Kentucky",3.30636327899132,-0.0155847310166996,703.154016354111,3.19727016187442,0,490,3.30636327899132,2021-06-02,498,3.26902560855367,0.00514884412813921,0.00139410163371012,0.0219501023459405,0.0114216512528831
21081,2021-05-26,491,"Grant","Kentucky",4.14313472639153,-0.00452489459828896,1406.63121226254,4.11146046420351,0,490,4.14313472639153,2021-06-02,498,4.05054193956371,0.00371106664429015,0.00857342417254302,0.0150395985398348,0.0228593576388937
21083,2021-05-26,491,"Graves","Kentucky",4.27468002104443,-0.0157794201039666,761.902225359337,4.16422408031666,0,490,4.27468002104443,2021-06-02,498,4.35487564560793,0.0363480193480116,0.0064313381991306,0.0437788770119189,0.018415135376916
21085,2021-05-26,491,"Grayson","Kentucky",4.30791866252016,0.0194180858570999,269.149159797589,4.44384526351986,0.0194180858571018,269.149159797611,4.44384526351987,2021-06-02,498,4.25864761351338,0.0342981695679237,0.0342981695679287,0.0434874323526607,0.0434874323526638
21089,2021-05-26,491,"Greenup","Kentucky",4.39268392914787,-0.00879513145282837,990.444943228819,4.33111800897807,0,490,4.39268392914787,2021-06-02,498,4.19612725653204,0.0182225032459451,0.0386345255498058,0.0321703190092463,0.046842400289422
21093,2021-05-26,491,"Hardin","Kentucky",5.28826703069454,-0.0458310731343459,606.386061661547,4.96744951875411,0,490,5.28826703069454,2021-06-02,498,5.09462624116064,0.0161739187220671,0.0374967553713097,0.0249629151161352,0.0380088313386811
21095,2021-05-26,491,"Harlan","Kentucky",4.29631311639985,0.0117418178766828,125.101536787452,4.37850584153663,0.0117418178766826,125.101536787447,4.37850584153663,2021-06-02,498,4.35119917087862,0.000745654262424895,0.000745654262424846,0.00627566553164554,0.00627566553164534
21097,2021-05-26,491,"Harrison","Kentucky",3.71008166176454,-0.0241807981972193,644.430901308758,3.54081607438401,0,490,3.71008166176454,2021-06-02,498,3.47019025314911,0.00498800662510402,0.0575478879274973,0.0203521467362802,0.0691291805680508
21099,2021-05-26,491,"Hart","Kentucky",3.70306408910589,-0.0647585673481731,548.182612907361,3.24975411766868,0,490,3.70306408910589,2021-06-02,498,3.5305534028762,0.0788482385730513,0.029759936863441,0.0795340710549115,0.0488622225878696
21101,2021-05-26,491,"Henderson","Kentucky",5.15658920671934,-0.00819676720418015,1120.10036094347,5.09921183629008,0,490,5.15658920671934,2021-06-02,498,4.99043258677874,0.0118329251242505,0.0276080223500856,0.0217975591533952,0.0332950334567798
21103,2021-05-26,491,"Henry","Kentucky",3.47903986842609,-0.0722182078117887,539.173998965648,2.97351241374357,0,490,3.47903986842609,2021-06-02,498,3.13549421592915,0.026238104239289,0.118023615349548,0.0516606923918631,0.109566667593145
21107,2021-05-26,491,"Hopkins","Kentucky",4.71849887129509,-0.042453316252349,602.145589740212,4.42132565752865,0,490,4.71849887129509,2021-06-02,498,4.50456027308886,0.00692800122745624,0.0457697238024475,0.018477855886949,0.047493780799059
21111,2021-05-26,491,"Jefferson","Kentucky",7.434847875212,-0.024902390288488,789.559607695531,7.26053114319258,0,490,7.434847875212,2021-06-02,498,7.21166215738222,0.00238817777413388,0.0498118646431956,0.00677638313385806,0.0309478887057014
21113,2021-05-26,491,"Jessamine","Kentucky",5.17372548896232,-0.00966191091173572,1026.47642244125,5.10609211258017,0,490,5.17372548896232,2021-06-02,498,4.8553728854163,0.0628601308696487,0.10134838018453,0.0516374814212388,0.0655670761152519
21115,2021-05-26,491,"Johnson","Kentucky",4.61370508843793,0.0214754137255757,276.163389753775,4.76403298451696,0.0214754137255735,276.163389753753,4.76403298451694,2021-06-02,498,4.81450454202811,0.0025473781176016,0.00254737811760312,0.01048322980497,0.0104832298049732
21117,2021-05-26,491,"Kenton","Kentucky",5.53677167909934,-0.0156340426123325,845.148432135641,5.42733338081301,0,490,5.53677167909934,2021-06-02,498,5.41610040220442,0.000126179808421067,0.01456155706745,0.00207399748424516,0.0222801033832023
21123,2021-05-26,491,"Larue","Kentucky",3.45225255246244,-0.0355593020364917,588.084373279308,3.203337438207,0,490,3.45225255246244,2021-06-02,498,3.19575340744735,5.75175225633641e-05,0.0657918113934747,0.00237315893710051,0.0802624959789927
21125,2021-05-26,491,"Laurel","Kentucky",5.10940269428444,0.00692643461787365,-246.667064827212,5.15788773660956,0.00692643461787412,-246.667064827161,5.15788773660956,2021-06-02,498,5.03137119257543,0.0160064359143382,0.0160064359143391,0.0251455396931989,0.0251455396931996
21127,2021-05-26,491,"Lawrence","Kentucky",3.66356164612965,-0.0604091277955695,551.645829195341,3.24069775156066,0,490,3.66356164612965,2021-06-02,498,3.40594798442075,0.0273076394603145,0.0663647986990647,0.0485181316966576,0.075636405161574
21133,2021-05-26,491,"Letcher","Kentucky",3.47019025314911,-0.0349380513612879,590.324092728141,3.22562389362009,0,490,3.47019025314911,2021-06-02,498,3.07136968775961,0.0237943600256467,0.159057843377595,0.0502232624340958,0.129851045603178
21135,2021-05-26,491,"Lewis","Kentucky",4.16998197642772,-0.0886656370856695,538.030418023147,3.54932251682803,0,490,4.16998197642772,2021-06-02,498,3.630038954091,0.00651514324442662,0.29153846737011,0.0222356945156199,0.14874303806801
21137,2021-05-26,491,"Lincoln","Kentucky",4.16111273868694,-0.0307041663439842,626.522739554927,3.94618357427905,0,490,4.16111273868694,2021-06-02,498,4.15440880296475,0.043357745861212,4.49427541672473e-05,0.0501215067080308,0.00161369187293393
21141,2021-05-26,491,"Logan","Kentucky",3.72051653905712,-0.0239327662116327,646.457020979411,3.55298717557569,0,490,3.72051653905712,2021-06-02,498,3.59535339610311,0.00179489664177812,0.0156658123541252,0.011783603963199,0.0348124729796151
21145,2021-05-26,491,"McCracken","Kentucky",5.67870883710409,-0.00971824946891465,1075.33454041989,5.61068109082168,0,490,5.67870883710409,2021-06-02,498,5.55406639189681,0.00320522413435445,0.0155357391472497,0.0101933781359682,0.0224416556109464
21147,2021-05-26,491,"McCreary","Kentucky",3.78093759853188,0.00326264563481737,-667.856345961557,3.80377611797561,0.00326264563481748,-667.856345961517,3.80377611797561,2021-06-02,498,3.59535339610311,0.0434400309927389,0.0434400309927393,0.0579700237808046,0.0579700237808048
21151,2021-05-26,491,"Madison","Kentucky",4.94571574799694,-0.0300322870988783,655.679956998069,4.7354897383048,0,490,4.94571574799694,2021-06-02,498,4.7548209604925,0.000373696151270242,0.0364408198963682,0.00406560464596298,0.0401476289203274
21153,2021-05-26,491,"Magoffin","Kentucky",3.99426110366512,0.0320883145514958,366.522876178022,4.21887930552559,0.0320883145515003,366.52287617804,4.21887930552562,2021-06-02,498,4.06290303638728,0.0243285965343059,0.0243285965343156,0.0383903498905555,0.0383903498905631
21155,2021-05-26,491,"Marion","Kentucky",4.03297561584581,-0.066119549134878,551.995207447935,3.57013877190166,0,490,4.03297561584581,2021-06-02,498,3.630038954091,0.00358803182631622,0.162357953386106,0.0165012505228998,0.111000644029095
21157,2021-05-26,491,"Marshall","Kentucky",4.43421238784445,-0.011794576492833,866.953506303419,4.35165035239462,0,490,4.43421238784445,2021-06-02,498,4.3658246600976,0.000200910998858736,0.0046768813063775,0.00324665070325164,0.015664332187203
21161,2021-05-26,491,"Mason","Kentucky",4.13630876132113,-0.027028672387924,644.034107704423,3.94710805460566,0,490,4.13630876132113,2021-06-02,498,3.80348283685294,0.0206282031745174,0.110773095998107,0.0377615001600905,0.0875055675927743
21163,2021-05-26,491,"Meade","Kentucky",3.61091791264422,-0.0266682470821565,626.40139708171,3.42424018306913,0,490,3.61091791264422,2021-06-02,498,3.53472877428668,0.0122077287892387,0.00580478480366531,0.0312580110873843,0.021554451054854
21167,2021-05-26,491,"Mercer","Kentucky",4.02535169073515,0,490,4.02535169073515,0,490,4.02535169073515,2021-06-02,498,3.95945169899926,0.00434280891079081,0.00434280891079081,0.0166437165409921,0.0166437165409921
21173,2021-05-26,491,"Montgomery","Kentucky",5.1197032145424,0.00685521107905284,-255.833781703156,5.16768969209577,0.00685521107905185,-255.833781703264,5.16768969209576,2021-06-02,498,4.67948221895265,0.238346536832797,0.23834653683279,0.104329378828668,0.104329378828666
21175,2021-05-26,491,"Morgan","Kentucky",3.71705033108063,-0.0273989741881204,626.663850243425,3.52525751176379,0,490,3.71705033108063,2021-06-02,498,3.64133850934494,0.0134747979994341,0.00573227995053788,0.0318786614546388,0.0207923052310006
21177,2021-05-26,491,"Muhlenberg","Kentucky",4.33822401201549,0.00186741417479776,-1832.11828332637,4.35129591123907,0.00186741417479652,-1832.1182833279,4.35129591123907,2021-06-02,498,4.42056029867612,0.00479755536702977,0.004797555367031,0.0156686896585922,0.0156686896585942
21179,2021-05-26,491,"Nelson","Kentucky",4.11787505963229,1.25607396694681e-15,-3278369879475467,4.1178750596323,0,490,4.11787505963229,2021-06-02,498,4.0990951649807,0.00035268444312537,0.000352684443125036,0.00458147320219464,0.00458147320219247
21183,2021-05-26,491,"Ohio","Kentucky",3.9262076404201,-0.0332440585791481,609.102536459936,3.69349923036606,0,490,3.9262076404201,2021-06-02,498,3.62243435470578,0.00505021655261138,0.0922782091136735,0.0196179885407625,0.0838588794079036
21185,2021-05-26,491,"Oldham","Kentucky",4.95582705760126,-0.0576613054774091,576.947187920379,4.5521979192594,0,490,4.95582705760126,2021-06-02,498,4.21318523943662,0.114929597080621,0.551516870086883,0.080464698454158,0.176266120751896
21187,2021-05-26,491,"Owen","Kentucky",3.89182029811063,0.0477702762686938,409.53050469668,4.22621223199148,0.0477702762686865,409.530504696668,4.22621223199143,2021-06-02,498,3.83483336673702,0.153177416167874,0.153177416167834,0.102058897434567,0.102058897434553
21193,2021-05-26,491,"Perry","Kentucky",3.67810735713203,-0.0214293914558943,662.638441749606,3.52810161694077,0,490,3.67810735713203,2021-06-02,498,3.8098320645316,0.0793720450997305,0.0173513985395029,0.0739482588258046,0.0345749379942202
21195,2021-05-26,491,"Pike","Kentucky",4.70048036579242,-0.0256424306133333,674.308690064206,4.52098335149908,0,490,4.70048036579242,2021-06-02,498,4.48542093287817,0.00126468561816942,0.0462505596853993,0.00792844621565955,0.0479463212332792
21197,2021-05-26,491,"Powell","Kentucky",4.4724547868809,-0.0723585985662837,552.809582765536,3.96594459691691,0,490,4.4724547868809,2021-06-02,498,3.78418963391826,0.0330348665746411,0.473708920782682,0.0480300884949195,0.181879139140812
21199,2021-05-26,491,"Pulaski","Kentucky",5.49247338098899,-0.00644974384788034,1342.58007984985,5.44732517405383,0,490,5.49247338098899,2021-06-02,498,5.34096626269539,0.0113122180253533,0.0229544068936329,0.0199137957678783,0.0283669865791563
21203,2021-05-26,491,"Rockcastle","Kentucky",4.55387689160054,0.0274407461549511,325.046899968174,4.7459621146852,0.0274407461549542,325.046899968193,4.74596211468522,2021-06-02,498,4.54935540688169,0.0386541975533323,0.0386541975533407,0.0432163878658726,0.0432163878658773
21205,2021-05-26,491,"Rowan","Kentucky",3.99162605602711,-0.0234691345408509,661.079814791602,3.82734211424116,0,490,3.99162605602711,2021-06-02,498,4.11087386417331,0.0803902532195903,0.0142200397476727,0.0689711626530709,0.0290078976116139
21207,2021-05-26,491,"Russell","Kentucky",3.72397077392521,-0.0238512158221759,647.133372893419,3.55701226316997,0,490,3.72397077392521,2021-06-02,498,3.28519846779927,0.0738827393538257,0.192521136623069,0.0827389267452043,0.133560364899312
21209,2021-05-26,491,"Scott","Kentucky",5.10681090017701,0.0104348772925814,1.6017294704885,5.17985504122508,0.0104348772925817,1.60172947050469,5.17985504122508,2021-06-02,498,4.94571574799694,0.0548212086333706,0.0548212086333718,0.0473418419412728,0.0473418419412733
21211,2021-05-26,491,"Shelby","Kentucky",5.03230359357538,-0.0701726660911709,562.713159466354,4.54109493093719,0,490,5.03230359357538,2021-06-02,498,4.44600696433729,0.00904172139210337,0.343743737455952,0.0213872734259362,0.131870380307757
21213,2021-05-26,491,"Simpson","Kentucky",3.94296780927757,-0.0900078065682548,534.806953636711,3.31291316329978,0,490,3.94296780927757,2021-06-02,498,3.01693448120459,0.0876033802548066,0.857537724701911,0.0981057705890299,0.306945123880593
21215,2021-05-26,491,"Spencer","Kentucky",3.26357600378611,-0.0480092191863527,558.978110435793,2.92751146948164,0,490,3.26357600378611,2021-06-02,498,3.17208366336144,0.0598155580191817,0.00837084835638231,0.0771014323186654,0.0288429783493504
21217,2021-05-26,491,"Taylor","Kentucky",4.9507841825674,-0.0140564563392204,843.207132657874,4.85238898819285,0,490,4.9507841825674,2021-06-02,498,4.68080760019371,0.0294401727077118,0.0728873550301742,0.0366563641693028,0.0576773508833199
21219,2021-05-26,491,"Todd","Kentucky",3.71705033108063,-0.0273989741881204,626.663850243425,3.52525751176379,0,490,3.71705033108063,2021-06-02,498,3.60704943586631,0.00668991884839178,0.0121001969479532,0.0226755761341187,0.0304960875003665
21221,2021-05-26,491,"Trigg","Kentucky",3.62243435470578,-0.0411272914238697,579.078602536013,3.3345433147387,0,490,3.62243435470578,2021-06-02,498,3.55942138687705,0.0505701473286625,0.00397063411458508,0.0631782662675003,0.017703149186284
21225,2021-05-26,491,"Union","Kentucky",4.14086457785699,0.0465200156349007,401.987463754195,4.4665046873013,0.0465200156348935,401.987463754182,4.46650468730125,2021-06-02,498,4.21950770517611,0.0610075091789524,0.0610075091789274,0.0585369193240715,0.0585369193240595
21227,2021-05-26,491,"Warren","Kentucky",5.62916155045225,-0.0362760178960687,646.17584004341,5.37522942517977,0,490,5.62916155045225,2021-06-02,498,5.42557914615896,0.00253509440268308,0.0414457953378338,0.00928006386467387,0.0375227047305004
21231,2021-05-26,491,"Wayne","Kentucky",3.38680864421006,-0.0191393402106913,667.955349919438,3.25283326273522,0,490,3.38680864421006,2021-06-02,498,3.16607763930123,0.00752653819741995,0.0487221765280608,0.0274016095995471,0.069717495922666
21233,2021-05-26,491,"Webster","Kentucky",4.23203396499529,0.0445460710539443,395.996470735424,4.5438564623729,0.0445460710539516,395.996470735439,4.54385646237295,2021-06-02,498,4.45268478547989,0.00831227466748215,0.00831227466749139,0.020475663848991,0.0204756638490024
21235,2021-05-26,491,"Whitley","Kentucky",5.03880617106295,-0.00554018037561325,1400.50218755381,5.00002490843366,0,490,5.03880617106295,2021-06-02,498,5.12140969959817,0.014734267526051,0.00682334292646799,0.0237014412602123,0.0161290608212219
22001,2021-05-26,491,"Acadia","Louisiana",4.90209512552105,0.00960007372902499,-19.6309872079415,4.96929564162423,0.00960007372902449,-19.6309872079677,4.96929564162422,2021-06-02,498,4.94673149211678,0.000509140842994596,0.000509140842994436,0.00456142597256585,0.00456142597256513
22003,2021-05-26,491,"Allen","Louisiana",3.64507683145554,-0.047367688822896,567.952811548062,3.31350300969527,0,490,3.64507683145554,2021-06-02,498,3.67449071666184,0.130312124580978,0.00086517664292896,0.0982415618386732,0.00800488760875528
22005,2021-05-26,491,"Ascension","Louisiana",5.9982273420588,-0.00389449952317174,2031.17924674792,5.9709658453966,0,490,5.9982273420588,2021-06-02,498,5.95768614055899,0.000176350560574027,0.00164358901904833,0.0022290037649354,0.00680485687619788
22007,2021-05-26,491,"Assumption","Louisiana",4.16998197642772,-0.00220507255831324,2382.08606005125,4.15454646851953,0,490,4.16998197642772,2021-06-02,498,4.16998197642772,0.000238254904383886,0,0.00370157664839981,0
22009,2021-05-26,491,"Avoyelles","Louisiana",4.33073334028633,0.00754720563538235,-82.8194438459781,4.38356377973401,0.00754720563538314,-82.8194438459182,4.38356377973401,2021-06-02,498,4.39797028507102,0.000207547396025315,0.000207547396025161,0.00327571684281581,0.0032757168428146
22011,2021-05-26,491,"Beauregard","Louisiana",4.18965474202643,-0.00862074304390636,976.99694025075,4.12930954071908,0,490,4.18965474202643,2021-06-02,498,4.13630876132113,4.89890890361976e-05,0.00284579365740942,0.00169214171521786,0.0128970015981722
22013,2021-05-26,491,"Bienville","Louisiana",3.11668488397165,0.0191699161077204,328.417917404633,3.2508742967257,0.0191699161077232,328.417917404657,3.25087429672572,2021-06-02,498,3.18398856586776,0.00447370099240073,0.00447370099240335,0.0210069004565381,0.0210069004565443
22015,2021-05-26,491,"Bossier","Louisiana",5.76070276490888,-0.0200407508834407,778.449447299344,5.6204175087248,0,490,5.76070276490888,2021-06-02,498,5.67675380226828,0.00317377797021736,0.00704742832843338,0.00992403326016559,0.0147881986016479
22017,2021-05-26,491,"Caddo","Louisiana",6.4531749538806,-0.0051633294641963,1740.80886821737,6.41703164763122,0,490,6.4531749538806,2021-06-02,498,6.40570060157125,0.000128392604813288,0.00225381412719228,0.00176890035372496,0.00741126619275728
22019,2021-05-26,491,"Calcasieu","Louisiana",5.97924736316939,-0.017915205053225,824.752661239735,5.85384092779681,0,490,5.97924736316939,2021-06-02,498,5.80341231560504,0.00254304492758823,0.0309179639519566,0.00868947602709071,0.0302985619497581
22029,2021-05-26,491,"Concordia","Louisiana",3.16003532484527,0.0245411089161153,362.235023011932,3.33182308725808,0.0245411089161189,362.235023011951,3.3318230872581,2021-06-02,498,3.28519846779927,0.00217385513967818,0.00217385513968054,0.0141923296007247,0.0141923296007324
22031,2021-05-26,491,"De Soto","Louisiana",3.86523084392139,0.00299850299625646,-798.053520622459,3.88622036489518,0.00299850299625604,-798.053520622643,3.88622036489518,2021-06-02,498,4.01509519056796,0.0166087206921887,0.0166087206921895,0.0320975766590846,0.0320975766590854
22033,2021-05-26,491,"East Baton Rouge","Louisiana",6.91089320767307,-0.0236430939867092,783.300712062387,6.7453915497661,0,490,6.91089320767307,2021-06-02,498,6.74859205733133,1.02432486751083e-05,0.0263416634022496,0.000474248189554632,0.024049631236106
22037,2021-05-26,491,"East Feliciana","Louisiana",3.88008995832514,0.0238817320033894,328.528954860792,4.04726208234886,0.0238817320033866,328.528954860774,4.04726208234884,2021-06-02,498,3.92055790787798,0.0160539478283469,0.0160539478283419,0.0323178938936928,0.0323178938936878
22039,2021-05-26,491,"Evangeline","Louisiana",4.13858926401986,-0.0313927124078684,622.832802793509,3.91884027716478,0,490,4.13858926401986,2021-06-02,498,3.84405002184194,0.00559358229125551,0.0867533651827423,0.0194561087649433,0.0766221148279399
22041,2021-05-26,491,"Franklin","Louisiana",3.12299405316492,-0.0186921330121547,658.075317254278,2.99214912207983,0,490,3.12299405316492,2021-06-02,498,3.2188758248682,0.051404997757284,0.00919331414496047,0.070436610519963,0.0297873471733595
22043,2021-05-26,491,"Grant","Louisiana",4.03297561584581,0.0308507757204709,360.274741990693,4.2489310458891,0.0308507757204755,360.274741990713,4.24893104588914,2021-06-02,498,4.05054193956371,0.0393582375085894,0.039358237508602,0.0489784106140536,0.0489784106140615
22045,2021-05-26,491,"Iberia","Louisiana",5.51917258734423,-0.0159094264699723,837.912102567695,5.40780660205443,0,490,5.51917258734423,2021-06-02,498,5.30045793104715,0.0115237371670292,0.0478361008791526,0.0202527163508819,0.041263351042931
22047,2021-05-26,491,"Iberville","Louisiana",4.19827548507033,-0.0563235399170337,565.53855867821,3.8040107056511,0,490,4.19827548507033,2021-06-02,498,3.90916177314711,0.0110567469955519,0.0835867384220218,0.0268986226710602,0.0739579809434349
22049,2021-05-26,491,"Jackson","Louisiana",4.61512051684126,0.00709726187076424,-159.267751265081,4.66480134993661,0.00709726187076498,-159.267751265012,4.66480134993661,2021-06-02,498,4.28653786749521,0.143083262148695,0.143083262148699,0.0882445213676449,0.0882445213676462
22051,2021-05-26,491,"Jefferson","Louisiana",6.54061762805004,-0.0122977569526971,1022.85452056081,6.45453332938116,0,490,6.54061762805004,2021-06-02,498,6.4763128047697,0.000474345548199926,0.00413511029711596,0.00336294370656365,0.00992923368880239
22053,2021-05-26,491,"Jefferson Davis","Louisiana",3.83483336673702,-0.0153142349730385,741.409724905517,3.72763372192575,0,490,3.83483336673702,2021-06-02,498,3.75453342433537,0.000723593989726428,0.00644808074970727,0.00716459260564116,0.0213874623891138
22055,2021-05-26,491,"Lafayette","Louisiana",6.47322910188554,-0.0209568900904244,799.883096392402,6.32653087125257,0,490,6.47322910188554,2021-06-02,498,6.32435896238131,4.71718814503357e-06,0.0221623184360076,0.000343419607295126,0.0235391666396133
22057,2021-05-26,491,"Lafourche","Louisiana",5.41036972749544,0.00127795544549489,-3742.61373557141,5.4193154156139,0.00127795544549514,-3742.61373557058,5.4193154156139,2021-06-02,498,5.39297798478357,0.000693660262742623,0.000693660262742717,0.00488365257648848,0.00488365257648881
22059,2021-05-26,491,"LaSalle","Louisiana",3.95124371858143,0.00275103337188856,-945.276185871542,3.97050095218465,0.0027510333718892,-945.276185871208,3.97050095218465,2021-06-02,498,4.07995582477,0.0119803691326759,0.0119803691326749,0.0268274651212734,0.0268274651212723
22061,2021-05-26,491,"Lincoln","Louisiana",4.47408477909183,-0.00325203538637685,1866.77985708098,4.45132053138719,0,490,4.47408477909183,2021-06-02,498,4.36944785246702,0.00670313555356518,0.0109488864134853,0.0187375342799763,0.0239474025455478
22063,2021-05-26,491,"Livingston","Louisiana",5.77144112313002,0.00490743791034148,-685.059937705543,5.80579318850241,0.00490743791034109,-685.059937705634,5.8057931885024,2021-06-02,498,5.80771339750443,3.687202611467e-06,3.68720261147724e-06,0.000330630812955146,0.000330630812955605
22067,2021-05-26,491,"Morehouse","Louisiana",3.4106761256167,-0.0595141275323956,548.308680594539,2.99407723288993,0,490,3.4106761256167,2021-06-02,498,3.13549421592915,0.0199987630919147,0.075725083419287,0.0451019754145241,0.0877634882212674
22069,2021-05-26,491,"Natchitoches","Louisiana",4.00733318523247,0.0370412716803433,382.814373442285,4.26662208699487,0.0370412716803492,382.814373442303,4.26662208699492,2021-06-02,498,4.20469261939097,0.00383525895770357,0.00383525895770874,0.0147286551502732,0.0147286551502832
22071,2021-05-26,491,"Orleans","Louisiana",6.3101779847596,-0.00440472275827618,1923.59367979589,6.27934492545166,0,490,6.3101779847596,2021-06-02,498,6.28173255884912,5.70079324063859e-06,0.000809142255228547,0.000380091539250697,0.00452827713437238
22073,2021-05-26,491,"Ouachita","Louisiana",5.94542060860658,-0.0122655319524112,975.725866898729,5.8595618849397,0,490,5.94542060860658,2021-06-02,498,5.87372615331228,0.000200626498530552,0.00514009491994574,0.00241146216266747,0.0122059580959296
22077,2021-05-26,491,"Pointe Coupee","Louisiana",3.9863350383927,-0.0542068178364173,564.539366402626,3.60688731353778,0,490,3.9863350383927,2021-06-02,498,3.43858491373377,0.0283256977797863,0.300030199063867,0.0489452504522426,0.159295215444935
22079,2021-05-26,491,"Rapides","Louisiana",6.00881318544259,-0.0031540239919047,2396.12602341173,5.98673501749926,0,490,6.00881318544259,2021-06-02,498,6.01998258602922,0.00110540081315399,0.000124755509464419,0.00552286789119836,0.00185538752429993
22083,2021-05-26,491,"Richland","Louisiana",3.81928095372953,0.0189879122446894,289.857246414875,3.95219633944236,0.0189879122446923,289.857246414906,3.95219633944238,2021-06-02,498,3.80029304148484,0.0230746119303705,0.0230746119303767,0.0399714696470267,0.0399714696470321
22085,2021-05-26,491,"Sabine","Louisiana",3.64507683145554,0.00749067172915748,4.38451833804648,3.69751153355965,0.00749067172915785,4.38451833807073,3.69751153355965,2021-06-02,498,3.42006586596654,0.0769760984661847,0.0769760984661862,0.0811229018581191,0.0811229018581199
22087,2021-05-26,491,"St. Bernard","Louisiana",3.99162605602711,0.00264200946283798,-1019.8295833806,4.01012012226698,0.00264200946283788,-1019.82958338066,4.01012012226698,2021-06-02,498,3.86523084392139,0.0209929029795063,0.020992902979506,0.0374852846301405,0.0374852846301403
22089,2021-05-26,491,"St. Charles","Louisiana",4.68740828422507,-0.00393959800407857,1680.81893060467,4.65983109819652,0,490,4.68740828422507,2021-06-02,498,4.77310300532994,0.0128305249456437,0.0073435852252427,0.0237312932503113,0.0179536710205468
22091,2021-05-26,491,"St. Helena","Louisiana",3.18398856586776,0.0239532410224861,358.074832884669,3.35166125302516,0.0239532410224896,358.074832884689,3.35166125302519,2021-06-02,498,3.43858491373377,0.00755572279098611,0.00755572279098187,0.0252789048080326,0.0252789048080255
22093,2021-05-26,491,"St. James","Louisiana",3.78093759853188,-0.0161554402222883,725.034947145274,3.66784951697587,0,490,3.78093759853188,2021-06-02,498,3.65620867182439,0.00013550927584072,0.0155573051576043,0.00318385688464295,0.0341142800925692
22095,2021-05-26,491,"St. John the Baptist","Louisiana",4.24235397402728,0.0020554991820963,-1572.90448168445,4.25674246830195,0.00205549918209691,-1572.90448168384,4.25674246830196,2021-06-02,498,4.22160634183303,0.00123454738324021,0.00123454738324052,0.00832292819933269,0.00832292819933374
22097,2021-05-26,491,"St. Landry","Louisiana",5.24099087135632,-0.000756143703324256,7422.21009712201,5.23569786543305,0,490,5.24099087135632,2021-06-02,498,5.11370747923607,0.0148816543244884,0.0162010619096374,0.0238555659846238,0.0248906283038437
22099,2021-05-26,491,"St. Martin","Louisiana",5.04985600724954,-0.0359751024582736,631.370858237491,4.79803029004162,0,490,5.04985600724954,2021-06-02,498,4.86643494512217,0.00467919683668816,0.0336432860319328,0.0140564203265696,0.0376910539636868
22101,2021-05-26,491,"St. Mary","Louisiana",4.85759510855303,0.00111049428402737,-3883.26394572358,4.86536856854122,0.00111049428402588,-3883.26394572945,4.86536856854121,2021-06-02,498,4.80519131988145,0.00362130125626017,0.00362130125625889,0.012523382453221,0.0125233824532188
22103,2021-05-26,491,"St. Tammany","Louisiana",5.73841391862584,-0.0132512791211906,924.046037755656,5.64565496477751,0,490,5.73841391862584,2021-06-02,498,5.62556349979596,0.000403666965104957,0.0127352170300809,0.00357145821610251,0.0200602870866146
22105,2021-05-26,491,"Tangipahoa","Louisiana",5.37923880890026,-0.0163348944075796,820.309677472065,5.26489454804721,0,490,5.37923880890026,2021-06-02,498,5.25749537202778,5.47478057664237e-05,0.0148214644215237,0.00140735759061077,0.0231561662460437
22109,2021-05-26,491,"Terrebonne","Louisiana",5.80900012296612,-0.00427716648636845,1849.14215824418,5.77905995756154,0,490,5.80900012296612,2021-06-02,498,5.79170613380259,0.000159925773519841,0.000299082061188054,0.00218349756512124,0.00298599216949023
22111,2021-05-26,491,"Union","Louisiana",3.64880123054653,-0.0220597180647295,656.405614878663,3.49438320409342,0,490,3.64880123054653,2021-06-02,498,3.4106761256167,0.00700687498710757,0.0567035655978404,0.0245426640917374,0.0698175658313992
22113,2021-05-26,491,"Vermilion","Louisiana",5.27373189107542,0.0222066860341397,253.516033100671,5.4291786933144,0.022206686034143,253.516033100706,5.42917869331442,2021-06-02,498,5.3306462536634,0.00970864166357807,0.00970864166358262,0.0184841452541117,0.018484145254116
22115,2021-05-26,491,"Vernon","Louisiana",4.34380542185368,0.00185701074721151,-1848.13854746201,4.35680449708416,0.00185701074721223,-1848.13854746111,4.35680449708417,2021-06-02,498,4.29045944114839,0.00440166644712091,0.00440166644712161,0.0154633919387466,0.0154633919387479
22117,2021-05-26,491,"Washington","Louisiana",3.65251180994306,0.00743497848751919,-0.260575410459267,3.7045566593557,0.00743497848751851,-0.260575410504237,3.70455665935569,2021-06-02,498,3.63758615972639,0.00448504782059952,0.00448504782059886,0.0184106978332984,0.018410697833297
22119,2021-05-26,491,"Webster","Louisiana",4.10382330617665,0.0458463881254245,401.487532955713,4.42474802305462,0.045846388125419,401.487532955702,4.42474802305458,2021-06-02,498,4.19397440317094,0.053256463634215,0.053256463634197,0.0550250425251032,0.0550250425250938
22121,2021-05-26,491,"West Baton Rouge","Louisiana",4.26267987704132,-0.0199209774945485,704.979453478516,4.12323303457948,0,490,4.26267987704132,2021-06-02,498,4.18095903505887,0.0033322911313471,0.00667829601431966,0.0138068801907269,0.019545956154362
22127,2021-05-26,491,"Winn","Louisiana",3.33729357968267,0.0153455696746608,273.523969429864,3.4447125674053,0.0153455696746594,273.523969429845,3.44471256740529,2021-06-02,498,3.29053181377464,0.0237717047901188,0.0237717047901158,0.0468558769087838,0.0468558769087809
23001,2021-05-26,491,"Androscoggin","Maine",6.83947643822884,-0.0389971429719131,666.384038855226,6.56649643742545,0,490,6.83947643822884,2021-06-02,498,6.40876411286315,0.0248794862118276,0.185513107221924,0.0246119722593183,0.0672067683847504
23003,2021-05-26,491,"Aroostook","Maine",4.98458461689631,-0.0126276568677993,885.735513411604,4.89619101882172,0,490,4.98458461689631,2021-06-02,498,4.9406214934752,0.00197406707793355,0.00193275622094018,0.00899289182791216,0.00889829821595815
23005,2021-05-26,491,"Cumberland","Maine",6.74993119378857,-0.0403267230143503,658.381098419194,6.46764413268812,0,490,6.74993119378857,2021-06-02,498,6.32819185323702,0.0194469382441077,0.177864071368858,0.0220366706138606,0.0666445250606336
23007,2021-05-26,491,"Franklin","Maine",4.61935482098004,-0.0236615074981678,686.226564551634,4.45372426849287,0,490,4.61935482098004,2021-06-02,498,4.30019661642625,0.0235707399490888,0.101861959534002,0.0357024726451254,0.0742194446027531
23009,2021-05-26,491,"Hancock","Maine",4.56731996185699,0.00446097394062432,-532.839193559107,4.59854677944136,0.00446097394062495,-532.839193558963,4.59854677944137,2021-06-02,498,4.55237200042112,0.00213211021756825,0.00213211021756865,0.0101430153370531,0.0101430153370541
23011,2021-05-26,491,"Kennebec","Maine",6.53565586471777,-0.0255768417896549,746.530214342618,6.35661797219019,0,490,6.53565586471777,2021-06-02,498,6.28093074135326,0.00572855691176183,0.0648848884730641,0.0120503208765866,0.0405553147859781
23013,2021-05-26,491,"Knox","Maine",4.80752776954246,-0.0478451158738322,591.481056043838,4.47261195842564,0,490,4.80752776954246,2021-06-02,498,4.39972621177328,0.00531233206507133,0.166302110518971,0.0165659732319978,0.0926879396899607
23015,2021-05-26,491,"Lincoln","Maine",5.07873888139833,-0.0375426018329257,626.27935288023,4.81594066856785,0,490,5.07873888139833,2021-06-02,498,4.71081637512308,0.0110511170722619,0.13536697062386,0.0223155149922443,0.078101644593531
23017,2021-05-26,491,"Oxford","Maine",5.6073764565451,-0.0451127237235378,615.297005228692,5.29158739048034,0,490,5.6073764565451,2021-06-02,498,5.26194972237716,0.000878391370594044,0.11931962867793,0.00563244988395427,0.0656461487457713
23019,2021-05-26,491,"Penobscot","Maine",6.40262767633078,-0.000236714405176408,27538.9004924069,6.40097067549455,0,490,6.40262767633078,2021-06-02,498,6.32946622578109,0.005112886328824,0.00535259784653471,0.0112970742180761,0.0115588657779213
23021,2021-05-26,491,"Piscataquis","Maine",4.54329478227,0.00304414238122893,-1001.47118343915,4.56460377893861,0.00304414238122863,-1001.47118343929,4.5646037789386,2021-06-02,498,4.48057830840238,0.00706027969883456,0.00706027969883426,0.0187532645905677,0.0187532645905673
23023,2021-05-26,491,"Sagadahoc","Maine",5.07606627401685,-0.0341988610282461,639.427933603529,4.83667424681912,0,490,5.07606627401685,2021-06-02,498,4.74865190946578,0.00774793187314605,0.107200166114379,0.0185362791443788,0.0689489081940103
23025,2021-05-26,491,"Somerset","Maine",5.55627633754761,-0.0304371321858685,673.549272501018,5.34321641224653,0,490,5.55627633754761,2021-06-02,498,5.2102664884253,0.0176756822440711,0.119722815689644,0.0255169143683114,0.0664092421934613
23027,2021-05-26,491,"Waldo","Maine",5.03787981620282,-0.00922515767483173,1037.10229914522,4.973303712479,0,490,5.03787981620282,2021-06-02,498,4.85870437100731,0.0131330090657442,0.0321038401610088,0.0235863993198515,0.0368772066612404
23029,2021-05-26,491,"Washington","Maine",3.54302757710137,0.00414079266603302,-364.639937291447,3.5720131257636,0.00414079266603284,-364.639937291483,3.5720131257636,2021-06-02,498,3.85620822632175,0.0807668551812541,0.0807668551812548,0.0736980691598246,0.0736980691598249
23031,2021-05-26,491,"York","Maine",6.55372988311334,-0.0336233394250769,685.916090881367,6.3183665071378,0,490,6.55372988311334,2021-06-02,498,6.1587933193158,0.0254636022716758,0.155974889424208,0.0259098137489909,0.0641256400923379
24001,2021-05-26,491,"Allegany","Maryland",4.93959952097951,-0.0400855270756373,614.226507952832,4.65900083145004,0,490,4.93959952097951,2021-06-02,498,4.73368903678907,0.00557832801676476,0.0423991274995389,0.0157780126152287,0.043498946084153
24003,2021-05-26,491,"Anne Arundel","Maryland",6.96237873650179,-0.0472882607244125,638.232709130016,6.6313609114309,0,490,6.96237873650179,2021-06-02,498,6.59402252933041,0.00139415477788206,0.135686295361681,0.00566245898226856,0.0558621396170419
24005,2021-05-26,491,"Baltimore","Maryland",7.49784088659086,-0.0538713287604419,630.180544811372,7.12074158526777,0,490,7.49784088659086,2021-06-02,498,7.09376051886736,0.000727977944103033,0.163280943579557,0.00380349270723794,0.0569627867544668
24009,2021-05-26,491,"Calvert","Maryland",3.97029191355212,-0.0448032770158451,579.616105293994,3.65666897444121,0,490,3.97029191355212,2021-06-02,498,3.69953674858792,0.00183764606029395,0.0733083593547902,0.011587335674684,0.0731862347542683
24011,2021-05-26,491,"Caroline","Maryland",4.22160634183303,0.00209863665692149,-1520.59468358174,4.23629679843148,0.00209863665692023,-1520.59468358295,4.23629679843147,2021-06-02,498,4.10852919721406,0.0163245599208537,0.0163245599208515,0.0310981363608315,0.0310981363608293
24013,2021-05-26,491,"Carroll","Maryland",5.75438505436481,-0.0338260999081778,661.116716676924,5.51760235500756,0,490,5.75438505436481,2021-06-02,498,5.39037551096598,0.0161866698447798,0.132502947685419,0.0236025938791744,0.0675295334542639
24015,2021-05-26,491,"Cecil","Maryland",5.37395478075366,-0.0597672228005919,580.914748066568,4.95558422114951,0,490,5.37395478075366,2021-06-02,498,4.98458461689631,0.000841022953470895,0.151609124502296,0.00581801654013353,0.0781148668913136
24017,2021-05-26,491,"Charles","Maryland",5.49541024066231,-0.0368493044421615,640.131993774479,5.23746510956718,0,490,5.49541024066231,2021-06-02,498,5.32787616878958,0.00817415962971742,0.0280676652382552,0.0169694370436065,0.0314448133862664
24019,2021-05-26,491,"Dorchester","Maryland",4.67416305747504,-0.0250177629752845,677.833773351068,4.49903871664805,0,490,4.67416305747504,2021-06-02,498,4.41711795448515,0.00671101127335001,0.0660721849710828,0.0185462020727146,0.058192945182477
24021,2021-05-26,491,"Frederick","Maryland",5.61573159653347,-0.0402602142863908,630.485884416461,5.33391009652873,0,490,5.61573159653347,2021-06-02,498,5.36664334904728,0.00107146582044325,0.0620449550357384,0.0060993903245615,0.0464141608237118
24023,2021-05-26,491,"Garrett","Maryland",3.84098723231139,-0.0272331504583636,632.040869956777,3.65035517910285,0,490,3.84098723231139,2021-06-02,498,3.56347818757266,0.00754761165733588,0.0770112699118026,0.0243798297498106,0.0778758926339216
24025,2021-05-26,491,"Harford","Maryland",6.00986563247887,-0.042895579481598,631.104544689904,5.70959657610769,0,490,6.00986563247887,2021-06-02,498,5.70235288184661,5.24711065479722e-05,0.0945640918014209,0.00127029919248563,0.0539273449055088
24027,2021-05-26,491,"Howard","Maryland",5.66147127658448,-0.0681645768980678,574.055914585233,5.184319238298,0,490,5.66147127658448,2021-06-02,498,5.28102586943798,0.00935217250644286,0.144738707818867,0.0183120919175246,0.0720400574722027
24029,2021-05-26,491,"Kent","Maryland",3.48343547989913,-0.0302398851897128,606.193409566388,3.27175628357114,0,490,3.48343547989913,2021-06-02,498,3.0513021247088,0.0486000361597014,0.186739236668051,0.0722492070113765,0.141622604884323
24031,2021-05-26,491,"Montgomery","Maryland",6.73493133388926,-0.0529136484203319,618.281552774225,6.36453579494693,0,490,6.73493133388926,2021-06-02,498,6.52502965784346,0.0257582800274496,0.0440587136068338,0.0245966487989224,0.0321686930255529
24033,2021-05-26,491,"Prince George's","Maryland",7.43754284062951,-0.0477884210527772,646.634831132327,7.10302389326007,0,490,7.43754284062951,2021-06-02,498,7.13101310948052,0.000783396224634867,0.0939604760782751,0.00392499856482311,0.0429854392977445
24035,2021-05-26,491,"Queen Anne's","Maryland",4.02023659006838,-0.0475684169191165,575.514828334612,3.68725767163456,0,490,4.02023659006838,2021-06-02,498,3.75787232560089,0.00498642935478389,0.068835007269567,0.0187911264268496,0.0698172374511254
24037,2021-05-26,491,"St. Mary's","Maryland",5.09199581439187,-0.0571584138399566,580.085673872082,4.69188691751217,0,490,5.09199581439187,2021-06-02,498,4.71722254693549,0.000641894118275653,0.140455001999931,0.00537087855644552,0.0794478665628883
24039,2021-05-26,491,"Somerset","Maryland",4.06780500698749,0.0323009447883152,365.065448127108,4.29391162050569,0.0323009447883198,365.065448127126,4.29391162050573,2021-06-02,498,4.05797691805123,0.055665183822278,0.0556651838222935,0.0581409670924819,0.05814096709249
24041,2021-05-26,491,"Talbot","Maryland",4.33822401201549,-0.0366341331797853,609.420271901215,4.08178507975699,0,490,4.33822401201549,2021-06-02,498,3.96488649498521,0.0136652791216447,0.139380901622331,0.0294834631255225,0.0941609595892525
24043,2021-05-26,491,"Washington","Maryland",5.83606308537907,-0.043272056997385,625.869093136288,5.53315868639737,0,490,5.83606308537907,2021-06-02,498,5.50475064715623,0.000807016693526598,0.109767931721165,0.00516064051980694,0.0601866386798101
24045,2021-05-26,491,"Wicomico","Maryland",5.20007431865907,-0.013307437083176,881.764524089563,5.10692225907684,0,490,5.20007431865907,2021-06-02,498,5.06349878365332,0.0018855982178568,0.0186528767621067,0.00857578470517319,0.0269725620250293
24047,2021-05-26,491,"Worcester","Maryland",3.95945169899926,-0.0910902405644357,534.467353631572,3.32182001504821,0,490,3.95945169899926,2021-06-02,498,3.87713574642771,0.308375561517548,0.00677591604776174,0.143228343730589,0.0212311247155569
24510,2021-05-26,491,"Baltimore city","Maryland",7.37695501376272,-0.0462722209051578,650.425133902324,7.05304946742661,0,490,7.37695501376272,2021-06-02,498,6.947662569574,0.0111063982389978,0.184292002637526,0.0151686839706549,0.0617894780999768
25001,2021-05-26,491,"Barnstable","Massachusetts",5.77499510288146,-0.0395617772766479,636.974106837972,5.49806266194493,0,490,5.77499510288146,2021-06-02,498,5.40588972000246,0.00849585122632887,0.136238783670253,0.0170504665682344,0.0682783782127971
25003,2021-05-26,491,"Berkshire","Massachusetts",5.28754526956613,-0.0757569470713064,560.796176772926,4.75724664006698,0,490,5.28754526956613,2021-06-02,498,4.7043688995321,0.00279605544407383,0.340094678566059,0.0112401347904788,0.123964846823986
25005,2021-05-26,491,"Bristol","Massachusetts",7.37865136701089,-0.045002361457949,654.961426199948,7.06363483680525,0,490,7.37865136701089,2021-06-02,498,6.99628930567593,0.00453542056309064,0.146200745948324,0.00962589283932089,0.0546521226651912
25007,2021-05-26,491,"Dukes","Massachusetts",4.73870157861261,0.0138454068220462,148.741976128349,4.83561942636693,0.0138454068220479,148.741976128392,4.83561942636695,2021-06-02,498,4.69396568477122,0.0200657825080657,0.0200657825080692,0.0301778391894272,0.0301778391894298
25009,2021-05-26,491,"Essex","Massachusetts",7.47687676468675,-0.0397896837515971,678.909931915119,7.19834897842557,0,490,7.47687676468675,2021-06-02,498,7.16527265138765,0.00109404341031895,0.0970971234249138,0.00461619936144467,0.0434881027505278
25011,2021-05-26,491,"Franklin","Massachusetts",4.53259949315326,-0.0538246500137703,575.210477764252,4.15582694305686,0,490,4.53259949315326,2021-06-02,498,4.03297561584581,0.015092448597518,0.249624018775728,0.0304617084041783,0.123884675955985
25013,2021-05-26,491,"Hampden","Massachusetts",7.19325640346634,-0.0601128720950898,610.662497444602,6.77246629880072,0,490,7.19325640346634,2021-06-02,498,6.80966982308783,0.00138410221938175,0.147138664646484,0.00546333746769567,0.0563296885669825
25015,2021-05-26,491,"Hampshire","Massachusetts",5.13327424555436,-0.0485093047377353,596.820404421529,4.79370911239021,0,490,5.13327424555436,2021-06-02,498,4.68345310438213,0.012156387301877,0.202339059045481,0.0235416060651732,0.0960447625174985
25017,2021-05-26,491,"Middlesex","Massachusetts",7.69224373469279,-0.0557847897395714,628.891417545959,7.30175020651579,0,490,7.69224373469279,2021-06-02,498,7.28423285021705,0.000306857771697117,0.166472881850678,0.00240483200619008,0.0560128832871653
25021,2021-05-26,491,"Norfolk","Massachusetts",6.83426250217233,-0.0589591013184724,606.915309924018,6.42154879294303,0,490,6.83426250217233,2021-06-02,498,6.41486312308962,4.4698181388702e-05,0.175895839174963,0.0010422155118694,0.0653793184726151
25023,2021-05-26,491,"Plymouth","Massachusetts",7.00501161574195,-0.0484506317948305,635.580397741879,6.66585719317814,0,490,7.00501161574195,2021-06-02,498,6.62387549248009,0.00176246319349995,0.145264744455076,0.00633793626491052,0.0575397474929215
25025,2021-05-26,491,"Suffolk","Massachusetts",7.35728283993549,-0.0407162749068066,671.696364212473,7.07226891558784,0,490,7.35728283993549,2021-06-02,498,7.02566529070371,0.00217189785234123,0.109970198958493,0.00663333975585219,0.047200875007606
25027,2021-05-26,491,"Worcester","Massachusetts",7.3064355170659,-0.0504827252901337,635.731400198274,6.95305644003496,0,490,7.3064355170659,2021-06-02,498,6.88623975694759,0.00446446913879875,0.176564476821405,0.00970292720638479,0.0610196239093145
26005,2021-05-26,491,"Allegan","Michigan",6.49699043777907,-0.0336789216965512,683.909692784029,6.26123798590321,0,490,6.49699043777907,2021-06-02,498,6.13277808017456,0.0165019473798138,0.132650641431835,0.0209464461373424,0.0593878260134504
26007,2021-05-26,491,"Alpena","Michigan",5.0955015147395,-0.042814758303095,610.012735717608,4.79579820661783,0,490,5.0955015147395,2021-06-02,498,4.62637239363869,0.0287051061036418,0.220082132264812,0.0366217413047207,0.101403233718466
26009,2021-05-26,491,"Antrim","Michigan",4.4274096405217,-0.0531686678806704,574.271028163775,4.05522896535701,0,490,4.4274096405217,2021-06-02,498,3.97834564835922,0.00591104443258237,0.201658469056904,0.0193254492679632,0.112877067971127
26011,2021-05-26,491,"Arenac","Michigan",4.75727796418555,-0.0549063911868606,577.643428230337,4.37293322587752,0,490,4.75727796418555,2021-06-02,498,4.17877324183889,0.0376980994018811,0.334667713777379,0.0464633931543959,0.138438888369085
26013,2021-05-26,491,"Baraga","Michigan",4.61512051684126,-0.0388398333162566,609.8244161416,4.34324168362746,0,490,4.61512051684126,2021-06-02,498,4.28260085453587,0.003677310152916,0.110569325819691,0.0141598134291146,0.0776443272674375
26015,2021-05-26,491,"Barry","Michigan",5.91427490841685,-0.0631631544579792,584.634888237754,5.472132827211,0,490,5.91427490841685,2021-06-02,498,5.48893772615669,0.00028240462857485,0.180911718613016,0.0030615940249438,0.0774898902994081
26017,2021-05-26,491,"Bay","Michigan",6.40333765151148,-0.0525345393381267,612.888146963616,6.03559587614459,0,490,6.40333765151148,2021-06-02,498,5.89400921095727,0.0200467837588667,0.259415460357382,0.0240221316458251,0.0864145986754381
26019,2021-05-26,491,"Benzie","Michigan",3.85620822632175,-0.0977789782054105,530.438009039333,3.17175537888388,0,490,3.85620822632175,2021-06-02,498,3.20158432775814,0.000889766190943496,0.428532448570618,0.00931693368675125,0.204468735334546
26021,2021-05-26,491,"Berrien","Michigan",6.55860298920355,-0.036396579774684,671.198332640185,6.30382693078076,0,490,6.55860298920355,2021-06-02,498,6.13339804299665,0.0290460057913295,0.180799246278813,0.0277870254937578,0.0693261619784184
26023,2021-05-26,491,"Branch","Michigan",5.25823914298063,-0.0422187880665116,615.54737295388,4.96270762651504,0,490,5.25823914298063,2021-06-02,498,4.97476135519337,0.000145292375050752,0.0803596561687547,0.00242297626312161,0.0569831932724407
26025,2021-05-26,491,"Calhoun","Michigan",6.74405918631135,-0.0353755895445432,681.641605500866,6.49643005949954,0,490,6.74405918631135,2021-06-02,498,6.38350663488401,0.0127516998269014,0.129998142340766,0.0176898734620946,0.0564818949912306
26027,2021-05-26,491,"Cass","Michigan",5.33547551451497,-0.032501168063179,655.162577300094,5.10796733807272,0,490,5.33547551451497,2021-06-02,498,5.04618627836057,0.00381689933915588,0.0836882621547963,0.0122431191208856,0.0573282911482978
26029,2021-05-26,491,"Charlevoix","Michigan",4.38381075646738,-0.0141595286036375,800.601461968247,4.28469405624192,0,490,4.38381075646738,2021-06-02,498,4.14086457785699,0.0206869188524801,0.0590228457013908,0.034734166182117,0.058670399391839
26031,2021-05-26,491,"Cheboygan","Michigan",4.62777001790533,-0.076598881626761,551.415634270678,4.091577846518,0,490,4.62777001790533,2021-06-02,498,3.97298370521783,0.0140645703507249,0.428745115282889,0.0298501454069439,0.164809715133628
26033,2021-05-26,491,"Chippewa","Michigan",4.45931830897553,-0.0562397183228659,570.291263220329,4.06564028071547,0,490,4.45931830897553,2021-06-02,498,4.00992722040952,0.00310394508865436,0.201952350482544,0.0138937834139194,0.112069637144216
26035,2021-05-26,491,"Clare","Michigan",5.1399913153103,-0.0529655355799009,588.044073264517,4.76923256625099,0,490,5.1399913153103,2021-06-02,498,4.49503639157761,0.0751835422055179,0.415966853647043,0.0609997674739964,0.143481580024836
26037,2021-05-26,491,"Clinton","Michigan",5.5356455528542,-0.0316078433245652,666.135187048715,5.31439064958225,0,490,5.5356455528542,2021-06-02,498,5.27373189107542,0.00165313464331646,0.0685987662263711,0.00770967492216136,0.0496638181819619
26039,2021-05-26,491,"Crawford","Michigan",3.95945169899926,-0.00543479598595912,1219.5373193821,3.92140812709754,0,490,3.95945169899926,2021-06-02,498,3.55125807623789,0.137011060151403,0.166622033663049,0.104230681891692,0.114943384569166
26041,2021-05-26,491,"Delta","Michigan",5.07428055925661,-0.0740441376128408,559.530483612204,4.55597159596673,0,490,5.07428055925661,2021-06-02,498,4.63195120866574,0.00577290154589143,0.195655254394146,0.0164033706911381,0.0954952525759208
26043,2021-05-26,491,"Dickinson","Michigan",3.99162605602711,-0.0614003568642474,556.009818507283,3.56182355797738,0,490,3.99162605602711,2021-06-02,498,3.64133850934494,0.00632262749098457,0.122701365360618,0.0218367370030256,0.096197468536149
26045,2021-05-26,491,"Eaton","Michigan",5.93715920225044,-0.0449762495690307,623.006542545036,5.62232545526722,0,490,5.93715920225044,2021-06-02,498,5.57432440741932,0.00230410059449724,0.131649088340144,0.00861109694010999,0.0650903622236621
26047,2021-05-26,491,"Emmet","Michigan",4.77068462446567,-0.0735024619929137,555.905099708437,4.25616739051527,0,490,4.77068462446567,2021-06-02,498,4.29436569611546,0.0014591105507253,0.226879721504691,0.00889498200741038,0.110917178940087
26049,2021-05-26,491,"Genesee","Michigan",7.466554407011,-0.0762648414500689,588.902968983413,6.93270051686052,0,490,7.466554407011,2021-06-02,498,6.92405036146864,7.48251883037488e-05,0.294310639429834,0.00124929122988784,0.0783506787531941
26051,2021-05-26,491,"Gladwin","Michigan",4.64301632847821,-0.0509493562930198,582.130029234821,4.28637083442707,0,490,4.64301632847821,2021-06-02,498,4.24440525679783,0.00176110970575538,0.158890786466177,0.00988726926158226,0.0939144703588234
26053,2021-05-26,491,"Gogebic","Michigan",3.5179216559703,-0.0126317469059018,769.498427982803,3.42949942762898,0,490,3.5179216559703,2021-06-02,498,3.3322045101752,0.00946630096233774,0.0344908582422756,0.0291983631726925,0.0557340178935559
26055,2021-05-26,491,"Grand Traverse","Michigan",5.36464000947911,-0.0309336938287396,664.423841303264,5.14810415267793,0,490,5.36464000947911,2021-06-02,498,5.12140969959817,0.000712593825227955,0.0591609836447807,0.00521232524745342,0.047492843601251
26057,2021-05-26,491,"Gratiot","Michigan",5.62453310300206,-0.0653436093381994,577.076253821412,5.16712783763466,0,490,5.62453310300206,2021-06-02,498,5.14915422823182,0.000323050634966137,0.225985074577823,0.00349059449497588,0.0923217393963136
26059,2021-05-26,491,"Hillsdale","Michigan",5.32370660055286,-0.0308560646596267,663.533557317781,5.10771414793547,0,490,5.32370660055286,2021-06-02,498,4.96882074366325,0.0192913777503257,0.125943971420269,0.0279529915522408,0.0714225517880056
26061,2021-05-26,491,"Houghton","Michigan",4.38023932409979,-0.0351530044178884,615.604977487239,4.13416829317457,0,490,4.38023932409979,2021-06-02,498,3.96488649498521,0.028656327198221,0.17251797265348,0.0426952444675178,0.104757810756982
26063,2021-05-26,491,"Huron","Michigan",4.61370508843793,-0.150907871959156,521.57299151158,3.55734998472384,0,490,4.61370508843793,2021-06-02,498,4.14991441337691,0.35113260210494,0.215101790273556,0.14278955410333,0.111759094010717
26065,2021-05-26,491,"Ingham","Michigan",6.846791313881,-0.0439631234211092,646.739419337832,6.53904944993323,0,490,6.846791313881,2021-06-02,498,6.48267038400432,0.00317859907501639,0.132584051574254,0.00869688918135075,0.0561683547531779
26067,2021-05-26,491,"Ionia","Michigan",6.11589212548303,-0.0501257887723815,613.01089050698,5.76501160407636,0,490,6.11589212548303,2021-06-02,498,5.71937456941604,0.00208273893258774,0.157226172269343,0.00797937503592899,0.0693288315452089
26069,2021-05-26,491,"Iosco","Michigan",4.79579054559674,-0.0233382821284833,696.490297837462,4.63242257069736,0,490,4.79579054559674,2021-06-02,498,4.49663001741289,0.0184396175275164,0.0894970216232439,0.0301987383348476,0.066529940650082
26071,2021-05-26,491,"Iron","Michigan",3.74782198974739,-0.0556608471055449,558.333182742273,3.35819606000857,0,490,3.74782198974739,2021-06-02,498,3.32194801000801,0.00131392112884289,0.181368646619051,0.0109116849184132,0.128200073708662
26073,2021-05-26,491,"Isabella","Michigan",6.02067654858309,-0.0474182971410469,617.969480381685,5.68874846859576,0,490,6.02067654858309,2021-06-02,498,5.58080741229739,0.0116512716348078,0.193484857056726,0.0193414766581122,0.0788181895179612
26075,2021-05-26,491,"Jackson","Michigan",6.70703696333854,-0.033988853609482,688.330484881886,6.46911498807217,0,490,6.70703696333854,2021-06-02,498,6.37136761716592,0.00955454851908344,0.112673909959955,0.0153416623838959,0.0526840336866219
26077,2021-05-26,491,"Kalamazoo","Michigan",7.11882624906208,-0.0518425940443108,628.316165988482,6.7559280907519,0,490,7.11882624906208,2021-06-02,498,6.68568258266942,0.00493443140576613,0.187613435736074,0.0105068565870256,0.0647867530408114
26079,2021-05-26,491,"Kalkaska","Michigan",4.1155467698727,-0.0741079721537088,546.534467483965,3.59679096479674,0,490,4.1155467698727,2021-06-02,498,3.77111755235091,0.0303897591282803,0.118631485882676,0.0462267710126117,0.0913334609012861
26081,2021-05-26,491,"Kent","Michigan",8.25960606963952,-0.0430138830502655,683.021865591336,7.95850888828766,0,490,8.25960606963952,2021-06-02,498,7.93128476152589,0.000741153077940794,0.107794881361443,0.00343249896836765,0.0413957281809234
26085,2021-05-26,491,"Lake","Michigan",3.68171096463532,-0.0559586536480536,556.793415756409,3.29000038909895,0,490,3.68171096463532,2021-06-02,498,3.40119738166216,0.0123647711551021,0.0786878702324444,0.0326934841131937,0.0824749497002382
26087,2021-05-26,491,"Lapeer","Michigan",6.07960623743369,-0.0682513714420614,580.076689727688,5.60184663733927,0,490,6.07960623743369,2021-06-02,498,5.64241352827991,0.00164567264058996,0.191137464937228,0.00718963449547256,0.0774832803307604
26089,2021-05-26,491,"Leelanau","Michigan",3.72397077392521,-0.0602188599930651,552.840605656667,3.30243875397375,0,490,3.72397077392521,2021-06-02,498,3.27983652465789,0.000510860770046765,0.197255231372243,0.00689126703295633,0.135413532329525
26091,2021-05-26,491,"Lenawee","Michigan",5.95805548497685,-0.0553103260842208,598.720491032805,5.57088320238731,0,490,5.95805548497685,2021-06-02,498,5.50184113099259,0.00476680762247263,0.208131536781275,0.0125489031309519,0.0829203066977604
26093,2021-05-26,491,"Livingston","Michigan",6.56405699726918,-0.0685092735086245,586.812678504653,6.08449208270881,0,490,6.56405699726918,2021-06-02,498,6.0919560856543,5.57113399702932e-05,0.222879270747601,0.00122522271016814,0.0774957837806171
26095,2021-05-26,491,"Luce","Michigan",4.58058471051548,-0.00874641144286981,1014.71017993324,4.51935983041539,0,490,4.58058471051548,2021-06-02,498,4.38381075646738,0.0183735514481618,0.0387199889917215,0.0309203753259721,0.0448865074200103
26097,2021-05-26,491,"Mackinac","Michigan",4.38023932409979,0.0035842332278153,-731.085463107454,4.40532895669449,0.00358423322781576,-731.085463107298,4.4053289566945,2021-06-02,498,4.19612725653204,0.04376535135086,0.0437653513508615,0.0498558998268677,0.0498558998268686
26099,2021-05-26,491,"Macomb","Michigan",8.36100710822691,-0.0584787467852916,633.97514170276,7.95165588072987,0,490,8.36100710822691,2021-06-02,498,7.89266547930367,0.00347986746042363,0.219343881382471,0.00747407850755629,0.0593388418844474
26101,2021-05-26,491,"Manistee","Michigan",4.00992722040952,-0.0331240474250397,612.057887913125,3.77805888843424,0,490,4.00992722040952,2021-06-02,498,3.47903986842609,0.0894123743266345,0.281841380495976,0.0859487189905144,0.152595937977451
26103,2021-05-26,491,"Marquette","Michigan",5.0201140380508,-0.0762619848336161,556.827214555238,4.48628014421548,0,490,5.0201140380508,2021-06-02,498,4.47733681447821,7.99831467896624e-05,0.294607114429169,0.00199746637518027,0.12122769540532
26105,2021-05-26,491,"Mason","Michigan",4.71466500078438,-0.0680534632449957,560.278840135018,4.23829075806941,0,490,4.71466500078438,2021-06-02,498,4.11087386417331,0.0162350648501288,0.364563736650082,0.0309950872019077,0.146876590370035
26107,2021-05-26,491,"Mecosta","Michigan",5.26785815906333,-0.0389941099345416,626.093688967548,4.99489938952154,0,490,5.26785815906333,2021-06-02,498,4.80869395043265,0.0346724655462843,0.210831770487435,0.038722663785274,0.0954862616260624
26109,2021-05-26,491,"Menominee","Michigan",4.02023659006838,-0.0475684169191165,575.514828334612,3.68725767163456,0,490,4.02023659006838,2021-06-02,498,3.60316593583991,0.00707142002895842,0.173947930618566,0.0233382911839322,0.115751164851988
26111,2021-05-26,491,"Midland","Michigan",6.00141487796115,-0.0643617021113945,584.245123747258,5.55088296318139,0,490,6.00141487796115,2021-06-02,498,5.66047724071734,0.0120109056686265,0.116238472489394,0.0193613140509792,0.0602312530808103
26113,2021-05-26,491,"Missaukee","Michigan",4.36944785246702,-0.0407496591735491,598.226610997111,4.08420023825218,0,490,4.36944785246702,2021-06-02,498,3.91772102654278,0.0277153279313812,0.204057125259586,0.0424938913673249,0.115303469252599
26115,2021-05-26,491,"Monroe","Michigan",6.50940763864284,-0.0514209458142387,617.590585520509,6.14946101794316,0,490,6.50940763864284,2021-06-02,498,6.06444943986447,0.00722696840743003,0.197987798660088,0.0140180207489033,0.0733715736590113
26117,2021-05-26,491,"Montcalm","Michigan",6.23692856171071,-0.0332493878662969,678.580252207673,6.00418284664663,0,490,6.23692856171071,2021-06-02,498,5.92692602597041,0.00596861634099797,0.0961015721654165,0.0130348886315943,0.0523041007061573
26119,2021-05-26,491,"Montmorency","Michigan",4.06290303638728,-0.0361921285934234,603.259300413891,3.80955813623332,0,490,4.06290303638728,2021-06-02,498,3.73426245996176,0.00566943886519186,0.108004628473302,0.0201634665690673,0.0880068232881766
26121,2021-05-26,491,"Muskegon","Michigan",7.27447955877387,-0.0476533742752941,643.65402858461,6.94090593884681,0,490,7.27447955877387,2021-06-02,498,6.88755257166462,0.00284658178967815,0.149712493353445,0.00774634627134332,0.0561777181492699
26123,2021-05-26,491,"Newaygo","Michigan",5.88650077813261,-0.0506584241178413,607.199840019489,5.53189180930772,0,490,5.88650077813261,2021-06-02,498,5.47646355193151,0.0030722917157629,0.168130526870688,0.0101211770790762,0.0748726294465117
26125,2021-05-26,491,"Oakland","Michigan",8.70265267690112,-0.0506284954647431,662.892381889197,8.34825320864792,0,490,8.70265267690112,2021-06-02,498,8.24553443812703,0.0105511458173235,0.208957084219927,0.0124575030632245,0.0554382790108055
26127,2021-05-26,491,"Oceana","Michigan",4.85870437100731,-0.049739982192402,588.682068968442,4.5105244956605,0,490,4.85870437100731,2021-06-02,498,4.35853865336667,0.0230996962577647,0.25016574510298,0.0348708258389382,0.114755370416252
26129,2021-05-26,491,"Ogemaw","Michigan",5.01822546336293,-0.0297973628049527,659.411731474734,4.80964392372826,0,490,5.01822546336293,2021-06-02,498,4.72738781871234,0.00676606681239014,0.0845865355459026,0.0173999062844659,0.0615218500795242
26133,2021-05-26,491,"Osceola","Michigan",4.91684776399609,-0.0539571073021944,582.125117891487,4.53914801288073,0,490,4.91684776399609,2021-06-02,498,4.57176112385696,0.00106361500754798,0.119084789202513,0.00713359908636637,0.0754822115132729
26135,2021-05-26,491,"Oscoda","Michigan",4.23823874188217,-0.00411523214510864,1520.89056083257,4.20943211686641,0,490,4.23823874188217,2021-06-02,498,4.04555439805267,0.0268559067235956,0.0371272563570056,0.0405080991847802,0.0476286621982516
26137,2021-05-26,491,"Otsego","Michigan",4.82028156560504,-0.0775582343458873,553.150480941945,4.27737392518383,0,490,4.82028156560504,2021-06-02,498,4.25864761351338,0.000350674748778779,0.315432696142097,0.00439724376607892,0.131880822989323
26139,2021-05-26,491,"Ottawa","Michigan",7.47404263995073,-0.0540586854604269,629.25794275782,7.09563184172774,0,490,7.47404263995073,2021-06-02,498,7.03564579171657,0.00359832619594256,0.192191796541643,0.00852601904459068,0.0623108185392597
26141,2021-05-26,491,"Presque Isle","Michigan",4.31175743882733,-0.0412816589733102,595.447290783904,4.02278582601415,0,490,4.31175743882733,2021-06-02,498,3.91772102654278,0.0110386120879591,0.155264694206073,0.0268178358692591,0.100577966020276
26143,2021-05-26,491,"Roscommon","Michigan",4.24235397402728,-0.0500605019569089,575.744535276115,3.89193046032891,0,490,4.24235397402728,2021-06-02,498,3.86523084392139,0.000712869516309135,0.142221855260864,0.00690763824611324,0.0975680742843519
26145,2021-05-26,491,"Saginaw","Michigan",7.13101310948052,-0.0503615383030171,632.596411661899,6.7784823413594,0,490,7.13101310948052,2021-06-02,498,6.72228591589745,0.00315803823470041,0.167057918774291,0.00835971961993626,0.0608018163310303
26147,2021-05-26,491,"St. Clair","Michigan",6.79410654246421,-0.0372304052310137,673.48811691162,6.53349370584711,0,490,6.79410654246421,2021-06-02,498,6.53937949334792,3.46424945046028e-05,0.0648858695514944,0.000900052903611071,0.038952785868355
26149,2021-05-26,491,"St. Joseph","Michigan",5.72824277222636,-0.035155412104201,653.940566739704,5.48215488749695,0,490,5.72824277222636,2021-06-02,498,5.35388721770285,0.0164525951144102,0.140142081202608,0.0239578580157582,0.0699221965837631
26151,2021-05-26,491,"Sanilac","Michigan",4.80050197951806,-0.0703237520215763,559.262881907171,4.30823571536703,0,490,4.80050197951806,2021-06-02,498,4.43421238784445,0.0158701220084836,0.134168064968422,0.0284101575338978,0.0826053331765807
26153,2021-05-26,491,"Schoolcraft","Michigan",4.20469261939097,0.0107182162200249,98.705934170714,4.27972013293114,0.0107182162200239,98.7059341706774,4.27972013293113,2021-06-02,498,3.94849268520954,0.109711622124166,0.109711622124162,0.0838870612480378,0.083887061248036
26155,2021-05-26,491,"Shiawassee","Michigan",5.81028519489281,-0.0451959763433586,619.557576691152,5.4939133604893,0,490,5.81028519489281,2021-06-02,498,5.50649230216832,0.000158229773764401,0.0922901216699083,0.0022843837762336,0.0551699477732594
26157,2021-05-26,491,"Tuscola","Michigan",5.46926496055798,-0.0556186645817778,589.335064347263,5.07993430848554,0,490,5.46926496055798,2021-06-02,498,4.92621795228367,0.0236287181639777,0.294900053195675,0.0312037262035073,0.110236090553518
26159,2021-05-26,491,"Van Buren","Michigan",5.71514623330651,-0.0464558122385232,614.023276483954,5.38995554763685,0,490,5.71514623330651,2021-06-02,498,5.36797668257815,0.000483070509268781,0.120526696952937,0.00409444123146774,0.0646741912749197
26161,2021-05-26,491,"Washtenaw","Michigan",6.79937433339907,-0.0475688061863191,633.937670261621,6.46639269009483,0,490,6.79937433339907,2021-06-02,498,6.36401284020301,0.0104816336638731,0.189539629757904,0.0160873103908699,0.0684099017597478
26163,2021-05-26,491,"Wayne","Michigan",8.99721787037235,-0.0560676086291669,651.470868837661,8.60474460996819,0,490,8.99721787037235,2021-06-02,498,8.56060839209765,0.0019480057279154,0.190627836519309,0.00515573378070631,0.051002155253094
26165,2021-05-26,491,"Wexford","Michigan",5.14082778545526,-0.0600342449420459,576.631588944243,4.72058807086094,0,490,5.14082778545526,2021-06-02,498,4.57028292698765,0.0225916362747711,0.325521435523829,0.032887492147529,0.124837973399531
27001,2021-05-26,491,"Aitkin","Minnesota",3.78743112784243,-0.0349797188960333,599.275059016324,3.5425730955702,0,490,3.78743112784243,2021-06-02,498,3.48781185449893,0.002998793523666,0.08977170895889,0.015700744006772,0.0859046547929546
27003,2021-05-26,491,"Anoka","Minnesota",7.55642796944025,-0.0396055129903313,681.792326595668,7.27918937850793,0,490,7.55642796944025,2021-06-02,498,7.19657955601269,0.00682438277269529,0.129490880646332,0.0114790397093883,0.050002700675616
27005,2021-05-26,491,"Becker","Minnesota",4.74741351921463,-0.0530884603034402,580.424584779434,4.37579429709055,0,490,4.74741351921463,2021-06-02,498,4.31367131500961,0.00385926490262909,0.188132299708632,0.0144014176195536,0.100550591950712
27007,2021-05-26,491,"Beltrami","Minnesota",5.24702407216049,-0.0332747888848626,648.687674302495,5.01410054996645,0,490,5.24702407216049,2021-06-02,498,4.97574803509582,0.00147091539690199,0.0735906882855121,0.00770788926611969,0.054519649136423
27009,2021-05-26,491,"Benton","Minnesota",5.43932077401126,-0.0353479823442225,644.879243263238,5.1918848976017,0,490,5.43932077401126,2021-06-02,498,5.16315198663186,0.000825580172800789,0.0762691991226073,0.00556499422140473,0.0534884094240183
27013,2021-05-26,491,"Blue Earth","Minnesota",5.65048215500888,-0.0637220151097214,579.673940164627,5.20442804924083,0,490,5.65048215500888,2021-06-02,498,5.14832469686944,0.00314758614730846,0.252162112765064,0.010897399770746,0.0975380318270891
27015,2021-05-26,491,"Brown","Minnesota",3.93462283734539,-0.0727103478870965,545.113657157231,3.42565040213571,0,490,3.93462283734539,2021-06-02,498,3.59926729542425,0.0301428256351638,0.112463339497219,0.048236732378631,0.0931732806695058
27017,2021-05-26,491,"Carlton","Minnesota",4.68477323658706,-0.0324493103484412,635.372043235492,4.45762806414797,0,490,4.68477323658706,2021-06-02,498,4.38736947908438,0.00493626877513764,0.088448994976712,0.0160138291061486,0.0677863487268333
27019,2021-05-26,491,"Carver","Minnesota",5.83439293885306,-0.0477349442174645,613.224777560722,5.50024832933081,0,490,5.83439293885306,2021-06-02,498,5.35118085610511,0.0222211115738959,0.233493916913617,0.0278569305045323,0.0903000843629988
27021,2021-05-26,491,"Cass","Minnesota",5.13747769856998,-0.0033500868852844,2024.53565877258,5.11402709037299,0,490,5.13747769856998,2021-06-02,498,5.01158722182164,0.0104939266688183,0.0158484121359251,0.0204406037483105,0.0251198814220345
27023,2021-05-26,491,"Chippewa","Minnesota",3.2470467018349,-0.0697333380146883,537.563764108796,2.75891333573208,0,490,3.2470467018349,2021-06-02,498,3.03082359336526,0.0739351882061434,0.0467524326362721,0.0897149732595515,0.0713413703598479
27025,2021-05-26,491,"Chisago","Minnesota",5.86444253466898,-0.0268069662773816,709.765617637871,5.6767937707273,0,490,5.86444253466898,2021-06-02,498,5.58938655338878,0.00764002164286457,0.0756557928380129,0.0156380698496391,0.0492104059457894
27027,2021-05-26,491,"Clay","Minnesota",5.16478597392351,-0.0547973520820099,585.252473480723,4.78120450934945,0,490,5.16478597392351,2021-06-02,498,4.87082573153965,0.00803196346686643,0.0864126241023792,0.0183995952903611,0.0603512132409924
27029,2021-05-26,491,"Clearwater","Minnesota",3.65989191724069,-0.114509710311431,522.961411021711,2.85832394506067,0,490,3.65989191724069,2021-06-02,498,3.20738144544246,0.12184113857279,0.204765727087048,0.108829431833807,0.141084083541487
27033,2021-05-26,491,"Cottonwood","Minnesota",3.9810158769151,-0.0468835858988559,575.912785585631,3.65283077562311,0,490,3.9810158769151,2021-06-02,498,3.500827222611,0.0231050801283057,0.230581143722385,0.0434193244471927,0.137164339674543
27035,2021-05-26,491,"Crow Wing","Minnesota",5.61208480947549,-0.0404043707931638,629.897963247704,5.32925421392335,0,490,5.61208480947549,2021-06-02,498,5.34438273339128,0.000228872101291666,0.0716644015397975,0.00283073279415646,0.050090363927649
27037,2021-05-26,491,"Dakota","Minnesota",7.51339745424454,-0.0539482217686931,630.27053029586,7.13575990186369,0,490,7.51339745424454,2021-06-02,498,7.06317046510667,0.00526922632870123,0.202704341748152,0.0102771746930962,0.0637429029020427
27039,2021-05-26,491,"Dodge","Minnesota",4.27268997063642,-0.072969019866579,549.554849420327,3.76190683157036,0,490,4.27268997063642,2021-06-02,498,3.72051653905712,0.0017131563143318,0.304895498542056,0.011124877978296,0.148413110325598
27041,2021-05-26,491,"Douglas","Minnesota",5.10853950907762,-0.0455775084963288,603.08465924567,4.78949694960332,0,490,5.10853950907762,2021-06-02,498,4.71338377062832,0.00579321601368086,0.156148057629415,0.0161483092994265,0.0838369540184138
27043,2021-05-26,491,"Faribault","Minnesota",3.83791503327442,-0.0392207131532886,588.854289856344,3.5633700412014,0,490,3.83791503327442,2021-06-02,498,3.35240721749272,0.0445053129871391,0.235717839185116,0.0629287583584367,0.144823639935011
27045,2021-05-26,491,"Fillmore","Minnesota",3.59142411796322,-0.0271861403041525,623.104965169133,3.40112113583416,0,490,3.59142411796322,2021-06-02,498,3.11033565629299,0.084556195111984,0.231446107952229,0.0934900639912707,0.15467413000808
27047,2021-05-26,491,"Freeborn","Minnesota",4.21318523943662,-0.0434401286959963,587.988323145206,3.90910433856465,0,490,4.21318523943662,2021-06-02,498,3.86223234092513,0.00219698416271869,0.123167936973616,0.012135986005515,0.090867888705894
27049,2021-05-26,491,"Goodhue","Minnesota",5.08671411197269,-0.08943562060115,547.875706544907,4.46066476776464,0,490,5.08671411197269,2021-06-02,498,4.46918681011628,7.26252058431099e-05,0.38133996853806,0.00190684406665385,0.13817442145372
27051,2021-05-26,491,"Grant","Minnesota",3.35739475900376,0.0150378773645409,267.737455851286,3.46265990055555,0.0150378773645397,267.737455851267,3.46265990055554,2021-06-02,498,3.28519846779927,0.03149256011591,0.0314925601159069,0.0540184815303275,0.0540184815303248
27053,2021-05-26,491,"Hennepin","Minnesota",8.26200596741121,-0.0486198119526314,660.93084990663,7.92166728374279,0,490,8.26200596741121,2021-06-02,498,7.88091231854533,0.00166096718824621,0.145232369205911,0.00517135117739554,0.0483565396317241
27055,2021-05-26,491,"Houston","Minnesota",4.18095903505887,-0.0108578699720456,876.062544110684,4.10495394525455,0,490,4.18095903505887,2021-06-02,498,3.32194801000801,0.613098294631305,0.737899941158924,0.235706860218035,0.258586534907506
27057,2021-05-26,491,"Hubbard","Minnesota",4.76826038085416,-0.0345890175822106,628.854750269245,4.52613725777869,0,490,4.76826038085416,2021-06-02,498,4.42227703729518,0.0107869453988829,0.119704474020252,0.0234856883925645,0.0782364697284088
27059,2021-05-26,491,"Isanti","Minnesota",5.66543756834831,-0.0258866713858436,709.855390247141,5.4842308686474,0,490,5.66543756834831,2021-06-02,498,5.38252720383985,0.0103436354352872,0.0800382743463087,0.0188951510983538,0.052560879637846
27061,2021-05-26,491,"Itasca","Minnesota",6.04398922588763,-0.038555789171303,647.759577635261,5.77409870168851,0,490,6.04398922588763,2021-06-02,498,5.64443679654725,0.0168122096448593,0.159642143791794,0.0229716284927786,0.0707869436300152
27065,2021-05-26,491,"Kanabec","Minnesota",3.8255309740747,-0.074997651927695,542.008676615141,3.30054741058084,0,490,3.8255309740747,2021-06-02,498,3.42472787907235,0.015420788754771,0.160643120963466,0.0362599519951194,0.117032099820707
27067,2021-05-26,491,"Kandiyohi","Minnesota",5.08317741509435,-0.0373794059872873,626.988715733555,4.82152157318334,0,490,5.08317741509435,2021-06-02,498,4.801676377774,0.000393831780834552,0.0792428340124285,0.0041329722888429,0.0586255747312238
27071,2021-05-26,491,"Koochiching","Minnesota",4.42911467077278,0.0453039143054063,393.235496895149,4.74624207091063,0.0453039143054008,393.235496895137,4.74624207091059,2021-06-02,498,4.64439089914137,0.0103736611907702,0.0103736611907625,0.0219299309599639,0.0219299309599556
27077,2021-05-26,491,"Lake of the Woods","Minnesota",3.16607763930123,0.0121213605323436,229.80179284717,3.25092716302763,0.0121213605323454,229.801792847207,3.25092716302765,2021-06-02,498,3.10394585819422,0.0216035039705318,0.0216035039705354,0.0473530504552418,0.0473530504552458
27079,2021-05-26,491,"Le Sueur","Minnesota",4.82143297621008,-0.0493927553295816,588.614173253511,4.47568368890301,0,490,4.82143297621008,2021-06-02,498,4.45600704767187,0.000387170210138815,0.13353610924801,0.00441575630842321,0.0820074844201897
27083,2021-05-26,491,"Lyon","Minnesota",4.37125453769197,-0.0646513306588251,558.612754341589,3.91869522308019,0,490,4.37125453769197,2021-06-02,498,3.8255309740747,0.00867957729275707,0.297814207887129,0.0243532857626449,0.142653024460026
27085,2021-05-26,491,"McLeod","Minnesota",4.9737737007921,-0.0879167641044551,547.573666597677,4.35835635206091,0,490,4.9737737007921,2021-06-02,498,4.44600696433729,0.00768262983242333,0.278537728108163,0.0197144568102222,0.118705782669299
27087,2021-05-26,491,"Mahnomen","Minnesota",3.28519846779927,-0.0159154553059019,697.415613292636,3.17379028065796,0,490,3.28519846779927,2021-06-02,498,3.09751496786393,0.00581792334182686,0.0352250961479793,0.0246246793269342,0.060591636160767
27091,2021-05-26,491,"Martin","Minnesota",4.26066577766961,-0.0812826334368717,543.417910167473,3.69168734361151,0,490,4.26066577766961,2021-06-02,498,3.85318250540521,0.0260806872827731,0.166042617175305,0.0419121496495832,0.105752393428754
27093,2021-05-26,491,"Meeker","Minnesota",4.83059684331687,-0.0380359048877682,618.000970729378,4.56434550910249,0,490,4.83059684331687,2021-06-02,498,4.4576640488795,0.0113809339553091,0.139078869166863,0.0239321445163201,0.083661036441521
27095,2021-05-26,491,"Mille Lacs","Minnesota",4.90949864955462,-0.030100871424882,654.101545475402,4.69879254958044,0,490,4.90949864955462,2021-06-02,498,4.65803367554516,0.00166128581262455,0.0632346331535798,0.00875023172315701,0.053985220272164
27097,2021-05-26,491,"Morrison","Minnesota",4.84306159393686,-0.0790026659781327,552.302508389747,4.29004293208993,0,490,4.84306159393686,2021-06-02,498,4.26066577766961,0.000863017201834979,0.339184886805588,0.00689496805271171,0.13669127001691
27099,2021-05-26,491,"Mower","Minnesota",4.73368903678907,-0.0333570148326813,632.909851961671,4.5001899329603,0,490,4.73368903678907,2021-06-02,498,4.28260085453587,0.0473450070495942,0.203480548168499,0.0508076950935029,0.105330428301633
27103,2021-05-26,491,"Nicollet","Minnesota",4.64850331069446,-0.0493762733979087,585.144474477317,4.3028693969091,0,490,4.64850331069446,2021-06-02,498,4.37125453769197,0.00467652747989282,0.0768668821313871,0.0156442824807399,0.0634254469996797
27109,2021-05-26,491,"Olmsted","Minnesota",5.65449218544509,-0.0473837109405213,610.334093366873,5.32280620886144,0,490,5.65449218544509,2021-06-02,498,5.28898827125952,0.00114365290364745,0.133593111284973,0.00639402771711347,0.0691065843673216
27111,2021-05-26,491,"Otter Tail","Minnesota",5.13495774763547,-0.0452193766083518,604.556579784584,4.81842211137701,0,490,5.13495774763547,2021-06-02,498,4.79814903725603,0.000410997534314533,0.11344010738746,0.00422518641325248,0.0701955499431614
27115,2021-05-26,491,"Pine","Minnesota",4.68345310438213,-0.0286477924333043,654.483909459544,4.482918557349,0,490,4.68345310438213,2021-06-02,498,4.46261864200418,0.000412086563006823,0.0487678597737579,0.00454887969896131,0.0494853986176088
27119,2021-05-26,491,"Polk","Minnesota",4.58787868887803,-0.0619916760279804,565.007979503688,4.15393695668217,0,490,4.58787868887803,2021-06-02,498,4.15216413311093,3.14290341474565e-06,0.189847174107324,0.000426963750566423,0.104936737036128
27121,2021-05-26,491,"Pope","Minnesota",3.98898404656427,-0.0235304974101983,660.5240001529,3.82427056469289,0,490,3.98898404656427,2021-06-02,498,3.59926729542425,0.0506264711815747,0.151879146119136,0.0625136314701283,0.108276690546288
27123,2021-05-26,491,"Ramsey","Minnesota",7.64683139143048,-0.0429972773059937,668.844549016701,7.34585045028853,0,490,7.64683139143048,2021-06-02,498,7.27862894232068,0.00451873113347088,0.135573043530455,0.00923546295607854,0.0505867866087984
27127,2021-05-26,491,"Redwood","Minnesota",3.98898404656427,-0.0515578096648581,568.3691526559,3.62807937891027,0,490,3.98898404656427,2021-06-02,498,3.55942138687705,0.00471391987003358,0.184524078597564,0.0192890879080372,0.120683283319853
27129,2021-05-26,491,"Renville","Minnesota",3.83791503327442,-0.0480572949537872,570.861237237032,3.50151396859791,0,490,3.83791503327442,2021-06-02,498,3.500827222611,4.71620050547341e-07,0.113628192097863,0.000196166775235867,0.0962880454328792
27131,2021-05-26,491,"Rice","Minnesota",5.51285254332565,-0.0300902633525025,674.210511611131,5.30222069985813,0,490,5.51285254332565,2021-06-02,498,5.11542421785513,0.0348929256886982,0.157949273886302,0.0365163228009516,0.0776921538751991
27135,2021-05-26,491,"Roseau","Minnesota",4.23617475766132,-0.0601383587385421,561.440478365539,3.81520624649152,0,490,4.23617475766132,2021-06-02,498,3.64507683145554,0.0289440178604846,0.349396758364767,0.04667375281855,0.162163365420679
27137,2021-05-26,491,"St. Louis","Minnesota",6.39835720720733,-0.0396229878391789,652.480937105926,6.12099629233308,0,490,6.39835720720733,2021-06-02,498,6.03923378214331,0.00668510807253266,0.128969634429716,0.0135385568996396,0.0594650642811467
27139,2021-05-26,491,"Scott","Minnesota",6.43087088864418,-0.0607193848074847,596.911331431201,6.00583519499179,0,490,6.43087088864418,2021-06-02,498,5.93753620508243,0.00466475202263877,0.243379110004975,0.011502917632889,0.0830874400630125
27141,2021-05-26,491,"Sherburne","Minnesota",6.41205281679037,-0.0411221370902213,646.927032749354,6.12419785715882,0,490,6.41205281679037,2021-06-02,498,6.00600123279887,0.0139704420100856,0.164877888862,0.019679753596198,0.0676076424650128
27143,2021-05-26,491,"Sibley","Minnesota",4.03297561584581,-0.0445618280599194,581.502921254104,3.72104281942637,0,490,4.03297561584581,2021-06-02,498,3.64880123054653,0.00521884716388485,0.147589958320082,0.0197987186243704,0.105287835928991
27145,2021-05-26,491,"Stearns","Minnesota",6.50428817353665,-0.0474042190592661,628.209056548422,6.17245864012178,0,490,6.50428817353665,2021-06-02,498,6.10988230192246,0.00391579810243646,0.155555991563749,0.0102418238367107,0.0645521226309206
27147,2021-05-26,491,"Steele","Minnesota",5.07338650465973,-0.0351530044178985,635.322984298792,4.82731547373444,0,490,5.07338650465973,2021-06-02,498,4.84531131367087,0.000323850255017535,0.0520182927446057,0.0037140730020078,0.0470713182753306
27149,2021-05-26,491,"Stevens","Minnesota",3.86822038276975,-0.0523375251082187,564.909119217452,3.50185770701222,0,490,3.86822038276975,2021-06-02,498,3.28519846779927,0.0469412259363344,0.339914553335847,0.0659501218378713,0.177469312945663
27151,2021-05-26,491,"Swift","Minnesota",3.44316158076119,-0.0490075791067039,561.257736528148,3.10010852701426,0,490,3.44316158076119,2021-06-02,498,3.01693448120459,0.0069179218963487,0.181669540396428,0.0275690593640132,0.141278208795046
27153,2021-05-26,491,"Todd","Minnesota",4.52023457518231,-0.0559480739325423,571.793390325329,4.12859805765451,0,490,4.52023457518231,2021-06-02,498,3.94849268520954,0.0324379451835419,0.326888788749633,0.0456137029503991,0.144800037775029
27157,2021-05-26,491,"Wabasha","Minnesota",3.90629233071916,-0.0366754785584137,597.509648524355,3.64956398081027,0,490,3.90629233071916,2021-06-02,498,3.47903986842609,0.0290784729044113,0.182544666535493,0.0490147048706635,0.122807578657143
27159,2021-05-26,491,"Wadena","Minnesota",4.32318613465095,-0.0426385254466598,592.391548824998,4.02471645652433,0,490,4.32318613465095,2021-06-02,498,4.12019794104843,0.00911671388692703,0.0412042067420113,0.0231740042323814,0.0492666120673951
27163,2021-05-26,491,"Washington","Minnesota",7.02197642307216,-0.0522613486741795,625.362709750379,6.6561469823529,0,490,7.02197642307216,2021-06-02,498,6.58083725516574,0.00567155500900555,0.194603765461173,0.0114437911571285,0.067033897177771
27165,2021-05-26,491,"Watonwan","Minnesota",4.17438726989564,-0.0430173850837002,588.03954021783,3.87326557430974,0,490,4.17438726989564,2021-06-02,498,3.62624388312245,0.0610197159170257,0.300461172463177,0.0681205399165211,0.151160099662462
27167,2021-05-26,491,"Wilkin","Minnesota",3.42472787907235,0.00466201310580855,-243.602799551416,3.45736197081301,0.00466201310580994,-243.602799551197,3.45736197081302,2021-06-02,498,3.30111392310517,0.0244134524125106,0.0244134524125137,0.0473319162402198,0.0473319162402228
27169,2021-05-26,491,"Winona","Minnesota",4.81566261974874,-0.0240148762038791,691.528313319844,4.64755848632159,0,490,4.81566261974874,2021-06-02,498,4.43421238784445,0.0455165577354148,0.145504279419834,0.0481136399920719,0.0860243485291683
27171,2021-05-26,491,"Wright","Minnesota",6.57607155909272,-0.0474243547151285,629.664439370746,6.24410107608682,0,490,6.57607155909272,2021-06-02,498,6.21231976790418,0.0010100515498001,0.132315365592873,0.00511585194742229,0.0585532948686669
28001,2021-05-26,491,"Adams","Mississippi",6.0168537811128,-0.028489999672079,702.191781339664,5.81742378340825,0,490,6.0168537811128,2021-06-02,498,5.70758476060594,0.012064610930166,0.0956473270452736,0.0192443962567886,0.0541856202717221
28003,2021-05-26,491,"Alcorn","Mississippi",4.04805127825126,-0.0581277416178586,560.640608177483,3.64115708692625,0,490,4.04805127825126,2021-06-02,498,3.9756682705885,0.111897731995124,0.00523929979830622,0.0841396114803966,0.0182065008286113
28009,2021-05-26,491,"Benton","Mississippi",3.44316158076119,-0.00909097170125472,869.745165413502,3.3795247788524,0,490,3.44316158076119,2021-06-02,498,3.31158522297247,0.00461578325316316,0.0173123379289455,0.0205157202081471,0.0397321370067651
28013,2021-05-26,491,"Calhoun","Mississippi",3.5715427474094,-0.0277245480148482,619.822397591355,3.37747091130546,0,490,3.5715427474094,2021-06-02,498,3.41538201665411,0.00143725190875668,0.0243861738300245,0.0111001068588494,0.0457227712723826
28017,2021-05-26,491,"Chickasaw","Mississippi",3.18398856586776,-0.0117648415795892,761.635906512473,3.10163467481063,0,490,3.18398856586776,2021-06-02,498,3.11668488397165,0.000226508795790479,0.00452978559677189,0.00482891589022056,0.0215946380213893
28019,2021-05-26,491,"Choctaw","Mississippi",3.02390315052069,0.0281708769667014,383.658536896277,3.2210992892876,0.0281708769666977,383.658536896263,3.22109928928757,2021-06-02,498,3.27983652465789,0.00345006281894492,0.00345006281894795,0.0179085862751703,0.0179085862751782
28027,2021-05-26,491,"Coahoma","Mississippi",3.66721795733276,-0.0180836754333002,693.791626672295,3.54063222929966,0,490,3.66721795733276,2021-06-02,498,3.45225255246244,0.00781096727785054,0.0462101252910588,0.0256005826613627,0.0622681572693702
28029,2021-05-26,491,"Copiah","Mississippi",3.34739467566918,0.0151901654939723,270.634087792034,3.45372583412698,0.0151901654939741,270.63408779206,3.453725834127,2021-06-02,498,3.20158432775814,0.0635753392339494,0.0635753392339557,0.0787552288355314,0.0787552288355352
28031,2021-05-26,491,"Covington","Mississippi",4.17877324183889,0.0539456628917225,413.537364120886,4.55639288208095,0.0539456628917145,413.537364120875,4.55639288208089,2021-06-02,498,4.34750912979117,0.0436324219706582,0.0436324219706351,0.0480467656429772,0.0480467656429645
28033,2021-05-26,491,"DeSoto","Mississippi",6.49504973636134,-0.0158461559844961,900.881724168062,6.38412664446986,0,490,6.49504973636134,2021-06-02,498,6.40522845803084,0.000445286535562329,0.00806786204092398,0.00329446696542446,0.0140231186005358
28035,2021-05-26,491,"Forrest","Mississippi",4.74493212836325,0.0112430915741763,68.9690935488194,4.82363376938248,0.0112430915741779,68.9690935488803,4.8236337693825,2021-06-02,498,4.78391392143417,0.00157766632103754,0.00157766632103846,0.00830279319415742,0.00830279319415983
28039,2021-05-26,491,"George","Mississippi",3.78743112784243,-0.0596723314864097,554.470473391927,3.36972480743756,0,490,3.78743112784243,2021-06-02,498,3.60704943586631,0.0563229792588405,0.0325375548001699,0.065794670311122,0.0500081008545433
28043,2021-05-26,491,"Grenada","Mississippi",3.55534806148941,-0.016194685919984,710.537944672466,3.44198526004953,0,490,3.55534806148941,2021-06-02,498,3.3770998300831,0.00421011902192848,0.0317724319994803,0.0192133585712902,0.0527814516522398
28045,2021-05-26,491,"Hancock","Mississippi",4.11321304652648,0.0164903618994175,241.568661160081,4.22864557982241,0.0164903618994154,241.568661160051,4.22864557982239,2021-06-02,498,4.08717607274349,0.0200136214331516,0.0200136214331476,0.034613019982757,0.0346130199827535
28047,2021-05-26,491,"Harrison","Mississippi",5.77321969185142,0.00133362989315124,-3837.95192399282,5.78255510110348,0.00133362989315255,-3837.95192398857,5.78255510110349,2021-06-02,498,5.83313849587024,0.00255867982613008,0.00255867982612919,0.00867172874475278,0.00867172874475126
28049,2021-05-26,491,"Hinds","Mississippi",5.39816270151775,-0.0255278699533387,702.461540323764,5.21946761184438,0,490,5.39816270151775,2021-06-02,498,5.277385530507,0.00335448530220991,0.0145871250373601,0.0109747370791492,0.0228857964445792
28057,2021-05-26,491,"Itawamba","Mississippi",3.62243435470578,0.0270809586026747,357.236849003269,3.81200106492451,0.0270809586026703,357.236849003248,3.81200106492448,2021-06-02,498,3.82241084673846,0.000108363557414112,0.00010836355741474,0.00272335503203053,0.00272335503203843
28059,2021-05-26,491,"Jackson","Mississippi",4.91893762891555,-0.0257613421763077,681.942599001671,4.7386082336814,0,490,4.91893762891555,2021-06-02,498,4.9708048712983,0.0539152785205939,0.00269021083239057,0.0467120805641791,0.0104343750611155
28067,2021-05-26,491,"Jones","Mississippi",3.85318250540521,0.0030349036951527,-778.62266102857,3.87442683127128,0.00303490369515336,-778.622661028295,3.87442683127129,2021-06-02,498,4.01509519056796,0.0197875873072194,0.0197875873072182,0.0350348752943962,0.0350348752943951
28071,2021-05-26,491,"Lafayette","Mississippi",4.53719720240189,0.00459770924862974,-495.838653130167,4.56938116714229,0.00459770924862912,-495.8386531303,4.56938116714229,2021-06-02,498,4.43928424994241,0.0169252078649128,0.0169252078649116,0.0293058317231137,0.0293058317231127
28073,2021-05-26,491,"Lamar","Mississippi",4.3603651378927,-0.0126928267984224,834.529869834404,4.27151535030375,0,490,4.3603651378927,2021-06-02,498,4.2257904483556,0.00209076665816735,0.0181103470640071,0.0108204376215429,0.0318460395000108
28077,2021-05-26,491,"Lawrence","Mississippi",3.16003532484527,-0.00604231445596238,1013.98425510229,3.11773912365353,0,490,3.16003532484527,2021-06-02,498,3.11668488397165,1.11142130684485e-06,0.00187926072393669,0.000338256744305156,0.0139091510651444
28079,2021-05-26,491,"Leake","Mississippi",4.02535169073515,-0.0176995770994033,718.426433305622,3.90145465103933,0,490,4.02535169073515,2021-06-02,498,3.74444930526875,0.0246506786005391,0.0789061501607152,0.0419301566053144,0.0750183438379442
28081,2021-05-26,491,"Lee","Mississippi",4.00212484012533,-0.00260756340708293,2025.81400653743,3.98387189627575,0,490,4.00212484012533,2021-06-02,498,4.02535169073515,0.00172057334839391,0.000539486589250777,0.010304638612042,0.00577014193897068
28085,2021-05-26,491,"Lincoln","Mississippi",4.04305126783455,-0.0198517685527331,694.662019184579,3.90408888796542,0,490,4.04305126783455,2021-06-02,498,3.74444930526875,0.0254847963635672,0.0891631320481491,0.0426336611025939,0.0797452277283192
28087,2021-05-26,491,"Lowndes","Mississippi",4.35303909780063,-0.00732604009207531,1085.18717930705,4.3017568171561,0,490,4.35303909780063,2021-06-02,498,4.27864828022005,0.000534004479325073,0.00553399374030757,0.00540089659691956,0.0173865231981062
28089,2021-05-26,491,"Madison","Mississippi",4.82602540678429,-0.0102565001671893,961.533352324491,4.75422990561397,0,490,4.82602540678429,2021-06-02,498,4.74244456489145,0.000138894255945766,0.00698575713151597,0.00248507717090934,0.0176239997640865
28093,2021-05-26,491,"Marshall","Mississippi",5.18258579662472,-0.016700189317137,801.330960817707,5.06568447140476,0,490,5.18258579662472,2021-06-02,498,5.02763287046483,0.00144792433409196,0.0240104093255131,0.00756849235421909,0.0308202548102058
28095,2021-05-26,491,"Monroe","Mississippi",3.88890058800729,0.00586511945239781,-172.05564951749,3.92995642417408,0.0058651194523982,-172.055649517445,3.92995642417408,2021-06-02,498,3.74782198974739,0.0331729522039308,0.0331729522039318,0.0485974080212299,0.0485974080212306
28099,2021-05-26,491,"Neshoba","Mississippi",3.11033565629299,0.0389659685333862,411.178151003021,3.3830974360267,0.0389659685333807,411.17815100301,3.38309743602666,2021-06-02,498,3.20738144544246,0.0308761093469978,0.0308761093469844,0.0547848746939394,0.0547848746939275
28105,2021-05-26,491,"Oktibbeha","Mississippi",3.83174217416734,-0.0123078476745994,802.325121619369,3.74558724044515,0,490,3.83174217416734,2021-06-02,498,3.5715427474094,0.0302914855560716,0.0677037416851644,0.0487309001584802,0.0728535104183429
28107,2021-05-26,491,"Panola","Mississippi",4.48863636973214,-0.031598205450172,633.053521894159,4.26744893158094,0,490,4.48863636973214,2021-06-02,498,4.18531634042783,0.0067457625295238,0.0920030401771693,0.019623986449902,0.0724724261280827
28109,2021-05-26,491,"Pearl River","Mississippi",4.05797691805123,-0.0243914531241538,657.368805392442,3.88723674618215,0,490,4.05797691805123,2021-06-02,498,4.00733318523247,0.0144231546725676,0.00256478767381744,0.0299691673986311,0.0126377644378021
28113,2021-05-26,491,"Pike","Mississippi",4.12713438504509,-0.0317486983145849,620.993814050296,3.904893496843,0,490,4.12713438504509,2021-06-02,498,3.9262076404201,0.000454292716425415,0.0403715567055958,0.00542868475871634,0.0511757815751921
28115,2021-05-26,491,"Pontotoc","Mississippi",3.52214999207982,0.00847462699097419,75.3887883406494,3.58147238101664,0.00847462699097257,75.3887883405699,3.58147238101663,2021-06-02,498,3.54715129428523,0.00117793699442453,0.00117793699442374,0.00967567602394008,0.00967567602393682
28117,2021-05-26,491,"Prentiss","Mississippi",3.38196601973427,0.00975617494536539,144.35123256058,3.45025924435182,0.00975617494536518,144.351232560572,3.45025924435182,2021-06-02,498,3.23587340123677,0.0459612897281525,0.0459612897281519,0.0662528524858588,0.0662528524858583
28121,2021-05-26,491,"Rankin","Mississippi",5.31250200153999,0.017762456339844,191.914000862413,5.4368391959189,0.0177624563398426,191.914000862391,5.43683919591889,2021-06-02,498,5.37923880890026,0.00331780458469713,0.003317804584696,0.010707906650907,0.0107079066509052
28123,2021-05-26,491,"Scott","Mississippi",3.48781185449893,-0.0215991118034661,652.479411108896,3.33661807187466,0,490,3.48781185449893,2021-06-02,498,3.3964241029095,0.00357676134813977,0.00835172114057078,0.0176085286238559,0.026907049538113
28127,2021-05-26,491,"Simpson","Mississippi",3.2188758248682,-0.0337110573423196,586.48427366671,2.98289842347196,0,490,3.2188758248682,2021-06-02,498,3.17805383034795,0.0380856328329302,0.00166643523661171,0.0614072062003481,0.0128449663534445
28131,2021-05-26,491,"Stone","Mississippi",3.34235688163922,0.0101523714640177,161.780674891056,3.41342348188735,0.0101523714640184,161.780674891077,3.41342348188735,2021-06-02,498,3.36235754834589,0.00260772956846013,0.00260772956846059,0.0151875381505977,0.015187538150599
28133,2021-05-26,491,"Sunflower","Mississippi",3.33729357968267,-0.0151136378100536,711.813388651056,3.2314981150123,0,490,3.33729357968267,2021-06-02,498,3.16607763930123,0.0042798386422626,0.0293148982407023,0.0206629410785731,0.0540782507213666
28137,2021-05-26,491,"Tate","Mississippi",4.3603651378927,0.00182648452603502,-1896.2992493171,4.37315052957495,0.00182648452603473,-1896.29924931748,4.37315052957495,2021-06-02,498,4.34935585238433,0.000566186662605543,0.000566186662605458,0.00547085085658604,0.00547085085658563
28139,2021-05-26,491,"Tippah","Mississippi",3.36729582998647,-6.28036983473606e-16,5361620284465774,3.36729582998647,0,490,3.36729582998647,2021-06-02,498,3.18988828799495,0.0314734359554732,0.0314734359554747,0.055615597154041,0.0556155971540424
28141,2021-05-26,491,"Tishomingo","Mississippi",3.74444930526875,0.0101868453069911,123.423071871036,3.81575722241769,0.0101868453069924,123.423071871084,3.81575722241769,2021-06-02,498,3.67086094861126,0.0209949301629871,0.0209949301629898,0.0394720137414204,0.0394720137414229
28143,2021-05-26,491,"Tunica","Mississippi",3.04452243772342,0.0346055291774691,403.022081150383,3.28676114196571,0.0346055291774747,403.022081150398,3.28676114196575,2021-06-02,498,3.28519846779927,2.44195055043904e-06,2.44195055056257e-06,0.000475671160129468,0.000475671160141499
28145,2021-05-26,491,"Union","Mississippi",3.84098723231139,0.00307219903697144,-759.240360760554,3.86249262557019,0.00307219903697131,-759.240360760604,3.86249262557019,2021-06-02,498,3.89473150831808,0.00103934556083216,0.00103934556083222,0.0082775623118143,0.00827756231181453
28149,2021-05-26,491,"Warren","Mississippi",4.10382330617665,-0.0505854967881147,572.12648025117,3.74972482865984,0,490,4.10382330617665,2021-06-02,498,3.7744016275521,0.000608944403568882,0.108518642347814,0.00653793669230186,0.0872778551757339
28151,2021-05-26,491,"Washington","Mississippi",4.07995582477,0.00727275932907948,-69.9914531966789,4.13086514007356,0.00727275932908,-69.9914531966385,4.13086514007356,2021-06-02,498,4.20682254564879,0.0057695274617204,0.00576952746171986,0.0180557664962115,0.0180557664962107
28161,2021-05-26,491,"Yalobusha","Mississippi",3.69244452027843,-0.0452250980049448,572.645915280818,3.37586883424382,0,490,3.69244452027843,2021-06-02,498,3.3770998300831,1.51535075631918e-06,0.0994422736343925,0.000364512718372167,0.0933773669899408
29009,2021-05-26,491,"Barry","Missouri",3.22457384598284,-0.00566573753567861,1060.1357613509,3.18491368323309,0,490,3.22457384598284,2021-06-02,498,3.391627930646,0.0427307800834891,0.0279070672026488,0.060948385742756,0.0492548381129026
29015,2021-05-26,491,"Benton","Missouri",3.5305534028762,0.0168780377873522,281.819676590493,3.64869966738766,0.0168780377873499,281.819676590465,3.64869966738765,2021-06-02,498,3.34739467566918,0.0907846980344753,0.0907846980344657,0.0900117915310508,0.090011791531046
29019,2021-05-26,491,"Boone","Missouri",5.23568179555655,0.00993512184335089,-35.9871752061651,5.30522764846001,0.00993512184335099,-35.9871752061596,5.30522764846001,2021-06-02,498,5.17453422333718,0.0170807713703375,0.0170807713703378,0.0252570414035344,0.0252570414035346
29021,2021-05-26,491,"Buchanan","Missouri",4.9737737007921,-0.0659579677918018,566.408231443575,4.51206792624949,0,490,4.9737737007921,2021-06-02,498,4.67682617489452,0.0271452804965789,0.0881778331366929,0.0352286449151064,0.0634933852131623
29023,2021-05-26,491,"Butler","Missouri",3.97298370521783,-0.0106952891167464,862.470435427223,3.89811668140061,0,490,3.97298370521783,2021-06-02,498,3.76782265645406,0.0169765329367725,0.0420910559298525,0.0345807212352113,0.0544508241151816
29027,2021-05-26,491,"Callaway","Missouri",4.04805127825126,-0.0486714063758027,574.171035720549,3.70735143362064,0,490,4.04805127825126,2021-06-02,498,3.94296780927757,0.0555150764777079,0.011042535451544,0.0597560992262071,0.0266508564250595
29029,2021-05-26,491,"Camden","Missouri",3.29053181377464,0.0773866636154075,448.479342563109,3.83223845908249,0.0773866636154201,448.479342563116,3.83223845908258,2021-06-02,498,3.70657903121334,0.015790291812403,0.0157902918124251,0.0339017263117736,0.0339017263117974
29031,2021-05-26,491,"Cape Girardeau","Missouri",4.58204776856724,-0.0101819061451175,941.018660873677,4.51077442555141,0,490,4.58204776856724,2021-06-02,498,4.35670882668959,0.023736208752652,0.0507776387265367,0.0353628403895167,0.0517222864418201
29037,2021-05-26,491,"Cass","Missouri",4.93241631923601,-0.0274268080201448,670.83924033789,4.740428663095,0,490,4.93241631923601,2021-06-02,498,4.87519732320115,0.0181625917468073,0.00327401350723759,0.0276437344319962,0.011736754892475
29039,2021-05-26,491,"Cedar","Missouri",3.76120011569356,-0.0358929230606128,595.78946251722,3.50994965426927,0,490,3.76120011569356,2021-06-02,498,3.38680864421006,0.015163708358404,0.140168973919585,0.0363590102055906,0.110544028557252
29043,2021-05-26,491,"Christian","Missouri",4.92102313540657,-0.0267230701407506,675.148868729809,4.73396164442131,0,490,4.92102313540657,2021-06-02,498,4.76095218754743,0.000728489418243023,0.0256227083485212,0.00566914811636145,0.0336216247409096
29051,2021-05-26,491,"Cole","Missouri",4.20255814686233,0.00858374369139294,1.40498202709527,4.26264435270209,0.0085837436913927,1.4049820270814,4.26264435270208,2021-06-02,498,4.38023932409979,0.0138285772980262,0.0138285772980266,0.0268467000765692,0.0268467000765697
29055,2021-05-26,491,"Crawford","Missouri",3.89182029811063,-0.0343873423094812,604.175954776754,3.65110890194426,0,490,3.89182029811063,2021-06-02,498,3.630038954091,0.000443942702538913,0.0685294720767207,0.00580433106083066,0.0721152988522616
29059,2021-05-26,491,"Dallas","Missouri",4.1225154391888,0.0670107102829496,429.479753135257,4.59159041116944,0.0670107102829602,429.479753135267,4.59159041116952,2021-06-02,498,4.24645234041956,0.119120287880952,0.119120287881003,0.0812768031009582,0.0812768031009758
29065,2021-05-26,491,"Dent","Missouri",3.21314515015922,0.0173917427118693,306.248810691849,3.3348873491423,0.0173917427118719,306.248810691877,3.33488734914232,2021-06-02,498,3.61091791264422,0.0761928719871884,0.0761928719871783,0.076443322772682,0.076443322772677
29067,2021-05-26,491,"Douglas","Missouri",3.49650756146648,-6.28036983473606e-16,5567359333088915,3.49650756146648,0,490,3.49650756146648,2021-06-02,498,3.50512830451039,7.43172106291538e-05,7.43172106290772e-05,0.00245946575844846,0.00245946575844719
29069,2021-05-26,491,"Dunklin","Missouri",4.21740465497933,-0.00210305019677724,2496.3751743264,4.20268330360189,0,490,4.21740465497933,2021-06-02,498,4.30019661642625,0.00950884617798174,0.00685450888022838,0.0226764777340347,0.0192530641809877
29071,2021-05-26,491,"Franklin","Missouri",5.12140969959817,-0.0409242910780566,616.143516593357,4.83493966205177,0,490,5.12140969959817,2021-06-02,498,4.76826038085416,0.00444612654102956,0.124714441329354,0.0139839849068105,0.0740625071906712
29077,2021-05-26,491,"Greene","Missouri",6.16661761442333,-0.00835825761419957,1228.78745512068,6.10810981112393,0,490,6.16661761442333,2021-06-02,498,6.26990764277714,0.0261785383276811,0.0106688299573319,0.0258054569335804,0.0164739313939981
29091,2021-05-26,491,"Howell","Missouri",3.55534806148941,-0.0121705356202569,783.127493187055,3.47015431214762,0,490,3.55534806148941,2021-06-02,498,3.61477148196021,0.0209141258046058,0.00353114290044946,0.0400072786161783,0.0164390531372057
29095,2021-05-26,491,"Jackson","Missouri",6.87906181651183,-0.0363781452288668,680.098750726113,6.62441479990976,0,490,6.87906181651183,2021-06-02,498,6.67112837733064,0.00218215831545651,0.0432363151297168,0.00700235024401844,0.0311691557140128
29097,2021-05-26,491,"Jasper","Missouri",4.77551555173533,-0.0226334855207012,701.993377372986,4.61708115309043,0,490,4.77551555173533,2021-06-02,498,4.7411984588112,0.0154051055793854,0.00117766286676333,0.0261784666469963,0.00723806295438939
29099,2021-05-26,491,"Jefferson","Missouri",6.01336581106108,-0.0665673840345181,581.335017640814,5.54739412281946,0,490,6.01336581106108,2021-06-02,498,5.55295958492162,3.09743684105881e-05,0.211973893067985,0.00100225150517449,0.0829118633223341
29101,2021-05-26,491,"Johnson","Missouri",3.78093759853188,1.25607396694681e-15,-3010123366955652,3.78093759853189,0,490,3.78093759853188,2021-06-02,498,3.75453342433537,0.000697180415000206,0.000697180414999737,0.00703261130274655,0.00703261130274418
29105,2021-05-26,491,"Laclede","Missouri",3.9810158769151,-0.013245226750023,791.562304598386,3.88829928966494,0,490,3.9810158769151,2021-06-02,498,3.97029191355212,0.00672279037190532,0.000115003390210454,0.0206515353713193,0.00270105160942225
29107,2021-05-26,491,"Lafayette","Missouri",4.21740465497933,0.0105821093305372,92.4589791839518,4.29147942029309,0.0105821093305387,92.4589791840084,4.2914794202931,2021-06-02,498,4.34750912979117,0.00313932834643918,0.00313932834643799,0.0128877727050963,0.0128877727050938
29109,2021-05-26,491,"Lawrence","Missouri",3.93741223943297,0.0140254753545028,210.267109319836,4.03559056691449,0.0140254753545044,210.267109319868,4.0355905669145,2021-06-02,498,3.94573406277046,0.00807419133698564,0.00807419133698772,0.0227730766226388,0.0227730766226417
29111,2021-05-26,491,"Lewis","Missouri",3.16607763930123,-0.0584962066815968,545.124494884508,2.75660419253005,0,490,3.16607763930123,2021-06-02,498,3.25258688221051,0.245998828462665,0.00748384910873761,0.152488682898267,0.026597058293026
29113,2021-05-26,491,"Lincoln","Missouri",5.26120870715244,-0.0735783391769955,562.504858168875,4.74616033291348,0,490,5.26120870715244,2021-06-02,498,5.24702407216049,0.250864485292497,0.000201203869855076,0.0954567260143667,0.00270336762265268
29115,2021-05-26,491,"Linn","Missouri",4.5155580272984,0.160682381690445,462.897615782186,5.64033469913152,0.160682381690473,462.89761578219,5.64033469913171,2021-06-02,498,5.20635870697722,0.188335161766307,0.188335161766473,0.0833549927270111,0.0833549927270478
29117,2021-05-26,491,"Livingston","Missouri",4.91475352239297,0.139237970657614,455.702491000258,5.88941931699627,0.139237970657637,455.702491000263,5.88941931699643,2021-06-02,498,5.56779909878439,0.103439564762654,0.103439564762757,0.0577643360519409,0.0577643360519695
29119,2021-05-26,491,"McDonald","Missouri",3.59926729542425,0.039845908547195,400.670341908225,3.87818865525461,0.0398459085472012,400.670341908239,3.87818865525466,2021-06-02,498,3.60316593583991,0.0756374961942615,0.0756374961942852,0.0763280748963342,0.0763280748963462
29121,2021-05-26,491,"Macon","Missouri",3.09104245335832,0.0881927120354491,455.951271119592,3.70839143760646,0.0881927120354633,455.951271119598,3.70839143760656,2021-06-02,498,3.3722098447889,0.113018063349351,0.113018063349417,0.0996917772887301,0.0996917772887595
29123,2021-05-26,491,"Madison","Missouri",3.58351893845611,-0.0273989741881198,621.790259294084,3.39172611913927,0,490,3.58351893845611,2021-06-02,498,3.40119738166216,8.97048137773848e-05,0.0332411500717712,0.00278468476247483,0.0536051091233213
29145,2021-05-26,491,"Newton","Missouri",4.7523579050601,0.0174133753251952,218.085770776216,4.87425153233647,0.0174133753251979,218.085770776259,4.87425153233649,2021-06-02,498,4.88604341651054,0.000139048532374736,0.000139048532374276,0.00241338096469345,0.00241338096468945
29155,2021-05-26,491,"Pemiscot","Missouri",3.09104245335832,-0.0192932029346738,651.214064187501,2.9559900328156,0,490,3.09104245335832,2021-06-02,498,3.00991690854595,0.00290810792603648,0.00658135402110349,0.0179164001428864,0.0269527522776562
29157,2021-05-26,491,"Perry","Missouri",3.56347818757266,-0.0703414893582563,541.659692026472,3.07108776206487,0,490,3.56347818757266,2021-06-02,498,3.07797037179096,4.73703166417008e-05,0.235717839185119,0.0022360870621661,0.157736351275923
29159,2021-05-26,491,"Pettis","Missouri",4.05302641289137,-0.00741659765505067,1037.48055636823,4.00111022930602,0,490,4.05302641289137,2021-06-02,498,3.81299162482197,0.0353886093530257,0.0576166994835229,0.0493362228386304,0.0629518267249301
29161,2021-05-26,491,"Phelps","Missouri",4.06780500698749,-0.0336570230034692,611.860511239161,3.8322058459632,0,490,4.06780500698749,2021-06-02,498,3.91487607441055,0.0068343666715367,0.0233872584191211,0.0211169464565479,0.0390635436908338
29165,2021-05-26,491,"Platte","Missouri",4.16111273868694,-0.0435798807040183,586.482426098134,3.85605357375881,0,490,4.16111273868694,2021-06-02,498,3.83174217416734,0.000591044150096111,0.108484968771958,0.00634473784676096,0.085958436019034
29167,2021-05-26,491,"Polk","Missouri",4.29436569611546,0.100391292944529,448.223723590368,4.99710474672716,0.100391292944515,448.223723590363,4.99710474672706,2021-06-02,498,4.78152157579554,0.0464761035889323,0.0464761035888898,0.0450867297186152,0.0450867297185946
29169,2021-05-26,491,"Pulaski","Missouri",3.74444930526875,-0.0332256476283138,603.697556633263,3.51186977187055,0,490,3.74444930526875,2021-06-02,498,3.51367536508885,3.26016686995606e-06,0.0532566114661566,0.000513875936358799,0.0656787882206829
29171,2021-05-26,491,"Putnam","Missouri",3.96759285658296,0.132759489845962,461.114431283319,4.89690928550469,0.132759489845941,461.114431283315,4.89690928550455,2021-06-02,498,4.59656181145149,0.0902086051701391,0.0902086051700511,0.0653417676892633,0.0653417676892314
29177,2021-05-26,491,"Ray","Missouri",3.74782198974739,0.0307716586667498,369.205395739779,3.96322360041463,0.0307716586667541,369.205395739796,3.96322360041466,2021-06-02,498,3.78093759853188,0.0332281864823979,0.0332281864824089,0.048211851460741,0.048211851460749
29183,2021-05-26,491,"St. Charles","Missouri",6.59792497330735,-0.0365206440112251,671.662886757402,6.34228046522877,0,490,6.59792497330735,2021-06-02,498,6.45092168568974,0.0118029147832491,0.0216099665703846,0.0168411935153347,0.0227879510525926
29187,2021-05-26,491,"St. Francois","Missouri",4.54935540688169,-0.0224057169752718,694.044402100706,4.39251538805479,0,490,4.54935540688169,2021-06-02,498,4.33261127511053,0.00358850274763883,0.0469780186572357,0.0138263299291103,0.0500262123713452
29189,2021-05-26,491,"St. Louis","Missouri",7.61965411459229,-0.0403255516493644,679.953499777166,7.33737525304674,0,490,7.61965411459229,2021-06-02,498,7.3397232069563,5.51288756142902e-06,0.078361313049908,0.000319896792202876,0.0381391640723836
29201,2021-05-26,491,"Scott","Missouri",3.29583686600433,0.00530505222969104,-130.263792193856,3.33297223161217,0.00530505222969158,-130.263792193794,3.33297223161217,2021-06-02,498,3.46126162240481,0.0164581677899467,0.0164581677899458,0.0370643438110025,0.0370643438110015
29205,2021-05-26,491,"Shelby","Missouri",4.16111273868694,0.0502388745136203,408.173448271441,4.51278486028228,0.0502388745136289,408.173448271455,4.51278486028234,2021-06-02,498,4.27069595202955,0.058607039498999,0.0586070394990279,0.0566860556152876,0.0566860556153015
29207,2021-05-26,491,"Stoddard","Missouri",3.27444567602301,0,490,3.27444567602301,0,490,3.27444567602301,2021-06-02,498,3.21314515015922,0.00375775447117757,0.00375775447117757,0.0190780444079084,0.0190780444079084
29209,2021-05-26,491,"Stone","Missouri",3.88890058800729,0.0296757681461136,359.953667219004,4.09663096503009,0.0296757681461179,359.953667219023,4.09663096503012,2021-06-02,498,4.04305126783455,0.00287078395156552,0.00287078395156876,0.0132522923025497,0.0132522923025572
29213,2021-05-26,491,"Taney","Missouri",4.61794537747681,0.0286142555184695,329.613820496008,4.8182451661061,0.0286142555184661,329.613820495989,4.81824516610607,2021-06-02,498,4.90315613357815,0.00720987239703921,0.00720987239704328,0.01731761444237,0.0173176144423749
29215,2021-05-26,491,"Texas","Missouri",3.09751496786393,0.0462128431551247,423.972854375863,3.4210048699498,0.0462128431551316,423.972854375873,3.42100486994985,2021-06-02,498,3.630038954091,0.0436952483327494,0.0436952483327292,0.0575845291978532,0.0575845291978399
29219,2021-05-26,491,"Warren","Missouri",4.44433051801004,-0.0232182901020118,682.415065385239,4.28180248729595,0,490,4.44433051801004,2021-06-02,498,4.27268997063642,8.30379598703626e-05,0.029460477502716,0.00213273528436723,0.040171542647185
29221,2021-05-26,491,"Washington","Missouri",4.02023659006838,-0.0500104205746522,571.387978022845,3.67016364604581,0,490,4.02023659006838,2021-06-02,498,3.61091791264422,0.00351005692629211,0.167541779688259,0.0164073886016987,0.113355852258745
29225,2021-05-26,491,"Webster","Missouri",3.84405002184194,-0.00913248356326926,911.92055191894,3.78012263689906,0,490,3.84405002184194,2021-06-02,498,4.31367131500961,0.28467419191352,0.220544158996474,0.123687837841063,0.10886812157746
29229,2021-05-26,491,"Wright","Missouri",3.35240721749272,0.0618754037180776,436.820034843453,3.78553504351927,0.0618754037180871,436.820034843461,3.78553504351933,2021-06-02,498,3.6959969218828,0.00801707522618672,0.00801707522619865,0.0242257024366932,0.0242257024367112
29510,2021-05-26,491,"St. Louis city","Missouri",6.58360679204976,-0.0417855759582073,648.556923437755,6.2911077603423,0,490,6.58360679204976,2021-06-02,498,6.34061122462592,0.00245059297607938,0.0590468457876309,0.00780736470505459,0.0383236818684101
30005,2021-05-26,491,"Blaine","Montana",3.63381967693091,0.015209418663531,252.080961914471,3.74028560757563,0.0152094186635297,252.08096191445,3.74028560757562,2021-06-02,498,3.53888678443534,0.0405614859622922,0.0405614859622884,0.0569102193452681,0.0569102193452655
30013,2021-05-26,491,"Cascade","Montana",5.73841391862584,-0.0624088400724773,582.948735338802,5.3015520381185,0,490,5.73841391862584,2021-06-02,498,5.54126354515843,0.0574616066073518,0.0388682697583419,0.0432593586438183,0.0355785953620042
30029,2021-05-26,491,"Flathead","Montana",5.79388430935339,-0.0257746226886113,715.790266742235,5.61346195053311,0,490,5.79388430935339,2021-06-02,498,5.6534911843605,0.00160233956080808,0.0197102295452681,0.00708044507757035,0.0248329961814147
30031,2021-05-26,491,"Gallatin","Montana",5.70711026474888,-0.0819757802186076,560.61946869587,5.13327980321862,0,490,5.70711026474888,2021-06-02,498,5.22957956456891,0.00927364403612239,0.228035569614368,0.0184144366026538,0.0913134018297185
30041,2021-05-26,491,"Hill","Montana",3.48781185449893,-0.0301098014713649,606.83642814171,3.27704324419937,0,490,3.48781185449893,2021-06-02,498,3.11668488397165,0.0257148036949222,0.13773522825275,0.051451579546075,0.119077476339006
30043,2021-05-26,491,"Jefferson","Montana",3.03769647265303,0.0137933221323347,270.770497382065,3.13424972757937,0.0137933221323365,270.770497382094,3.13424972757938,2021-06-02,498,3.01693448120459,0.0137628670319742,0.0137628670319773,0.0388855797517797,0.038885579751784
30047,2021-05-26,491,"Lake","Montana",4.30599373411057,-0.00192492840958659,2727.96305414046,4.29251923524347,0,490,4.30599373411057,2021-06-02,498,4.21950770517611,0.00533068352277726,0.00747983320085363,0.0173033290063193,0.0204967107485963
30049,2021-05-26,491,"Lewis and Clark","Montana",5.07428055925661,-0.0316649146439731,651.249304831852,4.8526261567488,0,490,5.07428055925661,2021-06-02,498,4.89996972620873,0.0022414135692076,0.0303842665178452,0.00966201264605879,0.0355738591843807
30063,2021-05-26,491,"Missoula","Montana",5.01158722182164,0.00190476248065278,-2140.08249596774,5.02492055918621,0.00190476248065252,-2140.0824959681,5.0249205591862,2021-06-02,498,5.04893983677776,0.00057692569602001,0.000576925696020095,0.00475729130630336,0.00475729130630371
30067,2021-05-26,491,"Park","Montana",4.73745079671096,-0.0283794492898968,657.93244285038,4.53879465168168,0,490,4.73745079671096,2021-06-02,498,4.32507828280299,0.045674686326695,0.170051090226782,0.0494132949520145,0.0953445202477871
30081,2021-05-26,491,"Ravalli","Montana",4.47082213345701,-0.0353166719249053,617.592396445606,4.22360542998268,0,490,4.47082213345701,2021-06-02,498,4.59367580656236,0.136952083621827,0.0150930249954747,0.0805608388931174,0.0267440886729185
30093,2021-05-26,491,"Silver Bow","Montana",3.20158432775814,-0.034289073478623,584.37039479221,2.96156081340778,0,490,3.20158432775814,2021-06-02,498,3.36235754834589,0.160638022737052,0.0258480284581579,0.119201104931653,0.0478156229003201
30099,2021-05-26,491,"Teton","Montana",3.61091791264422,-6.28036983473606e-16,5749530692719605,3.61091791264422,0,490,3.61091791264422,2021-06-02,498,3.40119738166216,0.0439827011153991,0.0439827011154009,0.0616607939641464,0.0616607939641477
30111,2021-05-26,491,"Yellowstone","Montana",5.92081213608142,-0.00953659716649936,1111.85165522985,5.85405595591592,0,490,5.92081213608142,2021-06-02,498,5.88531006554898,0.000976819368955311,0.00126039701209006,0.00531052897552718,0.00603231947629329
31001,2021-05-26,491,"Adams","Nebraska",4.47733681447821,0.00162469572700106,-2264.8002031203,4.48870968456721,0.00162469572700186,-2264.80020311895,4.48870968456722,2021-06-02,498,5.40332067555802,0.836513264841185,0.836513264841175,0.169268315894716,0.169268315894715
31043,2021-05-26,491,"Dakota","Nebraska",3.48781185449893,-0.0385486701172279,581.478136960169,3.21797116367833,0,490,3.48781185449893,2021-06-02,498,3.11033565629299,0.011585402450099,0.142488280212005,0.0346057529731763,0.121361884992124
31053,2021-05-26,491,"Dodge","Nebraska",3.65989191724069,-0.0606246218164235,551.369727803386,3.23551956452572,0,490,3.65989191724069,2021-06-02,498,3.19575340744735,0.00158134724878199,0.215424556273182,0.012443437277014,0.145236021249861
31055,2021-05-26,491,"Douglas","Nebraska",6.93675914225272,-0.0427850955183563,653.130271259453,6.63726347362423,0,490,6.93675914225272,2021-06-02,498,6.47455185340115,0.0264750713556192,0.213635577867521,0.0251309471152979,0.0713883059888956
31079,2021-05-26,491,"Hall","Nebraska",4.70048036579242,-0.0218377335696652,706.245796950369,4.54761623080476,0,490,4.70048036579242,2021-06-02,498,4.16111273868694,0.149384949419269,0.290917437169392,0.0928846480232071,0.129621007883501
31109,2021-05-26,491,"Lancaster","Nebraska",5.98967723653389,-0.0614030202484402,588.546948216868,5.5598560947948,0,490,5.98967723653389,2021-06-02,498,4.86643494512217,0.480832890813323,1.26167324521585,0.14249058242681,0.230814200555089
31111,2021-05-26,491,"Lincoln","Nebraska",4.54632968596516,-0.0165293019512063,766.046683724799,4.43062457230671,0,490,4.54632968596516,2021-06-02,498,5.57323980861451,1.30556957824272,1.0545443999997,0.205018135868057,0.184257300585212
31119,2021-05-26,491,"Madison","Nebraska",4.38381075646738,-0.012400513198452,844.518494461554,4.29700716407822,0,490,4.38381075646738,2021-06-02,498,4.20682254564879,0.00813326540126159,0.0313248267687665,0.0214377044552802,0.0420717082544058
31185,2021-05-26,491,"York","Nebraska",3.56751859710967,-0.00803217169726304,935.15367743263,3.51129339522883,0,490,3.56751859710967,2021-06-02,498,3.24147565678544,0.0728016119787024,0.106303998935266,0.0832391685183781,0.100584725861419
32001,2021-05-26,491,"Churchill","Nevada",3.45225255246244,-0.00451468035452715,1255.67264155272,3.42064978998075,0,490,3.45225255246244,2021-06-02,498,3.3770998300831,0.00189659900708734,0.00564793168102689,0.0128956684992588,0.0222536277162691
32003,2021-05-26,491,"Clark","Nevada",8.69908608491864,-0.022073663338017,885.09344754916,8.54457044155252,0,490,8.69908608491864,2021-06-02,498,8.50962174306276,0.00122141152612817,0.0358967368348816,0.00410696262947895,0.0222647195817294
32005,2021-05-26,491,"Douglas","Nevada",4.59367580656236,0.00289435802636382,-1096.11388318928,4.6139363127469,0.00289435802636451,-1096.11388318891,4.61393631274691,2021-06-02,498,4.49663001741289,0.013760766924992,0.0137607669249931,0.0260876022442937,0.0260876022442947
32007,2021-05-26,491,"Elko","Nevada",4.98458461689631,0.0542301540608554,399.084631083608,5.3641956953223,0.0542301540608632,399.084631083621,5.36419569532235,2021-06-02,498,5.11799381241676,0.0606153671462358,0.0606153671462625,0.0481051544666262,0.0481051544666368
32013,2021-05-26,491,"Humboldt","Nevada",3.00284974132285,-0.0348467313301773,577.173067794234,2.75892262201161,0,490,3.00284974132285,2021-06-02,498,3.04452243772342,0.0815672547346206,0.0017366136252941,0.0938077552568054,0.0136877613001701
32019,2021-05-26,491,"Lyon","Nevada",4.47082213345701,-0.0462971744083522,587.567926457526,4.14674191259855,0,490,4.47082213345701,2021-06-02,498,4.13858926401986,6.64656788476056e-05,0.110378679534445,0.00196991004871322,0.0802768403053491
32023,2021-05-26,491,"Nye","Nevada",3.81299162482197,0.0685423195532305,435.370256949638,4.29278786169458,0.0685423195532202,435.37025694963,4.29278786169451,2021-06-02,498,3.84098723231139,0.204123808711043,0.204123808710978,0.117626173183426,0.117626173183407
32031,2021-05-26,491,"Washoe","Nevada",6.16421665288579,-0.0414948450286441,639.553793817777,5.87375273768528,0,490,6.16421665288579,2021-06-02,498,5.80771339750443,0.00436119445152105,0.127094571097501,0.0113709709244984,0.0613844435805907
32510,2021-05-26,491,"Carson City","Nevada",4.48219512362928,-0.0286643828875619,647.368101180165,4.28154444341635,0,490,4.48219512362928,2021-06-02,498,4.35303909780063,0.00511148560552759,0.0166812790078519,0.0164240781619449,0.0296703114598511
33001,2021-05-26,491,"Belknap","New Hampshire",5.06620514525107,-0.0466428582122883,599.616953150533,4.73970513776505,0,490,5.06620514525107,2021-06-02,498,4.77551555173533,0.00128238574872308,0.0845004397783431,0.00749875350259736,0.0608708296238515
33003,2021-05-26,491,"Carroll","New Hampshire",4.77068462446567,-0.0553407823186164,577.205586993678,4.38329914823535,0,490,4.77068462446567,2021-06-02,498,4.37665509087197,4.4143498247877e-05,0.155259273344064,0.00151806738832046,0.0900298345225991
33005,2021-05-26,491,"Cheshire","New Hampshire",5.65048215500888,-0.01446048633106,881.753258614274,5.54925875069146,0,490,5.65048215500888,2021-06-02,498,5.42053499927229,0.0165698041794255,0.05287569443135,0.0237474255652728,0.0424214871350274
33007,2021-05-26,491,"Coos","New Hampshire",4.84418708645859,-0.0100728327882949,971.916062866424,4.77367725694053,0,490,4.84418708645859,2021-06-02,498,4.68477323658706,0.00790392483501043,0.0254127755308645,0.0189772302443905,0.034028082432368
33009,2021-05-26,491,"Grafton","New Hampshire",5.42620787928247,-0.0508532227116427,597.703323603523,5.07023532030097,0,490,5.42620787928247,2021-06-02,498,5.07962816558321,8.82255424960115e-05,0.120117497947863,0.00184912063955314,0.0682293471887369
33011,2021-05-26,491,"Hillsborough","New Hampshire",7.07737749175101,-0.0377403279828554,678.528245514085,6.81319519587102,0,490,7.07737749175101,2021-06-02,498,6.77340722645106,0.00158308251056402,0.0923979221865234,0.00587414400016981,0.0448770102162037
33013,2021-05-26,491,"Merrimack","New Hampshire",5.80211837537706,-0.0434942947183636,624.399527752944,5.49765831234852,0,490,5.80211837537706,2021-06-02,498,5.50475064715623,5.03012130246374e-05,0.088427565787221,0.00128840255668487,0.0540201995115723
33015,2021-05-26,491,"Rockingham","New Hampshire",6.65064859774166,-0.0361036944253796,675.209641245648,6.39792273676401,0,490,6.65064859774166,2021-06-02,498,6.33302585323667,0.00421160549156128,0.100884207826887,0.0102473738511858,0.0501533945803598
33017,2021-05-26,491,"Strafford","New Hampshire",5.97126183979046,-0.0428025392347674,630.507186875963,5.67164406514709,0,490,5.97126183979046,2021-06-02,498,5.71608740984658,0.00197521088807773,0.0651139896971849,0.00777513384818644,0.0446414499372973
33019,2021-05-26,491,"Sullivan","New Hampshire",4.86423230105983,-0.0421001189367449,606.539633234013,4.56953146850261,0,490,4.86423230105983,2021-06-02,498,4.55086484113055,0.000348442977447461,0.0981991649425272,0.00410177582145595,0.0688588808652531
34001,2021-05-26,491,"Atlantic","New Jersey",6.23300918379308,-0.075089257716461,574.008001055611,5.70738437977785,0,490,6.23300918379308,2021-06-02,498,5.66296048013595,0.00197348285939437,0.324955524541181,0.00784464235583756,0.100662666754731
34003,2021-05-26,491,"Bergen","New Jersey",7.99578799124457,-0.0334121559092192,730.307754129039,7.76190289988003,0,490,7.99578799124457,2021-06-02,498,6.96413561241824,0.636432644944138,1.06430663073801,0.114553669236313,0.148137893378571
34005,2021-05-26,491,"Burlington","New Jersey",5.43309797857299,-0.215876259588248,516.167649230794,3.92196416145526,0,490,5.43309797857299,2021-06-02,498,4.44096917030733,0.269366199213543,0.984319572190638,0.116867509984574,0.223403669383501
34007,2021-05-26,491,"Camden","New Jersey",7.23376480860998,-0.0576967533619282,616.375595455658,6.82988753507649,0,490,7.23376480860998,2021-06-02,498,6.88463286156128,0.00299705077192702,0.121893116450017,0.00795181494578376,0.05071177418886
34009,2021-05-26,491,"Cape May","New Jersey",5.27153328264122,-0.0542602751908457,588.152719261007,4.8917113563053,0,490,5.27153328264122,2021-06-02,498,4.84643427841549,0.00205001378223958,0.180709163393704,0.00934234847493056,0.0877137664115214
34011,2021-05-26,491,"Cumberland","New Jersey",6.31147550667512,-0.0301427673813335,700.386066873993,6.10047613500579,0,490,6.31147550667512,2021-06-02,498,5.76025282114426,0.11575190329492,0.303846449043856,0.0590639550772258,0.0956941826420326
34013,2021-05-26,491,"Essex","New Jersey",6.55779245217843,-0.171348674798049,529.271626319301,5.35835172859208,0,490,6.55779245217843,2021-06-02,498,6.14418563412565,0.617534927086138,0.171070599939745,0.12789878957578,0.0673167841406925
34015,2021-05-26,491,"Gloucester","New Jersey",6.59656084954519,-0.0680303699493958,587.964941605521,6.12034825989942,0,490,6.59656084954519,2021-06-02,498,6.03650619777242,0.00702949138170835,0.313661212972324,0.0138891702219975,0.0927779469487574
34017,2021-05-26,491,"Hudson","New Jersey",6.84481547920826,-0.113497109105119,551.308280388611,6.05033571547243,0,490,6.84481547920826,2021-06-02,498,5.90963452886035,0.0197968239140472,0.874563409893624,0.0238087797011727,0.158246833333069
34019,2021-05-26,491,"Hunterdon","New Jersey",5.46080058112233,-0.0293170861742128,677.266825723138,5.25558097790284,0,490,5.46080058112233,2021-06-02,498,5.00681849556955,0.0618827726166177,0.206099734002847,0.0496847414287956,0.0906727667388973
34021,2021-05-26,491,"Mercer","New Jersey",6.28173255884912,-0.0543343509633372,606.612544320034,5.90139210210576,0,490,6.28173255884912,2021-06-02,498,6.04973345523196,0.0220051570473124,0.053823584079165,0.0245203122127492,0.0383486488014641
34023,2021-05-26,491,"Middlesex","New Jersey",6.87183198051953,-0.0991663379689325,560.296014366008,6.177667614737,0,490,6.87183198051953,2021-06-02,498,6.58735322253842,0.167842297239617,0.0809281637424749,0.0621927493427393,0.0431855934197934
34025,2021-05-26,491,"Monmouth","New Jersey",6.8749368843224,-0.0594603256061436,606.622254238245,6.4587146050794,0,490,6.8749368843224,2021-06-02,498,6.45249950637096,3.86274519556823e-05,0.178453338290494,0.000963207932415312,0.0654687966321189
34027,2021-05-26,491,"Morris","New Jersey",6.18385429673886,-0.0994799709417576,553.161802403011,5.48749450014656,0,490,6.18385429673886,2021-06-02,498,5.98860331482695,0.25111004415039,0.0381229459375645,0.0836770759952857,0.0326037594489678
34029,2021-05-26,491,"Ocean","New Jersey",6.8495206559847,-0.0650683625760046,596.26652869102,6.39404211795267,0,490,6.8495206559847,2021-06-02,498,6.3750248198281,0.000361657627959018,0.225146298529959,0.00298309397407008,0.0744304296166494
34031,2021-05-26,491,"Passaic","New Jersey",7.03174125876313,-0.0709932251574255,590.048060475777,6.53478868266115,0,490,7.03174125876313,2021-06-02,498,6.53917298844269,1.9222137186057e-05,0.242623500926468,0.00067046793062214,0.075325774557578
34033,2021-05-26,491,"Salem","New Jersey",5.18017712424381,-0.0788052369055578,556.73391982124,4.62854046590491,0,490,5.18017712424381,2021-06-02,498,4.60944674275535,0.000364570263712096,0.32573316835397,0.00414230258318331,0.123817545432211
34035,2021-05-26,491,"Somerset","New Jersey",6.26394233224596,-0.0596482858793538,596.014624308158,5.84640433109048,0,490,6.26394233224596,2021-06-02,498,5.67626444576231,0.0289475805794833,0.345365298261888,0.0299739180501345,0.103532506650987
34037,2021-05-26,491,"Sussex","New Jersey",5.87412784040344,-0.0716666698713401,572.964570852099,5.37246115130406,0,490,5.87412784040344,2021-06-02,498,5.33616350903815,0.00131751883406379,0.289405621821301,0.00680219828429696,0.100814813949031
34039,2021-05-26,491,"Union","New Jersey",6.85586029985923,-0.0956384163563993,562.685213547563,6.18639138536443,0,490,6.85586029985923,2021-06-02,498,6.27449295087842,0.00776188584601514,0.337987994460975,0.0140412247178717,0.0926556701126614
34041,2021-05-26,491,"Warren","New Jersey",5.54238336610411,-0.0368072309663817,641.578655894172,5.28473274933944,0,490,5.54238336610411,2021-06-02,498,5.1809806598435,0.0107644960747748,0.130611916092499,0.0200255697343367,0.0697556563107369
35001,2021-05-26,491,"Bernalillo","New Mexico",7.16527265138765,-0.0353654384454264,693.606639882173,6.91771458226967,0,490,7.16527265138765,2021-06-02,498,6.89191621495239,0.000665555756237239,0.0747237413405863,0.00374327930181563,0.0396633429527483
35005,2021-05-26,491,"Chaves","New Mexico",4.38381075646738,-0.0470060423759381,584.260579595431,4.05476845983582,0,490,4.38381075646738,2021-06-02,498,4.28653786749521,0.053717058326786,0.00946201492899278,0.0540691380372256,0.02269264660177
35006,2021-05-26,491,"Cibola","New Mexico",3.34235688163922,0.0465200156349,419.15228378531,3.66799699108352,0.0465200156348931,419.1522837853,3.66799699108347,2021-06-02,498,3.31158522297247,0.127029348448049,0.127029348448014,0.107625727291759,0.107625727291745
35007,2021-05-26,491,"Colfax","New Mexico",3.14784005175145,0.00615386557438161,-20.5223941283069,3.19091711077212,0.00615386557438091,-20.5223941283648,3.19091711077212,2021-06-02,498,3.24147565678544,0.00255616657498117,0.00255616657498167,0.0155973856868203,0.0155973856868218
35009,2021-05-26,491,"Curry","New Mexico",4.89677313318311,-0.0137787023561672,846.387104431599,4.80032221668994,0,490,4.89677313318311,2021-06-02,498,4.54935540688169,0.062984339625328,0.120699076548445,0.0551653558279079,0.0763663629743866
35011,2021-05-26,491,"De Baca","New Mexico",3.25809653802148,-0.010929070532188,789.112865904362,3.18159304429617,0,490,3.25809653802148,2021-06-02,498,3.11668488397165,0.00421306927671248,0.0199972559011081,0.0208260259669876,0.0453724580168732
35013,2021-05-26,491,"Doña Ana","New Mexico",5.36330221663745,-0.0413038061412437,620.85007237098,5.07417557364874,0,490,5.36330221663745,2021-06-02,498,5.18017712424381,0.0112363287285594,0.0335347994641772,0.0204629200995795,0.0353511256471499
35015,2021-05-26,491,"Eddy","New Mexico",4.11087386417331,-0.041290268937622,590.560355743473,3.82184198160996,0,490,4.11087386417331,2021-06-02,498,3.81928095372953,6.55886380431931e-06,0.085026425421074,0.000670552366126707,0.0763475936901261
35019,2021-05-26,491,"Guadalupe","New Mexico",3.66356164612965,0.0373177630071881,392.827940613054,3.92478598717996,0.0373177630071941,392.82794061307,3.92478598718001,2021-06-02,498,3.72397077392521,0.0403267498745537,0.0403267498745706,0.0539250239719499,0.0539250239719612
35025,2021-05-26,491,"Lea","New Mexico",3.65251180994306,0.0377403279828542,394.219924013314,3.91669410582304,0.0377403279828488,394.219924013301,3.916694105823,2021-06-02,498,3.93741223943297,0.000429241060278682,0.000429241060280265,0.00526186549694581,0.00526186549695551
35027,2021-05-26,491,"Lincoln","New Mexico",4.24029847484518,-0.0223814021961388,680.456336903534,4.08362865947221,0,490,4.24029847484518,2021-06-02,498,4.03550406219917,0.00231597686269233,0.0419407514510251,0.0119253001685283,0.0507481616892261
35029,2021-05-26,491,"Luna","New Mexico",3.82241084673846,-0.0368139731227221,594.830435090398,3.5647130348794,0,490,3.82241084673846,2021-06-02,498,3.49650756146648,0.00465198660348106,0.106212951351068,0.0195067427179587,0.093208231225815
35031,2021-05-26,491,"McKinley","New Mexico",4.57323713888508,-0.0204386676772699,714.754170824503,4.43016646514419,0,490,4.57323713888508,2021-06-02,498,4.38914410244275,0.00168283424160918,0.0338902460665596,0.00934632396293793,0.0419428098384561
35035,2021-05-26,491,"Otero","New Mexico",5.40973095391894,0.0064102783609214,-352.915138989589,5.45460290244539,0.00641027836092167,-352.915138989554,5.45460290244539,2021-06-02,498,5.21803653528724,0.0559636460704075,0.0559636460704084,0.045336280334253,0.0453362803342533
35037,2021-05-26,491,"Quay","New Mexico",4.14991441337691,-0.0332256476283252,615.900933754533,3.91733487997864,0,490,4.14991441337691,2021-06-02,498,3.52636052461616,0.152860946551102,0.388819452188653,0.110871918124432,0.176826471487518
35039,2021-05-26,491,"Rio Arriba","New Mexico",3.78418963391826,0.0163669774642065,259.791174656772,3.89875847616771,0.0163669774642048,259.791174656748,3.89875847616769,2021-06-02,498,4.13173209429372,0.0542767067427259,0.0542767067427315,0.0563864289380647,0.0563864289380676
35041,2021-05-26,491,"Roosevelt","New Mexico",4.53413441287134,-0.0346681289458828,621.78682209672,4.29145751025016,0,490,4.53413441287134,2021-06-02,498,4.16555719044736,0.0158508905264462,0.135849168889772,0.0302241246600852,0.0884820938887148
35043,2021-05-26,491,"Sandoval","New Mexico",5.31390946130787,-0.00561011289076386,1438.20187717726,5.27463867107253,0,490,5.31390946130787,2021-06-02,498,5.19295685089021,0.00667191974829613,0.0146295339668468,0.0157293469843319,0.0232916648242374
35045,2021-05-26,491,"San Juan","New Mexico",6.65691012832836,-0.0176512634860684,868.135049487106,6.53335128392588,0,490,6.65691012832836,2021-06-02,498,6.41369312178615,0.0143180757666578,0.0591545122713525,0.0186566709487974,0.0379215222686667
35049,2021-05-26,491,"Santa Fe","New Mexico",5.7489379233293,0.003647974861748,-1084.92586056763,5.77447374736153,0.00364797486174684,-1084.92586056813,5.77447374736153,2021-06-02,498,5.51859968558121,0.065471535491959,0.0654715354919549,0.046365758771896,0.0463657587718946
35051,2021-05-26,491,"Sierra","New Mexico",3.36235754834589,-0.0196084713883787,662.474740776512,3.22509824862724,0,490,3.36235754834589,2021-06-02,498,3.04452243772342,0.0326076234835718,0.101019157544398,0.0593117030987778,0.104395719566493
35055,2021-05-26,491,"Taos","New Mexico",3.19575340744735,0.0479133556959026,424.3014070705,3.53114689731866,0.0479133556958957,424.30140707049,3.53114689731862,2021-06-02,498,3.20738144544246,0.104824067828599,0.104824067828568,0.100943856346196,0.100943856346181
35057,2021-05-26,491,"Torrance","New Mexico",4.69787958409236,0.159154497512397,461.482269382765,5.81196106667914,0.159154497512422,461.482269382769,5.81196106667932,2021-06-02,498,5.26490830441691,0.299266724698744,0.299266724698936,0.103905468173738,0.103905468173771
35061,2021-05-26,491,"Valencia","New Mexico",4.94875989037817,-0.0269881447176522,674.367917363409,4.7598428773546,0,490,4.94875989037817,2021-06-02,498,4.70048036579242,0.00352390777897073,0.061642722328527,0.0126290308527178,0.0528200322657653
36001,2021-05-26,491,"Albany","New York",5.99217857784164,-0.0215365782011677,769.232619958019,5.84142253043346,0,490,5.99217857784164,2021-06-02,498,5.80642501424698,0.00122482613922349,0.034504386388116,0.00602737762058686,0.0319910380550659
36003,2021-05-26,491,"Allegany","New York",5.31320597904179,-0.0146701897477972,853.177045449571,5.21051465080721,0,490,5.31320597904179,2021-06-02,498,5.11112683264258,0.0098779383995251,0.0408359814094324,0.0194453828713231,0.0395371026812747
36007,2021-05-26,491,"Broome","New York",6.23132473645488,-0.0369595293423789,659.598595472639,5.97260803105823,0,490,6.23132473645488,2021-06-02,498,5.91966160862948,0.00280332364800356,0.0971339052459129,0.00894416369198635,0.0526488080621146
36009,2021-05-26,491,"Cattaraugus","New York",5.64645597946448,-0.051595820482724,600.4363056278,5.28528523608541,0,490,5.64645597946448,2021-06-02,498,5.34096626269539,0.00310037672434069,0.093323967051661,0.0104252721083234,0.057197462358604
36011,2021-05-26,491,"Cayuga","New York",5.43059797727091,-0.0374621638642325,635.962207654423,5.16836283022128,0,490,5.43059797727091,2021-06-02,498,5.21182533519459,0.00188898933855517,0.0478614689210515,0.00833920981192844,0.0419762037301941
36013,2021-05-26,491,"Chautauqua","New York",5.49247338098899,-0.0358212764518242,644.329917999315,5.24172444582623,0,490,5.49247338098899,2021-06-02,498,5.27153328264122,0.000888566752263009,0.0488145270579241,0.00565468056763551,0.0419119232492212
36015,2021-05-26,491,"Chemung","New York",5.58403322154627,-0.0191393402106932,782.756829654266,5.45005784007142,0,490,5.58403322154627,2021-06-02,498,5.53282467651256,0.00685034921447439,0.00262231508446974,0.0149592371492438,0.00925540714331652
36017,2021-05-26,491,"Chenango","New York",5.12651175148206,-0.0552717988100192,583.750948256686,4.73960915981192,0,490,5.12651175148206,2021-06-02,498,4.71081637512308,0.00082902445013812,0.172802645926232,0.00611205837716219,0.0882427467464421
36019,2021-05-26,491,"Clinton","New York",4.84755598352469,-0.0534770070053597,581.647481132197,4.47321693448717,0,490,4.84755598352469,2021-06-02,498,4.31367131500961,0.0254548046944799,0.28503283927546,0.0369860399243723,0.123765727503949
36021,2021-05-26,491,"Columbia","New York",4.9507841825674,-0.0259495598531725,681.784900036065,4.76913726359519,0,490,4.9507841825674,2021-06-02,498,4.51242813428948,0.0658995770688971,0.192156025061834,0.0568893557229214,0.097144161686897
36023,2021-05-26,491,"Cortland","New York",5.28970899201143,0.00216372244530976,-1953.72621868752,5.3048550491286,0.00216372244530838,-1953.72621868907,5.30485504912859,2021-06-02,498,5.24401202169049,0.00370187398783469,0.0037018739878335,0.0116023813802198,0.011602381380218
36025,2021-05-26,491,"Delaware","New York",4.39797028507102,-0.037935583279758,606.932586369846,4.13242120211271,0,490,4.39797028507102,2021-06-02,498,4.11787505963229,0.000211590261060617,0.0784533353135696,0.0035324390054993,0.0680193598354912
36027,2021-05-26,491,"Dutchess","New York",6.44322237229341,-0.0529059964667479,612.786239795012,6.07288039702617,0,490,6.44322237229341,2021-06-02,498,6.03274358002742,0.00161096407879136,0.168492838900144,0.00665316144575304,0.068041809969341
36029,2021-05-26,491,"Erie","New York",7.862827066935,-0.0604694025689251,621.029845391191,7.43954124895253,0,490,7.862827066935,2021-06-02,498,7.47501524498768,0.00125840439470228,0.1503980092421,0.00474567540968469,0.0518810743840776
36031,2021-05-26,491,"Essex","New York",3.85620822632175,-0.050084104397419,567.994652748956,3.50561949553982,0,490,3.85620822632175,2021-06-02,498,3.29583686600433,0.0440087516548237,0.314016061463997,0.0636507928227089,0.170023997879719
36033,2021-05-26,491,"Franklin","New York",3.9262076404201,-0.0940289496482919,532.755306797595,3.26800499288206,0,490,3.9262076404201,2021-06-02,498,3.68171096463532,0.171152631064313,0.0597786244698072,0.112367857153133,0.066408438395434
36035,2021-05-26,491,"Fulton","New York",5.06710564058432,-0.0213721402758656,728.089293593414,4.91750065865326,0,490,5.06710564058432,2021-06-02,498,4.71594459149,0.0406248482103202,0.123314082401022,0.0427392780498249,0.0744625052906673
36037,2021-05-26,491,"Genesee","New York",5.22497832945719,-0.0354888129597424,638.228884081986,4.976556638739,0,490,5.22497832945719,2021-06-02,498,4.83854691358233,0.0190466842378189,0.149329239175052,0.02852296931735,0.0798651791078245
36039,2021-05-26,491,"Greene","New York",4.89783979995091,-0.0549645853237565,580.109010303658,4.51308770268462,0,490,4.89783979995091,2021-06-02,498,4.47571211875121,0.00139693427436344,0.178191779235041,0.0083507569168321,0.0943151994586923
36043,2021-05-26,491,"Herkimer","New York",4.9737737007921,-0.0253672138784229,687.070949085296,4.79620320364314,0,490,4.9737737007921,2021-06-02,498,4.67682617489452,0.0142508749928483,0.0881778331366929,0.0255252225086835,0.0634933852131623
36045,2021-05-26,491,"Jefferson","New York",5.92349156352178,-0.0312349004409082,680.643363030023,5.70484726043542,0,490,5.92349156352178,2021-06-02,498,5.6301871915678,0.00557412588331786,0.0860274546073174,0.0132606725722081,0.0520949591859491
36049,2021-05-26,491,"Lewis","New York",5.33822465713989,-0.0116002665540768,951.181206376144,5.25702279126135,0,490,5.33822465713989,2021-06-02,498,5.10247625966657,0.0238846304279784,0.0555773069112406,0.0302885351601589,0.0462027426441628
36051,2021-05-26,491,"Livingston","New York",5.61832832611518,-0.0276232397194493,694.391361157372,5.42496564807903,0,490,5.61832832611518,2021-06-02,498,5.40909177204994,0.000251979940186896,0.0437799355570937,0.00293466568844577,0.0386823819751791
36053,2021-05-26,491,"Madison","New York",4.84193483325427,-0.0100954306653459,970.61647142751,4.77126681859685,0,490,4.84193483325427,2021-06-02,498,4.77912349311153,6.17273344296637e-05,0.00394526445052683,0.00164395720805436,0.0131428577297224
36055,2021-05-26,491,"Monroe","New York",8.24110084078374,-0.0255776025221553,813.199894757349,8.06205762312865,0,490,8.24110084078374,2021-06-02,498,7.9999661699726,0.00385534855502997,0.0581459294671954,0.00776146446582571,0.0301419613143143
36057,2021-05-26,491,"Montgomery","New York",5.05442431121992,-0.0445706568541311,604.40250891437,4.742429713241,0,490,5.05442431121992,2021-06-02,498,4.51867815463465,0.0500647599787727,0.28702394429589,0.0495170381579091,0.118562583625429
36059,2021-05-26,491,"Nassau","New York",7.75380746588099,-0.0497442499607251,646.873442096381,7.40559771615591,0,490,7.75380746588099,2021-06-02,498,7.41792354387798,0.000151926029034043,0.112818009060124,0.00166162776539241,0.0452800463655648
36063,2021-05-26,491,"Niagara","New York",6.62671774924902,-0.0442296162248353,640.825350406908,6.31711043567518,0,490,6.62671774924902,2021-06-02,498,6.25575004175337,0.00376509794223974,0.137617040004584,0.00980863901406972,0.0593002765487226
36065,2021-05-26,491,"Oneida","New York",6.21403650652324,-0.0353870115843149,666.602183635014,5.96632742543303,0,490,6.21403650652324,2021-06-02,498,6.00529700741766,0.00151862832005667,0.0435721784868468,0.00648920143941151,0.0347592298678556
36067,2021-05-26,491,"Onondaga","New York",7.11349104735558,-0.0411243095580735,663.975330742278,6.82562088044907,0,490,7.11349104735558,2021-06-02,498,6.94450040291897,0.0141323408626712,0.0285578379071028,0.0171185132943373,0.0243344567113258
36069,2021-05-26,491,"Ontario","New York",5.42620787928247,-0.0644992368964286,575.128249268991,4.97471322100747,0,490,5.42620787928247,2021-06-02,498,4.95783710852928,0.000284803172376497,0.219371178895937,0.00340392637127111,0.0944707864539199
36071,2021-05-26,491,"Orange","New York",6.67004181438419,-0.0543056037035646,613.824190497791,6.28990258845923,0,490,6.67004181438419,2021-06-02,498,6.30653594119164,0.000276668423120567,0.132136519845477,0.00263747846480376,0.0576395467467776
36073,2021-05-26,491,"Orleans","New York",5.06169046489654,-0.0520170143395192,588.308362065121,4.69757136451991,0,490,5.06169046489654,2021-06-02,498,4.6388812433304,0.00344453032523899,0.178767637841366,0.0126517835035956,0.0911446530721259
36075,2021-05-26,491,"Oswego","New York",5.72731297206639,-0.0311380467885987,674.932955427489,5.5093466445462,0,490,5.72731297206639,2021-06-02,498,5.46504172652832,0.00196292576057121,0.068786206236092,0.00810696793087917,0.0479907123608882
36077,2021-05-26,491,"Otsego","New York",4.71594459149,-0.0314689277246254,640.860352178432,4.49566209741762,0,490,4.71594459149,2021-06-02,498,4.44768060489532,0.00230222362466799,0.071965566503672,0.0107879806993097,0.0603154791059905
36079,2021-05-26,491,"Putnam","New York",4.90209512552105,-0.0607495047388427,571.693581727041,4.47684859234915,0,490,4.90209512552105,2021-06-02,498,4.35303909780063,0.0153287909403613,0.301462521576131,0.0284420819034407,0.126131655467518
36083,2021-05-26,491,"Rensselaer","New York",5.49306144334055,-0.036367644170868,642.042542583518,5.23848793414447,0,490,5.49306144334055,2021-06-02,498,5.18338739987406,0.00303606887688507,0.0958980131968857,0.0106302172729271,0.0597435652743251
36087,2021-05-26,491,"Rockland","New York",6.15909538849193,-0.0428615923766923,634.697306772046,5.85906424185509,0,490,6.15909538849193,2021-06-02,498,5.77941988886182,0.00634322296371564,0.144153485019374,0.0137806829274951,0.0656943961385859
36089,2021-05-26,491,"St. Lawrence","New York",5.38449506278909,-0.0149596285724627,850.935077044675,5.27977766278185,0,490,5.38449506278909,2021-06-02,498,5.21493575760899,0.00420447266644671,0.0287503579731593,0.0124338837881665,0.0325141695049077
36091,2021-05-26,491,"Saratoga","New York",6.0919560856543,-0.0270846570395208,715.922769993549,5.90236348637766,0,490,6.0919560856543,2021-06-02,498,5.84188672912586,0.0036574381676934,0.0625346830745518,0.0103522646117535,0.0428062658732629
36093,2021-05-26,491,"Schenectady","New York",5.91658704817523,-0.0265872098049652,713.535087042879,5.73047657954047,0,490,5.91658704817523,2021-06-02,498,5.6484710934965,0.00672489974130777,0.0718861651532852,0.0145181739778024,0.0474669959783327
36095,2021-05-26,491,"Schoharie","New York",4.31558153526573,-0.0300774552372716,634.482269401499,4.10503934860483,0,490,4.31558153526573,2021-06-02,498,3.93182563272433,0.0300029913691314,0.147268592735367,0.0440542719999728,0.0976024723343346
36097,2021-05-26,491,"Schuyler","New York",3.31158522297247,-0.0103627870355487,810.56511425086,3.23904571372363,0,490,3.31158522297247,2021-06-02,498,3.34235688163922,0.0106731974160845,0.000946894977103279,0.0309096758886288,0.00920657480827224
36099,2021-05-26,491,"Seneca","New York",4.09672268462707,-0.0486770483953082,575.161279692997,3.75598334585991,0,490,4.09672268462707,2021-06-02,498,3.62624388312245,0.0168323281914042,0.221350302665219,0.0357779197756945,0.129742735642893
36101,2021-05-26,491,"Steuben","New York",5.73841391862584,-0.0231881269191887,738.472076490886,5.57609703019152,0,490,5.73841391862584,2021-06-02,498,5.48004350802223,0.00922627912112705,0.0667552690754803,0.0175278758332268,0.0471475108227492
36103,2021-05-26,491,"Suffolk","New York",7.92391720198818,-0.0550791688659231,634.864138932035,7.53836301992672,0,490,7.92391720198818,2021-06-02,498,7.57279688656548,0.00118569117169626,0.123285475902534,0.00454704743234993,0.0463660019781597
36105,2021-05-26,491,"Sullivan","New York",5.27957132372698,-0.0230225995883122,720.321250342521,5.11841312660879,0,490,5.27957132372698,2021-06-02,498,5.00394630594546,0.0131026530327723,0.0759691504270637,0.0228753095386598,0.0550815298425636
36107,2021-05-26,491,"Tioga","New York",5.19612642565149,-0.0265433225572223,686.760211045533,5.01032316775094,0,490,5.19612642565149,2021-06-02,498,5.06710564058432,0.0032242492210738,0.0166463629793498,0.0112060961150268,0.0254624225778517
36109,2021-05-26,491,"Tompkins","New York",5.00202691955966,-0.0143063956512323,840.635718283018,4.90188215000103,0,490,5.00202691955966,2021-06-02,498,4.76704605162176,0.0181807734261447,0.0552160082968477,0.028285042124441,0.0492927623088425
36111,2021-05-26,491,"Ulster","New York",5.80211837537706,-0.057853515796256,591.289814638241,5.39714376480327,0,490,5.80211837537706,2021-06-02,498,5.35050311971861,0.0021753497739135,0.203956339143451,0.00871705782448286,0.0844061288356385
36113,2021-05-26,491,"Warren","New York",4.87410621561882,-0.00109110758233226,4958.11790344298,4.86646846254249,0,490,4.87410621561882,2021-06-02,498,4.59367580656236,0.0744158331566968,0.0786412143235743,0.0593843944299322,0.0610470614090461
36115,2021-05-26,491,"Washington","New York",4.97870224699324,-0.0470562086772218,596.803301773508,4.64930878625269,0,490,4.97870224699324,2021-06-02,498,4.6037405931785,0.00207646022004704,0.14059624183149,0.00989808008333789,0.0814471724080934
36117,2021-05-26,491,"Wayne","New York",5.5851061830226,-0.025411637362331,710.785372480629,5.40722472148628,0,490,5.5851061830226,2021-06-02,498,5.19375018690961,0.0455713769127296,0.153159515693595,0.041102195310572,0.0753513322799726
36119,2021-05-26,491,"Westchester","New York",7.23035624258712,-0.0526012849476387,628.455886292217,6.86214724795365,0,490,7.23035624258712,2021-06-02,498,6.87862067247115,0.000271373715333617,0.12371791128481,0.00239487323140575,0.0511346077744413
36121,2021-05-26,491,"Wyoming","New York",5.03323512601349,-0.0374644088254032,625.347111934158,4.77098426423567,0,490,5.03323512601349,2021-06-02,498,4.78391392143417,0.000167176035270557,0.0621610630528875,0.00270273617185349,0.0521165741428276
37001,2021-05-26,491,"Alamance","North Carolina",6.5664714853637,0.0111145935530366,-99.7972661375166,6.64427364023496,0.011114593553037,-99.7972661374958,6.64427364023496,2021-06-02,498,6.68282441709383,0.00148616239642269,0.00148616239642249,0.00576863530340044,0.00576863530340005
37003,2021-05-26,491,"Alexander","North Carolina",4.07995582477,-0.078927258589684,542.692607822353,3.52746501464221,0,490,4.07995582477,2021-06-02,498,3.67449071666184,0.021616557054363,0.164401953893166,0.0400125387044634,0.110345933456737
37005,2021-05-26,491,"Alleghany","North Carolina",3.96488649498521,-0.034623964566042,605.512781672433,3.72251874302292,0,490,3.96488649498521,2021-06-02,498,3.56347818757266,0.0252938982779257,0.161128629259808,0.0446307082795949,0.112645086144326
37007,2021-05-26,491,"Anson","North Carolina",4.20682254564879,-0.0314161962333749,624.906171020783,3.98690917201517,0,490,4.20682254564879,2021-06-02,498,3.79066214842388,0.0385128942684392,0.173189476218396,0.0517711723987021,0.109785673565751
37009,2021-05-26,491,"Ashe","North Carolina",4.21106883653024,-0.00422833610952,1486.91629602224,4.1814704837636,0,490,4.21106883653024,2021-06-02,498,4.19827548507033,0.000282408068919242,0.000163669841576745,0.00400283434626725,0.00304728727435909
37011,2021-05-26,491,"Avery","North Carolina",3.93462283734539,-0.0138698478641536,774.681758868773,3.83753390229631,0,490,3.93462283734539,2021-06-02,498,3.50941096630239,0.107664661125273,0.180805135275888,0.093498008396447,0.121163316330266
37013,2021-05-26,491,"Beaufort","North Carolina",4.89034912822175,0.00538504263088963,-417.135638549967,4.92804442663798,0.00538504263088946,-417.135638549997,4.92804442663798,2021-06-02,498,4.80869395043265,0.0142445361704386,0.0142445361704384,0.0248197280666178,0.0248197280666176
37015,2021-05-26,491,"Bertie","North Carolina",3.34739467566918,-0.0297051544139129,603.687334629756,3.13945859477179,0,490,3.34739467566918,2021-06-02,498,3.14168618617707,4.96216346888254e-06,0.0423159826491251,0.000709043256797011,0.0654770964704223
37017,2021-05-26,491,"Bladen","North Carolina",4.35853865336667,-0.00364963908755122,1685.23826543109,4.33299117975381,0,490,4.35853865336667,2021-06-02,498,4.37665509087197,0.00190653713413473,0.000328205307883553,0.00997654834835581,0.00413933406429195
37019,2021-05-26,491,"Brunswick","North Carolina",5.28102586943798,-0.0244089648789256,707.355994432093,5.1101631152855,0,490,5.28102586943798,2021-06-02,498,5.03973166858389,0.00496058868448136,0.0582228913658121,0.0139752374398532,0.0478783825651351
37021,2021-05-26,491,"Buncombe","North Carolina",6.0945367322478,-0.0397905349135999,644.165488865161,5.8160029878526,0,490,6.0945367322478,2021-06-02,498,5.78250563078573,0.00112207293046514,0.0973634082796299,0.0057928792820414,0.0539612274306885
37023,2021-05-26,491,"Burke","North Carolina",5.18977719797283,-0.0436206224758822,609.975312671025,4.88443284064165,0,490,5.18977719797283,2021-06-02,498,4.8283137373023,0.00314935375961277,0.130655833399914,0.0116229198002999,0.0748632918938043
37025,2021-05-26,491,"Cabarrus","North Carolina",6.35585961406185,-0.0422598092898898,641.399628414376,6.06004094903262,0,490,6.35585961406185,2021-06-02,498,5.93034873324791,0.0168200708351481,0.181059509691055,0.0218692393345445,0.0717514095635482
37027,2021-05-26,491,"Caldwell","North Carolina",5.11542421785513,-0.0386927997188123,623.206101781981,4.84457461982344,0,490,5.11542421785513,2021-06-02,498,4.85314571300348,7.34636383009512e-05,0.0687900141072145,0.00176609022001462,0.0540429899207226
37029,2021-05-26,491,"Camden","North Carolina",3.00284974132285,0,490,3.00284974132285,0,490,3.00284974132285,2021-06-02,498,3.03082359336526,0.000782536398090509,0.000782536398090509,0.00922978562778935,0.00922978562778935
37031,2021-05-26,491,"Carteret","North Carolina",4.5013957134859,-0.00474309189601141,1440.04248371642,4.46819407021382,0,490,4.5013957134859,2021-06-02,498,4.66881545114845,0.0402489384881188,0.0280293685589978,0.0429705099792031,0.0358591465896065
37033,2021-05-26,491,"Caswell","North Carolina",3.53888678443534,-0.0603805109889189,549.609752161335,3.11622320751291,0,490,3.53888678443534,2021-06-02,498,3.08452777233712,0.00100460061098235,0.206442111874868,0.0102756199701094,0.14730261668351
37035,2021-05-26,491,"Catawba","North Carolina",6.16631780929441,-0.0905284233059309,559.114715623136,5.53261884615289,0,490,6.16631780929441,2021-06-02,498,5.76205138278018,0.0526392888632296,0.163431343606587,0.0398178567641621,0.0701601564544145
37037,2021-05-26,491,"Chatham","North Carolina",4.54632968596516,0.00607904607638254,-256.86893023034,4.58888300849984,0.00607904607638332,-256.868930230244,4.58888300849984,2021-06-02,498,4.58204776856724,4.67205049362057e-05,4.67205049362786e-05,0.00149174349064829,0.00149174349064946
37039,2021-05-26,491,"Cherokee","North Carolina",4.63611498983751,-0.0747013852855783,553.061968089533,4.11320529283846,0,490,4.63611498983751,2021-06-02,498,4.09196077086682,0.000451329713803436,0.296103814023598,0.00519177068433583,0.132981289274534
37043,2021-05-26,491,"Clay","North Carolina",4.18531634042783,-0.0172418064345111,733.74233424002,4.06462369538625,0,490,4.18531634042783,2021-06-02,498,3.86523084392139,0.0397575092152886,0.102454725073774,0.0515862724676419,0.0828114825301621
37045,2021-05-26,491,"Cleveland","North Carolina",5.39167759448328,-0.0231521595196771,723.880115995265,5.22961247784554,0,490,5.39167759448328,2021-06-02,498,5.0706995348389,0.0252533234550318,0.103026914773071,0.031339451670289,0.0633005480681824
37047,2021-05-26,491,"Columbus","North Carolina",4.36763789722178,-0.044294220230997,589.605142486859,4.0575783556048,0,490,4.36763789722178,2021-06-02,498,4.11321304652648,0.00309521883395079,0.0647320046513253,0.0135258471400264,0.0618555002664293
37049,2021-05-26,491,"Craven","North Carolina",5.2853768552723,-0.0100792789946996,1015.38045003534,5.2148219023094,0,490,5.2853768552723,2021-06-02,498,5.03695260241363,0.0316374878454126,0.0617146094083884,0.0353128794204935,0.0493203475330756
37051,2021-05-26,491,"Cumberland","North Carolina",7.24636808010246,-0.0264270591500447,765.202590570514,7.06137866605215,0,490,7.24636808010246,2021-06-02,498,7.02261340634104,0.00150274536046947,0.0500661540300789,0.0055200617587895,0.0318620235537073
37053,2021-05-26,491,"Currituck","North Carolina",3.87120101090789,-0.032213619983649,611.17280308369,3.64570567102235,0,490,3.87120101090789,2021-06-02,498,3.54715129428523,0.00971296517404091,0.105008218843224,0.0277840916726312,0.0913549182818134
37055,2021-05-26,491,"Dare","North Carolina",3.83483336673702,1.25607396694681e-15,-3053031483534279,3.83483336673703,0,490,3.83483336673702,2021-06-02,498,3.58747933967221,0.0611840147051834,0.061184014705179,0.0689492547955469,0.0689492547955445
37057,2021-05-26,491,"Davidson","North Carolina",6.30965850422843,-0.0289355739747559,709.058867943422,6.10710948640514,0,490,6.30965850422843,2021-06-02,498,6.08221891037645,0.000619540775040248,0.0517287688515566,0.00409235122830436,0.0373941808414636
37059,2021-05-26,491,"Davie","North Carolina",4.71849887129509,-0.0214519267179445,710.956880019922,4.56833538426948,0,490,4.71849887129509,2021-06-02,498,4.52952256764878,0.00150643473403257,0.0357120433398254,0.00856885379000408,0.0417210204439744
37061,2021-05-26,491,"Duplin","North Carolina",4.69003640663133,-0.0524081582601079,580.490578610951,4.32317929881058,0,490,4.69003640663133,2021-06-02,498,4.29241447598419,0.000946474323538821,0.158103199731559,0.00716725353493046,0.0926336291315322
37063,2021-05-26,491,"Durham","North Carolina",6.23188653422246,-0.0345004549519842,671.632010299448,5.99038334955858,0,490,6.23188653422246,2021-06-02,498,5.96870755998537,0.000469839853622062,0.0692631724804916,0.003631571718897,0.0440931259560226
37065,2021-05-26,491,"Edgecombe","North Carolina",5.05351231845265,-0.0332017935200378,643.206004034173,4.82109976381239,0,490,5.05351231845265,2021-06-02,498,4.67815507874458,0.020433182989133,0.140893057401259,0.0305557816407749,0.0802361686155979
37067,2021-05-26,491,"Forsyth","North Carolina",6.83349344883904,-0.00690028038823118,1481.32112673189,6.78519148612142,0,490,6.83349344883904,2021-06-02,498,6.80271217326191,0.000306974477874918,0.000947486926155121,0.00257554438498144,0.00452485343979631
37069,2021-05-26,491,"Franklin","North Carolina",5.75754889881186,-0.0437059186531679,622.733849241367,5.45160746823969,0,490,5.75754889881186,2021-06-02,498,5.35591219308262,0.00915758568738693,0.161312043389038,0.0178672225584023,0.0749894119339696
37071,2021-05-26,491,"Gaston","North Carolina",6.35387302289448,-0.0233397156379408,763.234380292349,6.19049501342889,0,490,6.35387302289448,2021-06-02,498,6.14019238661379,0.00253035426449954,0.04565941432132,0.00819235353679924,0.0348003161507664
37077,2021-05-26,491,"Granville","North Carolina",4.67015503607751,-0.0584962066815936,570.836886885642,4.26068158930635,0,490,4.67015503607751,2021-06-02,498,4.26066577766961,2.50007856296733e-10,0.167681452751445,3.71107182818148e-06,0.0961092185531304
37079,2021-05-26,491,"Greene","North Carolina",4.25053397873921,-0.0300925414929508,632.248753606766,4.03988618828855,0,490,4.25053397873921,2021-06-02,498,4.0990951649807,0.00350570292093116,0.0229337143125842,0.0144444015835445,0.0369444493634295
37081,2021-05-26,491,"Guilford","North Carolina",7.29505641646263,-0.0260376535757737,771.173341857893,7.11279284143221,0,490,7.29505641646263,2021-06-02,498,7.07035991909237,0.00180055289829941,0.0504885159304642,0.0060015222457435,0.0317800649389157
37083,2021-05-26,491,"Halifax","North Carolina",4.65123555283134,-0.0335376837557067,629.686845123581,4.41647176654139,0,490,4.65123555283134,2021-06-02,498,4.43081679884331,0.000205779951743099,0.0485844271096348,0.00323755933796762,0.0497467541527714
37085,2021-05-26,491,"Harnett","North Carolina",6.08091342716232,-0.0327687526699117,676.570488093244,5.85153215847293,0,490,6.08091342716232,2021-06-02,498,5.83564581018003,0.000252376062083564,0.060156203940171,0.0027222948084331,0.042029215781813
37087,2021-05-26,491,"Haywood","North Carolina",4.74617359345131,-0.0220867874028433,705.887457686142,4.59156608163141,0,490,4.74617359345131,2021-06-02,498,4.5776521570942,0.000193597296027198,0.0283994745118649,0.00303953294390178,0.036813945353176
37089,2021-05-26,491,"Henderson","North Carolina",5.33271879326537,-0.0484943499386002,600.965775394809,4.99325834369517,0,490,5.33271879326537,2021-06-02,498,4.92414326274281,0.00477689441505023,0.166933964141786,0.0140359606259413,0.0829739324633239
37093,2021-05-26,491,"Hoke","North Carolina",5.17291610000676,0.0320883145514939,329.791280492296,5.39753430186722,0.0320883145514976,329.791280492315,5.39753430186725,2021-06-02,498,5.09023834469522,0.0944308052942552,0.0944308052942711,0.0603696598003602,0.0603696598003653
37097,2021-05-26,491,"Iredell","North Carolina",6.31173480915291,-0.0248380455223303,745.115598728508,6.1378684904966,0,490,6.31173480915291,2021-06-02,498,6.06610809010375,0.00514955506454288,0.0603324851108586,0.0118297266265211,0.0404916489124028
37099,2021-05-26,491,"Jackson","North Carolina",3.53472877428668,-0.0206192872027393,662.428271963595,3.3903937638675,0,490,3.53472877428668,2021-06-02,498,3.34235688163922,0.00230754205421372,0.0370069450807643,0.0143721583090558,0.0575557606383162
37101,2021-05-26,491,"Johnston","North Carolina",6.68407586983605,-0.0414721315363126,652.170299722442,6.39377094908186,0,490,6.68407586983605,2021-06-02,498,6.3617958174942,0.00102240904004811,0.103864432137464,0.00502611723245364,0.0506586601625306
37103,2021-05-26,491,"Jones","North Carolina",3.74782198974739,0.0101523714640185,121.842704777871,3.81888858999552,0.0101523714640175,121.842704777835,3.81888858999551,2021-06-02,498,3.89182029811063,0.00531903404858776,0.00531903404858879,0.018739741953275,0.0187397419532769
37105,2021-05-26,491,"Lee","North Carolina",4.94774620554732,-0.026027495244772,681.09690171939,4.76555373883392,0,490,4.94774620554732,2021-06-02,498,4.80636022708643,0.00166516948350205,0.0199899949053452,0.00849010193254786,0.029416434012605
37107,2021-05-26,491,"Lenoir","North Carolina",5.52431398684465,-0.0158284819631711,840.010979050192,5.41351461310246,0,490,5.52431398684465,2021-06-02,498,5.37923880890026,0.00117483075370712,0.021046807255597,0.0063718688498236,0.0269694622414526
37109,2021-05-26,491,"Lincoln","North Carolina",5.77188606195827,-0.0267735983409188,706.581259883806,5.58447087357184,0,490,5.77188606195827,2021-06-02,498,5.45593142968852,0.0165223886338335,0.0998273296527146,0.0235595783304519,0.0579103011724967
37111,2021-05-26,491,"McDowell","North Carolina",4.15440880296475,-0.0133632278121646,801.883632409753,4.0608662082796,0,490,4.15440880296475,2021-06-02,498,4.34194841110647,0.0790072047460074,0.0351711046219503,0.064736421581583,0.0431925003212854
37115,2021-05-26,491,"Madison","North Carolina",4.02789946281395,-0.0325435477324784,614.769525557722,3.8000946286866,0,490,4.02789946281395,2021-06-02,498,3.69244452027843,0.0115885458402901,0.112530018471506,0.0291541573114955,0.0908490136258622
37117,2021-05-26,491,"Martin","North Carolina",3.42936825862885,0.0234202742080974,344.572668357436,3.59331017808553,0.0234202742081013,344.572668357461,3.59331017808556,2021-06-02,498,3.44771739729705,0.0211972578177247,0.0211972578177327,0.0422287455760238,0.0422287455760317
37119,2021-05-26,491,"Mecklenburg","North Carolina",7.93966798293725,-0.0409421196541346,684.924204462518,7.6530731453583,0,490,7.93966798293725,2021-06-02,498,7.6282396557602,0.000616702205619115,0.096987602968293,0.00325546793477462,0.0408257135631392
37121,2021-05-26,491,"Mitchell","North Carolina",4.14765962098982,-0.0655256184467869,554.298290337513,3.68898029186231,0,490,4.14765962098982,2021-06-02,498,3.19575340744735,0.243272759509697,0.906125439380775,0.154338217481223,0.297865977807977
37123,2021-05-26,491,"Montgomery","North Carolina",3.71357206670431,-0.0206903932574424,670.48291366422,3.56873931390221,0,490,3.71357206670431,2021-06-02,498,3.65620867182439,0.0076508885753178,0.00329055907214973,0.0239235136102149,0.0156893109854415
37125,2021-05-26,491,"Moore","North Carolina",5.10853950907762,-0.0472263134864928,599.171464845307,4.77795531467218,0,490,5.10853950907762,2021-06-02,498,4.78749174278205,9.09434610947185e-05,0.103071668243381,0.00199194664392848,0.0670597013101094
37127,2021-05-26,491,"Nash","North Carolina",5.56943442212512,-0.0653551810441144,576.217948036373,5.11194815481632,0,490,5.56943442212512,2021-06-02,498,5.12311327752295,0.000124659965054022,0.199202564118995,0.00217936284087489,0.0871191247244827
37129,2021-05-26,491,"New Hanover","North Carolina",6.13494627058567,-0.0533178524969074,606.063641599997,5.76172130310732,0,490,6.13494627058567,2021-06-02,498,5.758451018855,1.06947590909839e-05,0.141748674575743,0.000567910405352731,0.0653813413534141
37133,2021-05-26,491,"Onslow","North Carolina",6.60549121369066,-0.0276392319963491,729.989680124368,6.41201658971622,0,490,6.60549121369066,2021-06-02,498,6.34312694922317,0.00474578256726108,0.0688350072695668,0.0108605173827528,0.041361975973005
37135,2021-05-26,491,"Orange","North Carolina",4.38202663467388,-0.0805920073303173,545.372967988172,3.81788258336166,0,490,4.38202663467388,2021-06-02,498,3.8859723282282,0.00463621335599088,0.246069874943303,0.0175219325088679,0.127652557596017
37139,2021-05-26,491,"Pasquotank","North Carolina",4.54632968596516,-0.022472855852062,693.303157012775,4.38901969500072,0,490,4.54632968596516,2021-06-02,498,4.15440880296475,0.0550422706619154,0.153601978531819,0.0564727505556377,0.0943385452872903
37141,2021-05-26,491,"Pender","North Carolina",5.16396931401696,-0.0548409156995759,585.162711328631,4.78008290411993,0,490,5.16396931401696,2021-06-02,498,4.81334512160838,0.00110637511224901,0.122937324302169,0.00691041607200116,0.0728441829019357
37145,2021-05-26,491,"Person","North Carolina",4.67815507874458,-0.00397614837963355,1667.55445221985,4.65032204008715,0,490,4.67815507874458,2021-06-02,498,4.52334016774046,0.0161243959046712,0.0239676566692153,0.0280725896434452,0.034225794493245
37147,2021-05-26,491,"Pitt","North Carolina",6.60819339638102,-0.015492324772949,917.546273282337,6.49974712297038,0,490,6.60819339638102,2021-06-02,498,6.43615036836943,0.00404454719577347,0.0295988034873979,0.00988117911500289,0.0267307347039469
37149,2021-05-26,491,"Polk","North Carolina",3.44316158076119,0.00917437627604013,115.698020098284,3.50738221469347,0.00917437627604167,115.698020098348,3.50738221469348,2021-06-02,498,3.20158432775814,0.0935123476541116,0.0935123476541181,0.0955145501819276,0.0955145501819309
37151,2021-05-26,491,"Randolph","North Carolina",5.59630331413809,-0.022543549712325,739.244104657505,5.43849846615181,0,490,5.59630331413809,2021-06-02,498,5.36330221663745,0.0056544759410266,0.0542895114365029,0.014020513198212,0.0434435890593392
37153,2021-05-26,491,"Richmond","North Carolina",4.68345310438213,-0.020915795149966,714.919438434055,4.53704253833237,0,490,4.68345310438213,2021-06-02,498,4.51711930786536,0.000396935112241784,0.0276669318636845,0.0044106053236902,0.0368229805724084
37155,2021-05-26,491,"Robeson","North Carolina",5.81455688015811,-0.0331197741581662,666.561489410834,5.58271846105094,0,490,5.81455688015811,2021-06-02,498,5.52317373586592,0.00354557429736012,0.0849041367776019,0.0107808894003023,0.0527564690569171
37157,2021-05-26,491,"Rockingham","North Carolina",5.76965938546489,-0.0163611874282769,843.643071339263,5.65513107346696,0,490,5.76965938546489,2021-06-02,498,5.52203218323054,0.0177153145821661,0.0613192312864146,0.0241032442079234,0.0448434913121943
37159,2021-05-26,491,"Rowan","North Carolina",5.94504656708361,-0.038889713603592,643.869384117411,5.67281857185846,0,490,5.94504656708361,2021-06-02,498,5.60790070295292,0.0042143297032372,0.113667333700427,0.0115761445047269,0.0601197991885195
37161,2021-05-26,491,"Rutherford","North Carolina",5.13158790451392,-0.0397074495951052,620.234890602153,4.85363575734818,0,490,5.13158790451392,2021-06-02,498,4.78510795142677,0.0046960601844022,0.12004835789127,0.0143210574593151,0.0724079700195343
37163,2021-05-26,491,"Sampson","North Carolina",4.98066688416741,-0.0479018778023287,594.976443360333,4.64535373955111,0,490,4.98066688416741,2021-06-02,498,4.56583518058941,0.00632320121934526,0.172085342293426,0.0174159941865081,0.0908556019151896
37165,2021-05-26,491,"Scotland","North Carolina",4.55687989686031,-0.0382399532742864,610.165414878383,4.28920022394031,0,490,4.55687989686031,2021-06-02,498,4.20041910861358,0.00788208643865678,0.127064293557478,0.0211362516527609,0.0848631479453445
37167,2021-05-26,491,"Stanly","North Carolina",5.15905529921453,-0.0331075857745111,646.8269858259,4.92730219879295,0,490,5.15905529921453,2021-06-02,498,4.84531131367087,0.00672250524310224,0.098435288464819,0.016921696009655,0.0647520799455012
37169,2021-05-26,491,"Stokes","North Carolina",5.11542421785513,-0.00938974034983415,1035.78867649897,5.04969603540629,0,490,5.11542421785513,2021-06-02,498,4.856484614269,0.0373306532578899,0.06704971830534,0.0397842135790167,0.0533183205863201
37171,2021-05-26,491,"Surry","North Carolina",5.34982492369397,-0.00945314264375762,1056.93083647444,5.28365292518767,0,490,5.34982492369397,2021-06-02,498,5.18977719797283,0.00881265216011489,0.02561527450851,0.0180885852385933,0.030839035977047
37175,2021-05-26,491,"Transylvania","North Carolina",4.40845989174204,-0.0721184166603534,552.128073741607,3.90363097511956,0,490,4.40845989174204,2021-06-02,498,3.76782265645406,0.0184438994187517,0.410416067237427,0.0360442438639926,0.170028500197749
37179,2021-05-26,491,"Union","North Carolina",6.41439528682378,-0.0358494271600805,669.92601904575,6.16344929670322,0,490,6.41439528682378,2021-06-02,498,6.05074372640729,0.0127025455757295,0.132242457393346,0.0186267300999781,0.0601003078066918
37181,2021-05-26,491,"Vance","North Carolina",4.40322884232448,-0.0494559431554017,580.033361035873,4.05703724023667,0,490,4.40322884232448,2021-06-02,498,4.03550406219917,0.000463677756394868,0.135221513918212,0.00533593268786599,0.0911223912694869
37183,2021-05-26,491,"Wake","North Carolina",7.75251931971299,-0.0131709221041655,1079.60869864693,7.66032286498383,0,490,7.75251931971299,2021-06-02,498,7.57198844937744,0.00780296898052257,0.032591395144111,0.0116659469565955,0.0238419368363395
37187,2021-05-26,491,"Washington","North Carolina",3.68530163276605,0.0590577496436086,428.598339675902,4.09870588027131,0.0590577496436011,428.598339675895,4.09870588027126,2021-06-02,498,3.90341463089155,0.0381386720843104,0.0381386720842899,0.050030874976549,0.0500308749765356
37189,2021-05-26,491,"Watauga","North Carolina",5.16804596051072,-0.00891054903304253,1070.99186597216,5.10567211727943,0,490,5.16804596051072,2021-06-02,498,5.22189903526113,0.0135086964635256,0.00290015366007272,0.0222575957897453,0.0103129291445046
37191,2021-05-26,491,"Wayne","North Carolina",5.68357976733868,-0.0230557762999221,737.514352559791,5.52218933323923,0,490,5.68357976733868,2021-06-02,498,5.44919739750717,0.00532782268191199,0.0549350952878332,0.0133949883638723,0.0430122736861632
37193,2021-05-26,491,"Wilkes","North Carolina",5.20322144950209,-0.00860388569249791,1095.75250781621,5.14299424965461,0,490,5.20322144950209,2021-06-02,498,5.1399913153103,9.01761467623042e-06,0.00399804986991233,0.000584229458786098,0.0123016033127241
37195,2021-05-26,491,"Wilson","North Carolina",5.12905304891073,-0.0479034606330275,598.070616217118,4.79372882447954,0,490,5.12905304891073,2021-06-02,498,4.74368912012365,0.00250397201202434,0.148505357610212,0.0105486896566654,0.0812371803945348
37197,2021-05-26,491,"Yadkin","North Carolina",4.89570532742228,-0.0190481949706858,748.016758540981,4.76236796262748,0,490,4.89570532742228,2021-06-02,498,4.62497281328427,0.0188774270630428,0.0732960942114879,0.0297072339427749,0.0585371039069435
37199,2021-05-26,491,"Yancey","North Carolina",3.78093759853188,-0.0414732482065809,582.165697456317,3.49062486108582,0,490,3.78093759853188,2021-06-02,498,3.12299405316492,0.135152410932574,0.432889708890054,0.117717421699326,0.210677168821436
38015,2021-05-26,491,"Burleigh","North Dakota",5.85793315448346,-0.0329214797253017,668.936508424357,5.62748279640635,0,490,5.85793315448346,2021-06-02,498,5.45897742656081,0.0283940596667806,0.159165672842289,0.0308675703668726,0.0730825018585928
38017,2021-05-26,491,"Cass","North Dakota",5.91543164654468,-0.0470453636900622,616.738886524842,5.58611410071424,0,490,5.91543164654468,2021-06-02,498,5.5683445037611,0.000315758575877191,0.120469484685669,0.00319118131809945,0.062332196319596
38035,2021-05-26,491,"Grand Forks","North Dakota",4.93138592244212,-0.0551518200750637,580.414744893828,4.54532318191667,0,490,4.93138592244212,2021-06-02,498,4.64713438508712,0.0103655210910143,0.0807989364886794,0.0219083836906385,0.0611670577608373
38053,2021-05-26,491,"McKenzie","North Dakota",4.65667774313402,0.00135777346045929,-2938.64263092816,4.66618215735723,0.00135777346045884,-2938.64263092928,4.66618215735723,2021-06-02,498,4.52643614544559,0.0195289478452105,0.0195289478452098,0.0308732979812955,0.0308732979812949
38057,2021-05-26,491,"Mercer","North Dakota",3.4106761256167,0.038466280827792,402.333353466486,3.67994009141124,0.038466280827798,402.3333534665,3.67994009141129,2021-06-02,498,3.46573590279973,0.0458834344187184,0.0458834344187365,0.061806264129496,0.0618062641295082
38059,2021-05-26,491,"Morton","North Dakota",4.45268478547989,-0.0407554365648971,600.253762461595,4.16739672952562,0,490,4.45268478547989,2021-06-02,498,4.05054193956371,0.0136550419370415,0.16171886852157,0.0288491741859348,0.0992812448102939
38061,2021-05-26,491,"Mountrail","North Dakota",3.72051653905712,0.013937507843784,224.057259536077,3.81807909396361,0.0139375078437824,224.057259536048,3.8180790939636,2021-06-02,498,3.74444930526875,0.00542134578324967,0.0054213457832481,0.0196637162616293,0.0196637162616264
38089,2021-05-26,491,"Stark","North Dakota",5.02105698955867,-0.0177491815042748,773.889494839487,4.89681271902875,0,490,5.02105698955867,2021-06-02,498,4.83059684331687,0.00438454219629132,0.0362750673064498,0.0137075971892564,0.039427870389413
38093,2021-05-26,491,"Stutsman","North Dakota",3.82241084673846,-0.0576791115866874,557.270279510003,3.41865706563165,0,490,3.82241084673846,2021-06-02,498,3.52636052461616,0.011600035077229,0.0876457932287158,0.0305423844875413,0.0839535039187525
38101,2021-05-26,491,"Ward","North Dakota",5.30472536284337,-0.0245368075540956,707.194602788002,5.1329677099647,0,490,5.30472536284337,2021-06-02,498,5.18017712424381,0.00222872879657732,0.015512263738251,0.00911347491539853,0.0240432393743165
38105,2021-05-26,491,"Williams","North Dakota",5.02105698955867,-0.021446043385602,725.125097076396,4.87093468585946,0,490,5.02105698955867,2021-06-02,498,4.94469897109185,0.00544116977584557,0.00583054698417963,0.0149178515544907,0.0154423998130592
39001,2021-05-26,491,"Adams","Ohio",4.14313472639153,-0.0679341101386965,551.987546873474,3.66759595542066,0,490,4.14313472639153,2021-06-02,498,3.5179216559703,0.0224023959159563,0.39089138342555,0.0425462287360344,0.177722283655801
39003,2021-05-26,491,"Allen","Ohio",5.56506760295878,-0.0354685217319231,647.90159418034,5.31678795083532,0,490,5.56506760295878,2021-06-02,498,5.32300997913841,3.87136362044398e-05,0.0585918932495653,0.00116889284962341,0.0454738249165471
39005,2021-05-26,491,"Ashland","Ohio",4.68609162834031,0.0052840281465983,-395.840777212188,4.7230798253665,0.00528402814659934,-395.840777212013,4.72307982536651,2021-06-02,498,4.75112409861117,0.000786481261821861,0.000786481261821462,0.00590266064674471,0.00590266064674322
39007,2021-05-26,491,"Ashtabula","Ohio",5.55958212568211,-0.0109410281782063,999.14073733549,5.48299492843467,0,490,5.55958212568211,2021-06-02,498,5.53902013423435,0.00313882368489644,0.000422795492297945,0.010114642020059,0.0037122073849632
39009,2021-05-26,491,"Athens","Ohio",3.87713574642771,-0.111848300136586,525.664234876105,3.0941976454716,0,490,3.87713574642771,2021-06-02,498,3.391627930646,0.0884647745389259,0.235717839185119,0.0876954345395281,0.143148902447335
39011,2021-05-26,491,"Auglaize","Ohio",4.80985877292894,-0.0399368531892519,611.436599001331,4.53030080060418,0,490,4.80985877292894,2021-06-02,498,4.44935144906014,0.00655279751540122,0.129965530563049,0.018193517071155,0.0810246904512251
39013,2021-05-26,491,"Belmont","Ohio",5.56561449933555,-0.0130365778944925,917.922965856464,5.4743584540741,0,490,5.56561449933555,2021-06-02,498,5.39037551096598,0.00705313473310192,0.0307087030447898,0.0155801656002016,0.0325096068006893
39015,2021-05-26,491,"Brown","Ohio",4.38914410244275,-0.0296965053538455,638.800020579674,4.18126856496583,0,490,4.38914410244275,2021-06-02,498,4.10146202999096,0.00636908302469405,0.0827609748101522,0.0194580699251381,0.0701413472435378
39017,2021-05-26,491,"Butler","Ohio",6.22342624687307,-0.0165710855539358,866.559357690659,6.10742864799552,0,490,6.22342624687307,2021-06-02,498,6.10797693456291,3.00618159976936e-07,0.0133285437128897,8.97656578046917e-05,0.0189013995218083
39019,2021-05-26,491,"Carroll","Ohio",3.27444567602301,0.0163491380015307,290.717533993753,3.38888964203373,0.0163491380015284,290.717533993725,3.38888964203371,2021-06-02,498,3.35240721749272,0.00133096730038983,0.00133096730038863,0.0108824561499084,0.0108824561499035
39021,2021-05-26,491,"Champaign","Ohio",4.7043688995321,-0.0154046691949872,796.385908647941,4.59653621516719,0,490,4.7043688995321,2021-06-02,498,4.56731996185699,0.000853589457485789,0.0187824113178764,0.00639680459310791,0.0300064236400441
39023,2021-05-26,491,"Clark","Ohio",5.60106396846121,-0.032193849879555,664.979315596493,5.37570701930433,0,490,5.60106396846121,2021-06-02,498,5.36797668257815,5.97581059001661e-05,0.0543296828403349,0.00144008388696461,0.0434218141519795
39025,2021-05-26,491,"Clermont","Ohio",5.70995386856074,-0.0150308137460551,870.883216240327,5.60473817233836,0,490,5.70995386856074,2021-06-02,498,5.55737948161977,0.00224284558657905,0.0232789435504146,0.00852176657635527,0.0274543761939586
39027,2021-05-26,491,"Clinton","Ohio",4.24029847484518,-0.0598981415810799,561.791820295549,3.82101148377762,0,490,4.24029847484518,2021-06-02,498,3.99951045955126,0.031861884352239,0.057978868309184,0.0446302060161804,0.0602043719422936
39029,2021-05-26,491,"Columbiana","Ohio",5.42557914615896,-0.0205422723003114,755.11776977938,5.28178324005678,0,490,5.42557914615896,2021-06-02,498,5.26490830441691,0.000284763452850027,0.0258151193861014,0.00320517180246447,0.0305173105497898
39031,2021-05-26,491,"Coshocton","Ohio",3.74106520728451,-0.0333364202675995,603.221563600833,3.50771026541131,0,490,3.74106520728451,2021-06-02,498,3.33729357968267,0.0290418467747325,0.163031527256232,0.051064337511727,0.120987745896849
39033,2021-05-26,491,"Crawford","Ohio",4.20894794496111,-0.0476774231714955,579.279685959988,3.87520598276064,0,490,4.20894794496111,2021-06-02,498,3.74444930526875,0.0170973087087178,0.215758986276051,0.0349201356012227,0.124049920782415
39035,2021-05-26,491,"Cuyahoga","Ohio",8.20732393658956,-0.0249642750618756,819.762758631971,8.03257401115643,0,490,8.20732393658956,2021-06-02,498,7.99472866911161,0.00143226991448975,0.0451967477540227,0.00473378692525782,0.026591930292686
39037,2021-05-26,491,"Darke","Ohio",4.1225154391888,-0.0160738248310654,747.473831369701,4.00999866537134,0,490,4.1225154391888,2021-06-02,498,3.81614123372486,0.0375807038045677,0.0938651537736565,0.050799333613042,0.0802837700964456
39039,2021-05-26,491,"Defiance","Ohio",4.89890533015295,-0.0365958244342659,624.865144613765,4.64273455911309,0,490,4.89890533015295,2021-06-02,498,4.61935482098004,0.000546612155169704,0.0781484871788305,0.00506125617951201,0.0605172193967978
39041,2021-05-26,491,"Delaware","Ohio",5.57865107723005,-0.0417497884871099,624.621062031306,5.28640255782028,0,490,5.57865107723005,2021-06-02,498,5.35793307622239,0.00511661506287482,0.0487164359688164,0.0133503941509744,0.0411946170039277
39043,2021-05-26,491,"Erie","Ohio",5.34028156564707,-0.031020693657448,663.152229238268,5.12313671004493,0,490,5.34028156564707,2021-06-02,498,5.01158722182164,0.0124432883228796,0.108039971662832,0.022258315237453,0.0655868748316343
39045,2021-05-26,491,"Fairfield","Ohio",5.9246376954524,-0.0311996740124263,680.894217904095,5.70623997736541,0,490,5.9246376954524,2021-06-02,498,5.64746404406598,0.00345461033521972,0.0768252330228806,0.0104074913697227,0.0490793122760396
39047,2021-05-26,491,"Fayette","Ohio",3.67086094861126,0,490,3.67086094861126,0,490,3.67086094861126,2021-06-02,498,3.38196601973427,0.0834602799308419,0.0834602799308419,0.0854221855545701,0.0854221855545701
39049,2021-05-26,491,"Franklin","Ohio",7.86716023335635,-0.0257719766309244,796.260257915815,7.68675639693988,0,490,7.86716023335635,2021-06-02,498,7.64471426583178,0.00176754078811118,0.0494822084679453,0.00549950327064732,0.029098009394387
39051,2021-05-26,491,"Fulton","Ohio",4.76095218754743,-0.0253483698644637,678.820842642109,4.58351359849619,0,490,4.76095218754743,2021-06-02,498,4.40497556765943,0.0318758284550686,0.126719353906892,0.0405309923050556,0.0808123937171247
39053,2021-05-26,491,"Gallia","Ohio",3.55125807623789,-0.00816331063916102,926.026698506583,3.49411490176376,0,490,3.55125807623789,2021-06-02,498,3.55125807623789,0.00326534238898053,0,0.016090966425809,0
39055,2021-05-26,491,"Geauga","Ohio",4.98653774251719,-0.0135660995267216,858.573430571923,4.89157504583014,0,490,4.98653774251719,2021-06-02,498,4.84643427841549,0.00203768888278329,0.0196289806532959,0.00931422254412697,0.0289085657729179
39057,2021-05-26,491,"Greene","Ohio",5.4510384535657,-0.0373087795121302,637.106051306058,5.18987699698079,0,490,5.4510384535657,2021-06-02,498,5.04158009794568,0.0219919702634295,0.167656144987052,0.0294147660364529,0.0812162749902289
39059,2021-05-26,491,"Guernsey","Ohio",4.23823874188217,-0.0224270357874487,679.978997583537,4.08124949137003,0,490,4.23823874188217,2021-06-02,498,4.05550472890584,0.000662792794337703,0.0333917194984349,0.00634810317953655,0.0450582665269472
39061,2021-05-26,491,"Hamilton","Ohio",7.13295386013248,-0.0306610575495757,723.638872569847,6.91832645728546,0,490,7.13295386013248,2021-06-02,498,6.87964970600554,0.00149589108956864,0.0641629944979684,0.00562190706398255,0.0368193389128269
39063,2021-05-26,491,"Hancock","Ohio",4.77068462446567,-0.0518984381276386,582.923472007629,4.40739555757219,0,490,4.77068462446567,2021-06-02,498,4.37125453769197,0.00130617331798283,0.159544394220042,0.0082678827253349,0.0913765335167591
39065,2021-05-26,491,"Hardin","Ohio",3.72051653905712,-0.0373557865437627,590.596792981416,3.45902603325078,0,490,3.72051653905712,2021-06-02,498,3.42472787907235,0.00117636338004743,0.0874909313755861,0.0100148553080723,0.0863685146467433
39067,2021-05-26,491,"Harrison","Ohio",3.7744016275521,0.0232182901020043,328.4384327627,3.93692965826613,0.0232182901020073,328.438432762721,3.93692965826615,2021-06-02,498,3.94296780927757,3.64592676369433e-05,3.64592676366912e-05,0.00153137212970182,0.00153137212969653
39069,2021-05-26,491,"Henry","Ohio",3.72741311811618,-0.0237702193339073,647.810211372311,3.56102158277883,0,490,3.72741311811618,2021-06-02,498,3.58747933967221,0.00070001289982904,0.0195814623496071,0.00737502697250224,0.0390061559091124
39071,2021-05-26,491,"Highland","Ohio",4.05797691805123,-0.0411182469294793,589.690416568852,3.77014918954487,0,490,4.05797691805123,2021-06-02,498,3.51367536508885,0.0657788226310997,0.296264180557258,0.0729930337345036,0.154909459869414
39073,2021-05-26,491,"Hocking","Ohio",3.61091791264422,0.00386847677791896,-442.421116356478,3.63799725008966,0.00386847677791913,-442.421116356437,3.63799725008966,2021-06-02,498,3.59535339610311,0.00181849828282573,0.00181849828282585,0.0118608240382614,0.0118608240382618
39075,2021-05-26,491,"Holmes","Ohio",4.08957128346944,0.0193242728264006,279.37127170538,4.22484119325425,0.0193242728264025,279.3712717054,4.22484119325426,2021-06-02,498,4.14991441337691,0.00561402234278671,0.00561402234278871,0.0180550181073169,0.0180550181073201
39077,2021-05-26,491,"Huron","Ohio",4.48702994368387,-0.0316482109507744,632.77831254547,4.26549246702845,0,490,4.48702994368387,2021-06-02,498,4.22995712105045,0.00126276081377606,0.0660864361367134,0.00840087616991585,0.0607743329959758
39079,2021-05-26,491,"Jackson","Ohio",3.57954279007647,0.0080000426670756,43.5595376124454,3.635543088746,0.00800004266707655,43.5595376124983,3.63554308874601,2021-06-02,498,3.57555076880693,0.00359907845167154,0.00359907845167234,0.0167784836010275,0.0167784836010294
39081,2021-05-26,491,"Jefferson","Ohio",5.07962816558321,-0.0167478573012216,794.300181881338,4.96239316447466,0,490,5.07962816558321,2021-06-02,498,4.7779222917659,0.034029502877932,0.0910264342958683,0.0386090148487078,0.0631458310523933
39083,2021-05-26,491,"Knox","Ohio",4.21950770517611,-1.25607396694721e-15,3359282825860886,4.2195077051761,0,490,4.21950770517611,2021-06-02,498,4.20894794496111,0.000111508535798148,0.000111508535798335,0.00250888353885083,0.00250888353885294
39085,2021-05-26,491,"Lake","Ohio",6.2620367919933,-0.017556156518306,847.686088180167,6.13914369636516,0,490,6.2620367919933,2021-06-02,498,6.02032962750415,0.0141167829593077,0.0584223533653838,0.0197354756653519,0.0401484934288145
39087,2021-05-26,491,"Lawrence","Ohio",4.59511985013459,0.0292846695451799,334.087870838176,4.80011253695085,0.0292846695451754,334.087870838152,4.80011253695082,2021-06-02,498,4.77431000607998,0.000665770599342224,0.00066577059934062,0.00540445233719878,0.00540445233719227
39089,2021-05-26,491,"Licking","Ohio",5.33409810382887,-0.017082752276228,803.250509612065,5.21451883789528,0,490,5.33409810382887,2021-06-02,498,5.14583196603984,0.00471788636528513,0.0354441386379989,0.0133480596157703,0.0365861417612358
39091,2021-05-26,491,"Logan","Ohio",3.94573406277046,-0.0432499837938238,582.230879567032,3.64298417621369,0,490,3.94573406277046,2021-06-02,498,3.83791503327442,0.0379980390344317,0.0116249431214667,0.0507908214149342,0.0280931257105099
39093,2021-05-26,491,"Lorain","Ohio",6.47433151628447,-0.0157414706509109,902.291400902865,6.3641412217281,0,490,6.47433151628447,2021-06-02,498,6.25492710932454,0.0119277223480976,0.0481382937934416,0.0174604932231344,0.0350770525579522
39095,2021-05-26,491,"Lucas","Ohio",7.19818357710194,-0.0415440331785654,664.266364056724,6.90737534485199,0,490,7.19818357710194,2021-06-02,498,6.89640539778655,0.00012033973861845,0.0910700695109137,0.0015906760743729,0.0437587644444816
39097,2021-05-26,491,"Madison","Ohio",4.460969837014,-0.060818740035027,564.348606604557,4.03523865676881,0,490,4.460969837014,2021-06-02,498,4.14086457785699,0.0111568352057266,0.102467376939975,0.0255081805024507,0.0773039671156478
39099,2021-05-26,491,"Mahoning","Ohio",6.52921026593902,0.00187911110727347,-2983.62704076754,6.54236404368993,0.00187911110727423,-2983.62704076612,6.54236404368994,2021-06-02,498,6.4518236023236,0.00819757152281064,0.00819757152281161,0.0140333101068862,0.014033310106887
39101,2021-05-26,491,"Marion","Ohio",4.72104664337389,-0.0189041546391487,740.735930195845,4.58871756089985,0,490,4.72104664337389,2021-06-02,498,4.53413441287134,0.00297932004870237,0.034936181911439,0.0120382730325688,0.0412233545551609
39103,2021-05-26,491,"Medina","Ohio",5.74162861714632,-0.0150173470669545,873.333083969318,5.63650718767764,0,490,5.74162861714632,2021-06-02,498,5.57432440741932,0.00386669816065453,0.0279906985923766,0.0111552137467199,0.0300133608127154
39105,2021-05-26,491,"Meigs","Ohio",3.25809653802148,0.0166208812360377,294.9757043112,3.37444270667375,0.0166208812360393,294.975704311219,3.37444270667376,2021-06-02,498,3.24147565678544,0.0176802363559985,0.0176802363560016,0.0410205301434119,0.0410205301434155
39107,2021-05-26,491,"Mercer","Ohio",3.99426110366512,-0.0336383591488341,609.741258632514,3.75879258962328,0,490,3.99426110366512,2021-06-02,498,3.92902058179672,0.0289775693194001,0.00425632569366127,0.0433258082083128,0.0166047798707551
39109,2021-05-26,491,"Miami","Ohio",4.7349445297349,0.0075567110225616,-135.588011053761,4.78784150689283,0.00755671102256184,-135.588011053741,4.78784150689284,2021-06-02,498,4.81797475950712,0.000908012913116649,0.000908012913116542,0.00625434007407983,0.00625434007407947
39111,2021-05-26,491,"Monroe","Ohio",3.44771739729705,-0.00904983551991759,871.970172298606,3.38436854865762,0,490,3.44771739729705,2021-06-02,498,3.42472787907235,0.00162887555152494,0.00052851794820373,0.0117846824156017,0.00671280143604441
39113,2021-05-26,491,"Montgomery","Ohio",6.94077549001027,-0.0226847661318708,796.966367458331,6.78198212708718,0,490,6.94077549001027,2021-06-02,498,6.73628887694519,0.0020878731085382,0.0418147749228287,0.00678314884897103,0.0303559744542627
39117,2021-05-26,491,"Morrow","Ohio",4.16777203077692,-0.0496326242024025,574.972429379931,3.8203436613601,0,490,4.16777203077692,2021-06-02,498,4.04054185622913,0.0484872450235768,0.0161875173154619,0.0544971943625716,0.0314883941498212
39119,2021-05-26,491,"Muskingum","Ohio",4.37665509087197,0.00179694567670152,-1944.60790268618,4.38923371060888,0.00179694567670197,-1944.60790268557,4.38923371060888,2021-06-02,498,4.24849524204936,0.0198073165324795,0.0198073165324805,0.0331266626278798,0.0331266626278806
39123,2021-05-26,491,"Ottawa","Ohio",4.07753744390572,-0.0403376157265805,592.085236954618,3.79517413381966,0,490,4.07753744390572,2021-06-02,498,3.90629233071916,0.012347253682197,0.0293248887902774,0.0284459501470662,0.0438382739151098
39125,2021-05-26,491,"Paulding","Ohio",3.81614123372486,-0.00938974034984156,897.416055348032,3.75041305127597,0,490,3.81614123372486,2021-06-02,498,3.44316158076119,0.0944034661334972,0.139113821524904,0.0892352749959702,0.108324760315553
39129,2021-05-26,491,"Pickaway","Ohio",4.59222967471236,-0.0341427189263293,625.500995208411,4.35323064222805,0,490,4.59222967471236,2021-06-02,498,4.19397440317094,0.0253625496786151,0.158607261310526,0.0379726301945716,0.0949589180230346
39131,2021-05-26,491,"Pike","Ohio",3.49650756146648,-6.28036983473606e-16,5567359333088915,3.49650756146648,0,490,3.49650756146648,2021-06-02,498,3.69953674858792,0.041220850823196,0.0412208508231941,0.0548796243743064,0.0548796243743052
39133,2021-05-26,491,"Portage","Ohio",5.90107083308347,-0.0197413029979462,789.920027401301,5.76288171209785,0,490,5.90107083308347,2021-06-02,498,5.74665949901259,0.000263160197383511,0.0238428600895492,0.00282289442902354,0.0268697552199521
39135,2021-05-26,491,"Preble","Ohio",4.05550472890584,-0.0244510958641693,656.86188003331,3.88434705785665,0,490,4.05550472890584,2021-06-02,498,3.71705033108063,0.0279881947899699,0.114551379407222,0.0450079261443258,0.0910545641513571
39137,2021-05-26,491,"Putnam","Ohio",4.13173209429372,0.00459770924862826,-407.65014746777,4.16391605903412,0.00459770924862912,-407.650147467603,4.16391605903412,2021-06-02,498,3.95672318434605,0.0429288873215043,0.0429288873215068,0.0523647637286784,0.05236476372868
39139,2021-05-26,491,"Richland","Ohio",5.54740709980683,-0.0214825116265193,749.228981613062,5.3970295184212,0,490,5.54740709980683,2021-06-02,498,5.28970899201143,0.0115176953888689,0.066408314761329,0.0202885501965875,0.0487168780332863
39141,2021-05-26,491,"Ross","Ohio",4.52798054729696,-0.0288993495633437,647.681053923799,4.32568510035356,0,490,4.52798054729696,2021-06-02,498,4.21318523943662,0.0126562187063301,0.0990960858508874,0.0267018548968381,0.0747167024401794
39143,2021-05-26,491,"Sandusky","Ohio",4.72865124275911,-0.0273989741881179,663.58497381299,4.53685842344229,0,490,4.72865124275911,2021-06-02,498,4.47571211875121,0.00373887057737454,0.0639782004538872,0.013661804662303,0.0565137160963071
39145,2021-05-26,491,"Scioto","Ohio",4.69657665231195,-0.00779224722016019,1093.72428730969,4.64203092177083,0,490,4.69657665231195,2021-06-02,498,4.56434819146784,0.00603460658732706,0.0174843658572026,0.0170194575532609,0.0289698452653736
39147,2021-05-26,491,"Seneca","Ohio",4.48380932898382,-0.0441712183131459,592.509750018586,4.1746108007918,0,490,4.48380932898382,2021-06-02,498,4.02535169073515,0.0222782819349042,0.210183406068552,0.0370797688063361,0.113892567276512
39149,2021-05-26,491,"Shelby","Ohio",4.15664844555826,-0.0416270395120708,590.854529514474,3.86525916897376,0,490,4.15664844555826,2021-06-02,498,3.66721795733276,0.0392203215082368,0.239542202804651,0.0540031200613566,0.133460976118658
39151,2021-05-26,491,"Stark","Ohio",6.83503096451707,-0.00932799790626625,1223.74362121431,6.76973497917321,0,490,6.83503096451707,2021-06-02,498,6.70790963989275,0.00382237257714404,0.0161598311742429,0.0092167817695065,0.0189509596057047
39153,2021-05-26,491,"Summit","Ohio",7.15984718272843,-0.0420691348031864,661.19240391381,6.86536323910613,0,490,7.15984718272843,2021-06-02,498,6.89119026210744,0.000667035117110414,0.0721765409975535,0.00374783194469744,0.0389855613330332
39155,2021-05-26,491,"Trumbull","Ohio",5.99893656194668,-0.0116300870347847,1006.81183734948,5.91752595270319,0,490,5.99893656194668,2021-06-02,498,5.93110774656709,0.000184465124561358,0.00460074819579948,0.00228992533001224,0.0114361124899234
39157,2021-05-26,491,"Tuscarawas","Ohio",4.64163986576949,0.00552487593197415,-349.134678664346,4.6803139972933,0.00552487593197437,-349.134678664313,4.68031399729331,2021-06-02,498,4.63472898822964,0.00207799305133478,0.00207799305133494,0.00983552850219218,0.00983552850219256
39159,2021-05-26,491,"Union","Ohio",4.68213122712422,-0.0092166551049216,999.007642015812,4.61761464138977,0,490,4.68213122712422,2021-06-02,498,4.69787958409236,0.00644246102705054,0.000248010747196014,0.0170853554813071,0.00335222661335714
39161,2021-05-26,491,"Van Wert","Ohio",3.50512830451039,0.0216928246112618,329.419921456853,3.65697807678922,0.0216928246112591,329.419921456833,3.6569780767892,2021-06-02,498,3.43858491373377,0.0476955736693624,0.0476955736693542,0.0635125112610071,0.0635125112610017
39163,2021-05-26,491,"Vinton","Ohio",3.44771739729705,-0.0090498355199205,871.970172298483,3.3843685486576,0,490,3.44771739729705,2021-06-02,498,3.08452777233712,0.0899044911444679,0.13190670367853,0.0972080002033155,0.117745616757646
39165,2021-05-26,491,"Warren","Ohio",5.73933345892052,-0.0182154398913376,806.080694902673,5.61182537968116,0,490,5.73933345892052,2021-06-02,498,5.48538952610059,0.015986025070647,0.0644875210160541,0.0230495670323796,0.0462946034391205
39167,2021-05-26,491,"Washington","Ohio",4.81334512160838,0.0199186433065187,249.349750656304,4.95277562475401,0.0199186433065153,249.349750656263,4.95277562475399,2021-06-02,498,4.81566261974874,0.0187999761415753,0.0187999761415687,0.0284723029480882,0.0284723029480832
39169,2021-05-26,491,"Wayne","Ohio",5.67037341252507,0.00543077118513256,-553.119374435892,5.708388810821,0.00543077118513224,-553.119374435952,5.708388810821,2021-06-02,498,5.55682806169954,0.0229706606742584,0.0229706606742578,0.0272746875445173,0.027274687544517
39171,2021-05-26,491,"Williams","Ohio",4.49024021931411,-0.0408219945202631,600.995610750603,4.20448625767227,0,490,4.49024021931411,2021-06-02,498,4.21740465497933,0.000166884988982967,0.0744392451658805,0.00306311543802284,0.0646927640705898
39173,2021-05-26,491,"Wood","Ohio",5.4788516127679,-0.0322703272991613,660.779858815076,5.25295932167377,0,490,5.4788516127679,2021-06-02,498,5.15576582256413,0.00944657626917571,0.104384427831594,0.0188514184806988,0.062664946648622
39175,2021-05-26,491,"Wyandot","Ohio",3.3722098447889,0.029852963149684,378.039359279663,3.58118058683669,0.0298529631496796,378.039359279647,3.58118058683666,2021-06-02,498,3.43858491373377,0.0203335259876735,0.0203335259876646,0.0414692894549108,0.0414692894549017
40017,2021-05-26,491,"Canadian","Oklahoma",5.50242371184216,-0.0488733623058549,603.585331809327,5.16031017570118,0,490,5.50242371184216,2021-06-02,498,5.36129216570943,0.040393760307676,0.0199181133138163,0.0374876025771773,0.0263241662216072
40019,2021-05-26,491,"Carter","Oklahoma",3.95124371858143,-0.0430173850836826,582.852252546151,3.65012202299565,0,490,3.95124371858143,2021-06-02,498,3.71357206670431,0.00402590804663067,0.0564878141059987,0.0170859869066628,0.0640008185132776
40027,2021-05-26,491,"Cleveland","Oklahoma",5.80985702104769,-0.0224443044094966,749.856630842586,5.65274689018121,0,490,5.80985702104769,2021-06-02,498,5.67332326717149,0.000423387290046272,0.0186414659475247,0.00362686489404687,0.0240659217616315
40031,2021-05-26,491,"Comanche","Oklahoma",5.04985600724954,-0.0473937596835009,597.551074254772,4.71809968946503,0,490,5.04985600724954,2021-06-02,498,4.801676377774,0.00698506282869541,0.0615931284866126,0.0174057311933461,0.0516860383644983
40035,2021-05-26,491,"Craig","Oklahoma",3.10394585819422,-0.019048194970697,653.952230537813,2.97060849339935,0,490,3.10394585819422,2021-06-02,498,3.02390315052069,0.0028403204776815,0.00640683505171113,0.0176244590082741,0.0264699971160628
40037,2021-05-26,491,"Creek","Oklahoma",4.43759648582869,0.00169061747790838,-2133.83769617647,4.44943080817405,0.00169061747790877,-2133.83769617585,4.44943080817405,2021-06-02,498,4.37665509087197,0.00529630502883239,0.00529630502883278,0.0166281591286147,0.0166281591286153
40041,2021-05-26,491,"Delaware","Oklahoma",4.05302641289137,-0.0436962717357053,583.754513186065,3.74715251074143,0,490,4.05302641289137,2021-06-02,498,3.80666248977032,0.00354143760401853,0.0606951826155948,0.0156331114693799,0.064719140134726
40051,2021-05-26,491,"Grady","Oklahoma",3.80029304148484,-0.00636944828548179,1087.6439903668,3.75570690348647,0,490,3.80029304148484,2021-06-02,498,3.54715129428523,0.0434954421292971,0.0640807441752686,0.0587952393057587,0.0713648012723443
40079,2021-05-26,491,"Le Flore","Oklahoma",3.53472877428668,0.0125787822068602,209.992767649724,3.6227802497347,0.0125787822068593,209.992767649703,3.62278024973469,2021-06-02,498,3.44771739729705,0.0306470023036071,0.030647002303605,0.0507764506960166,0.0507764506960148
40083,2021-05-26,491,"Logan","Oklahoma",4.12019794104843,-0.0252017919739543,654.488292630405,3.94378539723075,0,490,4.12019794104843,2021-06-02,498,3.69244452027843,0.0631722364271628,0.18297298898044,0.068068965037116,0.115845591835121
40087,2021-05-26,491,"McClain","Oklahoma",3.53472877428668,-0.0368139731227227,587.015954662197,3.27703096242762,0,490,3.53472877428668,2021-06-02,498,3.29583686600433,0.000353662009336509,0.0570693438427823,0.00570595704256109,0.0724829286141116
40097,2021-05-26,491,"Mayes","Oklahoma",3.74444930526875,0.04138521616286,400.522055157728,4.03414581840877,0.0413852161628543,400.522055157716,4.03414581840873,2021-06-02,498,3.95398720452718,0.0064254033794179,0.00642540337941149,0.0202728561665075,0.0202728561664974
40101,2021-05-26,491,"Muskogee","Oklahoma",3.34235688163922,0.0152674721307885,272.079876681156,3.44922918655474,0.0152674721307871,272.079876681136,3.44922918655473,2021-06-02,498,3.53472877428668,0.00731017950233117,0.00731017950233284,0.0241884436378548,0.0241884436378576
40109,2021-05-26,491,"Oklahoma","Oklahoma",6.93397981861815,-0.0260967975629642,756.702326191112,6.7513022356774,0,490,6.93397981861815,2021-06-02,498,6.76124202628409,9.8799437304817e-05,0.0298383449004452,0.00147011311946061,0.0255482338396628
40111,2021-05-26,491,"Okmulgee","Oklahoma",4.29241447598419,-0.0193429628431278,712.910909450421,4.1570137360823,0,490,4.29241447598419,2021-06-02,498,4.14313472639153,0.000192626909996393,0.0222844436384478,0.00334988133558827,0.0360306288477075
40113,2021-05-26,491,"Osage","Oklahoma",4.33635659784069,-0.031281299381095,629.624567509538,4.11738750217303,0,490,4.33635659784069,2021-06-02,498,3.88008995832514,0.0563101243162418,0.208179246334819,0.0611577428349939,0.11759176833944
40115,2021-05-26,491,"Ottawa","Oklahoma",3.53888678443534,-0.0525373335278742,558.359467007547,3.17112544974022,0,490,3.53888678443534,2021-06-02,498,3.51367536508885,0.11734044450535,0.000635615665464798,0.0974904849640152,0.00717522728394034
40119,2021-05-26,491,"Payne","Oklahoma",3.56751859710967,0.0327898228229943,382.200430805381,3.79704735687063,0.0327898228229899,382.200430805366,3.7970473568706,2021-06-02,498,3.59535339610311,0.0406804538100884,0.0406804538100759,0.0560985078646583,0.0560985078646496
40123,2021-05-26,491,"Pontotoc","Oklahoma",3.64507683145554,-0.047367688822896,567.952811548062,3.31350300969527,0,490,3.64507683145554,2021-06-02,498,3.16607763930123,0.0217342398358205,0.229440226084486,0.0465640414385352,0.151291044227214
40125,2021-05-26,491,"Pottawatomie","Oklahoma",4.05797691805123,-0.00492611833605591,1314.76764852552,4.02349408969883,0,490,4.05797691805123,2021-06-02,498,3.99426110366512,0.000854567472447431,0.00405970500288492,0.00731874689085595,0.0159518400856775
40131,2021-05-26,491,"Rogers","Oklahoma",4.60659773797928,-0.0419055727151768,600.928046307572,4.31325872897304,0,490,4.60659773797928,2021-06-02,498,4.45268478547989,0.0194396252330531,0.0236891969470766,0.031312806368311,0.0345663256921504
40135,2021-05-26,491,"Sequoyah","Oklahoma",3.49216915986788,-0.0341913647482718,593.135997950898,3.25282960662998,0,490,3.49216915986788,2021-06-02,498,3.28519846779927,0.00104774317339689,0.0428368673753596,0.00985293932362493,0.0630009705950151
40137,2021-05-26,491,"Stephens","Oklahoma",3.8859723282282,-0.0231894449189067,658.575047260398,3.72364621379586,0,490,3.8859723282282,2021-06-02,498,3.79066214842388,0.0044911354940674,0.00908403037433263,0.0176792159269291,0.0251434119086433
40143,2021-05-26,491,"Tulsa","Oklahoma",6.78089545939078,-0.00291498182116056,2817.22221180476,6.76049058664266,0,490,6.78089545939078,2021-06-02,498,6.68514729850997,0.00567661106664533,0.00916771031205789,0.0112702510159322,0.0143225207471723
40145,2021-05-26,491,"Wagoner","Oklahoma",4.50928841428481,0.00630916919326525,-223.719842843693,4.55345259863767,0.00630916919326552,-223.719842843663,4.55345259863767,2021-06-02,498,4.54329478227,0.000103181233359158,0.000103181233359194,0.00223578192797509,0.00223578192797548
40147,2021-05-26,491,"Washington","Oklahoma",3.52636052461616,-0.033060862260881,597.66269067001,3.29493448878999,0,490,3.52636052461616,2021-06-02,498,3.28519846779927,9.47901047317667e-05,0.0581591376481522,0.00296360207340637,0.0734086720119656
41001,2021-05-26,491,"Baker","Oregon",3.81614123372486,-0.0340063679851885,603.21843024774,3.57809665782854,0,490,3.81614123372486,2021-06-02,498,3.3964241029095,0.0330049172108133,0.176162469899881,0.0534893609909957,0.123576184274461
41003,2021-05-26,491,"Benton","Oregon",5.50358785632754,-0.0427050372358964,619.874442280111,5.20465259567626,0,490,5.50358785632754,2021-06-02,498,5.10681090017701,0.00957299737816866,0.157431952932078,0.0191590598147784,0.0776956429181225
41005,2021-05-26,491,"Clackamas","Oregon",7.31910778421156,-0.0301230404017773,733.973739921011,7.10824650139912,0,490,7.31910778421156,2021-06-02,498,7.1048481530964,1.15487711865985e-05,0.045907189525605,0.000478313994823202,0.0301568205960579
41007,2021-05-26,491,"Clatsop","Oregon",3.95124371858143,-0.063851471986542,552.881795292272,3.50428341467563,0,490,3.95124371858143,2021-06-02,498,3.64880123054653,0.020885399104093,0.0914714585687421,0.0396069302600091,0.0828881785894382
41009,2021-05-26,491,"Columbia","Oregon",4.92414326274281,-0.0144332402446547,832.166860613052,4.82311058103023,0,490,4.92414326274281,2021-06-02,498,4.82717022660022,1.64807221539552e-05,0.00940376973871233,0.000840999049012438,0.02008900278847
41011,2021-05-26,491,"Coos","Oregon",4.58058471051548,0.0117821686982578,102.227370119661,4.66305989140328,0.01178216869826,102.227370119735,4.6630598914033,2021-06-02,498,4.58787868887803,0.0056522132131426,0.005652213213145,0.0163869203227854,0.0163869203227889
41013,2021-05-26,491,"Crook","Oregon",5.21493575760899,-0.0169365095308947,798.910892034522,5.09638019089272,0,490,5.21493575760899,2021-06-02,498,4.93652732194253,0.0255529397116069,0.0775112570502419,0.0323816437193927,0.0563976288410168
41015,2021-05-26,491,"Curry","Oregon",3.28519846779927,-0.0470060423759223,560.888854746088,2.95615617116782,0,490,3.28519846779927,2021-06-02,498,3.20158432775814,0.0602349800473247,0.00699132441481801,0.0766583452019149,0.0261164884261166
41017,2021-05-26,491,"Deschutes","Oregon",7.19411504900584,-0.0293890073023821,735.789317821658,6.98839199788917,0,490,7.19411504900584,2021-06-02,498,6.92783797909908,0.00366678919163113,0.0709034779581343,0.00874068056625789,0.0384358108128557
41019,2021-05-26,491,"Douglas","Oregon",5.5978927184462,0.0355640928228525,333.597061414451,5.84684136820616,0.0355640928228489,333.597061414436,5.84684136820614,2021-06-02,498,5.79605775076537,0.0025789758003727,0.00257897580037017,0.00876175145668379,0.0087617514566795
41023,2021-05-26,491,"Grant","Oregon",3.64880123054653,-0.0682491005341178,544.46299368037,3.1710575268077,0,490,3.64880123054653,2021-06-02,498,3.2470467018349,0.00577435472131378,0.161406701340303,0.02340255068837,0.123729211681679
41025,2021-05-26,491,"Harney","Oregon",3.57954279007647,0.0241947285870538,343.052781778597,3.74890589018585,0.0241947285870583,343.052781778624,3.74890589018588,2021-06-02,498,3.80029304148484,0.00264063931862541,0.00264063931862217,0.0135218917957215,0.0135218917957132
41027,2021-05-26,491,"Hood River","Oregon",3.62624388312245,-0.0409740742103103,579.500935115942,3.33942536365028,0,490,3.62624388312245,2021-06-02,498,3.2188758248682,0.0145321913005721,0.165948734885839,0.0374508198951774,0.126556002908541
41029,2021-05-26,491,"Jackson","Oregon",6.42671959116957,-0.023299363698318,766.832407888182,6.26362404528134,0,490,6.42671959116957,2021-06-02,498,6.27932517504635,0.000246525475897635,0.0217251139043043,0.00250044858759725,0.0234729707435688
41031,2021-05-26,491,"Jefferson","Oregon",4.90315613357815,0.00851975334477029,-84.5044700428876,4.96279440699154,0.0085197533447694,-84.504470042948,4.96279440699153,2021-06-02,498,4.9708048712983,6.41675384098297e-05,6.41675384099293e-05,0.00161150246572944,0.00161150246573069
41033,2021-05-26,491,"Josephine","Oregon",5.26564658425849,-0.0276582404660078,681.382558526455,5.07203890099644,0,490,5.26564658425849,2021-06-02,498,5.1399913153103,0.00461753061108305,0.015789246614442,0.0132203364063003,0.0244465916846796
41035,2021-05-26,491,"Klamath","Oregon",6.33556070883985,-0.0467386338535568,626.552971631363,6.00839027186496,0,490,6.33556070883985,2021-06-02,498,5.96907285679308,0.00154585912793411,0.134313345697857,0.00658685461128693,0.0613977850227934
41039,2021-05-26,491,"Lane","Oregon",6.85254454700978,-0.0323806694724477,702.624548184234,6.62587986070265,0,490,6.85254454700978,2021-06-02,498,6.57944960502732,0.00215576864207657,0.0745808473364059,0.00705686014219998,0.0415072625184019
41041,2021-05-26,491,"Lincoln","Oregon",3.78093759853188,-0.0782872213292765,539.295718436975,3.23292704922695,0,490,3.78093759853188,2021-06-02,498,3.41538201665411,0.0332898151388465,0.133630883441998,0.0534215401198089,0.107032121178612
41043,2021-05-26,491,"Linn","Oregon",6.50685118220154,-0.0173402526255341,866.245466298454,6.3854694138228,0,490,6.50685118220154,2021-06-02,498,6.30601456474604,0.0063130730418096,0.0403353469109636,0.0125998518178102,0.0318484227071524
41045,2021-05-26,491,"Malheur","Oregon",4.41019751164058,-0.0240148762038778,674.644399171562,4.24209337821343,0,490,4.41019751164058,2021-06-02,498,4.16998197642772,0.00520005426750049,0.0577035033575994,0.017292976850583,0.0576058929201036
41047,2021-05-26,491,"Marion","Oregon",7.15550781569668,-0.0224926792257882,809.126077550281,6.99805906111617,0,490,7.15550781569668,2021-06-02,498,7.00915080157659,0.000123026706441447,0.0214203755821485,0.00158246566159354,0.0208808482315961
41049,2021-05-26,491,"Morrow","Oregon",3.36235754834589,0.020000666706668,322.887726661386,3.50236221529257,0.0200006667066708,322.887726661409,3.50236221529259,2021-06-02,498,3.47903986842609,0.000543931863360443,0.000543931863361333,0.00670367335486492,0.00670367335487041
41051,2021-05-26,491,"Multnomah","Oregon",7.72847865512793,-0.0366056362374223,702.128106202045,7.47223920146598,0,490,7.72847865512793,2021-06-02,498,7.45306514177142,0.000367644565170482,0.0758526033393788,0.00257264083029348,0.0369530532898381
41053,2021-05-26,491,"Polk","Oregon",5.44919739750717,-0.0290577344795332,678.530015505693,5.24579325615044,0,490,5.44919739750717,2021-06-02,498,5.17695650954377,0.00473849768339138,0.0741151010791038,0.0132967596849176,0.05258705331241
41057,2021-05-26,491,"Tillamook","Oregon",3.61861025826738,-0.0702691958465666,542.496394894978,3.12672588734141,0,490,3.61861025826738,2021-06-02,498,3.2470467018349,0.0144770984003751,0.138059476468756,0.0370554616370285,0.114431232609779
41059,2021-05-26,491,"Umatilla","Oregon",5.50184113099259,0.0140847398817366,100.375737344874,5.60043431016475,0.0140847398817368,100.375737344879,5.60043431016475,2021-06-02,498,5.57215403217776,0.000799774123021152,0.000799774123021203,0.00507528647335908,0.00507528647335924
41061,2021-05-26,491,"Union","Oregon",3.12299405316492,-0.0370412716803571,575.311199683272,2.86370515140242,0,490,3.12299405316492,2021-06-02,498,3.09104245335832,0.0516822488605873,0.00102090473020122,0.0735471302598591,0.0103368362902577
41065,2021-05-26,491,"Wasco","Oregon",3.91772102654278,-0.00283688133519969,1871.99573568064,3.89786285719639,0,490,3.91772102654278,2021-06-02,498,3.92055790787798,0.000515065325440249,8.04789570999979e-06,0.00578872987336657,0.000723591234170637
41067,2021-05-26,491,"Washington","Oregon",7.26692710311946,-0.0294861656544553,737.452088354915,7.06052394353827,0,490,7.26692710311946,2021-06-02,498,6.96858156113603,0.00845340168179958,0.0890100624213845,0.0131938446290138,0.0428129511531167
41071,2021-05-26,491,"Yamhill","Oregon",5.65248918026865,-0.0124534610712838,944.889015103008,5.56531495276966,0,490,5.65248918026865,2021-06-02,498,5.47706110199411,0.00778874217671437,0.0307750106470997,0.0161133588127081,0.0320296003655453
42001,2021-05-26,491,"Adams","Pennsylvania",5.92387375347483,-0.0495722881304623,610.499703904823,5.5768677365616,0,490,5.92387375347483,2021-06-02,498,5.62040086571715,0.00189513333407406,0.0920957936039876,0.00774555591240701,0.0539948831067873
42003,2021-05-26,491,"Allegheny","Pennsylvania",8.12364253775525,-0.0484815698142681,658.56145827944,7.78427154905537,0,490,8.12364253775525,2021-06-02,498,7.76835207037007,0.000253429801611794,0.126231316214779,0.00204927358352129,0.0457356288910131
42005,2021-05-26,491,"Armstrong","Pennsylvania",5.34506462908767,-0.045962135564623,607.292782383283,5.02332968013531,0,490,5.34506462908767,2021-06-02,498,4.969813299576,0.00286400298816875,0.140813560300276,0.0107682879282154,0.0755061220395713
42007,2021-05-26,491,"Beaver","Pennsylvania",6.39263473093327,-0.0336225393774075,681.129444393744,6.15727695529141,0,490,6.39263473093327,2021-06-02,498,6.11652264252788,0.00166091400882773,0.0762378853635825,0.00666298731245896,0.045142003805494
42009,2021-05-26,491,"Bedford","Pennsylvania",5.39167759448328,-0.00454398704612666,1677.55214897217,5.3598696851604,0,490,5.39167759448328,2021-06-02,498,5.2853768552723,0.00554918170473711,0.0112998471568018,0.0140941378312106,0.0201122345902255
42011,2021-05-26,491,"Berks","Pennsylvania",7.59696615100628,-0.0568675464754163,624.590538397685,7.19889332567836,0,490,7.59696615100628,2021-06-02,498,7.23747004133809,0.00148816299109122,0.129237452866563,0.00533013821672305,0.0496715160981482
42013,2021-05-26,491,"Blair","Pennsylvania",6.55454371835663,-0.032612673160595,691.981492258546,6.32625500623246,0,490,6.55454371835663,2021-06-02,498,6.31354804627709,0.000161466831307263,0.0580789139610646,0.00201264960086245,0.0381711947565899
42015,2021-05-26,491,"Bradford","Pennsylvania",5.87131263645285,-0.0254486894712837,721.711787460727,5.69317181015387,0,490,5.87131263645285,2021-06-02,498,5.59258485035815,0.0101177364809455,0.077689178741255,0.0179857726770612,0.0498388122044951
42017,2021-05-26,491,"Bucks","Pennsylvania",7.51922746803687,-0.0580407472169022,620.550838481403,7.11294223751856,0,490,7.51922746803687,2021-06-02,498,7.09518282561419,0.000315396711189111,0.179813858767384,0.00250302386011224,0.059765146698102
42019,2021-05-26,491,"Butler","Pennsylvania",6.32768164914432,-0.0392795961429734,652.09334795888,6.0527244761435,0,490,6.32768164914432,2021-06-02,498,6.08026004589111,0.000758207601325413,0.0612174497563867,0.00452868290826087,0.0406926021890144
42021,2021-05-26,491,"Cambria","Pennsylvania",6.54719524683183,-0.0379907006980889,663.336785753498,6.28126034194521,0,490,6.54719524683183,2021-06-02,498,6.33023007050315,0.00239803431503778,0.0470738877393386,0.00773585288568227,0.0342744535209986
42025,2021-05-26,491,"Carbon","Pennsylvania",5.48598176775249,-0.0314711287122275,665.31792224284,5.26568386676689,0,490,5.48598176775249,2021-06-02,498,5.22189903526113,0.00191711146998817,0.0697396896001014,0.00838484834925093,0.0505721636339816
42027,2021-05-26,491,"Centre","Pennsylvania",6.05979052960723,-0.0481864049556883,616.757265668184,5.72248569491741,0,490,6.05979052960723,2021-06-02,498,5.71890563623042,1.28168202022724e-05,0.116202510532516,0.000626004154414927,0.0596066651663617
42029,2021-05-26,491,"Chester","Pennsylvania",7.15483854629077,-0.0589297618278807,612.412989368399,6.74233021349561,0,490,7.15483854629077,2021-06-02,498,6.73798321825192,1.88963676486102e-05,0.173768364514377,0.00064514782879077,0.0618664835658342
42031,2021-05-26,491,"Clarion","Pennsylvania",4.70177822450801,-0.0331663052268819,632.763702418596,4.46961408791984,0,490,4.70177822450801,2021-06-02,498,4.24029847484518,0.052585650399808,0.212963559348873,0.0540800640414905,0.108831902376798
42033,2021-05-26,491,"Clearfield","Pennsylvania",5.8171111599632,-0.0420457352399785,629.351990439974,5.52279101328335,0,490,5.8171111599632,2021-06-02,498,5.48242304513549,0.00162957285238696,0.112016134206929,0.00736316183839226,0.0610474806617996
42035,2021-05-26,491,"Clinton","Pennsylvania",4.78630055741189,-0.066845155591598,562.602803749229,4.31838446827071,0,490,4.78630055741189,2021-06-02,498,4.46918681011628,0.0227413463061095,0.100561128723865,0.0337426803248018,0.0709555811311815
42037,2021-05-26,491,"Columbia","Pennsylvania",5.78030250145222,-0.0389322524286093,639.470795828,5.50777673445195,0,490,5.78030250145222,2021-06-02,498,5.3890717298165,0.0140908781255023,0.153061516674677,0.0220269854599787,0.0725970614699977
42039,2021-05-26,491,"Crawford","Pennsylvania",5.67234094882138,0.00147528917832632,-3353.90107577182,5.68266797306967,0.00147528917832496,-3353.90107577537,5.68266797306966,2021-06-02,498,5.68309374059764,1.81277987878951e-07,1.8127798788727e-07,7.49182658970903e-05,7.49182658988095e-05
42041,2021-05-26,491,"Cumberland","Pennsylvania",6.4569938959588,-0.0472942775778573,627.52801621357,6.12593395291379,0,490,6.4569938959588,2021-06-02,498,6.0561146691608,0.00487473238378163,0.160704154478161,0.0115287255224104,0.066194127538465
42043,2021-05-26,491,"Dauphin","Pennsylvania",6.91671502035361,-0.0495786722116261,630.509888260615,6.56966431487223,0,490,6.91671502035361,2021-06-02,498,6.56284756353982,4.64680987278196e-05,0.125222176991857,0.0010386880491136,0.0539198043818223
42045,2021-05-26,491,"Delaware","Pennsylvania",7.23921497377981,-0.0524412353946635,629.044325601766,6.87212632601716,0,490,7.23921497377981,2021-06-02,498,6.8728680199817,5.5010993702805e-07,0.134210090557154,0.000107916223966316,0.0533033593447477
42047,2021-05-26,491,"Elk","Pennsylvania",3.87713574642771,-0.0518848353690023,565.725798373527,3.51394189884469,0,490,3.87713574642771,2021-06-02,498,3.55942138687705,0.00206838383168543,0.100942414264684,0.0127772137909923,0.0892601142202532
42049,2021-05-26,491,"Erie","Pennsylvania",6.61184900410759,-0.031940729040094,698.003697248362,6.38826390082693,0,490,6.61184900410759,2021-06-02,498,6.3617958174942,0.000700559435308268,0.062526596135509,0.00416047356627581,0.0393054404427393
42051,2021-05-26,491,"Fayette","Pennsylvania",6.43294009273918,-0.024277993333776,755.970008200371,6.26299413940275,0,490,6.43294009273918,2021-06-02,498,6.2358103060728,0.000738960794510591,0.038860152791134,0.004359310497864,0.0316125374234696
42055,2021-05-26,491,"Franklin","Pennsylvania",6.24997524225948,-0.0188504420675109,822.555897727801,6.11802214778691,0,490,6.24997524225948,2021-06-02,498,6.04703439826279,0.00503926058249829,0.0411849861620886,0.0117392666964995,0.033560391860015
42057,2021-05-26,491,"Fulton","Pennsylvania",3.99688922607139,-0.0052356140539432,1254.40409833325,3.96023992769378,0,490,3.99688922607139,2021-06-02,498,3.91772102654278,0.00180785695508857,0.00626760381660071,0.0108529680553906,0.0202077174439512
42059,2021-05-26,491,"Greene","Pennsylvania",4.65803367554516,0.0163938097756672,206.866309339582,4.77279034397483,0.0163938097756695,206.866309339622,4.77279034397484,2021-06-02,498,4.71722254693549,0.00308778006780472,0.00308778006780649,0.0117797700842913,0.0117797700842946
42061,2021-05-26,491,"Huntingdon","Pennsylvania",5.22497832945719,-0.0450865241389668,606.887805264221,4.90937266048442,0,490,5.22497832945719,2021-06-02,498,4.74865190946578,0.0258311598079979,0.226886858381837,0.0338455532397042,0.100307714499335
42063,2021-05-26,491,"Indiana","Pennsylvania",5.819658932042,-0.0134795638282418,922.739409835273,5.72530198524431,0,490,5.819658932042,2021-06-02,498,5.58080741229739,0.0208786816111128,0.0570500484843109,0.0258913383444346,0.0427987389814419
42065,2021-05-26,491,"Jefferson","Pennsylvania",4.52798054729696,-0.0122700925918102,860.025784721397,4.44208989915429,0,490,4.52798054729696,2021-06-02,498,4.39444915467244,0.00226964053478508,0.0178306328162444,0.0108411186032718,0.0303863778882375
42067,2021-05-26,491,"Juniata","Pennsylvania",3.94019388239484,-0.0246926125903672,650.569744512654,3.76734559426227,0,490,3.94019388239484,2021-06-02,498,3.85620822632175,0.0078965673765383,0.0070535904260277,0.0230440440049163,0.0217793363698106
42069,2021-05-26,491,"Lackawanna","Pennsylvania",6.37234417974353,-0.0462537749517368,628.769169897867,6.04856775508137,0,490,6.37234417974353,2021-06-02,498,6.06677078065152,0.000331350139907574,0.0933751022326426,0.00300044722774184,0.0503683772043206
42071,2021-05-26,491,"Lancaster","Pennsylvania",7.36870014409667,-0.0517932144557776,633.271535403315,7.00614764290622,0,490,7.36870014409667,2021-06-02,498,7.01558417425428,8.90481238829148e-05,0.124690888157727,0.00134508133801457,0.0503330814757015
42073,2021-05-26,491,"Lawrence","Pennsylvania",5.58885250798222,-0.0137933221323335,896.185382778901,5.49229925305589,0,490,5.58885250798222,2021-06-02,498,5.42620787928247,0.00436806968725737,0.0264532752448796,0.0121800298189378,0.0299739030125874
42075,2021-05-26,491,"Lebanon","Pennsylvania",6.38060668118422,-0.0481907128799626,623.403243277964,6.04327169102448,0,490,6.38060668118422,2021-06-02,498,6.04973345523196,4.17543966730727e-05,0.109477091652054,0.00106810725717047,0.0546921989870661
42077,2021-05-26,491,"Lehigh","Pennsylvania",7.11651009284425,-0.0488729764753938,636.612373259632,6.77439925751649,0,490,7.11651009284425,2021-06-02,498,6.76898570119318,2.93065920656783e-05,0.120773202792445,0.000799758865254861,0.0513406892837446
42079,2021-05-26,491,"Luzerne","Pennsylvania",7.10437883477264,-0.0422808524137273,659.028278267778,6.80841286787655,0,490,7.10437883477264,2021-06-02,498,6.80888161464472,2.19723532670333e-07,0.0873186071033287,6.88434304926604e-05,0.0433987895298925
42081,2021-05-26,491,"Lycoming","Pennsylvania",6.08936876208935,-0.0252611353939682,732.0568118622,5.91254081433158,0,490,6.08936876208935,2021-06-02,498,5.83856308668115,0.00547270418831986,0.0629034868169626,0.0126705366632379,0.0429567466660303
42083,2021-05-26,491,"McKean","Pennsylvania",5.47586564458933,-0.030626657578994,669.794098914179,5.26147904153638,0,490,5.47586564458933,2021-06-02,498,5.12140969959817,0.0196194205510036,0.125639016939583,0.0273497630836294,0.069210620860694
42085,2021-05-26,491,"Mercer","Pennsylvania",5.91427490841685,-0.0179702790311563,820.114250155096,5.78848295519876,0,490,5.91427490841685,2021-06-02,498,5.72218356002709,0.00439560980012837,0.0368990861261952,0.0115863803522146,0.0335695886674506
42087,2021-05-26,491,"Mifflin","Pennsylvania",5.31951957419864,-0.0597192347016341,580.075481304737,4.9014849312872,0,490,5.31951957419864,2021-06-02,498,4.88712158373089,0.000206305753023314,0.186968022160546,0.00293901989345298,0.088477027440281
42089,2021-05-26,491,"Monroe","Pennsylvania",6.5342040341195,-0.067026084609385,588.487479273175,6.06502144185381,0,490,6.5342040341195,2021-06-02,498,6.06245542125761,6.58446170013703e-06,0.222546753737124,0.000423264241614912,0.0778147763706008
42091,2021-05-26,491,"Montgomery","Pennsylvania",7.53849499941346,-0.0734886929965861,593.580338444224,7.02407414843736,0,490,7.53849499941346,2021-06-02,498,7.08122827869961,0.00326659460603348,0.209092853872406,0.00807121702800677,0.0645744922656033
42093,2021-05-26,491,"Montour","Pennsylvania",3.72051653905712,-0.0440003292624281,575.556561312691,3.41251423422012,0,490,3.72051653905712,2021-06-02,498,3.45676723281697,0.00195832788481224,0.0695636965421623,0.0128018450813598,0.0762994116977962
42095,2021-05-26,491,"Northampton","Pennsylvania",6.92643682992771,-0.0532403600472638,621.097482882888,6.55375430959687,0,490,6.92643682992771,2021-06-02,498,6.54493906702132,7.7708501665713e-05,0.145540543102582,0.00134687924291976,0.0582889709132183
42097,2021-05-26,491,"Northumberland","Pennsylvania",5.7420870173377,-0.0168147565395725,832.490940045671,5.6243837215607,0,490,5.7420870173377,2021-06-02,498,5.51515536529897,0.0119308338116389,0.0514979746970297,0.0198051276939515,0.0411469191723185
42099,2021-05-26,491,"Perry","Pennsylvania",5.03323512601349,-0.0446136796696247,603.818202024264,4.72093936832612,0,490,5.03323512601349,2021-06-02,498,4.70177822450801,0.000367149432418153,0.109863677555613,0.00407529723929318,0.0704960731192638
42101,2021-05-26,491,"Philadelphia","Pennsylvania",8.51524844447831,-0.0328341475905753,750.341236771516,8.28540941134428,0,490,8.51524844447831,2021-06-02,498,8.24916434200981,0.00131370505106091,0.0708007495864685,0.00439378679242611,0.0322558857402608
42103,2021-05-26,491,"Pike","Pennsylvania",5.3054348343169,-0.0545150493118082,588.320554622844,4.92382948913424,0,490,5.3054348343169,2021-06-02,498,4.9638431325895,0.00160109166256423,0.116684890689023,0.00806102094414505,0.068815974357595
42105,2021-05-26,491,"Potter","Pennsylvania",4.52798054729696,-0.0137933221323391,819.273385037596,4.43142729237059,0,490,4.52798054729696,2021-06-02,498,4.29045944114839,0.0198719350782033,0.0564162758660407,0.0328561202257782,0.0553602963520838
42107,2021-05-26,491,"Schuylkill","Pennsylvania",6.25052666217971,-0.0481599451474614,620.78683100741,5.91340704614748,0,490,6.25052666217971,2021-06-02,498,5.91466063648335,1.57148873017587e-06,0.11280598721707,0.000211946282789783,0.0567853417700153
42109,2021-05-26,491,"Snyder","Pennsylvania",4.79460921055091,-0.0279738520423959,662.396102448974,4.59879224625414,0,490,4.79460921055091,2021-06-02,498,4.4188406077966,0.0323825921835539,0.141202042815929,0.0407237224488332,0.0850378269112733
42111,2021-05-26,491,"Somerset","Pennsylvania",5.8352283607897,-0.0292141738792677,690.739632717486,5.63072914363483,0,490,5.8352283607897,2021-06-02,498,5.63733737524805,4.36687250539733e-05,0.0391608421586467,0.0011722256755886,0.0351036264763106
42115,2021-05-26,491,"Susquehanna","Pennsylvania",5.02575845567047,-0.0422468700847328,609.961675636337,4.73003036507734,0,490,5.02575845567047,2021-06-02,498,4.75727796418555,0.000742431657161252,0.0720817743079888,0.0057275608684905,0.0564357377277813
42117,2021-05-26,491,"Tioga","Pennsylvania",4.93344565540513,0.00205973296300976,-1904.1870189018,4.9478637861462,0.00205973296300854,-1904.18701890322,4.94786378614619,2021-06-02,498,4.83514747688087,0.012704966374397,0.012704966374395,0.0233118658333128,0.023311865833311
42119,2021-05-26,491,"Union","Pennsylvania",5.16560196744084,-0.0477797883014009,599.112701020264,4.83114344933104,0,490,5.16560196744084,2021-06-02,498,4.86533422954598,0.00116900945170672,0.0901607144204967,0.00702742681218352,0.0617157473111319
42121,2021-05-26,491,"Venango","Pennsylvania",5.47706110199411,-0.00119402999260624,5078.03812794449,5.46870289204586,0,490,5.47706110199411,2021-06-02,498,5.34506462908767,0.015286420067319,0.0174230688597394,0.0231312942944331,0.0246950190626537
42123,2021-05-26,491,"Warren","Pennsylvania",4.69003640663133,-0.0143324929007674,818.231029458958,4.58970895632596,0,490,4.69003640663133,2021-06-02,498,4.07268306544092,0.267315771845471,0.381125147878967,0.126949699394069,0.151583938958819
42125,2021-05-26,491,"Washington","Pennsylvania",6.57964795869255,-0.0221642887031906,787.858069609308,6.42449793777022,0,490,6.57964795869255,2021-06-02,498,6.33707854368729,0.00764215046182638,0.0588399210959953,0.013794904620523,0.0382777984102626
42127,2021-05-26,491,"Wayne","Pennsylvania",5.25077642177904,-0.0475409447689896,601.447456340919,4.91798980839611,0,490,5.25077642177904,2021-06-02,498,4.89677313318311,0.00045014730709397,0.125318328336732,0.00433278704892935,0.0722931773573531
42129,2021-05-26,491,"Westmoreland","Pennsylvania",7.12941201124278,-0.0335390427282422,703.570527698434,6.89463871214509,0,490,7.12941201124278,2021-06-02,498,6.74691561100408,0.0218221146107161,0.146303496195566,0.0218949086750208,0.0566920385983276
42131,2021-05-26,491,"Wyoming","Pennsylvania",4.63749907310345,-0.00551725537475797,1331.54457481169,4.59887828548014,0,490,4.63749907310345,2021-06-02,498,4.63472898822964,0.00128527288763252,7.67337020812651e-06,0.00773523173426962,0.000597680011247199
42133,2021-05-26,491,"York","Pennsylvania",7.4951450397314,-0.041828236798462,670.188644165058,7.20234738214216,0,490,7.4951450397314,2021-06-02,498,7.17472430983638,0.000763034123610607,0.102669444146456,0.00385005348120681,0.0446596574387854
44001,2021-05-26,491,"Bristol","Rhode Island",4.79105680894654,-0.0292247566584935,654.938296045799,4.58648351233708,0,490,4.79105680894654,2021-06-02,498,4.49980967033027,0.00751235488822305,0.0848248957521668,0.019261668460848,0.0647243239056591
44003,2021-05-26,491,"Kent","Rhode Island",6.24305671459356,-0.014063378065982,934.922981043575,6.14461306813169,0,490,6.24305671459356,2021-06-02,498,5.93489419561959,0.0439820054877463,0.0949641381003845,0.0353365815125884,0.0519238437648006
44005,2021-05-26,491,"Newport","Rhode Island",5.47825513198671,-0.0646876746914192,575.687773337343,5.02544140914678,0,490,5.47825513198671,2021-06-02,498,5.03695260241363,0.000132507570426796,0.194747922607602,0.00228534873672129,0.0876130002417768
44007,2021-05-26,491,"Providence","Rhode Island",7.81098971863797,-0.0188679432404673,904.982044523286,7.6789141159547,0,490,7.81098971863797,2021-06-02,498,7.57865685059476,0.0100515192574531,0.0539785615731833,0.0132288962723085,0.030656206320382
44009,2021-05-26,491,"Washington","Rhode Island",5.34028156564707,-0.0336732151065813,649.591377412112,5.104569059901,0,490,5.34028156564707,2021-06-02,498,5.04342511691925,0.00373858176335603,0.0881237511512951,0.0121234957522486,0.0588600885005619
45001,2021-05-26,491,"Abbeville","South Carolina",3.3722098447889,-0.0525180342834553,555.210511509019,3.00458360480471,0,490,3.3722098447889,2021-06-02,498,3.31158522297247,0.0942499935576186,0.00367534477038572,0.0927053352086736,0.0183068282210832
45003,2021-05-26,491,"Aiken","South Carolina",5.73334127689775,-0.0228529140979943,741.880095742404,5.57337087821179,0,490,5.73334127689775,2021-06-02,498,5.57757116351818,1.76423966551358e-05,0.0242643282222819,0.000753067093768415,0.0279279472754064
45005,2021-05-26,491,"Allendale","South Carolina",3.38196601973427,0.00486618965117108,-203.992645615523,3.41602934729246,0.00486618965117147,-203.992645615467,3.41602934729247,2021-06-02,498,3.10394585819422,0.0973961041677313,0.097396104167733,0.100544114928538,0.100544114928539
45007,2021-05-26,491,"Anderson","South Carolina",6.14142277741804,-0.0356317887607159,663.357969976207,5.89200025609303,0,490,6.14142277741804,2021-06-02,498,5.89950588753717,5.63345033753258e-05,0.0585237816096318,0.00127224747075852,0.0410062968819002
45009,2021-05-26,491,"Bamberg","South Carolina",3.43858491373377,-0.0316053394153259,599.797594879375,3.21734753782649,0,490,3.43858491373377,2021-06-02,498,3.20738144544246,9.93229974069878e-05,0.0534550437499306,0.00310723640251448,0.072084805697133
45011,2021-05-26,491,"Barnwell","South Carolina",3.87417278129705,-0.029241849594493,623.487268590105,3.6694798341356,0,490,3.87417278129705,2021-06-02,498,3.43398720448515,0.0554567786196843,0.193763342033226,0.0685770259548063,0.128184978743361
45013,2021-05-26,491,"Beaufort","South Carolina",5.72638230657344,-0.000465441013755326,12794.1321635607,5.72312421947715,0,490,5.72638230657344,2021-06-02,498,5.70187589638562,0.000451491234202326,0.000600564140293876,0.00372654955626196,0.00429795573126351
45015,2021-05-26,491,"Berkeley","South Carolina",6.11241715752564,-0.0384901639913531,649.804653544703,5.84298600958617,0,490,6.11241715752564,2021-06-02,498,5.94654189446504,0.0107238212930448,0.0275146028954252,0.017414471589825,0.0278944075404565
45019,2021-05-26,491,"Charleston","South Carolina",6.78864994089768,-0.0397528683323908,661.771323571795,6.51037986257094,0,490,6.78864994089768,2021-06-02,498,6.58143137341274,0.00504831719290188,0.0429395347105107,0.0107957535087011,0.031485334379091
45021,2021-05-26,491,"Cherokee","South Carolina",4.72738781871234,-0.0200257005022875,727.066040145379,4.58720791519633,0,490,4.72738781871234,2021-06-02,498,4.74493212836325,0.0248769274191247,0.000307802801126991,0.0332405625412663,0.00369748379455982
45023,2021-05-26,491,"Chester","South Carolina",4.67815507874458,-0.00265252144912916,2254.66343061258,4.65958742860068,0,490,4.67815507874458,2021-06-02,498,4.44433051801004,0.0463355375570288,0.0546739252027047,0.0484340464144928,0.0526118747890165
45025,2021-05-26,491,"Chesterfield","South Carolina",4.66343909411207,-0.0160431248405754,781.681468881769,4.55113722022804,0,490,4.66343909411207,2021-06-02,498,4.53413441287134,0.000289095458009063,0.0167197005907663,0.00374995661981996,0.0285180520616377
45027,2021-05-26,491,"Clarendon","South Carolina",3.56751859710967,-0.0199607425625415,669.72674756121,3.42779339917188,0,490,3.56751859710967,2021-06-02,498,3.55534806148941,0.0162701918789406,0.000148121937283886,0.0358768424670355,0.00342316291113172
45029,2021-05-26,491,"Colleton","South Carolina",4.33261127511053,-0.0240975515790655,670.794667557613,4.16392841405707,0,490,4.33261127511053,2021-06-02,498,4.20255814686233,0.00149225625660601,0.0169138161671418,0.00919195676902275,0.0309461817548664
45031,2021-05-26,491,"Darlington","South Carolina",4.85091356921954,-0.0753043830641417,555.417413327557,4.32378288777055,0,490,4.85091356921954,2021-06-02,498,4.71466500078438,0.152788826274153,0.0185636724006323,0.0829077172924894,0.0288988864346669
45033,2021-05-26,491,"Dillon","South Carolina",3.16607763930123,-0.00600602406021554,1018.15034231608,3.12403547087972,0,490,3.16607763930123,2021-06-02,498,3.23587340123677,0.0125077226665484,0.00487144838416277,0.0345618992122204,0.021569373483173
45035,2021-05-26,491,"Dorchester","South Carolina",6.23441072571837,-0.0371176629565081,658.963449989387,5.97458708502281,0,490,6.23441072571837,2021-06-02,498,6.08287101343183,0.0117254091516894,0.0229642843998869,0.017801450691608,0.0249125309334881
45037,2021-05-26,491,"Edgefield","South Carolina",4.05054193956371,-0.0509200904272653,570.547029582548,3.69410130657285,0,490,4.05054193956371,2021-06-02,498,3.3722098447889,0.103614113169407,0.460134430801576,0.0954541610989511,0.201153583553834
45039,2021-05-26,491,"Fairfield","South Carolina",3.54302757710137,-0.0483965408618581,564.208281294618,3.20425179106837,0,490,3.54302757710137,2021-06-02,498,3.14168618617707,0.00391445491541409,0.161074912069056,0.0199146576658667,0.127747129134076
45041,2021-05-26,491,"Florence","South Carolina",5.44427127917111,-0.0267981931547326,694.15814755629,5.25668392708799,0,490,5.44427127917111,2021-06-02,498,5.20557531484942,0.00261209024495217,0.0569757633834636,0.00981805259694818,0.0458539066067857
45043,2021-05-26,491,"Georgetown","South Carolina",4.41539232851768,-0.01201731200402,858.419297014228,4.33127114448954,0,490,4.41539232851768,2021-06-02,498,4.29045944114839,0.00166559512960606,0.0156082263464278,0.0095121988451257,0.0291187666689259
45045,2021-05-26,491,"Greenville","South Carolina",7.23458938090985,-0.0374121075073296,684.375617224784,6.97270462835854,0,490,7.23458938090985,2021-06-02,498,6.89929098628427,0.00538956284260911,0.11242501343849,0.0106407516685724,0.048598964051835
45047,2021-05-26,491,"Greenwood","South Carolina",5.33202842389035,-0.0452321449978134,608.881396607393,5.01540340890566,0,490,5.33202842389035,2021-06-02,498,5.014437580046,9.32825386148513e-07,0.100863944093767,0.000192609608603257,0.0633352871133832
45049,2021-05-26,491,"Hampton","South Carolina",3.29583686600433,-0.0261111440036807,617.223380543562,3.11305885797856,0,490,3.29583686600433,2021-06-02,498,3.00284974132285,0.0121460493940322,0.085841455229119,0.0367015089496822,0.0975696920993476
45051,2021-05-26,491,"Horry","South Carolina",6.27556879821188,-0.0348688256508296,670.976488484422,6.03148701865607,0,490,6.27556879821188,2021-06-02,498,6.12967248761641,0.00964038631496099,0.0212857334453703,0.01601806118658,0.0238016486019802
45053,2021-05-26,491,"Jasper","South Carolina",4.43928424994241,0.00168776411371888,-2139.27529372025,4.45109859873844,0.0016877641137194,-2139.27529371943,4.45109859873845,2021-06-02,498,4.32696685749085,0.0154086891851588,0.0154086891851597,0.0286879343743282,0.028687934374329
45055,2021-05-26,491,"Kershaw","South Carolina",4.72485617179056,-0.0482468335393879,588.930907070477,4.38712833701485,0,490,4.72485617179056,2021-06-02,498,4.41019751164058,0.000532186817912399,0.0990100724073843,0.00523087108113391,0.0713479746245954
45057,2021-05-26,491,"Lancaster","South Carolina",5.34165049125441,-0.0223208455150596,730.312193064123,5.18540457264899,0,490,5.34165049125441,2021-06-02,498,5.20635870697722,0.000439075745445507,0.0183038668929051,0.00402471967598941,0.0259858745606365
45059,2021-05-26,491,"Laurens","South Carolina",5.13495774763547,-0.0729659048880491,561.374755929005,4.62419641341913,0,490,5.13495774763547,2021-06-02,498,4.88496408559086,0.0679997788498676,0.0624968310624721,0.0533816968974088,0.0511761514853321
45061,2021-05-26,491,"Lee","South Carolina",3.45676723281697,-0.0526437334854125,556.663413362862,3.08826109841908,0,490,3.45676723281697,2021-06-02,498,3.10394585819422,0.000246011689204043,0.124482922390681,0.00505316796481465,0.11366866264478
45063,2021-05-26,491,"Lexington","South Carolina",6.29368330525066,-0.0275987316261818,719.042483636462,6.10049218386738,0,490,6.29368330525066,2021-06-02,498,6.10670466976025,3.85949809691038e-05,0.0349610101298528,0.00101732214489316,0.0306185816413066
45069,2021-05-26,491,"Marlboro","South Carolina",4.84643427841549,-0.0211001720400925,720.686955594806,4.69873307413485,0,490,4.84643427841549,2021-06-02,498,4.69787958409236,7.28445252621095e-07,0.0220684972054392,0.000181675589424441,0.0316216479507389
45071,2021-05-26,491,"Newberry","South Carolina",4.99624655664416,-0.0878162060069281,547.894356791615,4.38153311459566,0,490,4.99624655664416,2021-06-02,498,4.68740828422507,0.0935596193958184,0.0953810785108078,0.0652546462954368,0.0658867872590594
45073,2021-05-26,491,"Oconee","South Carolina",5.6634563888989,-0.0568553877085037,590.611604408281,5.26546867493937,0,490,5.6634563888989,2021-06-02,498,5.36129216570943,0.00918214138335848,0.0913032177756974,0.0178732081386901,0.0563603351300459
45075,2021-05-26,491,"Orangeburg","South Carolina",5.22728159343128,-0.02349482834776,713.486477281697,5.06281779499696,0,490,5.22728159343128,2021-06-02,498,5.05897184065754,1.47913647808969e-05,0.0283281728787572,0.00076022450026511,0.0332695571501467
45077,2021-05-26,491,"Pickens","South Carolina",6.14357232530544,-0.0275316133765503,714.14610630622,5.95085103166959,0,490,6.14357232530544,2021-06-02,498,5.93262404708505,0.000332222967045074,0.0444991760841482,0.00307233096853594,0.0355573312156938
45079,2021-05-26,491,"Richland","South Carolina",6.90001108424871,-0.0352203860174385,686.909581480235,6.65346838212664,0,490,6.90001108424871,2021-06-02,498,6.52041071198717,0.0177043435829436,0.144096442621098,0.0204063326708629,0.0582172487330711
45081,2021-05-26,491,"Saluda","South Carolina",3.85922481986117,-0.0584962066815993,556.97393299137,3.44975137308998,0,490,3.85922481986117,2021-06-02,498,3.3322045101752,0.0138172649811051,0.277750406821497,0.0352760049858391,0.158159653189552
45083,2021-05-26,491,"Spartanburg","South Carolina",6.70790963989275,-0.030073578359178,714.049933060114,6.4973945913785,0,490,6.70790963989275,2021-06-02,498,6.39287382238689,0.0109245911505992,0.0992475663115879,0.0163495748384086,0.0492792171812708
45085,2021-05-26,491,"Sumter","South Carolina",4.64301632847821,-0.0391148986460188,609.70199052531,4.36921203795608,0,490,4.64301632847821,2021-06-02,498,4.44433051801004,0.00564278604561718,0.0394760512813943,0.0169020912710143,0.0447054533102399
45087,2021-05-26,491,"Union","South Carolina",4.10852919721406,-0.0702440446248463,549.489359762191,3.61682088484013,0,490,4.10852919721406,2021-06-02,498,3.5305534028762,0.00744207844439821,0.334056018840482,0.0244345495223662,0.16370685509728
45089,2021-05-26,491,"Williamsburg","South Carolina",3.95398720452718,-0.0402738991379482,589.177412397637,3.67206991056154,0,490,3.95398720452718,2021-06-02,498,3.77111755235091,0.00981043534403487,0.0334413096870698,0.0262647982764741,0.0484921643618001
45091,2021-05-26,491,"York","South Carolina",6.88886366515857,-0.0311024712115373,712.489270685449,6.67114636667781,0,490,6.88886366515857,2021-06-02,498,6.6512026655368,0.000397751215201878,0.0564827507412191,0.00299851051665395,0.0357320339753306
46011,2021-05-26,491,"Brookings","South Dakota",3.65620867182439,-0.0848565354601038,534.086942590808,3.06221292360366,0,490,3.65620867182439,2021-06-02,498,3.23587340123677,0.03015796149176,0.176681739699965,0.0536672657115498,0.129898552405345
46013,2021-05-26,491,"Brown","South Dakota",4.62076228074793,-0.0467117885763182,589.920688365389,4.2937797607137,0,490,4.62076228074793,2021-06-02,498,4.30791866252016,0.000199908544292609,0.0978711294658434,0.00328207260027161,0.0726205954048249
46019,2021-05-26,491,"Butte","South Dakota",3.20738144544246,0.0233928795747097,353.890695640993,3.37113160246543,0.0233928795747067,353.890695640976,3.37113160246541,2021-06-02,498,3.30636327899132,0.00419493572564771,0.00419493572564501,0.0195889918950089,0.0195889918950026
46029,2021-05-26,491,"Codington","South Dakota",4.06535702534885,-0.117783035656362,525.515641430823,3.24087577575432,0,490,4.06535702534885,2021-06-02,498,3.08452777233712,0.0244446981725425,0.962026023563538,0.0506878248331442,0.317983602484654
46033,2021-05-26,491,"Custer","South Dakota",3.68887945411394,-0.0212022076506082,664.985629935481,3.54046400055968,0,490,3.68887945411394,2021-06-02,498,3.33729357968267,0.0412782199193395,0.123612627099596,0.0608787977521366,0.105350598033
46065,2021-05-26,491,"Hughes","South Dakota",3.61477148196021,-0.0152674721307922,727.762933050963,3.50789917704467,0,490,3.61477148196021,2021-06-02,498,3.42472787907235,0.00691746480640019,0.0361165709986003,0.024285520166597,0.0554915922077117
46081,2021-05-26,491,"Lawrence","South Dakota",3.65620867182439,-0.0182820448374444,690.989044132302,3.52823435796228,0,490,3.65620867182439,2021-06-02,498,3.500827222611,0.000751151068163438,0.0241433947596538,0.0078287597783361,0.0443842095976118
46083,2021-05-26,491,"Lincoln","South Dakota",4.33822401201549,-0.0509200904272653,576.196706753933,3.98178337902463,0,490,4.33822401201549,2021-06-02,498,4.01509519056796,0.00110967678829814,0.10441223525007,0.00829664303391395,0.0804784958041858
46093,2021-05-26,491,"Meade","South Dakota",3.45676723281697,-0.0266682470821571,620.621089161491,3.27008950324187,0,490,3.45676723281697,2021-06-02,498,3.29583686600433,0.000662926689221874,0.0258985829624498,0.00781208652286169,0.0488283775427692
46099,2021-05-26,491,"Minnehaha","South Dakota",5.77941988886182,-0.0817732522088575,561.676165283246,5.20700712339982,0,490,5.77941988886182,2021-06-02,498,5.21571185388387,7.57723328000105e-05,0.3177667486987,0.00166894390026005,0.108078830037013
46103,2021-05-26,491,"Pennington","South Dakota",5.24099087135632,-0.0320086872074227,654.736514321679,5.01693006090436,0,490,5.24099087135632,2021-06-02,498,4.97968504805515,0.00138719098213769,0.0682807332911007,0.00747939126466535,0.0524743675110982
46135,2021-05-26,491,"Yankton","South Dakota",3.50941096630239,-0.0211424365738128,656.988955627241,3.3614139102857,0,490,3.50941096630239,2021-06-02,498,3.27983652465789,0.00665486984586819,0.0527044242563831,0.0248723937960041,0.0699956964069862
47001,2021-05-26,491,"Anderson","Tennessee",4.46261864200418,-0.0684435718301958,556.201428310545,3.98351363919281,0,490,4.46261864200418,2021-06-02,498,4.19827548507033,0.0461226504447192,0.0698773046177551,0.0511547769176279,0.0629647001188688
47003,2021-05-26,491,"Bedford","Tennessee",3.90629233071916,-0.0199153097009455,687.145196302607,3.76688516281254,0,490,3.90629233071916,2021-06-02,498,3.6959969218828,0.00502514270211309,0.0442241589776517,0.019179734839614,0.0568981558375411
47007,2021-05-26,491,"Bledsoe","Tennessee",3.9810158769151,-0.0184945826361611,706.253080063094,3.85155379846197,0,490,3.9810158769151,2021-06-02,498,3.79066214842388,0.00370779304436142,0.0362345419505088,0.0160635919672793,0.0502164848878359
47009,2021-05-26,491,"Blount","Tennessee",5.36129216570943,-0.0674267004541941,570.5128951824,4.88930526253007,0,490,5.36129216570943,2021-06-02,498,4.85981240436167,0.000869828682941029,0.2514819510414,0.00606872358733943,0.103189119172106
47011,2021-05-26,491,"Bradley","Tennessee",5.50649230216832,-0.0569328147929457,587.719129770668,5.1079625986177,0,490,5.50649230216832,2021-06-02,498,5.08494732706081,0.000529702724837588,0.177700166038394,0.00452615731817178,0.0829005588443675
47013,2021-05-26,491,"Campbell","Tennessee",3.94573406277046,-0.0379449315641163,594.985799950733,3.68011954182164,0,490,3.94573406277046,2021-06-02,498,3.76451686831956,0.00712290871999521,0.0328396715646561,0.0224191654467434,0.0481382341452479
47017,2021-05-26,491,"Carroll","Tennessee",3.77767495289707,-0.0162078102268486,724.077442296261,3.66422028130913,0,490,3.77767495289707,2021-06-02,498,3.63758615972639,0.000709376432484244,0.019624869972018,0.00732192184961047,0.0385114707994212
47019,2021-05-26,491,"Carter","Tennessee",4.69003640663133,-0.0411369055604904,605.010432790935,4.4020780677079,0,490,4.69003640663133,2021-06-02,498,4.18965474202643,0.0451236692935783,0.25038181027278,0.0507018689513142,0.119432672956456
47021,2021-05-26,491,"Cheatham","Tennessee",4.26066577766961,-0.0356473387302302,610.522688914121,4.011134406558,0,490,4.26066577766961,2021-06-02,498,3.97029191355212,0.00166810923493541,0.084316980962524,0.0102870252100279,0.0731366535358107
47023,2021-05-26,491,"Chester","Tennessee",3.48343547989913,-0.0429250447170253,572.151586512325,3.18296016687995,0,490,3.48343547989913,2021-06-02,498,3.32194801000801,0.0193176205373911,0.0260782029318335,0.0418392589857924,0.0486122809281186
47029,2021-05-26,491,"Cocke","Tennessee",3.99688922607139,-0.0130379943381271,797.557061033786,3.9056232657045,0,490,3.99688922607139,2021-06-02,498,3.58351893845611,0.103751197632137,0.170874994683137,0.0898849239477329,0.115353175109316
47031,2021-05-26,491,"Coffee","Tennessee",3.90052862600241,-0.0256790144176961,642.895573660118,3.72077552507854,0,490,3.90052862600241,2021-06-02,498,3.81928095372953,0.00970331947371618,0.00660118424976108,0.0257916162346747,0.021273028420059
47035,2021-05-26,491,"Cumberland","Tennessee",4.77310300532994,-0.0203234729719226,725.85666115846,4.63083869452649,0,490,4.77310300532994,2021-06-02,498,4.44265125649032,0.0354145118346174,0.109198358311168,0.0423592641356319,0.0743816540532789
47037,2021-05-26,491,"Davidson","Tennessee",6.81485647518664,-0.0410038246725911,657.200507625866,6.5278297024785,0,490,6.81485647518664,2021-06-02,498,6.62766337579703,0.00996676232827046,0.0350412564590884,0.0150631780248679,0.0282442074643084
47041,2021-05-26,491,"DeKalb","Tennessee",3.38196601973427,-0.0427618593380737,570.088376232581,3.08263300436775,0,490,3.38196601973427,2021-06-02,498,3.15395627876888,0.00508700947129931,0.051988441975101,0.0226139071366497,0.0722932472146964
47043,2021-05-26,491,"Dickson","Tennessee",4.16777203077692,-0.00661523911871613,1121.0259077537,4.12146535694591,0,490,4.16777203077692,2021-06-02,498,4.18095903505887,0.00353949773540916,0.000173897081932243,0.014229672573706,0.00315406206360191
47045,2021-05-26,491,"Dyer","Tennessee",3.8098320645316,-0.0372713947972253,593.218660859325,3.54893230095102,0,490,3.8098320645316,2021-06-02,498,3.46126162240481,0.00768614787675367,0.121501353124467,0.0253291106279631,0.100706181777907
47047,2021-05-26,491,"Fayette","Tennessee",4.83741505154865,-0.0475490340422104,592.735295973717,4.50457181325317,0,490,4.83741505154865,2021-06-02,498,4.46261864200418,0.0017600685778469,0.140472348607419,0.00940102092840862,0.0839857580517204
47049,2021-05-26,491,"Fentress","Tennessee",3.4106761256167,-0.0140517534556522,733.722457121163,3.31231385142713,0,490,3.4106761256167,2021-06-02,498,3.2188758248682,0.00873066480722799,0.0367873553672147,0.0290281550586871,0.0595861136570413
47051,2021-05-26,491,"Franklin","Tennessee",3.55125807623789,-0.03622126343431,589.043462307116,3.29770923219772,0,490,3.55125807623789,2021-06-02,498,3.23023958351852,0.00455215349289505,0.103052872667818,0.0208868868499568,0.0993791588578412
47053,2021-05-26,491,"Gibson","Tennessee",4.46261864200418,-0.00656816811209497,1170.43124564465,4.41664146521952,0,490,4.46261864200418,2021-06-02,498,4.45434729625351,0.0014217296939636,6.84151605272517e-05,0.00846495087298226,0.00185691532351653
47055,2021-05-26,491,"Giles","Tennessee",3.69244452027843,-0.0418179396833303,579.298097616472,3.39971894249512,0,490,3.69244452027843,2021-06-02,498,3.38680864421006,0.000166675801809291,0.093413288740083,0.00381193614440943,0.0902430305859993
47057,2021-05-26,491,"Grainger","Tennessee",3.49650756146648,-6.28036983473606e-16,5567359333088915,3.49650756146648,0,490,3.49650756146648,2021-06-02,498,3.23023958351852,0.0708986360804951,0.0708986360804974,0.0824297922997801,0.0824297922997815
47059,2021-05-26,491,"Greene","Tennessee",4.83401175841694,-0.0180185055026727,759.28039415921,4.70788221989823,0,490,4.83401175841694,2021-06-02,498,4.53719720240189,0.0291333751977281,0.0880988806624146,0.0376190431850724,0.0654180417500762
47063,2021-05-26,491,"Hamblen","Tennessee",3.99688922607139,-0.0878858851345475,536.478170015042,3.38168803012955,0,490,3.99688922607139,2021-06-02,498,3.32194801000801,0.00356887000412207,0.455545645141105,0.017983430186614,0.20317633329299
47065,2021-05-26,491,"Hamilton","Tennessee",6.6598432193404,-0.0195764816251028,831.196126499081,6.52280784796468,0,490,6.6598432193404,2021-06-02,498,6.44571981938558,0.00594256415021307,0.0458488304082142,0.0119595686345632,0.0332194705874194
47069,2021-05-26,491,"Hardeman","Tennessee",3.73084365321297,-0.0369790032410937,591.890865794538,3.47199063052531,0,490,3.73084365321297,2021-06-02,498,3.19575340744735,0.0763070034138264,0.286321571113515,0.0864388417561339,0.167437901972867
47071,2021-05-26,491,"Hardin","Tennessee",3.25258688221051,-0.139041048435467,514.392997383216,2.27929954316225,0,490,3.25258688221051,2021-06-02,498,3.00991690854595,0.533801734600221,0.058888716118361,0.242736722501969,0.0806234793311276
47073,2021-05-26,491,"Hawkins","Tennessee",5.57378225506122,-0.024639703937145,717.211413468268,5.40130432750121,0,490,5.57378225506122,2021-06-02,498,5.31601694364744,0.00727393784462019,0.0664429557682453,0.0160434747966119,0.0484884292405821
47077,2021-05-26,491,"Henderson","Tennessee",3.78093759853188,-0.0508045756354494,565.421202248832,3.42530556908374,0,490,3.78093759853188,2021-06-02,498,3.69244452027843,0.0713632192454005,0.00783102489877179,0.0723474515940863,0.0239659872389309
47079,2021-05-26,491,"Henry","Tennessee",4.12482757894718,-0.0385098547618827,598.110961712324,3.855258595614,0,490,4.12482757894718,2021-06-02,498,4.01766919456313,0.0263772026510168,0.0114829193437985,0.0404240844838384,0.026671778883402
47081,2021-05-26,491,"Hickman","Tennessee",3.24147565678544,-0.0111112254250734,782.729807719567,3.16369707880993,0,490,3.24147565678544,2021-06-02,498,3.16607763930123,5.66706825274103e-06,0.00568486104054976,0.000751895803738387,0.0238143299293362
47085,2021-05-26,491,"Humphreys","Tennessee",4.06780500698749,0.0147785940961197,215.750204212216,4.17125516566032,0.0147785940961178,215.750204212182,4.17125516566031,2021-06-02,498,4.11321304652648,0.00336888759354709,0.00336888759354564,0.0141111385375132,0.0141111385375102
47089,2021-05-26,491,"Jefferson","Tennessee",4.76217393479776,-0.02769593038925,662.944898325068,4.56830242207301,0,490,4.76217393479776,2021-06-02,498,4.27069595202955,0.0885696110117253,0.241550607545903,0.0696857077596506,0.115081473438689
47091,2021-05-26,491,"Johnson","Tennessee",3.91487607441055,-0.0500104205746702,569.281206784999,3.56480313038786,0,490,3.91487607441055,2021-06-02,498,3.47019025314911,0.00895159653939558,0.197745479630966,0.0272644640024839,0.128144507598079
47093,2021-05-26,491,"Knox","Tennessee",6.21945348341867,-0.135164973725777,537.013795674882,5.27329866733823,0,490,6.21945348341867,2021-06-02,498,5.11628148323124,0.0246543961048878,1.21698846199752,0.0306897078711592,0.215619880142072
47097,2021-05-26,491,"Lauderdale","Tennessee",3.89473150831808,0.0324991673929582,371.159037269306,4.12222568006879,0.0324991673929533,371.159037269288,4.12222568006876,2021-06-02,498,3.80348283685294,0.101597000101324,0.101597000101302,0.083802887218911,0.0838028872189019
47099,2021-05-26,491,"Lawrence","Tennessee",4.86753445045558,-0.0131006240457025,862.549815754946,4.77583008213566,0,490,4.86753445045558,2021-06-02,498,4.49184150068109,0.0806495143965823,0.14114519251026,0.063223197303715,0.0836389595931931
47105,2021-05-26,491,"Loudon","Tennessee",4.78152157579554,-0.0119049025063209,892.64306874893,4.69818725825129,0,490,4.78152157579554,2021-06-02,498,4.49822110764513,0.0399864613882481,0.0802591552542428,0.0444544956374657,0.0629805563957089
47107,2021-05-26,491,"McMinn","Tennessee",4.6388812433304,-0.0445718610517257,595.076453930137,4.32687821596832,0,490,4.6388812433304,2021-06-02,498,4.34750912979117,0.000425634605165863,0.0848977085483182,0.00474545612370939,0.0670204719163468
47109,2021-05-26,491,"McNairy","Tennessee",3.91487607441055,-0.0253178079842944,645.629345354033,3.73765141852049,0,490,3.91487607441055,2021-06-02,498,3.56751859710967,0.0289451769212069,0.120657217036834,0.0476894000072378,0.09736668999632
47111,2021-05-26,491,"Macon","Tennessee",3.32194801000801,-0.030459207484715,600.062194466978,3.10873355761501,0,490,3.32194801000801,2021-06-02,498,3.14168618617707,0.00108587572914907,0.0324943251308588,0.0104888351698034,0.0573774123666678
47113,2021-05-26,491,"Madison","Tennessee",5.44550508562005,-0.05866433513213,583.824798463242,5.03485473969514,0,490,5.44550508562005,2021-06-02,498,5.29688777373844,0.0686613109299411,0.0220871053909134,0.0494692440610969,0.0280574779436399
47115,2021-05-26,491,"Marion","Tennessee",3.12299405316492,0.0319515998065959,393.25860138245,3.34665525181109,0.0319515998066016,393.258601382468,3.34665525181113,2021-06-02,498,3.23587340123677,0.0122726184166705,0.0122726184166794,0.034235532988397,0.0342355329884094
47117,2021-05-26,491,"Marshall","Tennessee",3.77111755235091,-0.0759859069779346,540.629170754598,3.23921620350537,0,490,3.77111755235091,2021-06-02,498,3.34235688163922,0.0106379994859117,0.183835712749135,0.030858667038354,0.128280936445484
47119,2021-05-26,491,"Maury","Tennessee",5.21415905854081,-0.0712177967314728,564.214270840206,4.7156344814205,0,490,5.21415905854081,2021-06-02,498,4.63749907310345,0.0061051420328731,0.332536738804623,0.0168486089345496,0.124347191524388
47123,2021-05-26,491,"Monroe","Tennessee",4.58058471051548,-0.0245854754726102,677.312634694356,4.40848638220721,0,490,4.58058471051548,2021-06-02,498,4.37665509087197,0.00101323110806858,0.041587289767945,0.00727297232117341,0.0465948573532388
47125,2021-05-26,491,"Montgomery","Tennessee",6.31251231340356,-0.0161894837506714,880.914367290542,6.19918592714886,0,490,6.31251231340356,2021-06-02,498,6.08384837138551,0.0133027517694645,0.0522871983792355,0.0189579931521348,0.0375854110851185
47129,2021-05-26,491,"Morgan","Tennessee",3.64507683145554,-0.0650048303089861,547.073938107822,3.19004301929264,0,490,3.64507683145554,2021-06-02,498,3.19575340744735,3.26085328773943e-05,0.201891539362451,0.00178686757914347,0.140600154868364
47131,2021-05-26,491,"Obion","Tennessee",3.80348283685294,0.00318979536810107,-701.390858325562,3.82581140442965,0.00318979536810149,-701.390858325407,3.82581140442965,2021-06-02,498,3.80666248977032,0.000366680932630252,0.000366680932630371,0.00503036838983958,0.0050303683898404
47133,2021-05-26,491,"Overton","Tennessee",3.38196601973427,-0.0192313619278848,666.856813075237,3.24734648623907,0,490,3.38196601973427,2021-06-02,498,3.02390315052069,0.0499269242769588,0.12820901830946,0.0738923585168096,0.118410825807011
47139,2021-05-26,491,"Polk","Tennessee",3.8859723282282,-0.0734793707710641,543.88521509439,3.37161673283075,0,490,3.8859723282282,2021-06-02,498,3.38680864421006,0.000230794171356592,0.249164383442568,0.00448561255601916,0.147384672845776
47141,2021-05-26,491,"Putnam","Tennessee",4.94368115929915,-0.0428565832180482,606.354066705374,4.64368507677281,0,490,4.94368115929915,2021-06-02,498,4.44768060489532,0.038417752995976,0.246016549968909,0.0440689180022874,0.111518923786459
47143,2021-05-26,491,"Rhea","Tennessee",3.69244452027843,-0.0349685978377418,596.593153531971,3.44766433541424,0,490,3.69244452027843,2021-06-02,498,3.42472787907235,0.000526081029523432,0.0716721999786663,0.00669730768451679,0.0781716535325424
47145,2021-05-26,491,"Roane","Tennessee",4.52023457518231,-0.0351449463027619,619.616915110412,4.27421995106297,0,490,4.52023457518231,2021-06-02,498,4.08717607274349,0.0349854124167939,0.187539666534551,0.0457635969164235,0.10595543101918
47147,2021-05-26,491,"Robertson","Tennessee",4.63334106295479,-0.0273989741881204,660.106369864157,4.44154824363795,0,490,4.63334106295479,2021-06-02,498,4.35670882668959,0.00719772666813691,0.0765253941410842,0.0194732813973295,0.0634956907311601
47149,2021-05-26,491,"Rutherford","Tennessee",6.30130990368992,-0.0350100105514501,670.985947003061,6.05623982982976,0,490,6.30130990368992,2021-06-02,498,6.00670496259569,0.00245370307189781,0.0867920713171346,0.00824659568640994,0.0490460148998098
47151,2021-05-26,491,"Scott","Tennessee",4.26669594669621,-0.0335006697300494,618.361511906404,4.03219125858586,0,490,4.26669594669621,2021-06-02,498,4.17438726989564,0.0202197056324103,0.00852089181267182,0.0340639241440894,0.0221131080640911
47153,2021-05-26,491,"Sequatchie","Tennessee",3.69953674858792,-0.00352734051797042,1539.81758076382,3.67484536496213,0,490,3.69953674858792,2021-06-02,498,3.68171096463532,4.71364588725448e-05,0.000317758573524785,0.00186478507931239,0.00484171194420908
47155,2021-05-26,491,"Sevier","Tennessee",5.14082778545526,-0.0457596171494753,603.344204468813,4.82051046540894,0,490,5.14082778545526,2021-06-02,498,4.59943951127911,0.0488723667598739,0.293101263415439,0.04806475954031,0.117707445189468
47157,2021-05-26,491,"Shelby","Tennessee",7.86178210602595,-0.014531010623906,1032.03477793155,7.76006503165861,0,490,7.86178210602595,2021-06-02,498,7.72179177681754,0.00146484203612964,0.01959729227188,0.00495652511065845,0.0181292546153205
47161,2021-05-26,491,"Stewart","Tennessee",3.43858491373377,0.0373875320716247,399.028566658362,3.70029763823515,0.037387532071619,399.028566658348,3.70029763823511,2021-06-02,498,3.44771739729705,0.0637967781123487,0.0637967781123288,0.0732601347013299,0.0732601347013184
47163,2021-05-26,491,"Sullivan","Tennessee",6.19411380340761,-0.0318580536649063,685.42850679327,5.97110742775326,0,490,6.19411380340761,2021-06-02,498,5.92310922744371,0.00230382723295595,0.0734434801933714,0.00810354806343285,0.0457537697782515
47165,2021-05-26,491,"Sumner","Tennessee",5.99680739151848,-0.0294035883478712,694.948148116168,5.79098227308338,0,490,5.99680739151848,2021-06-02,498,5.68503643183514,0.011224521277796,0.0972011313018664,0.018635912455188,0.0548406265151572
47167,2021-05-26,491,"Tipton","Tennessee",4.88927443709199,-0.0138816964861526,843.210152553703,4.79210256168892,0,490,4.88927443709199,2021-06-02,498,4.43251603459627,0.129302470466552,0.208628238250439,0.0811246985427772,0.103047208161384
47173,2021-05-26,491,"Union","Tennessee",3.71008166176454,-0.0343676435042124,598.952751002838,3.46950815723505,0,490,3.71008166176454,2021-06-02,498,3.65251180994306,0.0334903369044733,0.00331428783874696,0.0501035074574779,0.0157617154487382
47179,2021-05-26,491,"Washington","Tennessee",5.6429197292525,-0.05273456295317,598.006096443116,5.27377778858031,0,490,5.6429197292525,2021-06-02,498,5.26638431944503,5.46633858543174e-05,0.141778914838879,0.00140389851685904,0.0714978981722224
47183,2021-05-26,491,"Weakley","Tennessee",4.63055941999291,-0.0355714657848667,621.176233051462,4.38155915949885,0,490,4.63055941999291,2021-06-02,498,4.1061790198691,0.0758342213024975,0.274974804034008,0.0670648158049677,0.127705196871939
47185,2021-05-26,491,"White","Tennessee",4.54329478227,-0.0269881447176522,659.344094408919,4.35437776924644,0,490,4.54329478227,2021-06-02,498,4.13630876132113,0.047554092217527,0.165637621247795,0.0527206793565514,0.0983935301819393
47187,2021-05-26,491,"Williamson","Tennessee",5.86808552594748,-0.0465751105358641,616.991875455215,5.54205975219643,0,490,5.86808552594748,2021-06-02,498,5.52374402387682,0.000335465903877871,0.118571070048279,0.00331581772081432,0.0623384249129247
47189,2021-05-26,491,"Wilson","Tennessee",5.59418017109001,-0.015291624094951,856.832964265523,5.48713880242536,0,490,5.59418017109001,2021-06-02,498,5.35388721770285,0.0177559848310603,0.0577407034475271,0.0248887545262269,0.0448819602685369
48001,2021-05-26,491,"Anderson","Texas",4.73745079671096,-0.030809584143206,644.765489812871,4.52178370770852,0,490,4.73745079671096,2021-06-02,498,4.05797691805123,0.215116738132203,0.461684751780903,0.114295078317012,0.167441533646288
48005,2021-05-26,491,"Angelina","Texas",4.55237200042112,-0.0513685927573843,579.62169968179,4.19279185111943,0,490,4.55237200042112,2021-06-02,498,4.33073334028633,0.0190278544335821,0.0491236956663449,0.0318517623525119,0.0511780898798392
48013,2021-05-26,491,"Atascosa","Texas",4.21106883653024,0.0388817875442105,382.695595740241,4.48324134933971,0.0388817875442058,382.695595740228,4.48324134933968,2021-06-02,498,4.04305126783455,0.193767307855524,0.193767307855495,0.108875711027263,0.108875711027255
48015,2021-05-26,491,"Austin","Texas",3.95124371858143,0.00275103337188882,-945.276185871409,3.97050095218465,0.0027510333718892,-945.276185871208,3.97050095218465,2021-06-02,498,3.71008166176454,0.0678182068229131,0.0678182068229145,0.0701923337979175,0.0701923337979182
48019,2021-05-26,491,"Bandera","Texas",3.68171096463532,-0.010733555643106,834.009445057477,3.60657607513358,0,490,3.68171096463532,2021-06-02,498,3.53472877428668,0.00516203463898544,0.0216037642796854,0.0203261142324569,0.0415823107611154
48021,2021-05-26,491,"Bastrop","Texas",5.36129216570943,-0.0245126549617303,709.715278866348,5.18970358097731,0,490,5.36129216570943,2021-06-02,498,5.2164873483004,0.000717370192017398,0.0209684351448604,0.00513444498850668,0.0277590661570764
48027,2021-05-26,491,"Bell","Texas",5.63172368354741,-0.0576700536566752,588.654212653841,5.22803330795069,0,490,5.63172368354741,2021-06-02,498,5.1574119134708,0.00498738135828382,0.22497165523321,0.0136931848114417,0.0919670133071481
48029,2021-05-26,491,"Bexar","Texas",8.37520162241279,-0.036694543393584,719.241063871016,8.1183398186577,0,490,8.37520162241279,2021-06-02,498,8.17972045446144,0.00376758245167138,0.0382128870236231,0.00750400165206886,0.0238982700007465
48037,2021-05-26,491,"Bowie","Texas",4.77551555173533,0.0109025913382202,52.9834401208582,4.85183369110288,0.0109025913382217,52.9834401209187,4.85183369110289,2021-06-02,498,4.66478589566244,0.0349868777791252,0.0349868777791292,0.0400978307738319,0.0400978307738342
48039,2021-05-26,491,"Brazoria","Texas",6.61912037177508,-0.0289385093878839,719.730522469357,6.4165508060599,0,490,6.61912037177508,2021-06-02,498,6.2947387143196,0.0148381856941466,0.105223459693567,0.0193514135008007,0.0515321877804974
48041,2021-05-26,491,"Brazos","Texas",6.59792497330735,0.110675926556412,431.385184216693,7.37265645920223,0.11067592655643,431.385184216703,7.37265645920236,2021-06-02,498,6.90689776856801,0.216931157901307,0.216931157901425,0.0674338474725663,0.0674338474725847
48049,2021-05-26,491,"Brown","Texas",3.68530163276605,-0.0282704339382593,621.358863285031,3.48740859519824,0,490,3.68530163276605,2021-06-02,498,3.47019025314911,0.000296471302920933,0.0462729056407065,0.00496178618261854,0.0619883533537504
48051,2021-05-26,491,"Burleson","Texas",3.72741311811618,-0.0170361871525723,709.79385831667,3.60815980804817,0,490,3.72741311811618,2021-06-02,498,3.49216915986788,0.0134538304652839,0.0553397198923262,0.0332144987457247,0.0673632769430895
48053,2021-05-26,491,"Burnet","Texas",4.11787505963229,-0.0476821308150782,577.360969806536,3.78410014392675,0,490,4.11787505963229,2021-06-02,498,3.97298370521783,0.0356769997260032,0.0209935045840573,0.0475419924433667,0.0364691539570555
48055,2021-05-26,491,"Caldwell","Texas",4.81334512160838,-0.00462963789874719,1530.68068926317,4.78093765631715,0,490,4.81334512160838,2021-06-02,498,4.64163986576949,0.0194038744514603,0.0294826948826995,0.0300104692686169,0.0369923692497473
48057,2021-05-26,491,"Calhoun","Texas",4.57618264911484,0.0328878668448392,351.854987320865,4.80639771702871,0.0328878668448347,351.854987320846,4.80639771702868,2021-06-02,498,4.70824237112791,0.00963447192890687,0.00963447192890077,0.0208475558740813,0.0208475558740747
48061,2021-05-26,491,"Cameron","Texas",6.57905277962529,-0.0368211460635203,669.675937144263,6.32130475718064,0,490,6.57905277962529,2021-06-02,498,6.41064469639811,0.00798162473938089,0.0283612824962507,0.0139361863663517,0.026270069736012
48067,2021-05-26,491,"Cass","Texas",3.3964241029095,0.0242142581206002,350.734537973724,3.5659239097537,0.0242142581205975,350.734537973708,3.56592390975368,2021-06-02,498,3.73426245996176,0.0283378674861497,0.028337867486156,0.0450794640207959,0.0450794640208008
48071,2021-05-26,491,"Chambers","Texas",4.91475352239297,0.0137205318629093,132.795699211994,5.01079724543334,0.0137205318629077,132.795699211952,5.01079724543332,2021-06-02,498,4.87192042239884,0.0192867719761548,0.0192867719761516,0.0285055606401133,0.0285055606401109
48073,2021-05-26,491,"Cherokee","Texas",4.47408477909183,0.0364882932631293,368.38300756279,4.72950283193373,0.0364882932631359,368.383007562812,4.72950283193378,2021-06-02,498,4.30983989269805,0.176116982567931,0.176116982567969,0.0973732086768919,0.0973732086769024
48085,2021-05-26,491,"Collin","Texas",7.26453021792121,-0.0513532865885899,632.461836242732,6.90505721180108,0,490,7.26453021792121,2021-06-02,498,6.96251399044126,0.00330128141170706,0.0912138016612185,0.0082523035097761,0.0433774679511711
48091,2021-05-26,491,"Comal","Texas",6.16090588989174,-0.0416296272961902,638.993299244732,5.86949849881841,0,490,6.16090588989174,2021-06-02,498,5.90263333340137,0.00109791726283998,0.0667047134360732,0.00561356816718684,0.0437554802919708
48095,2021-05-26,491,"Concho","Texas",4.38559170083838,0.155634579787954,462.821225676109,5.47503375935405,0.155634579787931,462.821225676105,5.47503375935389,2021-06-02,498,4.52798054729696,0.896909786467654,0.89690978646735,0.209155759872345,0.209155759872309
48097,2021-05-26,491,"Cooke","Texas",4.33822401201549,-0.0719734996250996,551.27529624949,3.83440951463979,0,490,4.33822401201549,2021-06-02,498,4.13173209429372,0.0884007163720668,0.0426389120844136,0.0719607595237254,0.0499770829785774
48099,2021-05-26,491,"Coryell","Texas",4.35670882668959,-0.0271019297777858,651.752716223941,4.16699531824509,0,490,4.35670882668959,2021-06-02,498,3.92902058179672,0.0566319751876725,0.182917234819547,0.060568462672585,0.108853653471394
48113,2021-05-26,491,"Dallas","Texas",8.24230511610616,-0.0355062511201529,723.136732436614,7.99376135826509,0,490,8.24230511610616,2021-06-02,498,7.99991824397034,3.79072415875593e-05,0.0587513957837847,0.000769618578276646,0.0302986686543337
48117,2021-05-26,491,"Deaf Smith","Texas",3.38680864421006,0.0444517625708407,414.809350893282,3.69797098220594,0.0444517625708345,414.809350893272,3.6979709822059,2021-06-02,498,3.76451686831956,0.0044283549586461,0.00442835495865183,0.0176771385124168,0.0176771385124282
48121,2021-05-26,491,"Denton","Texas",7.25800965511795,-0.0170637279013983,916.347245165763,7.13856355980816,0,490,7.25800965511795,2021-06-02,498,7.07641247358204,0.00386275751908656,0.0329775363417856,0.00878285239281129,0.0256623228526961
48127,2021-05-26,491,"Dimmit","Texas",4.31558153526573,-0.0682292212016416,554.25122080042,3.83797698685424,0,490,4.31558153526573,2021-06-02,498,4.60944674275535,0.595165584270117,0.0863567601729161,0.167367104764498,0.0637528154439543
48135,2021-05-26,491,"Ector","Texas",5.51112194006707,-0.0680686570034111,571.964164458113,5.03464134104319,0,490,5.51112194006707,2021-06-02,498,5.17129535410903,0.0186743192869995,0.115482108523894,0.0264254898837406,0.0657140160613751
48139,2021-05-26,491,"Ellis","Texas",5.71326121861075,-0.0635061488019352,580.963906273539,5.2687181769972,0,490,5.71326121861075,2021-06-02,498,5.60999494455603,0.116469832075406,0.010663923357143,0.0608337032264191,0.0184075520700643
48141,2021-05-26,491,"El Paso","Texas",7.42765390402288,-0.054223677667306,627.981743466312,7.04808816035174,0,490,7.42765390402288,2021-06-02,498,7.22319147490427,0.0306611707672822,0.0418048849210835,0.0242418209680438,0.0283063836572769
48143,2021-05-26,491,"Erath","Texas",3.67449071666184,-0.106446881870065,525.51947724638,2.92936254357138,0,490,3.67449071666184,2021-06-02,498,3.40119738166216,0.222628114436148,0.0746892469552477,0.138726097060615,0.0803520949631341
48149,2021-05-26,491,"Fayette","Texas",3.63381967693091,-0.0514819558351516,561.584336161715,3.27344598608485,0,490,3.63381967693091,2021-06-02,498,3.21314515015922,0.00363619081332995,0.176967057474587,0.0187669193601925,0.130922976433495
48153,2021-05-26,491,"Floyd","Texas",3.59142411796322,0.0401660417253287,401.585560247066,3.87258641004052,0.040166041725334,401.585560247078,3.87258641004056,2021-06-02,498,3.53888678443534,0.11135544012904,0.111355440129064,0.094295083717528,0.0942950837175384
48157,2021-05-26,491,"Fort Bend","Texas",7.40427911803727,-0.0462156479564014,651.211518077649,7.08076958234246,0,490,7.40427911803727,2021-06-02,498,7.09943764824869,0.00034849668467927,0.0929283217028629,0.00262951332642988,0.0429388192265878
48161,2021-05-26,491,"Freestone","Texas",4.26066577766961,-0.0375909739388153,604.342787675692,3.99752896009791,0,490,4.26066577766961,2021-06-02,498,4.06044301054642,0.00395817774383793,0.0400891564744693,0.0154943808557593,0.0493105719260547
48163,2021-05-26,491,"Frio","Texas",4.3640081291712,0.0618754037180763,420.471035873075,4.79713595519774,0.0618754037180871,420.471035873087,4.79713595519781,2021-06-02,498,4.56434819146784,0.0541901429423685,0.0541901429424037,0.0510013158428739,0.0510013158428905
48167,2021-05-26,491,"Galveston","Texas",7.03715314032506,-0.0217278396825613,814.877258077021,6.88505826254713,0,490,7.03715314032506,2021-06-02,498,6.86708208291465,0.000323143034178949,0.0289241645686925,0.00261773187147394,0.024766131430632
48171,2021-05-26,491,"Gillespie","Texas",3.44316158076119,0.0277795641070736,367.05415378406,3.6376185295107,0.0277795641070773,367.054153784077,3.63761852951073,2021-06-02,498,3.66356164612965,0.000673045299904088,0.000673045299902751,0.00708139213280353,0.0070813921327965
48179,2021-05-26,491,"Gray","Texas",3.15395627876888,0.0309622256039608,389.135349857879,3.37069185799661,0.0309622256039663,389.135349857897,3.37069185799665,2021-06-02,498,3.52214999207982,0.0229395663799674,0.0229395663799557,0.0430016139073548,0.0430016139073439
48181,2021-05-26,491,"Grayson","Texas",4.28062652023215,-0.0538591696727372,570.478138007741,3.90361233252299,0,490,4.28062652023215,2021-06-02,498,4.03297561584581,0.0167348590720592,0.0613309704433744,0.0320763861835762,0.0614064968340768
48183,2021-05-26,491,"Gregg","Texas",5.18017712424381,0.00969312920566131,-43.4174223137676,5.24802902868344,0.00969312920566168,-43.4174223137472,5.24802902868344,2021-06-02,498,5.15576582256413,0.00851249920341511,0.0085124992034156,0.0178951506516308,0.0178951506516314
48185,2021-05-26,491,"Grimes","Texas",4.32696685749085,-0.0621772449519033,560.590842451092,3.89172614282753,0,490,4.32696685749085,2021-06-02,498,3.94849268520954,0.00322244033400829,0.143242699084027,0.0143767627060946,0.0958528234581827
48187,2021-05-26,491,"Guadalupe","Texas",6.07501756992626,0.00890947982251702,-190.859961630174,6.13738392868388,0.008909479822516,-190.859961630252,6.13738392868388,2021-06-02,498,6.0903397930768,0.00221315069501715,0.00221315069501648,0.00772438602860148,0.00772438602860031
48189,2021-05-26,491,"Hale","Texas",3.40594798442075,-0.00943403223336025,852.027808700586,3.33990975878723,0,490,3.40594798442075,2021-06-02,498,3.46573590279973,0.0158322185170535,0.00357459518409094,0.0363057507962019,0.0172511466700842
48199,2021-05-26,491,"Hardin","Texas",5.4180033523505,-0.00694666513090057,1270.94307343963,5.3693766964342,0,490,5.4180033523505,2021-06-02,498,5.1809806598435,0.0354930666030861,0.056179756763272,0.0363630071138686,0.0457486155746755
48201,2021-05-26,491,"Harris","Texas",8.66617953859562,-0.010943519299674,1282.90060357035,8.5895749034979,0,490,8.66617953859562,2021-06-02,498,8.60071993268023,0.000124211675474875,0.00428496000659857,0.00129582514830847,0.00761094494737187
48203,2021-05-26,491,"Harrison","Texas",4.48380932898382,-0.0286188053056569,647.673532703251,4.28347769184423,0,490,4.48380932898382,2021-06-02,498,4.28260085453587,7.68843665326307e-07,0.0404848501896733,0.000204744111846906,0.0469827754867342
48209,2021-05-26,491,"Hays","Texas",6.22963744696571,-0.0520951118834114,610.581995733258,5.86497166378183,0,490,6.22963744696571,2021-06-02,498,5.77410779137693,0.00825624330841443,0.207507267120835,0.0157364350801693,0.0788917824272474
48213,2021-05-26,491,"Henderson","Texas",4.76947323727937,-0.0415490029128641,605.791520924866,4.47863021688932,0,490,4.76947323727937,2021-06-02,498,4.46754880811204,0.000122797620489127,0.0911583609280158,0.0024804225433769,0.0675816744562702
48215,2021-05-26,491,"Hidalgo","Texas",7.54470996560589,-0.0213791966975601,843.89960012702,7.39505558872297,0,490,7.54470996560589,2021-06-02,498,7.42782376982931,0.00107375369301776,0.0136623827631218,0.00441154530879384,0.0157362639985291
48217,2021-05-26,491,"Hill","Texas",3.630038954091,-0.0335226920386491,599.286021597127,3.39538010982046,0,490,3.630038954091,2021-06-02,498,3.51367536508885,0.013993767419013,0.0135404848454627,0.0336670986863911,0.033117342073864
48219,2021-05-26,491,"Hockley","Texas",3.29053181377464,0.0490561569892007,423.923163661209,3.63392491269904,0.0490561569891947,423.923163661201,3.633924912699,2021-06-02,498,3.84710345932883,0.045445092743189,0.0454450927432068,0.0554127407498887,0.0554127407498996
48221,2021-05-26,491,"Hood","Texas",4.17658266045907,-0.102065619760989,531.920563361487,3.46212332213215,0,490,4.17658266045907,2021-06-02,498,3.86223234092513,0.160087226919483,0.0988161233910909,0.103595274306347,0.0813908361242307
48223,2021-05-26,491,"Hopkins","Texas",3.98367899433458,-0.0262482260749319,642.769456075325,3.79994141181006,0,490,3.98367899433458,2021-06-02,498,4.05302641289137,0.0640520177723279,0.00480906446049046,0.062443462069808,0.0171100337111589
48225,2021-05-26,491,"Houston","Texas",3.60316593583991,0,490,3.60316593583991,0,490,3.60316593583991,2021-06-02,498,3.74782198974739,0.0209253739320837,0.0209253739320837,0.0385973651638748,0.0385973651638748
48227,2021-05-26,491,"Howard","Texas",3.51367536508885,-0.0252114193464897,630.368407498171,3.33719542966342,0,490,3.51367536508885,2021-06-02,498,3.52214999207982,0.0342081901586422,7.18193026361207e-05,0.0525118359048603,0.00240609485968209
48231,2021-05-26,491,"Hunt","Texas",5.05442431121992,-0.0269800537645493,678.339297220423,4.86556393486807,0,490,5.05442431121992,2021-06-02,498,4.72485617179056,0.0197986745902766,0.108615158526927,0.0297803272653241,0.0697519940177269
48233,2021-05-26,491,"Hutchinson","Texas",3.50512830451039,0.0944521788937013,453.889915875258,4.1662935567663,0.0944521788936878,453.889915875253,4.1662935567662,2021-06-02,498,3.90341463089155,0.0691053296690625,0.069105329669013,0.0673458883394892,0.067345888339465
48239,2021-05-26,491,"Jackson","Texas",3.69244452027843,0.0288828741487804,363.157995729301,3.89462463931989,0.0288828741487852,363.157995729323,3.89462463931993,2021-06-02,498,3.75453342433537,0.0196255485158394,0.0196255485158488,0.0373125496969894,0.0373125496969984
48241,2021-05-26,491,"Jasper","Texas",3.36729582998647,-6.28036983473606e-16,5361620284465774,3.36729582998647,0,490,3.36729582998647,2021-06-02,498,3.11033565629299,0.0660285308645815,0.0660285308645838,0.0826149335920003,0.0826149335920017
48245,2021-05-26,491,"Jefferson","Texas",5.23187226713988,-0.107038496373423,539.878417059294,4.48260279252592,0,490,5.23187226713988,2021-06-02,498,4.77189454596838,0.0836897186098094,0.211579503974132,0.0606240876984315,0.0963931027269089
48249,2021-05-26,491,"Jim Wells","Texas",4.15216413311093,-0.0798698318843729,542.986639199666,3.59307530992032,0,490,4.15216413311093,2021-06-02,498,3.81614123372486,0.0497584063627754,0.112911388911817,0.0584532673563592,0.0880530564268658
48251,2021-05-26,491,"Johnson","Texas",5.23187226713988,-0.0834426757767365,553.700197691869,4.64777353670273,0,490,5.23187226713988,2021-06-02,498,5.16804596051072,0.270683394975047,0.00407379741791944,0.100671013335296,0.0123501816966913
48255,2021-05-26,491,"Karnes","Texas",4.93755243735778,0.0333364202675825,342.887143318767,5.17090737923085,0.0333364202675872,342.887143318789,5.17090737923089,2021-06-02,498,5.11542421785513,0.00307838119624493,0.00307838119624858,0.0108462483291348,0.0108462483291412
48257,2021-05-26,491,"Kaufman","Texas",5.65098428908923,-0.0665132267489215,575.960308878427,5.18539170184678,0,490,5.65098428908923,2021-06-02,498,5.38841920124522,0.0412201655119845,0.0689404253545316,0.0376784900758137,0.0487276653945801
48259,2021-05-26,491,"Kendall","Texas",4.17658266045907,-0.0429250447170272,588.2994364477,3.87610734743988,0,490,4.17658266045907,2021-06-02,498,3.99951045955126,0.015228328078774,0.0313545643343358,0.0308545541659182,0.0442734686403788
48265,2021-05-26,491,"Kerr","Texas",4.50456027308886,-0.046304568041695,588.281120710007,4.180428296797,0,490,4.50456027308886,2021-06-02,498,4.42056029867612,0.0576633783264767,0.00705599570134071,0.0543216211644124,0.019002110306672
48277,2021-05-26,491,"Lamar","Texas",3.67810735713203,0.0145457110023774,238.134577571982,3.77992733414867,0.0145457110023797,238.134577572022,3.77992733414868,2021-06-02,498,4.04805127825126,0.0718904494011278,0.0718904494011193,0.0662353131599699,0.0662353131599659
48279,2021-05-26,491,"Lamb","Texas",3.71008166176454,0.0283706971292119,360.228392772046,3.90867654166902,0.0283706971292168,360.228392772069,3.90867654166906,2021-06-02,498,3.97298370521783,0.00413541128369322,0.00413541128368882,0.0161861130878418,0.0161861130878332
48285,2021-05-26,491,"Lavaca","Texas",3.55125807623789,0.00823049913651443,59.5245794531692,3.60887157019349,0.00823049913651586,59.5245794532443,3.6088715701935,2021-06-02,498,3.59535339610311,0.000182741030737768,0.000182741030738044,0.00375990135073508,0.00375990135073792
48291,2021-05-26,491,"Liberty","Texas",5.42871886616363,-0.0531098253139365,593.216846582982,5.05695008896608,0,490,5.42871886616363,2021-06-02,498,5.16478597392351,0.0116285780845537,0.0696605716062337,0.0208790616884979,0.0511023871216907
48293,2021-05-26,491,"Limestone","Texas",3.66356164612965,-0.0253178079842938,635.702955658814,3.48633699023959,0,490,3.66356164612965,2021-06-02,498,3.43858491373377,0.00228026081061725,0.0506145301195237,0.0138871302305471,0.0654271271584164
48299,2021-05-26,491,"Llano","Texas",3.63381967693091,0.00378072283990725,-470.144159676104,3.66028473681026,0.00378072283990738,-470.144159676072,3.66028473681026,2021-06-02,498,3.35240721749272,0.0947885669011198,0.0947885669011203,0.0918377450421427,0.091837745042143
48303,2021-05-26,491,"Lubbock","Texas",5.8583412344728,-0.0237866485977129,737.286954230117,5.69183469428881,0,490,5.8583412344728,2021-06-02,498,5.6757748496693,0.000257918609202795,0.0333304848602199,0.00282954222901309,0.0321658962236915
48309,2021-05-26,491,"McLennan","Texas",5.98824508448101,-0.0306956539109824,686.084460550896,5.77337550710413,0,490,5.98824508448101,2021-06-02,498,5.91966160862948,0.0213996234994831,0.00470369315987789,0.0247119026722901,0.0115857088438223
48321,2021-05-26,491,"Matagorda","Texas",5.49188497261662,-0.0720879394829931,567.18313149195,4.98726939623567,0,490,5.49188497261662,2021-06-02,498,5.02294022928664,0.00127240833054999,0.219909172296825,0.00710158421615012,0.0933606059247464
48325,2021-05-26,491,"Medina","Texas",4.67815507874458,0.00800004266707686,-93.766266059671,4.73415537741412,0.00800004266707788,-93.7662660595963,4.73415537741413,2021-06-02,498,4.55687989686031,0.0314265960055849,0.0314265960055874,0.038902820475026,0.0389028204750276
48329,2021-05-26,491,"Midland","Texas",5.61936513284362,-0.0260817647996234,706.451875132497,5.43679277924625,0,490,5.61936513284362,2021-06-02,498,5.36330221663745,0.005400862792559,0.0655682170560088,0.013702483962368,0.0477435180534562
48331,2021-05-26,491,"Milam","Texas",3.42936825862885,-0.00461894585629419,1233.45690798815,3.39703563763479,0,490,3.42936825862885,2021-06-02,498,3.2188758248682,0.0317409188850275,0.0443070646704827,0.0553484578032419,0.0653931512779843
48337,2021-05-26,491,"Montague","Texas",3.07797037179096,-0.0759859069779327,531.507121573015,2.54606902294543,0,490,3.07797037179096,2021-06-02,498,3.13549421592915,0.347422058123891,0.00330899264443444,0.187984780832724,0.0183460214488519
48339,2021-05-26,491,"Montgomery","Texas",7.35289887090848,-0.0504233508790164,636.823289066026,6.99993541475537,0,490,7.35289887090848,2021-06-02,498,7.17690962539137,0.0313198712302374,0.0309722145376811,0.0246588322653367,0.0245215914234828
48341,2021-05-26,491,"Moore","Texas",5.67234094882138,-0.00490197060020232,1648.15523642416,5.63802715461997,0,490,5.67234094882138,2021-06-02,498,4.16777203077692,2.16165012918674,2.26372762914549,0.352767644915784,0.361000771379522
48347,2021-05-26,491,"Nacogdoches","Texas",4.24645234041956,-0.0361485141163017,608.472389785022,3.99341274160545,0,490,4.24645234041956,2021-06-02,498,4.19397440317094,0.0402249800899119,0.00275393389786988,0.0478213842730789,0.0125126985059663
48349,2021-05-26,491,"Navarro","Texas",4.21106883653024,0.00212089156913578,-1494.51821215743,4.22591507751419,0.00212089156913642,-1494.51821215683,4.2259150775142,2021-06-02,498,4.33448568990488,0.0117875778748894,0.0117875778748884,0.0250480957045384,0.0250480957045374
48355,2021-05-26,491,"Nueces","Texas",6.5506720884568,-0.0202108738827895,815.116222111257,6.40919597127727,0,490,6.5506720884568,2021-06-02,498,6.37891114971347,0.000917170417151587,0.0295018200779909,0.00474764749861215,0.0269263726539047
48357,2021-05-26,491,"Ochiltree","Texas",3.51367536508885,0.0042643987864594,-332.955624470605,3.54352615659406,0.00426439878645901,-332.95562447068,3.54352615659406,2021-06-02,498,3.45676723281697,0.00752711085496,0.00752711085495954,0.025098283434721,0.0250982834347202
48361,2021-05-26,491,"Orange","Texas",5.44241771052179,-0.00123609410052833,4893.91536720028,5.43376505181809,0,490,5.44241771052179,2021-06-02,498,5.40332067555802,0.000926860045864951,0.00152857814295843,0.00563438264876437,0.00723574211329491
48365,2021-05-26,491,"Panola","Texas",3.24147565678544,0.0112360732669252,202.511701661189,3.32012816965392,0.0112360732669265,202.511701661225,3.32012816965393,2021-06-02,498,3.25258688221051,0.00456182550951265,0.00456182550951397,0.0207654060873242,0.0207654060873272
48367,2021-05-26,491,"Parker","Texas",5.6198831333732,-0.0622378445018089,581.296879308053,5.18421822186054,0,490,5.6198831333732,2021-06-02,498,5.44612141845928,0.0685932843886379,0.0301931335698276,0.0480898563353794,0.0319055896045522
48369,2021-05-26,491,"Parmer","Texas",3.25258688221051,0.0337110573423087,394.515726333259,3.48856428360668,0.0337110573423134,394.515726333272,3.48856428360671,2021-06-02,498,3.09104245335832,0.158023605524005,0.158023605524031,0.128604455049288,0.128604455049298
48373,2021-05-26,491,"Polk","Texas",4.74244456489145,-0.0366789282200854,620.296159812393,4.48569206735085,0,490,4.74244456489145,2021-06-02,498,4.4188406077966,0.00446911764453417,0.104719521047447,0.0151287329613796,0.0732327743444482
48375,2021-05-26,491,"Potter","Texas",5.29903139728169,-0.0246752032711572,705.751276374518,5.12630497438359,0,490,5.29903139728169,2021-06-02,498,4.99527990601306,0.017167568541502,0.0922649684479168,0.0262297750748279,0.0608077018673147
48381,2021-05-26,491,"Randall","Texas",5.31671845191893,-0.0317486983145823,658.462564897564,5.09447756371685,0,490,5.31671845191893,2021-06-02,498,5.08317741509435,0.000127693358890738,0.0545414158811013,0.00222304824320142,0.0459439082592494
48389,2021-05-26,491,"Reeves","Texas",5.02294022928664,-0.0351237583807348,634.006912154415,4.77707392062149,0,490,5.02294022928664,2021-06-02,498,4.49024021931411,0.0822735722056902,0.283769300624725,0.0638793666480481,0.118635080520011
48395,2021-05-26,491,"Robertson","Texas",3.76782265645406,-0.0228394919698265,655.969635114116,3.60794621266527,0,490,3.76782265645406,2021-06-02,498,3.75787232560089,0.0224778393399837,9.90090840874957e-05,0.0398965424967291,0.00264786293706143
48397,2021-05-26,491,"Rockwall","Texas",5.24325758936501,-0.0643026442641972,572.540310656935,4.79313907951563,0,490,5.24325758936501,2021-06-02,498,5.02199905274657,0.0523768873472691,0.0489553400265312,0.0455714887293298,0.0440578610817194
48401,2021-05-26,491,"Rusk","Texas",4.0943445622221,0.00238379135527543,-1226.57673051425,4.11103110170903,0.00238379135527556,-1226.57673051416,4.11103110170903,2021-06-02,498,4.24645234041956,0.0183389118938947,0.0183389118938945,0.0318904412093676,0.0318904412093674
48407,2021-05-26,491,"San Jacinto","Texas",4.22995712105045,-0.0467089979656147,581.559791588001,3.90299413529114,0,490,4.22995712105045,2021-06-02,498,4.02023659006838,0.0137457932021918,0.0439827011154009,0.0291630734039063,0.0521662161625423
48409,2021-05-26,491,"San Patricio","Texas",4.30599373411057,0.00386100865745806,-624.25099167881,4.33302079471278,0.00386100865745842,-624.250991678707,4.33302079471278,2021-06-02,498,4.15888308335967,0.030323942515299,0.0303239425152999,0.0418712687668142,0.0418712687668148
48419,2021-05-26,491,"Shelby","Texas",3.12299405316492,0.0450236813739481,421.636634813874,3.43815982278255,0.0450236813739551,421.636634813885,3.4381598227826,2021-06-02,498,3.34739467566918,0.00823831193051285,0.00823831193052172,0.0271151614636632,0.0271151614636778
48423,2021-05-26,491,"Smith","Texas",5.55737948161977,-0.0389238325183261,633.775752593305,5.28491265399149,0,490,5.55737948161977,2021-06-02,498,5.37130225930452,0.00746316390614271,0.0346247326645566,0.0160835494154866,0.0346428507151889
48437,2021-05-26,491,"Swisher","Texas",4.03802613163188,0.0359012915065409,378.524209793506,4.28933517217766,0.0359012915065451,378.524209793519,4.28933517217769,2021-06-02,498,3.94296780927757,0.119970350082367,0.119970350082387,0.0878443293615317,0.0878443293615391
48439,2021-05-26,491,"Tarrant","Texas",8.08838634359223,-0.0211393161606484,873.622894805323,7.94041113046769,0,490,8.08838634359223,2021-06-02,498,7.86901937649902,0.00509678253472272,0.0481218662516715,0.00907250961687553,0.0278772940562771
48441,2021-05-26,491,"Taylor","Texas",4.95381295822956,-0.0317486983145684,647.032001978375,4.73157207002758,0,490,4.95381295822956,2021-06-02,498,4.68872320880638,0.0018360249079543,0.0702725752492477,0.00913870563754512,0.0565377262887461
48449,2021-05-26,491,"Titus","Texas",3.53888678443534,-0.0564666116677802,553.672200082701,3.14362050276088,0,490,3.53888678443534,2021-06-02,498,3.20158432775814,0.00335980500831317,0.113772947280474,0.0181047316151281,0.105354856266863
48451,2021-05-26,491,"Tom Green","Texas",4.71466500078438,-0.0177669648146424,756.361306783185,4.59029624708188,0,490,4.71466500078438,2021-06-02,498,4.48219512362928,0.0116858528917134,0.0540422437845043,0.0241178976976499,0.0518651845229933
48453,2021-05-26,491,"Travis","Texas",7.09990929075242,-0.0468628887002263,642.503876258446,6.77186906985084,0,490,7.09990929075242,2021-06-02,498,6.82421837848287,0.00274045011425206,0.076005479108016,0.00767110689146397,0.0403988994752596
48455,2021-05-26,491,"Trinity","Texas",3.3770998300831,0.00980400009662205,146.538576417735,3.44572783075945,0.0098040000966213,146.538576417709,3.44572783075944,2021-06-02,498,3.56347818757266,0.0138651465296393,0.0138651465296406,0.0330436586433612,0.0330436586433627
48459,2021-05-26,491,"Upshur","Texas",3.88890058800729,-0.0344861760711747,603.766941164516,3.64749735550907,0,490,3.88890058800729,2021-06-02,498,3.5305534028762,0.0136758880573998,0.12841270509138,0.0331234056784424,0.101498871207886
48465,2021-05-26,491,"Val Verde","Texas",3.72051653905712,0.0460258223952901,410.164583152829,4.04269729582415,0.0460258223952832,410.164583152817,4.0426972958241,2021-06-02,498,4.02789946281395,0.000218975861797873,0.000218975861796427,0.00367383375548944,0.00367383375547731
48467,2021-05-26,491,"Van Zandt","Texas",4.62497281328427,-0.0571584138399591,571.914995756075,4.22486391640456,0,490,4.62497281328427,2021-06-02,498,4.34008794545355,0.0132765768702836,0.0811593879189264,0.0265487774665252,0.0656403444840673
48469,2021-05-26,491,"Victoria","Texas",6.00353427119531,-0.0243999556940559,737.046933300695,5.83273458133692,0,490,6.00353427119531,2021-06-02,498,5.91273050656548,0.0063993480531729,0.00824532367095035,0.0135294387491075,0.0153573318670631
48473,2021-05-26,491,"Waller","Texas",4.60087526170521,-0.0184795592748367,739.971049215991,4.47151834678135,0,490,4.60087526170521,2021-06-02,498,4.36218829245422,0.0119530607791746,0.0569714692902248,0.0250631213045657,0.0547172550217234
48477,2021-05-26,491,"Washington","Texas",4.48542093287817,0.00808411839995838,-63.8435476775374,4.54200976167787,0.00808411839995848,-63.8435476775303,4.54200976167787,2021-06-02,498,4.41539232851768,0.0160319743800758,0.0160319743800761,0.0286763720502047,0.0286763720502049
48479,2021-05-26,491,"Webb","Texas",5.65798781946657,-0.0552733991441656,593.36366691886,5.27107402545741,0,490,5.65798781946657,2021-06-02,498,5.36930824069766,0.00964996104386851,0.0833358991981929,0.0182955067648509,0.0537647618329687
48481,2021-05-26,491,"Wharton","Texas",4.59511985013459,-0.0228255273422246,692.3149480071,4.43534115873902,0,490,4.59511985013459,2021-06-02,498,4.53413441287134,0.00976010706205338,0.00371922355818992,0.0217887793206726,0.0134502932004238
48483,2021-05-26,491,"Wheeler","Texas",3.61477148196021,-0.00766287274556796,962.725370103649,3.56113137274124,0,490,3.61477148196021,2021-06-02,498,3.53472877428668,0.000697097205152696,0.00640683505171099,0.00746948355602968,0.0226446533198825
48485,2021-05-26,491,"Wichita","Texas",4.98164775722301,-0.00293685967330502,2187.24984213729,4.96108973950987,0,490,4.98164775722301,2021-06-02,498,4.86312915698766,0.00959627572809029,0.0140466586017451,0.0201435288596955,0.0243708518547256
48489,2021-05-26,491,"Willacy","Texas",4.28062652023215,-0.0311309185951799,628.504022155483,4.06271009006589,0,490,4.28062652023215,2021-06-02,498,4.22787595484662,0.0272797628887669,0.00278262214849289,0.0390659202267734,0.0124768479370966
48491,2021-05-26,491,"Williamson","Texas",7.02057363000912,-0.0520905772897859,625.776268478517,6.65593958898062,0,490,7.02057363000912,2021-06-02,498,6.66367989162689,5.99122850559491e-05,0.12737314049644,0.00116156579730098,0.053558055636897
48493,2021-05-26,491,"Wilson","Texas",4.58787868887803,0.0400349980816644,376.403299395205,4.86812367544968,0.0400349980816586,376.403299395188,4.86812367544964,2021-06-02,498,4.68872320880638,0.0321845274318361,0.0321845274318215,0.0382621150052867,0.038262115005278
48497,2021-05-26,491,"Wise","Texas",4.32507828280299,-0.0693708718694625,553.347180686176,3.83948217971675,0,490,4.32507828280299,2021-06-02,498,4.42399083377291,0.341650366666549,0.00978369273937839,0.132122483074333,0.0223582178821043
48499,2021-05-26,491,"Wood","Texas",3.59535339610311,-0.0571584138399584,553.90155997278,3.1952444992234,0,490,3.59535339610311,2021-06-02,498,3.42472787907235,0.0526626216268955,0.0291130670620153,0.0670077705301087,0.0498216276024186
49003,2021-05-26,491,"Box Elder","Utah",5.27957132372698,-0.00508168062699472,1529.94197830557,5.24399955933802,0,490,5.27957132372698,2021-06-02,498,5.0201140380508,0.0501247266420505,0.0673180830904527,0.0445976963053514,0.0516835441803878
49005,2021-05-26,491,"Cache","Utah",5.44056069977458,-0.0159806719883425,831.446303118124,5.32869599585618,0,490,5.44056069977458,2021-06-02,498,5.32787616878958,6.72116419135784e-07,0.0126978035233098,0.000153875022735336,0.021149990618232
49007,2021-05-26,491,"Carbon","Utah",3.49650756146648,0.0717796823941418,442.288338916475,3.99896533822547,0.0717796823941312,442.288338916468,3.9989653382254,2021-06-02,498,3.53888678443534,0.21167227565762,0.211672275657551,0.130006576026574,0.130006576026553
49011,2021-05-26,491,"Davis","Utah",6.76980597849289,-0.0210944054056934,811.928978480033,6.62214514065303,0,490,6.76980597849289,2021-06-02,498,6.59010479660151,0.00102658364693977,0.0322925147731569,0.00486188688047011,0.0272683344859775
49013,2021-05-26,491,"Duchesne","Utah",4.19612725653204,0.00431035150112344,-482.500016283679,4.22629971703991,0.00431035150112269,-482.500016283847,4.2262997170399,2021-06-02,498,4.1155467698727,0.0122662153062213,0.0122662153062201,0.0269108707445521,0.0269108707445508
49019,2021-05-26,491,"Grand","Utah",4.52488935472729,-0.0687864518350802,556.781694418197,4.04338419188173,0,490,4.52488935472729,2021-06-02,498,4.17438726989564,0.0171618064491185,0.122851711471334,0.0313825885199159,0.0839649180035024
49021,2021-05-26,491,"Iron","Utah",5.10853950907762,0.00693243677564465,-245.903872967897,5.15706656650714,0.00693243677564404,-245.903872967963,5.15706656650713,2021-06-02,498,5.10681090017701,0.00252563199828524,0.00252563199828479,0.00984090997541868,0.00984090997541781
49029,2021-05-26,491,"Morgan","Utah",3.17208366336144,-0.00597016698650311,1022.32243545828,3.13029249445592,0,490,3.17208366336144,2021-06-02,498,2.99573227355399,0.0181064530491765,0.0310998126870202,0.0449173052244403,0.0588675401217473
49035,2021-05-26,491,"Salt Lake","Utah",7.74487911002815,-0.0266096500894752,782.055278216207,7.55861155940182,0,490,7.74487911002815,2021-06-02,498,7.58259300262624,0.000575109619126116,0.026336780655663,0.00316269687903792,0.0214024552479209
49039,2021-05-26,491,"Sanpete","Utah",4.72865124275911,0.00633314339702603,-255.651535630732,4.77298324653829,0.00633314339702551,-255.651535630793,4.77298324653829,2021-06-02,498,4.46261864200418,0.0963261877476138,0.0963261877476116,0.0695476421876646,0.0695476421876638
49041,2021-05-26,491,"Sevier","Utah",3.11033565629299,0.0323652845020352,394.899016982303,3.33689264780724,0.0323652845020308,394.899016982291,3.33689264780721,2021-06-02,498,3.16607763930123,0.0291777671309084,0.0291777671308979,0.0539516171004922,0.0539516171004826
49043,2021-05-26,491,"Summit","Utah",4.25053397873921,-0.0438317173762564,587.973931964658,3.94371195710541,0,490,4.25053397873921,2021-06-02,498,3.70657903121334,0.0562320245421365,0.295886984937872,0.0639762227906552,0.146753905136027
49045,2021-05-26,491,"Tooele","Utah",5.31461244903454,0.00846864623703469,-136.563402730524,5.37389297269378,0.00846864623703514,-136.563402730491,5.37389297269378,2021-06-02,498,5.34096626269539,0.00108416823131823,0.00108416823131846,0.00616493502839979,0.00616493502840046
49047,2021-05-26,491,"Uintah","Utah",4.13858926401986,0.0160738248310642,233.526168630279,4.25110603783731,0.0160738248310617,233.526168630239,4.25110603783729,2021-06-02,498,4.30406509320417,0.00280466154535042,0.0028046615453523,0.0123044271450451,0.0123044271450493
49049,2021-05-26,491,"Utah","Utah",7.18039622731086,-0.0225840332937813,808.94127000725,7.02230799425439,0,490,7.18039622731086,2021-06-02,498,7.01108516287354,0.000125951944203081,0.0286662365408995,0.00160072672348688,0.0241490526079889
49051,2021-05-26,491,"Wasatch","Utah",3.89473150831808,-0.0370941244062347,595.995914330396,3.63507263747444,0,490,3.89473150831808,2021-06-02,498,3.51367536508885,0.0147372977426623,0.145203784292741,0.0345499398128163,0.108449444992936
49053,2021-05-26,491,"Washington","Utah",5.49188497261662,0.000588754800636986,-8836.96635657974,5.49600625622108,0.000588754800638469,-8836.96635655625,5.49600625622109,2021-06-02,498,5.47586564458933,0.00040564423690074,0.00040564423690117,0.00367806899200399,0.00367806899200593
49057,2021-05-26,491,"Weber","Utah",6.32025428755718,0.0313341561704403,289.29505370502,6.53959338075026,0.031334156170435,289.295053704986,6.53959338075022,2021-06-02,498,6.51174532964473,0.000775513950376416,0.000775513950374338,0.00427658787249486,0.00427658787248913
50001,2021-05-26,491,"Addison","Vermont",3.44316158076119,-0.0136056520557806,744.068472326418,3.34792201637072,0,490,3.44316158076119,2021-06-02,498,3.3964241029095,0.00235245239861489,0.00218439183593709,0.0142803386942246,0.0137607897116416
50003,2021-05-26,491,"Bennington","Vermont",4.4724547868809,-0.0477797883014162,584.605579804302,4.13799626877098,0,490,4.4724547868809,2021-06-02,498,4.14991441337691,0.000142042170847784,0.104032292540091,0.00287190130174967,0.0777221748150526
50005,2021-05-26,491,"Caledonia","Vermont",4.49503639157761,-0.0497769938695949,581.303492479952,4.14659743449044,0,490,4.49503639157761,2021-06-02,498,3.94019388239484,0.0426024263176817,0.307850209996227,0.052384110593601,0.140816042495232
50007,2021-05-26,491,"Chittenden","Vermont",5.09899496807406,-0.0755392552631294,558.501260772462,4.57022018123215,0,490,5.09899496807406,2021-06-02,498,4.60659773797928,0.00132332663489015,0.242455032205014,0.00789683814742641,0.106889565380366
50011,2021-05-26,491,"Franklin","Vermont",4.48380932898382,-0.0364252461984881,614.09619829474,4.22883260559441,0,490,4.48380932898382,2021-06-02,498,4.02023659006838,0.0435122976933355,0.214899684265568,0.0518865024116607,0.115309815362772
50015,2021-05-26,491,"Lamoille","Vermont",3.47903986842609,-0.0639877086752961,545.370439893079,3.03112590769902,0,490,3.47903986842609,2021-06-02,498,3.00284974132285,0.000799541584932478,0.226757037150596,0.00941644398221102,0.158579405606042
50017,2021-05-26,491,"Orange","Vermont",4.19827548507033,-0.0704224642965318,550.615571920239,3.70531823499461,0,490,4.19827548507033,2021-06-02,498,3.67810735713203,0.000740431874052496,0.270574881322843,0.00739806515158438,0.141422769221153
50019,2021-05-26,491,"Orleans","Vermont",4.48219512362928,0.01793039071843,241.02245104329,4.60770785865829,0.0179303907184281,241.022451043262,4.60770785865828,2021-06-02,498,4.35487564560793,0.0639241279559436,0.0639241279559364,0.0580572750235368,0.0580572750235335
50021,2021-05-26,491,"Rutland","Vermont",4.99527990601306,-0.0398156856533475,616.460100059663,4.71657010643963,0,490,4.99527990601306,2021-06-02,498,4.76461296039711,0.00230811581637996,0.0532072397997918,0.010083264759763,0.0484125253264486
50023,2021-05-26,491,"Washington","Vermont",4.48702994368387,-0.0253981906056037,667.667307264553,4.30924260944464,0,490,4.48702994368387,2021-06-02,498,4.24645234041956,0.00394261788424205,0.0578775831923983,0.0147865239007668,0.056653786261625
50025,2021-05-26,491,"Windham","Vermont",4.18314006100523,-0.0384662808277882,599.748232763468,3.91387609521071,0,490,4.18314006100523,2021-06-02,498,3.80029304148484,0.0129011100936949,0.146571840355648,0.0298879724500129,0.100741446867689
50027,2021-05-26,491,"Windsor","Vermont",4.72104664337389,-0.0374575625348994,617.037209147693,4.45884370562959,0,490,4.72104664337389,2021-06-02,498,4.43928424994241,0.000382572306778849,0.0793900463522351,0.00440599308040165,0.0634702302370327
51001,2021-05-26,491,"Accomack","Virginia",3.68171096463532,-0.0353393664453023,595.181578080462,3.43433539951821,0,490,3.68171096463532,2021-06-02,498,3.53888678443534,0.0109309920880907,0.0203987464497971,0.0295435800254955,0.0403585050610121
51003,2021-05-26,491,"Albemarle","Virginia",4.44600696433729,-0.0695510629611028,554.924356797016,3.95914952360957,0,490,4.44600696433729,2021-06-02,498,3.66721795733276,0.0852240393888332,0.606512317431106,0.0796057310128195,0.212365072396995
51005,2021-05-26,491,"Alleghany","Virginia",3.55125807623789,0.0165293019512095,276.15377801674,3.66696318989636,0.0165293019512114,276.153778016764,3.66696318989637,2021-06-02,498,3.47903986842609,0.0353151747524174,0.0353151747524225,0.054015857413926,0.0540158574139298
51007,2021-05-26,491,"Amelia","Virginia",3.59535339610311,-0.0232568621642721,645.593228042018,3.43255536095321,0,490,3.59535339610311,2021-06-02,498,3.4106761256167,0.000478700938910292,0.0341056942343116,0.00641492611162302,0.054146821241498
51009,2021-05-26,491,"Amherst","Virginia",3.61091791264422,-0.0076923456231547,960.417013943707,3.55707149328214,0,490,3.61091791264422,2021-06-02,498,3.63758615972639,0.0064826115126279,0.000711195402435205,0.022134091924932,0.00733130320799529
51013,2021-05-26,491,"Arlington","Virginia",5.23720155268797,-0.0802179157335424,556.287180610429,4.67567614255317,0,490,5.23720155268797,2021-06-02,498,4.43759648582869,0.056681922946045,0.639368262947024,0.0536505870880276,0.180188773227306
51015,2021-05-26,491,"Augusta","Virginia",4.93550115458722,0.00205549918209445,-1910.1204662987,4.94988964886188,0.00205549918209424,-1910.12046629894,4.94988964886188,2021-06-02,498,4.85203026391962,0.00957645922127846,0.00957645922127812,0.0201687499086643,0.020168749908664
51019,2021-05-26,491,"Bedford","Virginia",5.24325758936501,0.00151057430536421,-2980.03586413832,5.25383160950256,0.00151057430536472,-2980.03586413715,5.25383160950256,2021-06-02,498,5.44056069977458,0.0348677531538184,0.0348677531538171,0.0343216628903272,0.0343216628903266
51023,2021-05-26,491,"Botetourt","Virginia",3.68530163276605,-0.0317486983145721,607.077251301813,3.46306074456405,0,490,3.68530163276605,2021-06-02,498,3.46573590279973,7.15647158591755e-06,0.0482091097756459,0.000771887504041276,0.063353277954317
51027,2021-05-26,491,"Buchanan","Virginia",3.73426245996176,0.00684934184557444,-54.2001877194335,3.78220785288078,0.00684934184557529,-54.2001877193662,3.78220785288078,2021-06-02,498,3.91487607441055,0.0176008570038735,0.017600857003872,0.0338882301784612,0.0338882301784597
51031,2021-05-26,491,"Campbell","Virginia",4.82717022660022,-0.0414625216044265,607.422495299583,4.53693257536924,0,490,4.82717022660022,2021-06-02,498,4.54025063988878,1.10095521558072e-05,0.0823228492386684,0.000730810869863744,0.0631946580637401
51033,2021-05-26,491,"Caroline","Virginia",4.27468002104443,-0.0216330953554196,688.599093001433,4.12324835355649,0,490,4.27468002104443,2021-06-02,498,4.13402304604028,0.000116093998120182,0.0197843846173181,0.00260634552923155,0.0340242358200874
51035,2021-05-26,491,"Carroll","Virginia",4.37485814519527,-0.0336017465467744,621.197343733468,4.13964591936785,0,490,4.37485814519527,2021-06-02,498,3.81299162482197,0.106703028145267,0.315693986716401,0.0856687679090122,0.147355823368622
51037,2021-05-26,491,"Charlotte","Virginia",3.42472787907235,-0.045462374076765,566.331039098168,3.10649126053499,0,490,3.42472787907235,2021-06-02,498,2.99573227355399,0.0122675531970581,0.184037229554063,0.0369722581549666,0.143202251184288
51041,2021-05-26,491,"Chesterfield","Virginia",6.56143470630611,-0.0427026729257533,644.653957861476,6.26251599582584,0,490,6.56143470630611,2021-06-02,498,6.23804556824964,0.000598801825761799,0.104580534612905,0.00392277153292119,0.0518414196431094
51047,2021-05-26,491,"Culpeper","Virginia",4.77189454596838,-0.0179753192186307,756.469251918625,4.64606731143796,0,490,4.77189454596838,2021-06-02,498,4.4014790606007,0.0598234124476329,0.137207631800174,0.0555695591117692,0.0841570481803285
51051,2021-05-26,491,"Dickenson","Virginia",3.07136968775961,0.00664454271867194,28.7605626450852,3.11788148679032,0.00664454271867143,28.7605626450499,3.11788148679031,2021-06-02,498,3.07797037179096,0.00159289710049163,0.00159289710049135,0.0129666988887001,0.0129666988886989
51053,2021-05-26,491,"Dinwiddie","Virginia",3.67449071666184,-0.0320883145514946,605.511801820102,3.44987251480137,0,490,3.67449071666184,2021-06-02,498,3.29053181377464,0.0253894590036918,0.147424439106341,0.0484239964979866,0.116685971939214
51059,2021-05-26,491,"Fairfax","Virginia",6.89712757590705,-0.0569658839972162,612.074704576587,6.49836638792654,0,490,6.89712757590705,2021-06-02,498,6.48004456192665,0.00033568930797015,0.173958240550975,0.00282742284019725,0.0643642200288192
51061,2021-05-26,491,"Fauquier","Virginia",4.31748811353631,-0.031867738848028,626.481470277063,4.09441394160011,0,490,4.31748811353631,2021-06-02,498,4.6291656915443,0.285959434068372,0.0971429126329286,0.115517954114491,0.0673291039414095
51063,2021-05-26,491,"Floyd","Virginia",3.44771739729705,-0.0444517625708276,568.560870433509,3.13655505930125,0,490,3.44771739729705,2021-06-02,498,3.13549421592915,1.12538866013697e-06,0.097483314983491,0.000338333704050425,0.0995770235459916
51067,2021-05-26,491,"Franklin","Virginia",4.31558153526573,-0.0337743171186084,618.777018262436,4.07916131543547,0,490,4.31558153526573,2021-06-02,498,4.04054185622913,0.00149146262939059,0.0756468250445583,0.00955799013610208,0.0680699987336074
51069,2021-05-26,491,"Frederick","Virginia",5.22651442806953,-0.0332105992855118,648.374890562412,4.99404023307095,0,490,5.22651442806953,2021-06-02,498,5.01538589685486,0.000455637362375604,0.0445752566928661,0.00425603617007676,0.042096168780766
51071,2021-05-26,491,"Giles","Virginia",3.5305534028762,-0.0409893445332062,577.133443778688,3.24362799114375,0,490,3.5305534028762,2021-06-02,498,3.20158432775814,0.00176766963088264,0.108220652384029,0.0131321430521408,0.102751963228284
51073,2021-05-26,491,"Gloucester","Virginia",3.71705033108063,0.1177830356564,459.441547542346,4.54153158067543,0.117783035656382,459.441547542341,4.54153158067531,2021-06-02,498,4.07511320029421,0.217546105557435,0.217546105557321,0.114455318774345,0.114455318774315
51075,2021-05-26,491,"Goochland","Virginia",3.16607763930123,-0.092018898720237,525.406819504839,2.52194534825957,0,490,3.16607763930123,2021-06-02,498,3.16607763930123,0.414906408362577,0,0.20344804026468,0
51077,2021-05-26,491,"Grayson","Virginia",3.77111755235091,-0.0163135754915261,722.16437928091,3.65692252391023,0,490,3.77111755235091,2021-06-02,498,3.46126162240481,0.0382831883779131,0.0960106973227632,0.0565287813665694,0.0895210948344379
51079,2021-05-26,491,"Greene","Virginia",3.72741311811618,-0.0437044342347361,576.286840646335,3.42148207847303,0,490,3.72741311811618,2021-06-02,498,3.47462485021697,0.00282415418862909,0.0639019083874813,0.0152945351037327,0.0727526794391693
51083,2021-05-26,491,"Halifax","Virginia",3.62624388312245,-0.0446170654888128,572.274818130558,3.31392442470076,0,490,3.62624388312245,2021-06-02,498,3.29053181377464,0.000547214245941047,0.112702593505792,0.00710906693811615,0.102023650992364
51085,2021-05-26,491,"Hanover","Virginia",5.19454289404584,-0.0358014889159797,636.09292913031,4.94393247163399,0,490,5.19454289404584,2021-06-02,498,5.12311327752295,0.0321057611990177,0.00510219011660811,0.0349749841907842,0.013942619000108
51087,2021-05-26,491,"Henrico","Virginia",6.14846829591765,-0.0488483053944739,616.868609898865,5.80653015815633,0,490,6.14846829591765,2021-06-02,498,5.81498304679571,7.14513263497442e-05,0.111212411381921,0.00145363942961742,0.0573493072014546
51089,2021-05-26,491,"Henry","Virginia",4.8317364445798,-0.00907035696997245,1023.69529088826,4.76824394578999,0,490,4.8317364445798,2021-06-02,498,4.59800169650948,0.0289824234400885,0.0546319324554962,0.0370252689140483,0.0508339847390134
51093,2021-05-26,491,"Isle of Wight","Virginia",3.68530163276605,-0.0386691411591585,586.303425995361,3.41461764465194,0,490,3.68530163276605,2021-06-02,498,3.3722098447889,0.00179842148922382,0.0980264676987296,0.0125756704994427,0.0928446930611315
51095,2021-05-26,491,"James City","Virginia",4.31175743882733,-0.0522506903438682,573.520583181794,3.94600260642025,0,490,4.31175743882733,2021-06-02,498,4.04054185622913,0.00893766975442522,0.0735578922440814,0.023397666246949,0.0671235671473319
51099,2021-05-26,491,"King George","Virginia",4.25864761351338,-0.0219789067187787,684.76066644274,4.10479526648193,0,490,4.25864761351338,2021-06-02,498,4.00473240353241,0.0100125765416527,0.0644729338596763,0.0249861545958102,0.0634037894159905
51101,2021-05-26,491,"King William","Virginia",3.64133850934494,-0.0331522073168939,600.836985348766,3.40927305812668,0,490,3.64133850934494,2021-06-02,498,3.42472787907235,0.000238851490462753,0.0469201651470871,0.00451271502185958,0.0632490048614488
51107,2021-05-26,491,"Loudoun","Virginia",6.25794122312857,-0.0561242875843861,602.501481666371,5.86507121003786,0,490,6.25794122312857,2021-06-02,498,5.77144112313002,0.00876659317437103,0.236682347298599,0.016222999578495,0.0842943884585115
51109,2021-05-26,491,"Louisa","Virginia",3.61861025826738,-0.0666913744986832,545.259044523648,3.1517706367766,0,490,3.61861025826738,2021-06-02,498,3.27983652465789,0.0164008716388234,0.114767642583714,0.039046424088057,0.103289822850188
51117,2021-05-26,491,"Mecklenburg","Virginia",3.98367899433458,-0.0668629452291368,550.57977143667,3.51563837773062,0,490,3.98367899433458,2021-06-02,498,3.62624388312245,0.0122335778229819,0.127759858727227,0.0305013973016591,0.0985689663278665
51121,2021-05-26,491,"Montgomery","Virginia",4.76339419120298,-0.0864014349152041,546.130961608194,4.15858414679656,0,490,4.76339419120298,2021-06-02,498,4.20469261939097,0.00212599124498947,0.31214744634522,0.0109659556044049,0.132875723004205
51127,2021-05-26,491,"New Kent","Virginia",3.30636327899132,-0.0510314800124534,555.790660160835,2.94914291890414,0,490,3.30636327899132,2021-06-02,498,3.2188758248682,0.072755840559815,0.00765405462894438,0.0837972387378758,0.0271795057911868
51137,2021-05-26,491,"Orange","Virginia",4.13858926401986,-0.0488986299214697,575.636098611891,3.79629885456957,0,490,4.13858926401986,2021-06-02,498,3.97029191355212,0.0302735845741058,0.02832399817446,0.0438237446442281,0.0423891628455009
51139,2021-05-26,491,"Page","Virginia",3.90341463089155,-0.00287769982761287,1847.43564816471,3.88327073209826,0,490,3.90341463089155,2021-06-02,498,3.91202300542815,0.000826693221636688,7.41041121623778e-05,0.00734971989939588,0.0022004917978895
51141,2021-05-26,491,"Patrick","Virginia",3.28519846779927,-0.0211648111920398,646.219833429691,3.13704478945499,0,490,3.28519846779927,2021-06-02,498,3.35240721749272,0.0463809754103066,0.00451701603535704,0.0642411300494695,0.0200479074686271
51143,2021-05-26,491,"Pittsylvania","Virginia",4.27069595202955,-0.025617164370294,657.712282838842,4.09137580143749,0,490,4.27069595202955,2021-06-02,498,3.95398720452718,0.0188756265609855,0.100304430744523,0.0347468491433183,0.0800985767328114
51147,2021-05-26,491,"Prince Edward","Virginia",3.94849268520954,-0.0378423531831536,595.340569575554,3.68359621292746,0,490,3.94849268520954,2021-06-02,498,3.56751859710967,0.0134740128939437,0.145141255803528,0.0325373540902741,0.106789657216791
51149,2021-05-26,491,"Prince George","Virginia",4.38202663467388,0.0289875368732477,339.830666302041,4.58493939278662,0.0289875368732524,339.830666302065,4.58493939278665,2021-06-02,498,4.51085950651685,0.00548782954974137,0.00548782954974624,0.0164225656247422,0.0164225656247495
51153,2021-05-26,491,"Prince William","Virginia",6.5206211275587,-0.0345325328723515,679.825451977762,6.27889339745224,0,490,6.5206211275587,2021-06-02,498,6.10511205913536,0.0301999535472029,0.172647785942025,0.0284648891999999,0.0680592042207622
51155,2021-05-26,491,"Pulaski","Virginia",4.10146202999096,-0.083854310436848,539.911761466095,3.51448185693303,0,490,4.10146202999096,2021-06-02,498,3.84710345932883,0.110637130380351,0.0646982824692833,0.0864602696320083,0.0661169041465052
51159,2021-05-26,491,"Richmond","Virginia",3.42936825862885,0.04255961441879,410.422008270949,3.72728555956038,0.0425596144187965,410.422008270961,3.72728555956043,2021-06-02,498,3.14784005175145,0.335757096519953,0.335757096520006,0.184077176185153,0.184077176185168
51161,2021-05-26,491,"Roanoke","Virginia",4.97179546077999,-0.0273454538905228,672.814333039945,4.78037728354633,0,490,4.97179546077999,2021-06-02,498,4.52178857704904,0.0668681191279414,0.20250619540524,0.0571872616534511,0.099519664854527
51163,2021-05-26,491,"Rockbridge","Virginia",3.78743112784243,-0.0596723314864097,554.470473391927,3.36972480743756,0,490,3.78743112784243,2021-06-02,498,3.10394585819422,0.0706384498608932,0.467152113826082,0.0856261550251267,0.220198837503511
51165,2021-05-26,491,"Rockingham","Virginia",4.68740828422507,-0.0450236813739632,595.109840448003,4.37224251460732,0,490,4.68740828422507,2021-06-02,498,4.44433051801004,0.00519668023458926,0.0590868004280895,0.0162202165456831,0.0546938993915939
51167,2021-05-26,491,"Russell","Virginia",3.81928095372953,0.0126184639592103,188.326000527836,3.907610201444,0.0126184639592122,188.326000527882,3.90761020144402,2021-06-02,498,3.61477148196021,0.0857545156289061,0.0857545156289139,0.0810116824660214,0.0810116824660251
51169,2021-05-26,491,"Scott","Virginia",3.7744016275521,-0.0258914139327358,636.778119238978,3.59316173002295,0,490,3.7744016275521,2021-06-02,498,3.58351893845611,9.29834292014864e-05,0.036436200996516,0.00269087222153558,0.0532668286045747
51171,2021-05-26,491,"Shenandoah","Virginia",4.72612279640575,-0.0469802089241961,591.598164729992,4.39726133393638,0,490,4.72612279640575,2021-06-02,498,4.32507828280299,0.00521039287092634,0.160836701890881,0.016689420725725,0.0927253768324535
51173,2021-05-26,491,"Smyth","Virginia",4.59656181145149,-0.116821959176809,530.346727651559,3.77880809721383,0,490,4.59656181145149,2021-06-02,498,3.41538201665411,0.132078516030996,1.39518570763758,0.106408618066024,0.345841194056097
51177,2021-05-26,491,"Spotsylvania","Virginia",5.92387375347483,-0.0455642667329379,621.011392220925,5.60492388634427,0,490,5.92387375347483,2021-06-02,498,5.53508201381421,0.00487788715850503,0.151159016828334,0.0126180375206277,0.070241369267934
51179,2021-05-26,491,"Stafford","Virginia",5.68794341062645,-0.0416924428560727,627.426244685683,5.39609631063395,0,490,5.68794341062645,2021-06-02,498,5.32926217039746,0.00446680230115058,0.128652232092212,0.0125409743599654,0.0673041086665562
51185,2021-05-26,491,"Tazewell","Virginia",4.47408477909183,0.00162999221093166,-2253.85040424492,4.48549472456835,0.00162999221093063,-2253.85040424665,4.48549472456834,2021-06-02,498,4.41711795448515,0.0046753826870105,0.00467538268700953,0.0154799511327896,0.015479951132788
51187,2021-05-26,491,"Warren","Virginia",4.90844435319971,-0.0331980694095919,638.853307149888,4.67605786733256,0,490,4.90844435319971,2021-06-02,498,4.62357127135898,0.00275484275689353,0.0811526727574301,0.0113519599662514,0.0616132130600832
51191,2021-05-26,491,"Washington","Virginia",4.87628724156518,-0.0342645939741043,633.312710468726,4.63643508374645,0,490,4.87628724156518,2021-06-02,498,4.61512051684126,0.000454310762355696,0.0682080581030181,0.00461842043504759,0.0565893618099204
51193,2021-05-26,491,"Westmoreland","Virginia",3.500827222611,-0.0085837436913898,898.843867253703,3.44074101677127,0,490,3.500827222611,2021-06-02,498,3.3770998300831,0.00405020064307872,0.0153084676617531,0.0188449231264229,0.0366371735374064
51195,2021-05-26,491,"Wise","Virginia",4.69396568477122,-0.0308904870193387,642.955055996126,4.47773227563585,0,490,4.69396568477122,2021-06-02,498,4.38736947908438,0.00816543500060267,0.0940012333415687,0.020596121886304,0.0698815559410847
51197,2021-05-26,491,"Wythe","Virginia",4.17877324183889,-0.0553332627583581,566.520094668693,3.79144040253039,0,490,4.17877324183889,2021-06-02,498,3.75118333745009,0.00162063128887899,0.182833126335223,0.0107318308541162,0.113988004830353
51199,2021-05-26,491,"York","Virginia",4.01766919456313,-0.0127715656794852,805.579221952141,3.92826823480674,0,490,4.01766919456313,2021-06-02,498,4.01509519056796,0.00753892024676128,6.62549656717195e-06,0.0216251300754193,0.000641081686237665
51510,2021-05-26,491,"Alexandria city","Virginia",5.13327424555436,-0.0541115602863879,585.864650333242,4.75449332354964,0,490,5.13327424555436,2021-06-02,498,4.63334106295479,0.0146778702472431,0.249933187064133,0.0261479262909239,0.107899068038982
51520,2021-05-26,491,"Bristol city","Virginia",4.45101950616083,-0.0198026272961748,715.769139952486,4.31240111508761,0,490,4.45101950616083,2021-06-02,498,4.28653786749521,0.00066890757602579,0.0270542094581288,0.00603359830051216,0.0383716751723779
51550,2021-05-26,491,"Chesapeake city","Virginia",5.88531006554898,-0.0324310508443546,672.471457517494,5.6582927096385,0,490,5.88531006554898,2021-06-02,498,5.64595156583462,0.000152303830388004,0.0572924913855096,0.00218583947452868,0.0423947136144051
51590,2021-05-26,491,"Danville city","Virginia",4.52798054729696,-0.0273989741881078,656.260951603884,4.33618772798021,0,490,4.52798054729696,2021-06-02,498,4.47895887485007,0.0203836003785369,0.00240312436948999,0.0318759673529365,0.010944881124529
51630,2021-05-26,491,"Fredericksburg city","Virginia",3.88008995832514,-0.11679926774623,524.220156540325,3.06249508410152,0,490,3.88008995832514,2021-06-02,498,3.03769647265303,0.000614971129773584,0.70962678470281,0.00816362387478426,0.277313251424489
51650,2021-05-26,491,"Hampton city","Virginia",5.605802066296,-0.00366972888896263,2018.57934875147,5.58011396407326,0,490,5.605802066296,2021-06-02,498,5.49950740764638,0.00649741693900038,0.0112985544574397,0.0146570502505025,0.0193280326346743
51660,2021-05-26,491,"Harrisonburg city","Virginia",3.76782265645406,-0.0731645758573496,542.497908821343,3.25567062545261,0,490,3.76782265645406,2021-06-02,498,3.41538201665411,0.0255077284795191,0.124214404582595,0.0467623798517167,0.10319215773854
51670,2021-05-26,491,"Hopewell city","Virginia",3.95672318434605,-0.0322608622182266,613.647781624094,3.73089714881847,0,490,3.95672318434605,2021-06-02,498,3.98898404656427,0.0666088467880547,0.00104076323106305,0.064699907227781,0.00808748840347146
51680,2021-05-26,491,"Lynchburg city","Virginia",5.57161070154772,-0.026282016898472,702.99326988758,5.38763658325841,0,490,5.57161070154772,2021-06-02,498,4.99914091467052,0.150928884511556,0.327721656887226,0.0777124860489156,0.114513632771828
51690,2021-05-26,491,"Martinsville city","Virginia",3.31158522297247,0.0263867551731903,365.498201797198,3.4962925091848,0.0263867551731942,365.498201797217,3.49629250918483,2021-06-02,498,3.27444567602301,0.0492160173839145,0.0492160173839267,0.0677509585168118,0.0677509585168202
51700,2021-05-26,491,"Newport News city","Virginia",5.79039694749297,-0.00218102594636186,3145.89594800642,5.77512976586844,0,490,5.79039694749297,2021-06-02,498,5.77410779137693,1.0444318612905e-06,0.000265336606972712,0.000176992624390037,0.00282106893473065
51710,2021-05-26,491,"Norfolk city","Virginia",6.04195394703037,-0.0301026074079049,691.711980366317,5.83123569517504,0,490,6.04195394703037,2021-06-02,498,5.8209303880302,0.000106199355349509,0.0488514136331041,0.00177038831559163,0.0379704865487955
51730,2021-05-26,491,"Petersburg city","Virginia",4.49184150068109,-0.0499323687482002,580.958510146647,4.14231491944369,0,490,4.49184150068109,2021-06-02,498,4.18748789394134,0.00204059762496523,0.0926311179354959,0.010787607186401,0.072681668448548
51740,2021-05-26,491,"Portsmouth city","Virginia",5.25077642177904,-0.066643046642497,569.789561496888,4.78427509528156,0,490,5.25077642177904,2021-06-02,498,4.77912349311153,2.65390049182575e-05,0.222456485120638,0.00107793870098886,0.0986902576063024
51750,2021-05-26,491,"Radford city","Virginia",3.83483336673702,-0.0273989741881091,630.962662120442,3.64304054742025,0,490,3.83483336673702,2021-06-02,498,3.59535339610311,0.00227406440074389,0.0573506563348156,0.0132635504951551,0.0666081868039645
51760,2021-05-26,491,"Richmond city","Virginia",5.51112194006707,-0.0734479061231444,566.034432306715,4.99698659720505,0,490,5.51112194006707,2021-06-02,498,5.1399913153103,0.0204503494003608,0.137737940632347,0.0278219766012606,0.0722045237024608
51770,2021-05-26,491,"Roanoke city","Virginia",4.88927443709199,-0.0327898228229825,640.10951070053,4.65974567733111,0,490,4.88927443709199,2021-06-02,498,4.42399083377291,0.0555803462611506,0.216488831517583,0.05329008409295,0.105172822639478
51775,2021-05-26,491,"Salem city","Virginia",3.83791503327442,0,490,3.83791503327442,0,490,3.83791503327442,2021-06-02,498,3.71705033108063,0.0146082762363939,0.0146082762363939,0.032516294219415,0.032516294219415
51800,2021-05-26,491,"Suffolk city","Virginia",4.85759510855303,-0.0434378819770435,602.828544290447,4.55352993471372,0,490,4.85759510855303,2021-06-02,498,4.57471097850338,0.000448636616019504,0.0800234310339439,0.00463002884536098,0.0618365031974522
51810,2021-05-26,491,"Virginia Beach city","Virginia",6.45766631557396,-0.0496113968110629,621.164976813028,6.11038653789652,0,490,6.45766631557396,2021-06-02,498,6.138343957252,0.000781617297018609,0.101966768524294,0.00455455405402271,0.0520209295122176
51820,2021-05-26,491,"Waynesboro city","Virginia",3.60316593583991,-0.0456352947066262,569.955684607789,3.28371887289352,0,490,3.60316593583991,2021-06-02,498,3.3322045101752,0.00235085702261074,0.073420094198248,0.0145506187071128,0.0813159651027708
51840,2021-05-26,491,"Winchester city","Virginia",4.48219512362928,-0.0223651494595758,691.409799707831,4.32563907741225,0,490,4.48219512362928,2021-06-02,498,4.34194841110647,0.000265994365549403,0.0196691403734559,0.00375622465999391,0.0323004096879795
53001,2021-05-26,491,"Adams","Washington",4.33448568990488,-0.00187090793580962,2807.78192547148,4.32138933435421,0,490,4.33448568990488,2021-06-02,498,4.21950770517611,0.0103798663639854,0.0132199369722903,0.0241453828969499,0.0272491467636687
53003,2021-05-26,491,"Asotin","Washington",4.17218704898604,-0.0473206561900623,579.168410687894,3.8409424556556,0,490,4.17218704898604,2021-06-02,498,3.90341463089155,0.00390277267871078,0.0722386127283591,0.0160044937941111,0.0688557182645753
53005,2021-05-26,491,"Benton","Washington",6.14571726254576,-0.0292586094917732,701.04816596885,5.94090699610335,0,490,6.14571726254576,2021-06-02,498,6.0042397385967,0.00401103627173014,0.0200158897827549,0.0105480036192161,0.0235629372091193
53007,2021-05-26,491,"Chelan","Washington",4.83287474862987,-0.013559529785623,847.419051769339,4.73795804013051,0,490,4.83287474862987,2021-06-02,498,4.79460921055091,0.00320935511000181,0.001464251404472,0.0118155970450605,0.00798095035456681
53009,2021-05-26,491,"Clallam","Washington",4.60802325497049,-0.0432122978608376,597.636848376134,4.30553716994463,0,490,4.60802325497049,2021-06-02,498,4.20469261939097,0.0101696233763709,0.162675601596987,0.0239838103952229,0.0959239288311995
53011,2021-05-26,491,"Clark","Washington",7.46040810616231,-0.0249231555199876,790.336418303023,7.2859460175224,0,490,7.46040810616231,2021-06-02,498,7.35124991487343,0.00426459900923468,0.0119155107254591,0.00888337331844888,0.0148489294409679
53015,2021-05-26,491,"Cowlitz","Washington",5.95435588771239,-0.000370576250307037,16558.8291789584,5.95176185396024,0,490,5.95435588771239,2021-06-02,498,5.95842469302978,4.43934244666421e-05,1.65551767108632e-05,0.00111822157915972,0.000682865946456435
53017,2021-05-26,491,"Douglas","Washington",4.05054193956371,-0.0742856393834562,545.526581088643,3.53054246387951,0,490,4.05054193956371,2021-06-02,498,3.8098320645316,0.0780026810324003,0.0579412439379739,0.0733075883454776,0.0631812297641796
53019,2021-05-26,491,"Ferry","Washington",3.89763426797605,-0.042559614418803,582.580582230417,3.59971696704443,0,490,3.89763426797605,2021-06-02,498,3.71705033108063,0.0137671183160528,0.0326105582646472,0.0315662564628482,0.0485825912513041
53021,2021-05-26,491,"Franklin","Washington",5.65098428908923,-0.035506688456903,650.152670515816,5.40243746989091,0,490,5.65098428908923,2021-06-02,498,5.4865736588618,0.00707889829454584,0.02703085533178,0.0153349237980243,0.0299659934323264
53025,2021-05-26,491,"Grant","Washington",6.06345292757473,-0.0246196580531783,737.285018032245,5.89111532120248,0,490,6.06345292757473,2021-06-02,498,5.92540105426809,0.00117551149184612,0.0190583197234727,0.00578622995331459,0.0232983172011962
53027,2021-05-26,491,"Grays Harbor","Washington",6.07370264534495,0.0202698416869809,191.357667359285,6.21559153715382,0.0202698416869831,191.357667359318,6.21559153715384,2021-06-02,498,6.17853670666053,0.00137306046288616,0.00137306046288728,0.00599734730932982,0.00599734730933226
53029,2021-05-26,491,"Island","Washington",4.66343909411207,-0.0473772810110006,589.4319698091,4.33179812703506,0,490,4.66343909411207,2021-06-02,498,4.30791866252016,0.000570228825518468,0.126394777279295,0.0055431558452249,0.0825271922343874
53033,2021-05-26,491,"King","Washington",8.71740144230504,-0.0365563963773633,729.464463299864,8.4615066676635,0,490,8.71740144230504,2021-06-02,498,8.45932191851061,4.77312886102504e-06,0.0666050406019582,0.000258265281062637,0.0305082991616266
53035,2021-05-26,491,"Kitsap","Washington",6.51598172657584,-0.0188447787744772,836.771197664622,6.38406827515449,0,490,6.51598172657584,2021-06-02,498,6.33201010911683,0.00271005265120502,0.0338455560304823,0.00822142813112551,0.0290542204274314
53037,2021-05-26,491,"Kittitas","Washington",5.58295910758694,-0.0259892643984303,705.817896420497,5.40103425679793,0,490,5.58295910758694,2021-06-02,498,5.35185813347607,0.00241829110496673,0.0534076602349937,0.00918860741361231,0.0431814462093692
53039,2021-05-26,491,"Klickitat","Washington",4.07753744390572,0.0573008538373486,419.83984843437,4.47864342076716,0.057300853837341,419.839848434361,4.47864342076711,2021-06-02,498,4.33261127511053,0.0213253875650789,0.0213253875650633,0.0337053422021812,0.0337053422021689
53041,2021-05-26,491,"Lewis","Washington",5.99538542185122,0.00535046755283289,-629.534862168609,6.03283869472105,0.00535046755283286,-629.534862168616,6.03283869472105,2021-06-02,498,6.09485884531227,0.00384649907935726,0.00384649907935726,0.0101758141025561,0.0101758141025561
53043,2021-05-26,491,"Lincoln","Washington",4.53259949315326,0.0312037796673527,345.741972239487,4.75102595082473,0.031203779667357,345.741972239507,4.75102595082476,2021-06-02,498,4.63055941999291,0.0145121850506514,0.0145121850506587,0.0260155458348474,0.0260155458348539
53045,2021-05-26,491,"Mason","Washington",4.95482051498986,-0.00402010591666279,1723.50994319647,4.92667977357322,0,490,4.95482051498986,2021-06-02,498,4.9875128766754,0.00370066643304098,0.00106879051257846,0.012197081913648,0.00655484256259941
53047,2021-05-26,491,"Okanogan","Washington",5.03695260241363,-0.00923367594694468,1036.49809104794,4.97231687078502,0,490,5.03695260241363,2021-06-02,498,4.98556165654414,0.000175424349805018,0.00264102931736102,0.00265662861510012,0.0103079551332065
53049,2021-05-26,491,"Pacific","Washington",3.9863350383927,-0.0131754211585612,793.558452623158,3.89410709028277,0,490,3.9863350383927,2021-06-02,498,4.02279741093005,0.0165611986283007,0.00132950461105286,0.0319902564065564,0.00906393457405677
53051,2021-05-26,491,"Pend Oreille","Washington",4.02789946281395,0.00254777207879712,-1089.94968397473,4.04573386736553,0.00254777207879719,-1089.94968397468,4.04573386736553,2021-06-02,498,4.04054185622913,2.69569796405143e-05,2.69569796405235e-05,0.00128497892637764,0.00128497892637786
53053,2021-05-26,491,"Pierce","Washington",8.36480761953564,-0.0108220075588096,1263.94416715929,8.28905356662398,0,490,8.36480761953564,2021-06-02,498,8.34069464792507,0.00266680127794601,0.000581435399892343,0.00619146048152464,0.00289100280353418
53057,2021-05-26,491,"Skagit","Washington",5.93110774656709,-0.0383302736406859,645.736900711073,5.66279583108228,0,490,5.93110774656709,2021-06-02,498,5.77010511758728,0.0115152829702103,0.0259218465384105,0.0185974578137082,0.0279028935693172
53059,2021-05-26,491,"Skamania","Washington",3.81299162482197,-0.0700438437329382,545.437212774331,3.3226847186914,0,490,3.81299162482197,2021-06-02,498,3.13549421592915,0.0350402843243842,0.459002739056482,0.0597004777783588,0.216073563603132
53061,2021-05-26,491,"Snohomish","Washington",7.74122325194265,-0.02070416453288,864.896915263058,7.59629410021249,0,490,7.74122325194265,2021-06-02,498,7.56201312004992,0.00117518560090686,0.0321162713730116,0.00453331402873164,0.0236987332668833
53063,2021-05-26,491,"Spokane","Washington",7.79552895152642,0.0206731848608998,113.915917214551,7.94024124555272,0.0206731848608976,113.915917214512,7.9402412455527,2021-06-02,498,7.92117272158701,0.000363608606230544,0.000363608606229968,0.00240728546591791,0.002407285465916
53065,2021-05-26,491,"Stevens","Washington",5.23568179555655,-0.00151975713141528,3936.07795839773,5.22504349563665,0,490,5.23568179555655,2021-06-02,498,5.21958332600553,2.98134524005185e-05,0.000259160721885083,0.00104609300974426,0.00308424419068309
53067,2021-05-26,491,"Thurston","Washington",6.86156174065997,0.00841351116883062,-324.540813219559,6.92045631884179,0.00841351116883082,-324.54081321954,6.92045631884179,2021-06-02,498,6.96467556923482,0.00195534210532194,0.00195534210532179,0.00634907540968105,0.0063490754096808
53071,2021-05-26,491,"Walla Walla","Washington",4.73745079671096,0,490,4.73745079671096,0,490,4.73745079671096,2021-06-02,498,4.7523579050601,0.000222221879333009,0.000222221879333009,0.00313678149814178,0.00313678149814178
53073,2021-05-26,491,"Whatcom","Washington",6.64824408349705,-0.00811513121899463,1310.24049089137,6.59143816496409,0,490,6.64824408349705,2021-06-02,498,6.54185423167011,0.0024585664409016,0.0113188005717582,0.00757949222621531,0.0162629505426596
53075,2021-05-26,491,"Whitman","Washington",4.70048036579242,-0.0653498802084569,562.927910973953,4.24303120433322,0,490,4.70048036579242,2021-06-02,498,4.15216413311093,0.00825682463251682,0.300650691022021,0.0218842676515801,0.13205552938262
53077,2021-05-26,491,"Yakima","Washington",6.16601791425543,-0.0283874768492521,708.209086492584,5.96730557631066,0,490,6.16601791425543,2021-06-02,498,6.08580022626673,0.0140409820682112,0.00643487746625171,0.0194706769119101,0.0131811240931752
54001,2021-05-26,491,"Barbour","West Virginia",4.23617475766132,-0.0483965408618425,578.530527641517,3.89739897162842,0,490,4.23617475766132,2021-06-02,498,4.16333743370905,0.0707232656138116,0.0053052757605273,0.0638762690545867,0.0174949364811336
54003,2021-05-26,491,"Berkeley","West Virginia",6.17259491853178,-0.0394384395179336,647.512148908046,5.89652584190625,0,490,6.17259491853178,2021-06-02,498,5.93753620508243,0.00168184988784209,0.0552525987684665,0.00690696641833944,0.0395885945500677
54005,2021-05-26,491,"Boone","West Virginia",4.9708048712983,-0.0128017504100374,879.291031467139,4.88119261842803,0,490,4.9708048712983,2021-06-02,498,4.97179546077999,0.00820887504225336,9.81267521243566e-07,0.0182233647917893,0.000199241800976862
54007,2021-05-26,491,"Braxton","West Virginia",4.26669594669621,-0.0237634944521807,670.548338535903,4.10035148553094,0,490,4.26669594669621,2021-06-02,498,3.89182029811063,0.0434852561269262,0.140531751902458,0.0535819157738476,0.0963239872014571
54009,2021-05-26,491,"Brooke","West Virginia",3.8255309740747,-0.0516047723529928,565.131340952478,3.46429756760375,0,490,3.8255309740747,2021-06-02,498,3.49216915986788,0.000776825655337908,0.111130099171262,0.00798116900648203,0.0954598127827896
54011,2021-05-26,491,"Cabell","West Virginia",5.23034438296183,-0.0286379781875207,673.636649441999,5.02987853564919,0,490,5.23034438296183,2021-06-02,498,4.90421601709019,0.0157910685705907,0.106359711026108,0.025623365308765,0.0664995923375219
54013,2021-05-26,491,"Calhoun","West Virginia",4.38559170083838,-0.00177777824599935,2957.8946820041,4.37314725311638,0,490,4.38559170083838,2021-06-02,498,4.02279741093005,0.122745011919986,0.131619696790086,0.0870910976611496,0.0901845787517419
54015,2021-05-26,491,"Clay","West Virginia",4.13630876132113,-0.004555816535862,1398.91820275496,4.1044180455701,0,490,4.13630876132113,2021-06-02,498,3.86223234092513,0.0586539155343796,0.075117884217086,0.0627061458935835,0.0709632140697035
54017,2021-05-26,491,"Doddridge","West Virginia",3.73084365321297,-0.0169783365344212,710.74141257297,3.61199529747202,0,490,3.73084365321297,2021-06-02,498,3.5305534028762,0.0066327821953573,0.0401161843799668,0.023067741881337,0.0567305539617681
54019,2021-05-26,491,"Fayette","West Virginia",4.80519131988145,-0.0127834396256751,866.891892994932,4.71570724250172,0,490,4.80519131988145,2021-06-02,498,4.47733681447821,0.0568204609561129,0.107488576713202,0.0532393335370042,0.0732253388539069
54021,2021-05-26,491,"Gilmer","West Virginia",4.53719720240189,-0.0750904513550846,551.423091358801,4.01156404291629,0,490,4.53719720240189,2021-06-02,498,3.8098320645316,0.0406957911030029,0.529060043789062,0.052950359744924,0.190917900198762
54025,2021-05-26,491,"Greenbrier","West Virginia",4.649870364906,-0.0349028716810479,624.223145860255,4.40555026313867,0,490,4.649870364906,2021-06-02,498,4.35670882668959,0.00238548591440908,0.0859436874894119,0.0112106267349951,0.0672896789476672
54027,2021-05-26,491,"Hampshire","West Virginia",4.83514747688087,-0.00226757466777816,2623.29912363525,4.81927445420642,0,490,4.83514747688087,2021-06-02,498,4.67815507874458,0.0199146781307385,0.0246466130725811,0.0301656044073909,0.0335586134905158
54029,2021-05-26,491,"Hancock","West Virginia",4.23823874188217,-0.0443621126536911,586.537351319753,3.92770395330633,0,490,4.23823874188217,2021-06-02,498,3.83791503327442,0.00806205016049644,0.16025907167346,0.0233952339365112,0.104307600646958
54031,2021-05-26,491,"Hardy","West Virginia",3.96759285658296,-0.0603066062309779,556.790352078292,3.54544661296611,0,490,3.96759285658296,2021-06-02,498,3.64133850934494,0.00919525579112695,0.106441899091708,0.0263342438866179,0.0895973682207081
54033,2021-05-26,491,"Harrison","West Virginia",5.70663554363861,0.023541803040967,248.59564661602,5.87142816492538,0.0235418030409642,248.595646615992,5.87142816492536,2021-06-02,498,5.78514299495181,0.00744513055736688,0.00744513055736351,0.0149149588953735,0.0149149588953701
54035,2021-05-26,491,"Jackson","West Virginia",5.04710497387765,-0.0404913613547405,615.646462974176,4.76366544439447,0,490,5.04710497387765,2021-06-02,498,4.66074003714291,0.0105936394578997,0.149277864338043,0.0220834902679223,0.0828977659461117
54037,2021-05-26,491,"Jefferson","West Virginia",5.00490461938727,-0.0375984135570014,624.114781872366,4.74171572448826,0,490,5.00490461938727,2021-06-02,498,4.94368115929915,0.0407900368583518,0.00374831206516158,0.0408532484808389,0.0123841846015812
54039,2021-05-26,491,"Kanawha","West Virginia",6.3258938820994,-0.0319483844087113,689.003561030601,6.10225519123842,0,490,6.3258938820994,2021-06-02,498,6.09967813174822,6.64123561602952e-06,0.0511735657069471,0.000422491061747437,0.037086506118044
54041,2021-05-26,491,"Lewis","West Virginia",4.49980967033027,0.0127797266463988,138.894685478404,4.58926775685506,0.0127797266463983,138.89468547839,4.58926775685505,2021-06-02,498,4.39972621177328,0.0359259973119864,0.035925997311985,0.0430803045368091,0.0430803045368083
54043,2021-05-26,491,"Lincoln","West Virginia",4.37485814519527,0.0236589743166486,306.08673678568,4.54047096541181,0.0236589743166462,306.086736785662,4.54047096541179,2021-06-02,498,4.4014790606007,0.0193187496030213,0.0193187496030166,0.0315784541735712,0.0315784541735673
54045,2021-05-26,491,"Logan","West Virginia",5.04710497387765,-0.0209003518775617,732.484210574279,4.90080251073472,0,490,5.04710497387765,2021-06-02,498,4.84867643182119,0.00271712810289949,0.0393738863026527,0.0107505789768592,0.0409242697149684
54047,2021-05-26,491,"McDowell","West Virginia",3.76782265645406,-0.0388398333162697,588.009238576617,3.49594382324017,0,490,3.76782265645406,2021-06-02,498,3.50941096630239,0.000181363942258269,0.0667766016070421,0.00383743687802065,0.0736339210861755
54049,2021-05-26,491,"Marion","West Virginia",5.34710753071747,-0.0121705356202543,930.348579023818,5.26191378137569,0,490,5.34710753071747,2021-06-02,498,5.09462624116064,0.0279851211112009,0.0637468015762783,0.0328360771323111,0.0495583537643985
54051,2021-05-26,491,"Marshall","West Virginia",4.8795498872,-0.0331049985360613,638.396166832169,4.64781489744757,0,490,4.8795498872,2021-06-02,498,4.52798054729696,0.0143602714760181,0.123601000759856,0.0264652970344899,0.077643739020237
54053,2021-05-26,491,"Mason","West Virginia",3.84710345932883,-0.0417971286784535,583.042290486619,3.55452355857966,0,490,3.84710345932883,2021-06-02,498,3.67810735713203,0.0152729552646326,0.028559682557713,0.0335998345216146,0.0459464843703144
54055,2021-05-26,491,"Mercer","West Virginia",5.6368283398591,-0.00152632947464457,4184.06131703428,5.62614403353659,0,490,5.6368283398591,2021-06-02,498,5.5683445037611,0.00334078564226789,0.00469003580669813,0.0103800204417042,0.0122987785780398
54057,2021-05-26,491,"Mineral","West Virginia",4.37485814519527,1.25607396694681e-15,-3482962198339963,4.37485814519528,0,490,4.37485814519527,2021-06-02,498,4.35487564560793,0.000399300289758296,0.000399300289757941,0.0045885350612708,0.00458853506126877
54059,2021-05-26,491,"Mingo","West Virginia",4.96284463025991,-0.0178222539075106,769.463355758189,4.83808885290733,0,490,4.96284463025991,2021-06-02,498,4.82945594188108,7.45271527872479e-05,0.0177925421874245,0.0017875535319395,0.0276198168042246
54061,2021-05-26,491,"Monongalia","West Virginia",5.23492104998924,-0.0262876571631957,690.139885973499,5.05090744984687,0,490,5.23492104998924,2021-06-02,498,5.10594547390058,0.00302918409173635,0.0166346992274026,0.0107792032513933,0.0252598812008338
54063,2021-05-26,491,"Monroe","West Virginia",3.78093759853188,-0.0352036351929841,598.401908291715,3.534512152181,0,490,3.78093759853188,2021-06-02,498,3.84710345932883,0.0977133253043921,0.00437792113500089,0.0812536783719276,0.0171988774142533
54065,2021-05-26,491,"Morgan","West Virginia",4.33261127511053,-0.0511994813568601,575.622171168341,3.97421490561251,0,490,4.33261127511053,2021-06-02,498,4.02789946281395,0.00288203168191432,0.0928492885530686,0.013328177055326,0.0756503023746546
54067,2021-05-26,491,"Nicholas","West Virginia",5.38055546478501,-0.00197173905484264,3219.83749579856,5.36675329140111,0,490,5.38055546478501,2021-06-02,498,5.23263533470838,0.0179876263074316,0.0218803648818852,0.0256310535922716,0.0282687633696658
54069,2021-05-26,491,"Ohio","West Virginia",4.80284939843637,-0.0322980784444947,639.703874340086,4.5767628493249,0,490,4.80284939843637,2021-06-02,498,4.47408477909183,0.0105427861067884,0.108086174932759,0.0229495137671302,0.0734819824784975
54073,2021-05-26,491,"Pleasants","West Virginia",4.38914410244275,0.0269558099885245,328.172613091157,4.57783477236242,0.0269558099885288,328.172613091182,4.57783477236245,2021-06-02,498,4.38914410244275,0.0356041689147346,0.0356041689147457,0.0429903109844713,0.042990310984478
54077,2021-05-26,491,"Preston","West Virginia",4.29045944114839,-0.00585367525145806,1223.95139495135,4.24948371438818,0,490,4.29045944114839,2021-06-02,498,4.2257904483556,0.000561370855290764,0.00418207862883386,0.00560682464550582,0.0153034073939834
54079,2021-05-26,491,"Putnam","West Virginia",5.50067495010241,-0.0321497264101427,662.095544637887,5.27562686523141,0,490,5.50067495010241,2021-06-02,498,5.14416668672078,0.0172817785340488,0.127098141859391,0.0255551941677923,0.0693034042426993
54081,2021-05-26,491,"Raleigh","West Virginia",5.78558188019037,-0.0662100062709928,578.382288660575,5.32211183629342,0,490,5.78558188019037,2021-06-02,498,5.4971682252932,0.0306447393296422,0.0831824363311442,0.0318448302517507,0.052465859343751
54083,2021-05-26,491,"Randolph","West Virginia",5.2040066870768,0.0198183260065318,228.414417072278,5.34273496912252,0.0198183260065337,228.414417072302,5.34273496912253,2021-06-02,498,5.29760282561017,0.00203691037801929,0.00203691037802041,0.0085193520537567,0.00851935205375905
54085,2021-05-26,491,"Ritchie","West Virginia",3.76120011569356,-0.00991743665734784,870.2512365488,3.69177805909213,0,490,3.76120011569356,2021-06-02,498,3.84710345932883,0.0241259799586922,0.00737938444771907,0.0403746355872119,0.0223293562399425
54087,2021-05-26,491,"Roane","West Virginia",3.79709303875417,-0.0253178079842837,640.977163943705,3.61986838286418,0,490,3.79709303875417,2021-06-02,498,3.26902560855367,0.123090652285896,0.278855210838556,0.107323348398526,0.161536645298454
54089,2021-05-26,491,"Summers","West Virginia",3.55942138687705,-0.0930904230659976,529.236171559276,2.90778842541506,0,490,3.55942138687705,2021-06-02,498,3.0513021247088,0.0205961818849726,0.258185184586405,0.0470335920299702,0.166525385360436
54091,2021-05-26,491,"Taylor","West Virginia",3.42006586596654,0.0429660358834375,411.400711965962,3.7208281171506,0.0429660358834436,411.400711965974,3.72082811715064,2021-06-02,498,3.29053181377464,0.185154908699019,0.185154908699056,0.130768011898466,0.130768011898479
54095,2021-05-26,491,"Tyler","West Virginia",3.83174217416734,-0.0244660521544028,647.614649146728,3.66047980908652,0,490,3.83174217416734,2021-06-02,498,3.48781185449893,0.0298142225414645,0.118288064787219,0.0495060977457465,0.0986091951103329
54097,2021-05-26,491,"Upshur","West Virginia",4.10146202999096,0.0263488296967458,335.339878575423,4.28590383786818,0.02634882969675,335.339878575447,4.28590383786821,2021-06-02,498,4.30406509320417,0.000329831195378856,0.000329831195377791,0.00421955870617773,0.00421955870617092
54099,2021-05-26,491,"Wayne","West Virginia",4.96882074366325,-0.0541194856233935,582.812046741173,4.5899843442995,0,490,4.96882074366325,2021-06-02,498,4.50928841428481,0.00651183312093512,0.211169961743975,0.0178954909513112,0.101907948030715
54101,2021-05-26,491,"Webster","West Virginia",3.59535339610311,-0.00781253973679553,951.202893966696,3.54066561794554,0,490,3.59535339610311,2021-06-02,498,3.92902058179672,0.150819577947847,0.111333790808691,0.0988426901224278,0.0849237561237263
54103,2021-05-26,491,"Wetzel","West Virginia",4.53106221383437,-0.0303053494953227,640.513610279719,4.31892476736711,0,490,4.53106221383437,2021-06-02,498,4.04805127825126,0.0733724471057974,0.233299563892875,0.0669145399840072,0.119319371811854
54105,2021-05-26,491,"Wirt","West Virginia",3.72741311811618,-0.0632490303076884,549.932336195249,3.28466990596236,0,490,3.72741311811618,2021-06-02,498,3.31678003984957,0.0010310606982547,0.168619524966709,0.00968111647484124,0.12380473632048
54107,2021-05-26,491,"Wood","West Virginia",5.18498868124104,-0.0150856374180403,834.703652524522,5.07938921931475,0,490,5.18498868124104,2021-06-02,498,4.98164775722301,0.00955339341183262,0.0413475313805062,0.0196203077485819,0.0408180051917965
54109,2021-05-26,491,"Wyoming","West Virginia",4.01509519056796,-0.0102565001671873,882.468349351088,3.94329968939765,0,490,4.01509519056796,2021-06-02,498,3.78418963391826,0.0253160097546537,0.053317376091707,0.0420460047914248,0.0610184951039602
55001,2021-05-26,491,"Adams","Wisconsin",4.1061790198691,-0.0414806011207117,589.990345099383,3.81581481202412,0,490,4.1061790198691,2021-06-02,498,3.33729357968267,0.228982569801578,0.59118482013068,0.143386016517896,0.230391909440445
55003,2021-05-26,491,"Ashland","Wisconsin",3.90052862600241,-0.0396652563924243,589.336150595194,3.62287183125544,0,490,3.90052862600241,2021-06-02,498,3.57555076880693,0.00223928295125558,0.105610607667364,0.0132346218829659,0.0908888946650069
55005,2021-05-26,491,"Barron","Wisconsin",4.93138592244212,-0.0284572048140292,664.291296691619,4.73218548874391,0,490,4.93138592244212,2021-06-02,498,4.52798054729696,0.0416996581113528,0.162735896696004,0.0450984582009422,0.0890916758434341
55007,2021-05-26,491,"Bayfield","Wisconsin",3.55125807623789,-0.0401660417253275,579.414439752936,3.2700957841606,0,490,3.55125807623789,2021-06-02,498,3.10394585819422,0.0276057978986312,0.200088220411143,0.0535286160123403,0.14411083133515
55009,2021-05-26,491,"Brown","Wisconsin",6.25547580618329,-0.0355640928228411,666.893023262095,6.00652715642341,0,490,6.25547580618329,2021-06-02,498,5.94915334903626,0.0032917537740978,0.0938334477525985,0.00964402899388104,0.0514900926527067
55011,2021-05-26,491,"Buffalo","Wisconsin",3.13549421592915,-0.00619197024791696,997.380697966687,3.09215042419373,0,490,3.13549421592915,2021-06-02,498,3.00991690854595,0.00676235109579412,0.015769660129615,0.0273208590623549,0.0417211873944607
55013,2021-05-26,491,"Burnett","Wisconsin",4.22370058343614,-0.00417537141047962,1502.57482010707,4.19447298356279,0,490,4.22370058343614,2021-06-02,498,4.08957128346944,0.0110043666824735,0.017990669109557,0.0256510261888252,0.0327978877661009
55015,2021-05-26,491,"Calumet","Wisconsin",4.58204776856724,-0.0245499694120343,677.641689513517,4.410197982683,0,490,4.58204776856724,2021-06-02,498,4.24645234041956,0.0268126353602654,0.112624291393623,0.0385605746012584,0.0790295995914838
55017,2021-05-26,491,"Chippewa","Wisconsin",4.801676377774,-0.00351494210744098,1857.07552301048,4.77707178302192,0,490,4.801676377774,2021-06-02,498,4.65396035015752,0.0151564249019244,0.0218200248147931,0.026453047211764,0.0317398551991277
55019,2021-05-26,491,"Clark","Wisconsin",3.92338676407846,-0.0306004404487213,619.213408256429,3.70918368093741,0,490,3.92338676407846,2021-06-02,498,3.67086094861126,0.00146863181294208,0.0637692874773761,0.0104397123352363,0.0687919861314109
55021,2021-05-26,491,"Columbia","Wisconsin",4.90209512552105,-0.0116096290778323,913.243905697318,4.82082772197623,0,490,4.90209512552105,2021-06-02,498,4.5776521570942,0.0591343553556935,0.105263239761628,0.0531223335755574,0.0708754088979979
55025,2021-05-26,491,"Dane","Wisconsin",6.57088296233958,-0.0353810489165784,676.717585078736,6.32321561992353,0,490,6.57088296233958,2021-06-02,498,6.21803080569969,0.0110638451433039,0.124504644445421,0.0169160973161188,0.056746607996289
55027,2021-05-26,491,"Dodge","Wisconsin",5.02199905274657,-0.0140254753545009,849.062662819836,4.92382072526507,0,490,5.02199905274657,2021-06-02,498,4.92310430161039,5.13262852978603e-07,0.00978017180228741,0.000145522745565466,0.0200878846104952
55029,2021-05-26,491,"Door","Wisconsin",3.630038954091,-0.0444517625708264,572.662430107403,3.31887661609522,0,490,3.630038954091,2021-06-02,498,3.09751496786393,0.0490009793076718,0.28358179590717,0.0714642707227784,0.171919745909833
55031,2021-05-26,491,"Douglas","Wisconsin",5.24852670204502,-0.00971244093560355,1031.39213590532,5.18053961549579,0,490,5.24852670204502,2021-06-02,498,5.02388052084628,0.0245420719364066,0.0504659067271785,0.031182886217033,0.0447156695440084
55033,2021-05-26,491,"Dunn","Wisconsin",4.23203396499529,-0.0266136485180839,650.017429050347,4.0457384253687,0,490,4.23203396499529,2021-06-02,498,3.81614123372486,0.0527148704107369,0.172966763923574,0.0601647521886217,0.108982531253037
55035,2021-05-26,491,"Eau Claire","Wisconsin",4.73870157861261,-0.0259113817845053,673.881083611153,4.55732190612108,0,490,4.73870157861261,2021-06-02,498,4.48380932898382,0.00540409899736026,0.0649700589208242,0.016395116683945,0.0568472544051186
55039,2021-05-26,491,"Fond du Lac","Wisconsin",5.42683621734901,-0.0155814931727837,839.287301940233,5.31776576513953,0,490,5.42683621734901,2021-06-02,498,5.20243559484476,0.013301048180221,0.0503556393802981,0.02216849554256,0.043133762718105
55043,2021-05-26,491,"Grant","Wisconsin",4.13173209429372,-0.00457666702741061,1393.78188680713,4.09969542510185,0,490,4.13173209429372,2021-06-02,498,3.95945169899926,0.0196683027111384,0.0296805346028169,0.0354199865951229,0.0435111748775741
55045,2021-05-26,491,"Green","Wisconsin",3.62243435470578,-0.0664450994081421,545.51770539848,3.15731865884879,0,490,3.62243435470578,2021-06-02,498,3.17208366336144,0.000218005358258744,0.202815745194324,0.00465467058236708,0.141973144197308
55047,2021-05-26,491,"Green Lake","Wisconsin",3.05803615689015,0.0481192483441903,427.448796227729,3.39487089529948,0.0481192483441983,427.44879622774,3.39487089529954,2021-06-02,498,3.49650756146648,0.0103300119095425,0.0103300119095311,0.0290680527298428,0.0290680527298266
55049,2021-05-26,491,"Iowa","Wisconsin",3.58351893845611,-0.0079051795071157,944.312785020311,3.5281826819063,0,490,3.58351893845611,2021-06-02,498,3.49216915986788,0.00129697376961152,0.008344782048118,0.0103126510743767,0.0261584632376979
55055,2021-05-26,491,"Jefferson","Wisconsin",4.96184512992683,-0.0305292050348138,653.527819649041,4.74814069468313,0,490,4.96184512992683,2021-06-02,498,4.51242813428948,0.055560411127331,0.201975635967701,0.0522363023584789,0.0995953801950385
55057,2021-05-26,491,"Juneau","Wisconsin",4.35119917087862,-0.0450120987872063,587.66732474415,4.03611447936818,0,490,4.35119917087862,2021-06-02,498,4.01766919456313,0.000340228531539229,0.111242245101011,0.00459104120120343,0.0830157885489515
55059,2021-05-26,491,"Kenosha","Wisconsin",6.00070741418916,-0.0144039026388996,907.602886358275,5.89988009571686,0,490,6.00070741418916,2021-06-02,498,5.84602580788275,0.00290028431812,0.0239263993295327,0.0092121194130722,0.0264592753076531
55061,2021-05-26,491,"Kewaunee","Wisconsin",3.64880123054653,-0.0542628585593576,558.243070627308,3.26896122063102,0,490,3.64880123054653,2021-06-02,498,3.24147565678544,0.000755456219909429,0.165914123039795,0.00847933680700131,0.125660537634586
55063,2021-05-26,491,"La Crosse","Wisconsin",4.96782720160437,-0.100178124150824,540.589940355891,4.2665803325486,0,490,4.96782720160437,2021-06-02,498,4.35303909780063,0.00747511808890457,0.377964412578603,0.0198617019763749,0.141231927853431
55067,2021-05-26,491,"Langlade","Wisconsin",3.30636327899132,-0.0207261305171136,650.526317575837,3.16128036537152,0,490,3.30636327899132,2021-06-02,498,3.33729357968267,0.0309806516121434,0.000956683500857749,0.0527413037266826,0.00926807904454658
55071,2021-05-26,491,"Manitowoc","Wisconsin",4.98848706087325,-0.0211953984677337,726.357078493587,4.84011927159911,0,490,4.98848706087325,2021-06-02,498,4.71466500078438,0.015738774065657,0.0749785205913132,0.0266093711417171,0.0580787945788969
55073,2021-05-26,491,"Marathon","Wisconsin",5.73565021350422,-0.0455341222203116,616.963781310046,5.41691135796204,0,490,5.73565021350422,2021-06-02,498,5.37329230971254,0.00190262137019275,0.131303250440306,0.00811775085652092,0.0674368493105622
55075,2021-05-26,491,"Marinette","Wisconsin",4.81450454202811,-0.0229105095205377,701.143931443874,4.65413097538435,0,490,4.81450454202811,2021-06-02,498,4.58496747867057,0.00478358927767656,0.0526872634548034,0.015084839104209,0.0500629643340666
55077,2021-05-26,491,"Marquette","Wisconsin",3.06472514504094,0.0548082364949832,435.082763083949,3.44838280050582,0.0548082364949929,435.082763083959,3.44838280050589,2021-06-02,498,3.09751496786393,0.123108235982819,0.123108235982866,0.113273974874076,0.113273974874097
55079,2021-05-26,491,"Milwaukee","Wisconsin",7.59703785872564,-0.0332846971835797,719.24416328094,7.36404497844058,0,490,7.59703785872564,2021-06-02,498,7.29233717617388,0.0051420089059208,0.0928425059475103,0.00983330865459625,0.041783679935605
55081,2021-05-26,491,"Monroe","Wisconsin",4.46261864200418,-0.0276215773099238,652.562773621942,4.26926760083472,0,490,4.46261864200418,2021-06-02,498,4.38381075646738,0.0131201345022888,0.00621068282278175,0.0261286725170972,0.0179770272748517
55083,2021-05-26,491,"Oconto","Wisconsin",4.7523579050601,-0.0422513054908027,603.478368416204,4.45659876662448,0,490,4.7523579050601,2021-06-02,498,4.35853865336667,0.00961578581213532,0.155093603004375,0.0224983924788804,0.0903558011099053
55085,2021-05-26,491,"Oneida","Wisconsin",3.46126162240481,-0.0566600335654794,552.088238121228,3.06464138744645,0,490,3.46126162240481,2021-06-02,498,3.17208366336144,0.0115438426537935,0.0836238919964849,0.0338711986559449,0.0911634085769737
55087,2021-05-26,491,"Outagamie","Wisconsin",5.7249846823068,-0.0129691488943162,932.431024422565,5.63420064004659,0,490,5.7249846823068,2021-06-02,498,5.51515536529897,0.0141717774397366,0.0440283422759742,0.0215851171658095,0.0380459485018442
55089,2021-05-26,491,"Ozaukee","Wisconsin",4.81797475950712,-0.0160369989098207,791.428701566893,4.70571576713838,0,490,4.81797475950712,2021-06-02,498,4.67549550270882,0.000913264382192579,0.0203003386177976,0.00646354261533398,0.0304736164788862
55093,2021-05-26,491,"Pierce","Wisconsin",4.49503639157761,-0.0986394149847318,536.570387783356,3.80456048668448,0,490,4.49503639157761,2021-06-02,498,3.89763426797605,0.00866272876390953,0.356889297283654,0.0238795574167335,0.153273006785159
55095,2021-05-26,491,"Polk","Wisconsin",5.55848141010592,-0.0250148986757696,713.206832901949,5.38337711937554,0,490,5.55848141010592,2021-06-02,498,5.22266974820872,0.025826859147349,0.112769472266162,0.03077111494977,0.0642988506045939
55097,2021-05-26,491,"Portage","Wisconsin",4.77189454596838,-0.0238959996283684,690.69428440664,4.6046225485698,0,490,4.77189454596838,2021-06-02,498,4.58642414316704,0.000331181959203276,0.0343992703152918,0.00396788540150051,0.0404389993188178
55101,2021-05-26,491,"Racine","Wisconsin",6.42301502569182,-0.0301599281887786,703.965196252741,6.21189552837037,0,490,6.42301502569182,2021-06-02,498,6.10063920822776,0.0123779687716742,0.103926167685619,0.018236830001774,0.052842957346056
55105,2021-05-26,491,"Rock","Wisconsin",6.35188247732555,-0.0393165031816043,652.557665695395,6.07666695505432,0,490,6.35188247732555,2021-06-02,498,6.04432803666505,0.00104580564258779,0.0945897339699923,0.00535029174344941,0.050883148431863
55107,2021-05-26,491,"Rusk","Wisconsin",4.30599373411057,0.0155342929621865,213.807227558266,4.41473378484588,0.015534292962184,213.807227558223,4.41473378484586,2021-06-02,498,4.23203396499529,0.0333792241734389,0.0333792241734327,0.0431706884589703,0.0431706884589663
55109,2021-05-26,491,"St. Croix","Wisconsin",5.90028866644211,-0.0603484168706203,588.770396845564,5.47784974834777,0,490,5.90028866644211,2021-06-02,498,5.50358785632754,0.000662450202378143,0.15737153274556,0.00467660527126419,0.0720803992723552
55111,2021-05-26,491,"Sauk","Wisconsin",5.03323512601349,-0.0293599070134773,662.432257047103,4.82771577691915,0,490,5.03323512601349,2021-06-02,498,4.81102224019224,0.000278674168452756,0.0493785666250091,0.00346985232939701,0.0461882890427822
55113,2021-05-26,491,"Sawyer","Wisconsin",4.61512051684126,0.00425230973852655,-594.320872801808,4.64488668501095,0.00425230973852653,-594.320872801813,4.64488668501095,2021-06-02,498,4.53719720240189,0.011597024664607,0.011597024664607,0.0237348031846735,0.0237348031846735
55115,2021-05-26,491,"Shawano","Wisconsin",4.10852919721406,0.0309917533083327,358.431533920044,4.32547147037239,0.0309917533083377,358.431533920066,4.32547147037242,2021-06-02,498,3.93182563272433,0.154957045497644,0.154957045497671,0.100117826785545,0.100117826785554
55117,2021-05-26,491,"Sheboygan","Wisconsin",4.95884062090652,-0.00998012275673094,987.871706068155,4.88897976160941,0,490,4.95884062090652,2021-06-02,498,4.83628190695148,0.00277706388554808,0.0150206383663143,0.0108963570924561,0.0253415157166259
55119,2021-05-26,491,"Taylor","Wisconsin",3.24147565678544,-0.0111112254250734,782.729807719567,3.16369707880993,0,490,3.24147565678544,2021-06-02,498,3.21314515015922,0.00244511176016434,0.0008026176056986,0.01538930519427,0.00881706406099381
55121,2021-05-26,491,"Trempealeau","Wisconsin",3.34235688163922,-0.0396091380950379,575.38347922693,3.06509291497396,0,490,3.34235688163922,2021-06-02,498,3.11033565629299,0.00204690564206124,0.0538338490111655,0.0145459353325738,0.074596844516376
55123,2021-05-26,491,"Vernon","Wisconsin",3.38196601973427,1.25607396694681e-15,-2692489541801697,3.38196601973428,0,490,3.38196601973427,2021-06-02,498,3.36235754834589,0.000384492150189029,0.00038449215018868,0.00583176271602323,0.00583176271602058
55125,2021-05-26,491,"Vilas","Wisconsin",3.75118333745009,-0.0362477903923319,594.487227686122,3.49744880470377,0,490,3.75118333745009,2021-06-02,498,3.55534806148941,0.00335232393633007,0.0383514553105949,0.0162851163329955,0.0550818858164447
55127,2021-05-26,491,"Walworth","Wisconsin",5.41610040220442,-0.0188684843043784,778.044805233646,5.28402101207377,0,490,5.41610040220442,2021-06-02,498,5.17291610000676,0.0123443014854179,0.059138604835362,0.021478197194589,0.0470110663881327
55129,2021-05-26,491,"Washburn","Wisconsin",3.9810158769151,-0.0366533176480406,599.61270227002,3.72444265337881,0,490,3.9810158769151,2021-06-02,498,3.58351893845611,0.0198594934276154,0.158003816084269,0.0393255114157197,0.110923632687774
55131,2021-05-26,491,"Washington","Wisconsin",5.45287612636463,-0.0431204526316869,617.456838775333,5.15103295794282,0,490,5.45287612636463,2021-06-02,498,5.08847778086019,0.00391315017983987,0.132786154206376,0.0122934951819836,0.0716124470219941
55133,2021-05-26,491,"Waukesha","Wisconsin",6.29921181742329,-0.0386247806275335,654.087316357026,6.02883835303056,0,490,6.29921181742329,2021-06-02,498,6.02724528438882,2.53786769727843e-06,0.0739657950907894,0.000264311234497276,0.0451228579893523
55135,2021-05-26,491,"Waupaca","Wisconsin",4.08477511120595,-0.0119475734211204,832.891609888335,4.00114209725811,0,490,4.08477511120595,2021-06-02,498,3.98898404656427,0.000147818196673803,0.00917592806518562,0.00304790657267841,0.0240139001619173
55137,2021-05-26,491,"Waushara","Wisconsin",4.00212484012533,0.0647126006923566,429.155400999082,4.45511304497183,0.0647126006923662,429.155400999091,4.4551130449719,2021-06-02,498,4.15664844555826,0.0890811171031046,0.0890811171031444,0.0718041478183003,0.0718041478183163
55139,2021-05-26,491,"Winnebago","Wisconsin",5.57106707554901,-0.0457040221175694,612.894459555834,5.25113892072602,0,490,5.57106707554901,2021-06-02,498,5.25002707742026,1.23619553657364e-06,0.103066680398508,0.000211778585018455,0.0611501604457443
55141,2021-05-26,491,"Wood","Wisconsin",5.0998664278242,-0.0376112707457874,626.59410056347,4.83658753260369,0,490,5.0998664278242,2021-06-02,498,4.81681935787657,0.000390780732041871,0.0801156438059384,0.00410398922159968,0.0587622347690463
56001,2021-05-26,491,"Albany","Wyoming",5.49011766729653,-0.0128882861923476,916.977324320769,5.3998996639501,0,490,5.49011766729653,2021-06-02,498,5.24250258744164,0.0247738396934107,0.061313227771546,0.0300232711158799,0.0472322284490721
56005,2021-05-26,491,"Campbell","Wyoming",4.86202479464461,0.0498404392721852,393.448195368174,5.21090786954991,0.0498404392721934,393.44819536819,5.21090786954996,2021-06-02,498,5.14915422823182,0.00381351221604338,0.00381351221605051,0.0119929678896599,0.0119929678896711
56007,2021-05-26,491,"Carbon","Wyoming",3.61861025826738,-0.0449513878622735,571.500523573475,3.30395054323147,0,490,3.61861025826738,2021-06-02,498,3.10394585819422,0.040001874036846,0.264879444702661,0.0644356229697889,0.165809722071818
56013,2021-05-26,491,"Fremont","Wyoming",3.71357206670431,0.0211275464258793,315.230793682908,3.86146489168546,0.0211275464258764,315.230793682885,3.86146489168544,2021-06-02,498,4.04555439805267,0.0338889463545213,0.0338889463545287,0.0455041480732077,0.0455041480732126
56021,2021-05-26,491,"Laramie","Wyoming",5.98033137411565,0.042795169033217,351.256858210472,6.27989755734817,0.0427951690332238,351.256858210494,6.27989755734822,2021-06-02,498,6.00388706710654,0.0761817907234253,0.0761817907234513,0.0459719656876639,0.0459719656876717
56025,2021-05-26,491,"Natrona","Wyoming",4.78510795142677,0.0144233269611045,159.238266779168,4.8860712401545,0.0144233269611069,159.238266779225,4.88607124015452,2021-06-02,498,4.85870437100731,0.000748945526919541,0.000748945526920465,0.00563254461631682,0.00563254461632029
56029,2021-05-26,491,"Park","Wyoming",4.60659773797928,-0.0127570830007647,852.101181022586,4.51729815697392,0,490,4.60659773797928,2021-06-02,498,4.57471097850338,0.0032962320759736,0.00101676542987345,0.012550043445202,0.00697022382959911
56033,2021-05-26,491,"Sheridan","Wyoming",4.20682254564879,-0.0252114193465028,657.861789407042,4.03034261022327,0,490,4.20682254564879,2021-06-02,498,3.96217278911362,0.00464712451012195,0.0598535033727188,0.01720516109165,0.0617463623008482
56037,2021-05-26,491,"Sweetwater","Wyoming",5.30401538766267,0.00284495213222901,-1373.3601512926,5.32393005258828,0.00284495213222868,-1373.36015129281,5.32393005258827,2021-06-02,498,5.39167759448328,0.00458972943281571,0.00458972943281607,0.0125652064144795,0.01256520641448
56039,2021-05-26,491,"Teton","Wyoming",3.78743112784243,-0.0160517090105064,726.951893057831,3.67506916476889,0,490,3.78743112784243,2021-06-02,498,3.46573590279973,0.0438204145666488,0.103487817815276,0.0604008117872034,0.0928216211693538
56041,2021-05-26,491,"Uinta","Wyoming",4.17658266045907,-0.0387145121806842,598.881577868438,3.90558107519428,0,490,4.17658266045907,2021-06-02,498,3.90341463089155,4.69348091685844e-06,0.0746207723778047,0.0005550125998891,0.0699818121820007
78010,2021-05-26,491,"St. Croix","Virgin Islands",3.25809653802148,-0.00547946576462575,1085.60113047061,3.2197402776691,0,490,3.25809653802148,2021-06-02,498,3.12299405316492,0.009359831955814,0.0182526814144182,0.0309786771467397,0.0432605642395151
78030,2021-05-26,491,"St. Thomas","Virgin Islands",5.20870520785835,0.0365991524483372,348.682354387553,5.46489927499671,0.036599152448332,348.682354387533,5.46489927499667,2021-06-02,498,5.38776624660237,0.00594950406928194,0.00594950406927632,0.0143163279295906,0.0143163279295839
99999,2021-05-26,491,"New York City","New York",9.79344944732719,-0.0455833900833603,705.846886758916,9.47436571674367,0,490,9.79344944732719,2021-06-02,498,9.46521512145185,8.37333941947321e-05,0.107737772682842,0.00096676041425452,0.0346779573061618
