fips: 8055
T_interval_start: 680
T_interval_end: 711
sigma: 0.9000000000000001
gamma: 0.05
rmse: 2.920263161375421
