fips: 8055
T_interval_start: 589
T_interval_end: 619
sigma: 0.9000000000000001
gamma: 0.05
rmse: 3.546548221164185
