fips: 8055
T_interval_start: 923
T_interval_end: 954
sigma: 0.9500000000000001
gamma: 0.1
rmse: 2.6744938673488035
