fips: 8055
T_interval_start: 801
T_interval_end: 831
sigma: 0.15000000000000002
gamma: 0.05
rmse: 2.1332099742288926
