fips: 8055
T_interval_start: 770
T_interval_end: 801
sigma: 0.7500000000000001
gamma: 0.05
rmse: 1.986930040432254
