fips: 8055
T_interval_start: 346
T_interval_end: 377
sigma: 0.9500000000000001
gamma: 0.1
rmse: 2.481342901583386
