fips: 8055
T_interval_start: 466
T_interval_end: 497
sigma: 0.9
gamma: 0.01
rmse: 48.86641778727092
mae: 47.65299539170509
