fips: 8055
T_interval_start: 742
T_interval_end: 770
sigma: 0.9
gamma: 0.04
rmse: 22.681323578182713
mae: 19.465531616423593
