fips: 8055
T_interval_start: 1045
T_interval_end: 1076
sigma: 0.9
gamma: 0.01
rmse: 27.622882988498386
mae: 27.40434782608696
