fips: 8055
T_interval_start: 801
T_interval_end: 831
sigma: 0.9
gamma: 0.01
rmse: 21.099999999999998
mae: 21.099999999999998
