fips: 8055
T_interval_start: 1045
T_interval_end: 1076
sigma: 0.9
gamma: 0.04
rmse: 1.8577898893615485
mae: 1.7123550315456382
