fips: 8055
T_interval_start: 285
T_interval_end: 315
sigma: 0.9900000000000001
gamma: 0.04
rmse: 491.56629510380765
mae: 183.91227500253237
