fips: 8055
T_interval_start: 650
T_interval_end: 680
sigma: 0.9
gamma: 0.01
rmse: 111.29433275509292
mae: 110.66190476190474
