fips: 8055
T_interval_start: 770
T_interval_end: 801
sigma: 0.9900000000000001
gamma: 0.04
rmse: 13.585907736682707
mae: 13.393635614153757
