fips: 8055
T_interval_start: 923
T_interval_end: 954
sigma: 0.93
gamma: 0.04
rmse: 3.626921476940331
mae: 3.065145034495201
