fips: 8055
T_interval_start: 405
T_interval_end: 436
sigma: 0.9
gamma: 0.04
rmse: 22.976600301028906
mae: 22.9645276190804
