fips: 8055
T_interval_start: 405
T_interval_end: 436
sigma: 0.9
gamma: 0.01
rmse: 22.355335390196316
mae: 22.350000000000012
