fips: 8055
T_interval_start: 558
T_interval_end: 589
sigma: 0.9
gamma: 0.01
rmse: 26.35447633715316
mae: 26.25584415584416
