fips: 8055
T_interval_start: 711
T_interval_end: 742
sigma: 0.9
gamma: 0.04
rmse: 25.372198667756546
mae: 21.810075844464176
