fips: 8055
T_interval_start: 436
T_interval_end: 466
sigma: 0.9
gamma: 0.04
rmse: 27.3997582175888
mae: 27.19668389262272
