fips: 8055
T_interval_start: 711
T_interval_end: 742
sigma: 0.9
gamma: 0.01
rmse: 177.90183250292824
mae: 158.6483870967742
