fips: 8055
T_interval_start: 315
T_interval_end: 346
sigma: 0.9500000000000001
gamma: 0.04
rmse: 12.56993607990978
mae: 11.429427682008534
