fips: 8055
T_interval_start: 801
T_interval_end: 831
sigma: 0.9900000000000001
gamma: 0.04
rmse: 17.33598009906053
mae: 17.33598009906053
