fips: 8055
T_interval_start: 680
T_interval_end: 711
sigma: 0.9900000000000001
gamma: 0.04
rmse: 67.66087562573175
mae: 65.9209231283197
