fips: 8055
T_interval_start: 558
T_interval_end: 589
sigma: 0.9
gamma: 0.04
rmse: 52.93271410726094
mae: 52.75290631944843
