fips: 8055
T_interval_start: 285
T_interval_end: 315
sigma: 0.9
gamma: 0.04
rmse: 1.2228665930341374
mae: 1.0951485432047237
