fips: 8055
T_interval_start: 1015
T_interval_end: 1045
sigma: 0.9900000000000001
gamma: 0.04
rmse: 2.304387456839778
mae: 1.594789565327746
