fips: 8055
T_interval_start: 923
T_interval_end: 954
sigma: 0.9
gamma: 0.01
rmse: 43.94000222938511
mae: 42.16285714285715
