fips: 8055
T_interval_start: 436
T_interval_end: 466
sigma: 0.9
gamma: 0.04
rmse: 20.753129963110222
mae: 20.726126033139792
