fips: 8055
T_interval_start: 346
T_interval_end: 377
sigma: 0.9900000000000001
gamma: 0.04
rmse: 19.966846949257555
mae: 19.909731585447975
