fips: 8055
T_interval_start: 619
T_interval_end: 650
sigma: 0.9900000000000001
gamma: 0.04
rmse: 64.81551997789124
mae: 64.65265069181714
