fips: 8055
T_interval_start: 862
T_interval_end: 892
sigma: 0.9900000000000001
gamma: 0.04
rmse: 8.347043454300405
mae: 7.246333686269445
