fips: 8055
T_interval_start: 466
T_interval_end: 497
sigma: 0.9900000000000001
gamma: 0.04
rmse: 30.163079974885616
mae: 30.01868740830026
