fips: 8055
T_interval_start: 315
T_interval_end: 346
sigma: 0.9
gamma: 0.04
rmse: 10.655601136538937
mae: 9.39633685686589
