fips: 8055
T_interval_start: 742
T_interval_end: 770
sigma: 0.9
gamma: 0.04
rmse: 25.350759428130576
mae: 21.65725711386586
