fips: 8055
T_interval_start: 650
T_interval_end: 680
sigma: 0.9900000000000001
gamma: 0.04
rmse: 67.01693587164604
mae: 66.78388887255896
