fips: 8055
T_interval_start: 1045
T_interval_end: 1076
sigma: 0.9
gamma: 0.04
rmse: 6.325750485853062
mae: 6.273552899157201
