fips: 8055
T_interval_start: 954
T_interval_end: 984
sigma: 0.05
gamma: 0.05
rmse: 3.578009845760146
mae: 3.0412228634441645
