fips: 8055
T_interval_start: 558
T_interval_end: 589
sigma: 0.9
gamma: 0.04
rmse: 34.81367691216668
mae: 34.706811638130326
