fips: 8055
T_interval_start: 711
T_interval_end: 742
sigma: 0.9
gamma: 0.04
rmse: 19.52853101380292
mae: 16.747426425980983
