fips: 8055
T_interval_start: 405
T_interval_end: 436
sigma: 0.9
gamma: 0.04
rmse: 21.86543047276751
mae: 21.862506626942057
