fips: 8055
T_interval_start: 589
T_interval_end: 619
sigma: 0.9
gamma: 0.04
rmse: 55.14904175859916
mae: 53.953759322164565
