fips: 8055
T_interval_start: 377
T_interval_end: 405
sigma: 0.9500000000000001
gamma: 0.05
rmse: 0.6822124324371722
mae: 0.4891787806035127
