fips: 8055
T_interval_start: 1015
T_interval_end: 1045
sigma: 0.9
gamma: 0.04
rmse: 2.9434758192535564
mae: 2.52517016796938
