fips: 8055
T_interval_start: 892
T_interval_end: 923
sigma: 0.9
gamma: 0.04
rmse: 4.987121377733182
mae: 4.5013590541722515
