fips: 8055
T_interval_start: 346
T_interval_end: 377
sigma: 0.9900000000000001
gamma: 0.04
rmse: 16.528760020153584
mae: 16.431619016868456
