fips: 8055
T_interval_start: 831
T_interval_end: 862
sigma: 0.25
gamma: 0.05
rmse: 0.7482247280694686
mae: 0.6181178304315795
