fips: 8055
T_interval_start: 254
T_interval_end: 285
sigma: 0.9500000000000001
gamma: 0.2
rmse: 0.4818279158879935
mae: 0.4298630675697884
