fips: 8055
T_interval_start: 101
T_interval_end: 132
sigma: 0.9500000000000001
gamma: 0.35000000000000003
rmse: 0.06730018310996701
mae: 0.055474887436422336
