fips: 8055
T_interval_start: 405
T_interval_end: 436
sigma: 0.9
gamma: 0.04
rmse: 19.959673277995833
mae: 19.956418840829564
