fips: 8055
T_interval_start: 315
T_interval_end: 346
sigma: 0.92
gamma: 0.04
rmse: 7.762561878654688
mae: 7.230185090882523
