fips: 8055
T_interval_start: 1045
T_interval_end: 1076
sigma: 0.9
gamma: 0.04
rmse: 5.793534195221067
mae: 5.761567607196975
