fips: 8055
T_interval_start: 619
T_interval_end: 650
sigma: 0.9900000000000001
gamma: 0.04
rmse: 59.83958297880216
mae: 59.53604628631473
