fips: 8055
T_interval_start: 770
T_interval_end: 801
sigma: 0.9900000000000001
gamma: 0.04
rmse: 11.334498559429655
mae: 11.18093802046676
