fips: 8055
T_interval_start: 711
T_interval_end: 742
sigma: 0.9
gamma: 0.04
rmse: 23.281400822648365
mae: 19.42668228806978
