fips: 8055
T_interval_start: 466
T_interval_end: 497
sigma: 0.9900000000000001
gamma: 0.04
rmse: 38.490030891292825
mae: 38.25399744435108
