fips: 8055
T_interval_start: 193
T_interval_end: 224
sigma: 0.9500000000000001
gamma: 0.15000000000000002
rmse: 0.09386184951913493
mae: 0.07716926646028158
