fips: 8055
T_interval_start: 497
T_interval_end: 527
sigma: 0.1
gamma: 0.1
rmse: 0.9969576993014296
mae: 0.7950309116886664
