fips: 8055
T_interval_start: 162
T_interval_end: 193
sigma: 0.9500000000000001
gamma: 0.05
rmse: 0.06758166361017838
mae: 0.04473607430316173
