fips: 8055
T_interval_start: 527
T_interval_end: 558
sigma: 0.1
gamma: 0.05
rmse: 1.7236194011404185
mae: 1.586144026987959
