fips: 8055
T_interval_start: 923
T_interval_end: 954
sigma: 0.9
gamma: 0.04
rmse: 6.079164916933751
mae: 5.4518576824058185
