fips: 8055
T_interval_start: 558
T_interval_end: 589
sigma: 0.9400000000000001
gamma: 0.04
rmse: 39.39785865026821
mae: 39.31649539439363
