fips: 8055
T_interval_start: 742
T_interval_end: 770
sigma: 0.9
gamma: 0.04
rmse: 30.666880901943227
mae: 25.82859974807004
