fips: 8021
T_interval_start: 831
T_interval_end: 862
sigma: 0.8500000000000001
gamma: 0.05
rmse: 2.5938016833613684
