fips: 8021
T_interval_start: 984
T_interval_end: 1015
sigma: 0.9500000000000001
gamma: 0.05
rmse: 2.4812543659743653
