fips: 8021
T_interval_start: 923
T_interval_end: 954
sigma: 0.9500000000000001
gamma: 0.05
rmse: 2.725930686880709
