fips: 8021
T_interval_start: 862
T_interval_end: 892
sigma: 0.9500000000000001
gamma: 0.05
rmse: 13.99536285620851
