fips: 8021
T_interval_start: 650
T_interval_end: 680
sigma: 0.9500000000000001
gamma: 0.05
rmse: 4.104200677793715
