fips: 8021
T_interval_start: 497
T_interval_end: 527
sigma: 0.8500000000000001
gamma: 0.1
rmse: 3.405446146324752
