fips: 8021
T_interval_start: 285
T_interval_end: 315
sigma: 0.9
gamma: 0.04
rmse: 4.484687424530504
mae: 4.041570539561695
