fips: 8021
T_interval_start: 466
T_interval_end: 497
sigma: 0.9900000000000001
gamma: 0.04
rmse: 25.84530781865395
mae: 24.45603222373075
