fips: 8021
T_interval_start: 254
T_interval_end: 285
sigma: 0.9
gamma: 0.04
rmse: 1.28109310683407
mae: 1.0267731645379763
