fips: 8021
T_interval_start: 315
T_interval_end: 346
sigma: 0.9
gamma: 0.04
rmse: 7.12074533863244
mae: 5.808262945700689
