fips: 8021
T_interval_start: 346
T_interval_end: 377
sigma: 0.9900000000000001
gamma: 0.04
rmse: 9.039965096899298
mae: 8.705122222168134
