fips: 8021
T_interval_start: 589
T_interval_end: 619
sigma: 0.9
gamma: 0.01
rmse: 38.8734970836199
mae: 37.83809523809524
