fips: 8021
T_interval_start: 680
T_interval_end: 711
sigma: 0.9900000000000001
gamma: 0.04
rmse: 3.597663344726413
mae: 2.777894351533467
