fips: 8021
T_interval_start: 619
T_interval_end: 650
sigma: 0.9
gamma: 0.01
rmse: 102.25128140539564
mae: 101.12304147465431
