fips: 8021
T_interval_start: 742
T_interval_end: 770
sigma: 0.9
gamma: 0.01
rmse: 241.58562715487318
mae: 226.89081632653054
