fips: 8021
T_interval_start: 923
T_interval_end: 954
sigma: 0.9
gamma: 0.01
rmse: 47.3089490717963
mae: 44.89723502304149
