fips: 8021
T_interval_start: 315
T_interval_end: 346
sigma: 0.9900000000000001
gamma: 0.01
rmse: 101.24965327922465
mae: 100.21059906590389
