fips: 8021
T_interval_start: 254
T_interval_end: 285
sigma: 0.9900000000000001
gamma: 0.04
rmse: 749.8541607230877
mae: 339.36699647299986
