fips: 8021
T_interval_start: 862
T_interval_end: 892
sigma: 0.9
gamma: 0.04
rmse: 35.333982957779234
mae: 31.32816963373151
