fips: 8021
T_interval_start: 377
T_interval_end: 405
sigma: 0.9900000000000001
gamma: 0.04
rmse: 12.260653967907517
mae: 11.989496131745641
