fips: 8021
T_interval_start: 801
T_interval_end: 831
sigma: 0.9
gamma: 0.01
rmse: 23.89356978500342
mae: 23.7890756302521
