fips: 8021
T_interval_start: 619
T_interval_end: 650
sigma: 0.9900000000000001
gamma: 0.04
rmse: 35.44645213964381
mae: 35.24295779141764
