fips: 8021
T_interval_start: 831
T_interval_end: 862
sigma: 0.9
gamma: 0.04
rmse: 2.9866253299791263
mae: 2.819838030031656
