fips: 8021
T_interval_start: 984
T_interval_end: 1015
sigma: 0.9900000000000001
gamma: 0.03
rmse: 9.882834257205271
mae: 8.983401255559432
