fips: 8021
T_interval_start: 436
T_interval_end: 466
sigma: 0.9
gamma: 0.04
rmse: 9.206932646055337
mae: 8.601242176929262
