fips: 8021
T_interval_start: 650
T_interval_end: 680
sigma: 0.9900000000000001
gamma: 0.04
rmse: 14.68735341563481
mae: 12.754196537858515
