fips: 8021
T_interval_start: 527
T_interval_end: 558
sigma: 0.9900000000000001
gamma: 0.04
rmse: 23.112399327724344
mae: 23.072313439934927
