fips: 8021
T_interval_start: 923
T_interval_end: 954
sigma: 0.9
gamma: 0.04
rmse: 22.235847831199916
mae: 20.422675183464612
