fips: 8021
T_interval_start: 954
T_interval_end: 984
sigma: 0.9
gamma: 0.04
rmse: 15.463113310326683
mae: 15.258620433477235
