fips: 8021
T_interval_start: 405
T_interval_end: 436
sigma: 0.9900000000000001
gamma: 0.04
rmse: 7.28098805268366
mae: 7.265108945168729
