fips: 8021
T_interval_start: 589
T_interval_end: 619
sigma: 0.9900000000000001
gamma: 0.04
rmse: 26.54141533774323
mae: 26.475598082971953
