fips: 8021
T_interval_start: 770
T_interval_end: 801
sigma: 0.9900000000000001
gamma: 0.04
rmse: 3.253503968211043
mae: 2.4344149906280417
