fips: 8021
T_interval_start: 1015
T_interval_end: 1045
sigma: 0.9
gamma: 0.03
rmse: 4.734621557106238
mae: 4.139139785273255
