fips: 8021
T_interval_start: 742
T_interval_end: 770
sigma: 0.9
gamma: 0.04
rmse: 91.87191290155961
mae: 78.68189937853218
