fips: 8021
T_interval_start: 377
T_interval_end: 405
sigma: 0.9
gamma: 0.01
rmse: 47.1542327029884
mae: 45.07448979591838
