fips: 8021
T_interval_start: 711
T_interval_end: 742
sigma: 0.9
gamma: 0.04
rmse: 58.35430300401223
mae: 43.11728713408346
