fips: 8021
T_interval_start: 1045
T_interval_end: 1076
sigma: 0.9
gamma: 0.03
rmse: 8.424113699176983
mae: 7.996898426035507
