fips: 8021
T_interval_start: 801
T_interval_end: 831
sigma: 0.9900000000000001
gamma: 0.04
rmse: 1.194825804161041
mae: 1.0026311051146133
