fips: 8021
T_interval_start: 466
T_interval_end: 497
sigma: 0.9
gamma: 0.01
rmse: 103.98806329304874
mae: 97.952534562212
