fips: 8021
T_interval_start: 862
T_interval_end: 892
sigma: 0.9900000000000001
gamma: 0.03
rmse: 40.98843194239053
mae: 40.88054437468834
