fips: 8021
T_interval_start: 466
T_interval_end: 497
sigma: 0.9
gamma: 0.04
rmse: 20.537684036855875
mae: 17.470397347318507
