fips: 8021
T_interval_start: 742
T_interval_end: 770
sigma: 0.9900000000000001
gamma: 0.03
rmse: 49.464560284296866
mae: 38.00909500828772
