fips: 8021
T_interval_start: 1015
T_interval_end: 1045
sigma: 0.9
gamma: 0.03
rmse: 3.0948568889544683
mae: 2.684280697215656
