fips: 8021
T_interval_start: 831
T_interval_end: 862
sigma: 0.9
gamma: 0.04
rmse: 5.460203913889513
mae: 5.337159253487043
