fips: 8021
T_interval_start: 984
T_interval_end: 1015
sigma: 0.9900000000000001
gamma: 0.03
rmse: 6.636222140229797
mae: 6.155989660863198
