fips: 8021
T_interval_start: 527
T_interval_end: 558
sigma: 0.9900000000000001
gamma: 0.04
rmse: 3.0700525841735935
mae: 2.5743781950497553
