fips: 8021
T_interval_start: 558
T_interval_end: 589
sigma: 0.9900000000000001
gamma: 0.04
rmse: 5.805541011494313
mae: 5.805541011494313
