fips: 8021
T_interval_start: 405
T_interval_end: 436
sigma: 0.9900000000000001
gamma: 0.04
rmse: 9.604112667768339
mae: 9.512622838086862
