fips: 8021
T_interval_start: 801
T_interval_end: 831
sigma: 0.9
gamma: 0.04
rmse: 1.596935577325231
mae: 1.4787241820068766
