fips: 8021
T_interval_start: 285
T_interval_end: 315
sigma: 0.9
gamma: 0.04
rmse: 15.259495125390794
mae: 13.407223731793996
