fips: 8021
T_interval_start: 680
T_interval_end: 711
sigma: 0.9
gamma: 0.04
rmse: 8.955567978043343
mae: 8.8252759772582
