fips: 8021
T_interval_start: 589
T_interval_end: 619
sigma: 0.9900000000000001
gamma: 0.04
rmse: 6.349745918958097
mae: 6.196679926932002
