fips: 8021
T_interval_start: 315
T_interval_end: 346
sigma: 0.9
gamma: 0.04
rmse: 36.829896815559266
mae: 36.30395186371302
