fips: 8021
T_interval_start: 619
T_interval_end: 650
sigma: 0.9
gamma: 0.04
rmse: 8.940803496983525
mae: 7.870907911849112
