fips: 8021
T_interval_start: 892
T_interval_end: 923
sigma: 0.9900000000000001
gamma: 0.03
rmse: 30.65980270964698
mae: 30.41731874869691
