fips: 8021
T_interval_start: 497
T_interval_end: 527
sigma: 0.9
gamma: 0.04
rmse: 8.76355703422916
mae: 5.633747155757233
