fips: 8021
T_interval_start: 923
T_interval_end: 954
sigma: 0.9
gamma: 0.04
rmse: 18.81800717078893
mae: 17.053250000065468
