fips: 8021
T_interval_start: 527
T_interval_end: 558
sigma: 0.9900000000000001
gamma: 0.04
rmse: 4.6494787733052005
mae: 4.23363940310404
