fips: 8021
T_interval_start: 436
T_interval_end: 466
sigma: 0.9900000000000001
gamma: 0.04
rmse: 0.8634694260721634
mae: 0.7957291883932855
