fips: 8021
T_interval_start: 954
T_interval_end: 984
sigma: 0.9
gamma: 0.04
rmse: 11.682009294383066
mae: 11.497429271074212
