fips: 8021
T_interval_start: 770
T_interval_end: 801
sigma: 0.9
gamma: 0.04
rmse: 2.8344837139751506
mae: 2.5395171854179828
