fips: 8021
T_interval_start: 1015
T_interval_end: 1045
sigma: 0.9900000000000001
gamma: 0.03
rmse: 8.284076808097401
mae: 7.678219168890725
