fips: 8021
T_interval_start: 497
T_interval_end: 527
sigma: 0.9900000000000001
gamma: 0.04
rmse: 5.420450924280827
mae: 4.662572268202462
