fips: 8021
T_interval_start: 589
T_interval_end: 619
sigma: 0.9900000000000001
gamma: 0.04
rmse: 8.588764632811523
mae: 8.53436730934062
