fips: 8021
T_interval_start: 801
T_interval_end: 831
sigma: 0.9900000000000001
gamma: 0.04
rmse: 2.1317419423921473
mae: 1.985321998873701
