fips: 8021
T_interval_start: 405
T_interval_end: 436
sigma: 0.9900000000000001
gamma: 0.04
rmse: 2.92462285556747
mae: 2.8842696376834804
