fips: 8021
T_interval_start: 162
T_interval_end: 193
sigma: 0.9500000000000001
gamma: 0.05
rmse: 0.4664290505832668
mae: 0.4018402331033201
