fips: 8021
T_interval_start: 892
T_interval_end: 923
sigma: 0.9
gamma: 0.04
rmse: 42.59783265004861
mae: 41.49254368521092
