fips: 8021
T_interval_start: 831
T_interval_end: 862
sigma: 0.9
gamma: 0.04
rmse: 1.9488237453351172
mae: 1.717232878845751
