fips: 8021
T_interval_start: 558
T_interval_end: 589
sigma: 0.9900000000000001
gamma: 0.04
rmse: 7.893732876552274
mae: 7.893732876552274
