fips: 8021
T_interval_start: 254
T_interval_end: 285
sigma: 0.9
gamma: 0.04
rmse: 0.3389559140765176
mae: 0.3043733871322658
