fips: 8021
T_interval_start: 650
T_interval_end: 680
sigma: 0.9
gamma: 0.04
rmse: 5.148042055741241
mae: 4.337607073359771
