fips: 8021
T_interval_start: 984
T_interval_end: 1015
sigma: 0.9
gamma: 0.04
rmse: 12.485354214394926
mae: 12.395099747182579
