fips: 8021
T_interval_start: 619
T_interval_end: 650
sigma: 0.9900000000000001
gamma: 0.04
rmse: 4.411573854963107
mae: 4.053632441829619
