fips: 8021
T_interval_start: 862
T_interval_end: 892
sigma: 0.9
gamma: 0.04
rmse: 29.194734347614503
mae: 25.463450668199087
