fips: 8021
T_interval_start: 742
T_interval_end: 770
sigma: 0.9900000000000001
gamma: 0.03
rmse: 83.13670068561751
mae: 79.46651221242901
