fips: 8021
T_interval_start: 680
T_interval_end: 711
sigma: 0.9
gamma: 0.04
rmse: 5.89776077993322
mae: 5.791044074418687
