fips: 8021
T_interval_start: 466
T_interval_end: 497
sigma: 0.9
gamma: 0.04
rmse: 11.055720717516019
mae: 9.932969607652856
