fips: 8021
T_interval_start: 285
T_interval_end: 315
sigma: 0.9
gamma: 0.04
rmse: 1.1465453158574057
mae: 0.9651969428733405
