fips: 8021
T_interval_start: 132
T_interval_end: 162
sigma: 0.9500000000000001
gamma: 0.05
rmse: 0.46932569766073096
mae: 0.37703799113175507
