fips: 8021
T_interval_start: 377
T_interval_end: 405
sigma: 0.9900000000000001
gamma: 0.04
rmse: 3.2669232448573027
mae: 3.0022587047302935
