fips: 8021
T_interval_start: 346
T_interval_end: 377
sigma: 0.9900000000000001
gamma: 0.04
rmse: 2.2624036939475154
mae: 1.793176964200104
