fips: 8009
T_interval_start: 711
T_interval_end: 742
sigma: 0.9000000000000001
gamma: 0.05
rmse: 28.71415355794201
