fips: 8009
T_interval_start: 954
T_interval_end: 984
sigma: 0.9500000000000001
gamma: 0.1
rmse: 2.758525033639762
