fips: 8009
T_interval_start: 558
T_interval_end: 589
sigma: 0.9900000000000001
gamma: 0.04
rmse: 43.67756965013545
mae: 43.67384933470817
