fips: 8009
T_interval_start: 711
T_interval_end: 742
sigma: 0.9900000000000001
gamma: 0.04
rmse: 12.464987021363005
mae: 11.600177934256397
