fips: 8009
T_interval_start: 558
T_interval_end: 589
sigma: 0.9
gamma: 0.01
rmse: 23.203593141879498
mae: 23.18571428571428
