fips: 8009
T_interval_start: 650
T_interval_end: 680
sigma: 0.9900000000000001
gamma: 0.04
rmse: 52.54339819720937
mae: 52.321654297130344
