fips: 8009
T_interval_start: 862
T_interval_end: 892
sigma: 0.9
gamma: 0.01
rmse: 23.061834682521113
mae: 23.048051948051956
