fips: 8009
T_interval_start: 711
T_interval_end: 742
sigma: 0.9
gamma: 0.01
rmse: 59.15164394790786
mae: 52.964661654135334
