fips: 8009
T_interval_start: 619
T_interval_end: 650
sigma: 0.9900000000000001
gamma: 0.04
rmse: 43.873862535204054
mae: 43.75636015854287
