fips: 8009
T_interval_start: 680
T_interval_end: 711
sigma: 0.9
gamma: 0.01
rmse: 38.574404988420305
mae: 36.47788018433181
