fips: 8009
T_interval_start: 923
T_interval_end: 954
sigma: 0.9900000000000001
gamma: 0.04
rmse: 4.370060158363814
mae: 3.4764303248702917
