fips: 8009
T_interval_start: 497
T_interval_end: 527
sigma: 0.9900000000000001
gamma: 0.04
rmse: 45.665545875296694
mae: 45.65728890606174
