fips: 8009
T_interval_start: 285
T_interval_end: 315
sigma: 0.9900000000000001
gamma: 0.04
rmse: 531.0962252552756
mae: 247.77306259483274
