fips: 8009
T_interval_start: 619
T_interval_end: 650
sigma: 0.9
gamma: 0.01
rmse: 35.027467732065205
mae: 34.6115207373272
