fips: 8009
T_interval_start: 377
T_interval_end: 405
sigma: 0.9900000000000001
gamma: 0.04
rmse: 32.33179988546581
mae: 32.02884838766868
