fips: 8009
T_interval_start: 954
T_interval_end: 984
sigma: 0.9
gamma: 0.04
rmse: 2.844383832124242
mae: 2.366335501238539
