fips: 8009
T_interval_start: 466
T_interval_end: 497
sigma: 0.9900000000000001
gamma: 0.04
rmse: 48.656627744211114
mae: 48.49950860820848
