fips: 8009
T_interval_start: 680
T_interval_end: 711
sigma: 0.9900000000000001
gamma: 0.04
rmse: 33.54963723445365
mae: 32.348912868421316
