fips: 8009
T_interval_start: 923
T_interval_end: 954
sigma: 0.9
gamma: 0.01
rmse: 33.52632600132906
mae: 32.91746031746033
