fips: 8009
T_interval_start: 285
T_interval_end: 315
sigma: 0.9
gamma: 0.04
rmse: 1.7062693454150024
mae: 1.536466536685855
