fips: 8009
T_interval_start: 315
T_interval_end: 346
sigma: 0.9900000000000001
gamma: 0.04
rmse: 30.770241438025256
mae: 28.884226278763123
