fips: 8009
T_interval_start: 954
T_interval_end: 984
sigma: 0.9
gamma: 0.01
rmse: 37.33845788617661
mae: 36.50816326530613
