fips: 8009
T_interval_start: 711
T_interval_end: 742
sigma: 0.9
gamma: 0.04
rmse: 8.484380387322705
mae: 7.618823214608386
