fips: 8009
T_interval_start: 346
T_interval_end: 377
sigma: 0.9900000000000001
gamma: 0.03
rmse: 5.57650998841424
mae: 5.246942792308434
