fips: 8009
T_interval_start: 436
T_interval_end: 466
sigma: 0.1
gamma: 0.05
rmse: 1.255779215299668
mae: 0.9366458483793989
