fips: 8009
T_interval_start: 589
T_interval_end: 619
sigma: 0.9900000000000001
gamma: 0.04
rmse: 10.637094714781483
mae: 10.613846873794614
