fips: 8009
T_interval_start: 770
T_interval_end: 801
sigma: 0.9900000000000001
gamma: 0.04
rmse: 9.076061748749606
mae: 8.3301893635998
