fips: 8009
T_interval_start: 923
T_interval_end: 954
sigma: 0.9
gamma: 0.04
rmse: 5.34154793451436
mae: 4.670468244743853
