fips: 8009
T_interval_start: 954
T_interval_end: 984
sigma: 0.9
gamma: 0.04
rmse: 8.527233748041542
mae: 7.841125013065713
