fips: 8009
T_interval_start: 285
T_interval_end: 315
sigma: 0.9900000000000001
gamma: 0.01
rmse: 7.953332108279298
mae: 6.655054158457877
