fips: 8009
T_interval_start: 558
T_interval_end: 589
sigma: 0.9900000000000001
gamma: 0.04
rmse: 8.695176239214726
mae: 8.69466708468877
