fips: 8009
T_interval_start: 497
T_interval_end: 527
sigma: 0.9900000000000001
gamma: 0.04
rmse: 9.805562490349647
mae: 9.804221758098647
