fips: 8009
T_interval_start: 377
T_interval_end: 405
sigma: 0.9
gamma: 0.04
rmse: 9.589474682570225
mae: 8.665224069603958
