fips: 8009
T_interval_start: 466
T_interval_end: 497
sigma: 0.9900000000000001
gamma: 0.04
rmse: 10.674896654864915
mae: 10.642255679225876
