fips: 8009
T_interval_start: 650
T_interval_end: 680
sigma: 0.9900000000000001
gamma: 0.04
rmse: 6.241196316715581
mae: 5.6691229896258175
