fips: 8009
T_interval_start: 315
T_interval_end: 346
sigma: 0.9900000000000001
gamma: 0.04
rmse: 12.3500006191051
mae: 10.710492140762556
