fips: 8009
T_interval_start: 619
T_interval_end: 650
sigma: 0.9900000000000001
gamma: 0.04
rmse: 12.943948818258994
mae: 12.91327639617389
