fips: 8009
T_interval_start: 862
T_interval_end: 892
sigma: 0.9900000000000001
gamma: 0.04
rmse: 4.401042898552256
mae: 4.392223636323997
