fips: 8009
T_interval_start: 162
T_interval_end: 193
sigma: 0.8500000000000001
gamma: 0.3
rmse: 0.06046087156554935
mae: 0.05007428570010202
