fips: 8009
T_interval_start: 650
T_interval_end: 680
sigma: 0.9900000000000001
gamma: 0.04
rmse: 33.67210928876745
mae: 33.53837026759537
