fips: 8009
T_interval_start: 589
T_interval_end: 619
sigma: 0.9900000000000001
gamma: 0.04
rmse: 30.823637118170453
mae: 30.801572057673837
