fips: 8009
T_interval_start: 711
T_interval_end: 742
sigma: 0.9900000000000001
gamma: 0.04
rmse: 11.61381782920039
mae: 11.451613985424165
