fips: 8009
T_interval_start: 497
T_interval_end: 527
sigma: 0.9900000000000001
gamma: 0.04
rmse: 33.037357400741385
mae: 33.031399937402135
