fips: 8009
T_interval_start: 436
T_interval_end: 466
sigma: 0.9500000000000001
gamma: 0.05
rmse: 0.4334043442365179
mae: 0.3253550199266319
