fips: 8009
T_interval_start: 954
T_interval_end: 984
sigma: 0.9900000000000001
gamma: 0.04
rmse: 1.340891068927654
mae: 1.0986150198578397
