fips: 8009
T_interval_start: 923
T_interval_end: 954
sigma: 0.9900000000000001
gamma: 0.04
rmse: 6.227033976747877
mae: 5.7229623895513875
