fips: 8009
T_interval_start: 1015
T_interval_end: 1045
sigma: 0.9500000000000001
gamma: 0.05
rmse: 0.34242675470541345
mae: 0.2985257803497895
