fips: 8009
T_interval_start: 862
T_interval_end: 892
sigma: 0.9900000000000001
gamma: 0.04
rmse: 12.05195749481901
mae: 12.035701906908029
