fips: 8009
T_interval_start: 742
T_interval_end: 770
sigma: 0.9
gamma: 0.04
rmse: 8.833852695482145
mae: 8.026870656822807
