fips: 8009
T_interval_start: 224
T_interval_end: 254
sigma: 0.9000000000000001
gamma: 0.15000000000000002
rmse: 0.07649021395798669
mae: 0.06026794434343614
