fips: 8009
T_interval_start: 801
T_interval_end: 831
sigma: 0.6500000000000001
gamma: 0.05
rmse: 1.0972551985869188
mae: 0.961359792634465
