fips: 8009
T_interval_start: 132
T_interval_end: 162
sigma: 0.05
gamma: 0.4
rmse: 0.11398714912904134
mae: 0.09233809621222909
