fips: 8009
T_interval_start: 527
T_interval_end: 558
sigma: 0.9500000000000001
gamma: 0.05
rmse: 0.4421061647968567
mae: 0.3706330502140009
