fips: 8009
T_interval_start: 831
T_interval_end: 862
sigma: 0.1
gamma: 0.05
rmse: 2.4254191856267404
mae: 1.8085586079165066
