fips: 8009
T_interval_start: 315
T_interval_end: 346
sigma: 0.9900000000000001
gamma: 0.04
rmse: 18.531901844643514
mae: 17.231028600980352
