fips: 8009
T_interval_start: 892
T_interval_end: 923
sigma: 0.9500000000000001
gamma: 0.05
rmse: 3.076871657270068
mae: 2.8323107471056557
