fips: 8009
T_interval_start: 680
T_interval_end: 711
sigma: 0.9900000000000001
gamma: 0.04
rmse: 21.06425967459917
mae: 20.652858037224927
