fips: 8009
T_interval_start: 346
T_interval_end: 377
sigma: 0.9900000000000001
gamma: 0.04
rmse: 19.66161089634605
mae: 19.555906864842925
