fips: 8009
T_interval_start: 466
T_interval_end: 497
sigma: 0.9900000000000001
gamma: 0.04
rmse: 38.24169824454314
mae: 38.118275037889525
