fips: 8009
T_interval_start: 558
T_interval_end: 589
sigma: 0.9900000000000001
gamma: 0.04
rmse: 31.283441265387108
mae: 31.28126531398875
