fips: 8015
T_interval_start: 984
T_interval_end: 1015
sigma: 0.9500000000000001
gamma: 0.1
rmse: 3.745184351954827
