fips: 8015
T_interval_start: 558
T_interval_end: 589
sigma: 0.8500000000000001
gamma: 0.05
rmse: 2.610244570468254
