fips: 8015
T_interval_start: 801
T_interval_end: 831
sigma: 0.9000000000000001
gamma: 0.05
rmse: 13.37669136280646
