fips: 8015
T_interval_start: 436
T_interval_end: 466
sigma: 0.8500000000000001
gamma: 0.05
rmse: 10.795898367165224
