fips: 8015
T_interval_start: 1045
T_interval_end: 1076
sigma: 0.8500000000000001
gamma: 0.05
rmse: 6.114124058585264
