fips: 8015
T_interval_start: 285
T_interval_end: 315
sigma: 0.8500000000000001
gamma: 0.05
rmse: 3.2562593670341013
