fips: 8015
T_interval_start: 162
T_interval_end: 193
sigma: 0.8500000000000001
gamma: 0.05
rmse: 95.52095326549377
