fips: 8015
T_interval_start: 193
T_interval_end: 224
sigma: 0.9500000000000001
gamma: 0.3
rmse: 24.431707929998538
