fips: 8015
T_interval_start: 742
T_interval_end: 770
sigma: 0.9000000000000001
gamma: 0.1
rmse: 16.58325446797629
