fips: 8015
T_interval_start: 527
T_interval_end: 558
sigma: 0.9000000000000001
gamma: 0.05
rmse: 2.665611185953392
