fips: 8015
T_interval_start: 101
T_interval_end: 132
sigma: 0.8500000000000001
gamma: 0.2
rmse: 7.8759871762514315
