fips: 8015
T_interval_start: 466
T_interval_end: 497
sigma: 0.8500000000000001
gamma: 0.05
rmse: 3.904041725324729
