fips: 8015
T_interval_start: 285
T_interval_end: 315
sigma: 0.9900000000000001
gamma: 0.04
rmse: 456.6946330447784
mae: 446.550993328988
