fips: 8015
T_interval_start: 619
T_interval_end: 650
sigma: 0.9900000000000001
gamma: 0.03
rmse: 30.274652250768607
mae: 26.36029294988544
