fips: 8015
T_interval_start: 315
T_interval_end: 346
sigma: 0.9900000000000001
gamma: 0.04
rmse: 841.6553189597391
mae: 837.9142453371371
