fips: 8015
T_interval_start: 377
T_interval_end: 405
sigma: 0.9900000000000001
gamma: 0.04
rmse: 303.6505082240711
mae: 298.3078611571987
