fips: 8015
T_interval_start: 680
T_interval_end: 711
sigma: 0.9
gamma: 0.03
rmse: 45.66999419562414
mae: 34.14148646776729
