fips: 8015
T_interval_start: 101
T_interval_end: 132
sigma: 0.9900000000000001
gamma: 0.04
rmse: 3.046709529470493
mae: 2.4033203894646133
