fips: 8015
T_interval_start: 71
T_interval_end: 101
sigma: 0.9900000000000001
gamma: 0.02
rmse: 0.6067269463501984
mae: 0.45729412603669795
