fips: 8015
T_interval_start: 984
T_interval_end: 1015
sigma: 0.9900000000000001
gamma: 0.02
rmse: 14.285747479828968
mae: 13.223008213339403
