fips: 8015
T_interval_start: 405
T_interval_end: 436
sigma: 0.9900000000000001
gamma: 0.04
rmse: 153.69385561649295
mae: 149.66407842510702
