fips: 8015
T_interval_start: 346
T_interval_end: 377
sigma: 0.9900000000000001
gamma: 0.04
rmse: 679.1282108791589
mae: 668.5193764171268
