fips: 8015
T_interval_start: 466
T_interval_end: 497
sigma: 0.9900000000000001
gamma: 0.04
rmse: 81.69151664488206
mae: 79.85853331472988
