fips: 8015
T_interval_start: 527
T_interval_end: 558
sigma: 0.9900000000000001
gamma: 0.04
rmse: 19.509939278708664
mae: 18.744078402810842
