fips: 8015
T_interval_start: 954
T_interval_end: 984
sigma: 0.9900000000000001
gamma: 0.02
rmse: 30.853315056151835
mae: 27.91660529742325
