fips: 8015
T_interval_start: 923
T_interval_end: 954
sigma: 0.9900000000000001
gamma: 0.02
rmse: 54.00809390805661
mae: 53.8346782992227
