fips: 8015
T_interval_start: 162
T_interval_end: 193
sigma: 0.9
gamma: 0.04
rmse: 47.21006881398066
mae: 38.602409134683576
