fips: 8015
T_interval_start: 742
T_interval_end: 770
sigma: 0.9
gamma: 0.03
rmse: 269.9940071250637
mae: 230.87674864396848
