fips: 8015
T_interval_start: 193
T_interval_end: 224
sigma: 0.9900000000000001
gamma: 0.04
rmse: 104.9883438995881
mae: 104.48173937080988
