fips: 8015
T_interval_start: 831
T_interval_end: 862
sigma: 0.9
gamma: 0.03
rmse: 63.94229254044742
mae: 61.163319307750434
