fips: 8015
T_interval_start: 892
T_interval_end: 923
sigma: 0.9900000000000001
gamma: 0.02
rmse: 84.55671663517631
mae: 80.77585853731374
