fips: 8015
T_interval_start: 466
T_interval_end: 497
sigma: 0.9900000000000001
gamma: 0.04
rmse: 53.85153231670062
mae: 53.14868035535078
