fips: 8015
T_interval_start: 254
T_interval_end: 285
sigma: 0.9
gamma: 0.04
rmse: 54.56234956370691
mae: 52.343410584223534
