fips: 8015
T_interval_start: 285
T_interval_end: 315
sigma: 0.9
gamma: 0.04
rmse: 170.056702666236
mae: 163.5538763659543
