fips: 8015
T_interval_start: 162
T_interval_end: 193
sigma: 0.9900000000000001
gamma: 0.01
rmse: 30.74050008869931
mae: 27.756669597498366
