fips: 8015
T_interval_start: 770
T_interval_end: 801
sigma: 0.9900000000000001
gamma: 0.03
rmse: 52.82762346613033
mae: 51.2632714938854
