fips: 8015
T_interval_start: 377
T_interval_end: 405
sigma: 0.9900000000000001
gamma: 0.04
rmse: 131.3686254911107
mae: 128.72681345531214
