fips: 8015
T_interval_start: 589
T_interval_end: 619
sigma: 0.9
gamma: 0.04
rmse: 6.164621109594959
mae: 4.919010648400469
