fips: 8015
T_interval_start: 801
T_interval_end: 831
sigma: 0.9
gamma: 0.03
rmse: 17.338256922490437
mae: 15.862832623012828
