fips: 8015
T_interval_start: 984
T_interval_end: 1015
sigma: 0.9
gamma: 0.03
rmse: 31.800207275776522
mae: 29.99745972080645
