fips: 8015
T_interval_start: 132
T_interval_end: 162
sigma: 0.05
gamma: 0.05
rmse: 2.113365458822822
mae: 1.6695544029399447
