fips: 8015
T_interval_start: 315
T_interval_end: 346
sigma: 0.9900000000000001
gamma: 0.04
rmse: 349.7573797110549
mae: 348.1129652916094
