fips: 8015
T_interval_start: 1076
T_interval_end: 1107
sigma: 0.9900000000000001
gamma: 0.02
rmse: 23.010604302439866
mae: 22.128450076474646
