fips: 8015
T_interval_start: 892
T_interval_end: 923
sigma: 0.9
gamma: 0.03
rmse: 42.21311268876013
mae: 39.70149342911406
