fips: 8015
T_interval_start: 619
T_interval_end: 650
sigma: 0.9
gamma: 0.04
rmse: 35.067128317330784
mae: 32.17791883022961
