fips: 8015
T_interval_start: 923
T_interval_end: 954
sigma: 0.9
gamma: 0.03
rmse: 35.69505918338958
mae: 34.308981896322614
