fips: 8015
T_interval_start: 1015
T_interval_end: 1045
sigma: 0.9
gamma: 0.03
rmse: 12.238369234805383
mae: 12.018053630682846
