fips: 8015
T_interval_start: 650
T_interval_end: 680
sigma: 0.9900000000000001
gamma: 0.03
rmse: 66.24769312167676
mae: 64.9573278393399
