fips: 8015
T_interval_start: 193
T_interval_end: 224
sigma: 0.9900000000000001
gamma: 0.04
rmse: 44.050176399079355
mae: 37.98570341404967
