fips: 8015
T_interval_start: 436
T_interval_end: 466
sigma: 0.9900000000000001
gamma: 0.04
rmse: 51.85851885746793
mae: 51.61736741116544
