fips: 8015
T_interval_start: 1107
T_interval_end: 1135
sigma: 0.9900000000000001
gamma: 0.02
rmse: 13.473015671825145
mae: 13.441584542617688
