fips: 8015
T_interval_start: 558
T_interval_end: 589
sigma: 0.9900000000000001
gamma: 0.04
rmse: 10.309191857645727
mae: 9.948212182347682
