fips: 8015
T_interval_start: 405
T_interval_end: 436
sigma: 0.9900000000000001
gamma: 0.04
rmse: 65.70619778668754
mae: 64.53903196908952
