fips: 8015
T_interval_start: 71
T_interval_end: 101
sigma: 0.9
gamma: 0.04
rmse: 2.0271787064109255
mae: 1.7779258826767212
