fips: 8015
T_interval_start: 862
T_interval_end: 892
sigma: 0.9
gamma: 0.03
rmse: 32.45436639634144
mae: 31.910893913409897
