fips: 8015
T_interval_start: 527
T_interval_end: 558
sigma: 0.9900000000000001
gamma: 0.04
rmse: 16.81863875617383
mae: 16.693446276416243
