fips: 8015
T_interval_start: 405
T_interval_end: 436
sigma: 0.9900000000000001
gamma: 0.04
rmse: 135.5837253302079
mae: 131.484352616251
