fips: 8015
T_interval_start: 132
T_interval_end: 162
sigma: 0.9000000000000001
gamma: 0.35000000000000003
rmse: 0.21621319052580554
mae: 0.1828337961944485
