fips: 8015
T_interval_start: 558
T_interval_end: 589
sigma: 0.9900000000000001
gamma: 0.04
rmse: 9.222028675641473
mae: 8.170847038331926
