fips: 8015
T_interval_start: 315
T_interval_end: 346
sigma: 0.9900000000000001
gamma: 0.04
rmse: 711.1655792163241
mae: 709.0595906893308
