fips: 8015
T_interval_start: 589
T_interval_end: 619
sigma: 0.9
gamma: 0.04
rmse: 23.42052445283415
mae: 22.292555294098005
