fips: 8015
T_interval_start: 831
T_interval_end: 862
sigma: 0.9
gamma: 0.03
rmse: 48.571641573548156
mae: 45.755995752880956
