fips: 8015
T_interval_start: 650
T_interval_end: 680
sigma: 0.9
gamma: 0.03
rmse: 30.40981801636087
mae: 26.85054220409541
