fips: 8015
T_interval_start: 619
T_interval_end: 650
sigma: 0.9
gamma: 0.04
rmse: 61.879839036764615
mae: 59.30836418648115
