fips: 8015
T_interval_start: 436
T_interval_end: 466
sigma: 0.9900000000000001
gamma: 0.04
rmse: 99.18747446647312
mae: 98.43632212816665
