fips: 8015
T_interval_start: 1045
T_interval_end: 1076
sigma: 0.9
gamma: 0.02
rmse: 12.236770213861128
mae: 11.658826604919016
