fips: 8015
T_interval_start: 892
T_interval_end: 923
sigma: 0.9
gamma: 0.03
rmse: 83.40060655660297
mae: 82.0447370458164
