fips: 8015
T_interval_start: 224
T_interval_end: 254
sigma: 0.35000000000000003
gamma: 0.1
rmse: 1.510597012652377
mae: 1.1783572781411877
