fips: 8015
T_interval_start: 346
T_interval_end: 377
sigma: 0.9900000000000001
gamma: 0.04
rmse: 559.0224551633412
mae: 549.7371635206749
