fips: 8015
T_interval_start: 984
T_interval_end: 1015
sigma: 0.9900000000000001
gamma: 0.02
rmse: 30.15997138180218
mae: 29.954525811063263
