fips: 8015
T_interval_start: 923
T_interval_end: 954
sigma: 0.9
gamma: 0.03
rmse: 65.98966490062178
mae: 64.0481791854338
