fips: 8015
T_interval_start: 101
T_interval_end: 132
sigma: 0.9900000000000001
gamma: 0.04
rmse: 2.6208689646314305
mae: 1.8054281589540233
