fips: 8015
T_interval_start: 711
T_interval_end: 742
sigma: 0.9
gamma: 0.03
rmse: 340.6499047015223
mae: 281.7118991832982
