fips: 8015
T_interval_start: 770
T_interval_end: 801
sigma: 0.9900000000000001
gamma: 0.03
rmse: 8.676224909334467
mae: 7.822909066361474
