fips: 8015
T_interval_start: 193
T_interval_end: 224
sigma: 0.9900000000000001
gamma: 0.04
rmse: 85.94776789918257
mae: 84.46737037081347
