fips: 8015
T_interval_start: 254
T_interval_end: 285
sigma: 0.9900000000000001
gamma: 0.04
rmse: 160.2831541448607
mae: 155.85101481001175
