fips: 8015
T_interval_start: 497
T_interval_end: 527
sigma: 0.9900000000000001
gamma: 0.04
rmse: 45.62516684929214
mae: 44.95946047979896
