fips: 8015
T_interval_start: 527
T_interval_end: 558
sigma: 0.9900000000000001
gamma: 0.04
rmse: 23.812363929645155
mae: 23.366858569245437
