fips: 8015
T_interval_start: 162
T_interval_end: 193
sigma: 0.9
gamma: 0.04
rmse: 31.269348845510716
mae: 25.822236513917975
