fips: 8049
T_interval_start: 742
T_interval_end: 770
sigma: 0.35000000000000003
gamma: 0.1
rmse: 12.460415295016833
