fips: 8049
T_interval_start: 650
T_interval_end: 680
sigma: 0.9000000000000001
gamma: 0.05
rmse: 8.72600583749359
