fips: 8049
T_interval_start: 831
T_interval_end: 862
sigma: 0.9000000000000001
gamma: 0.15000000000000002
rmse: 7.015912895072743
