fips: 8049
T_interval_start: 405
T_interval_end: 436
sigma: 0.9500000000000001
gamma: 0.15000000000000002
rmse: 8.56983250128759
