fips: 8049
T_interval_start: 254
T_interval_end: 285
sigma: 0.9500000000000001
gamma: 0.05
rmse: 6.0038119134209955
