fips: 8049
T_interval_start: 831
T_interval_end: 862
sigma: 0.9
gamma: 0.01
rmse: 64.79340129886866
mae: 61.362672811059916
