fips: 8049
T_interval_start: 1015
T_interval_end: 1045
sigma: 0.9900000000000001
gamma: 0.03
rmse: 9.322557890237393
mae: 7.96677903948727
