fips: 8049
T_interval_start: 254
T_interval_end: 285
sigma: 0.9900000000000001
gamma: 0.04
rmse: 1056.9181643438471
mae: 293.4133826058724
