fips: 8049
T_interval_start: 892
T_interval_end: 923
sigma: 0.9
gamma: 0.04
rmse: 11.385270327058256
mae: 10.845868639350835
