fips: 8049
T_interval_start: 650
T_interval_end: 680
sigma: 0.9
gamma: 0.01
rmse: 93.81651182577862
mae: 93.38571428571427
