fips: 8049
T_interval_start: 558
T_interval_end: 589
sigma: 0.9900000000000001
gamma: 0.04
rmse: 80.11498446219808
mae: 77.14180277376545
