fips: 8049
T_interval_start: 436
T_interval_end: 466
sigma: 0.9
gamma: 0.01
rmse: 71.55726834543941
mae: 69.36190476190477
