fips: 8049
T_interval_start: 466
T_interval_end: 497
sigma: 0.9
gamma: 0.01
rmse: 63.817362880243365
mae: 59.84074074074075
