fips: 8049
T_interval_start: 954
T_interval_end: 984
sigma: 0.9
gamma: 0.04
rmse: 9.025293078872885
mae: 8.970596491764262
