fips: 8049
T_interval_start: 315
T_interval_end: 346
sigma: 0.9900000000000001
gamma: 0.04
rmse: 56.42321068694405
mae: 54.77819455129828
