fips: 8049
T_interval_start: 831
T_interval_end: 862
sigma: 0.9
gamma: 0.04
rmse: 12.37523196149985
mae: 11.176763827109616
