fips: 8049
T_interval_start: 711
T_interval_end: 742
sigma: 0.9
gamma: 0.04
rmse: 151.7331105653234
mae: 133.778351606685
