fips: 8049
T_interval_start: 650
T_interval_end: 680
sigma: 0.9900000000000001
gamma: 0.04
rmse: 54.00638457038306
mae: 52.992691078738844
