fips: 8049
T_interval_start: 285
T_interval_end: 315
sigma: 0.9
gamma: 0.04
rmse: 10.958787753903746
mae: 10.622032549505326
