fips: 8049
T_interval_start: 770
T_interval_end: 801
sigma: 0.9900000000000001
gamma: 0.04
rmse: 31.378259173656282
mae: 29.815600264590888
