fips: 8049
T_interval_start: 497
T_interval_end: 527
sigma: 0.9900000000000001
gamma: 0.04
rmse: 50.173439548642556
mae: 50.14980699581352
