fips: 8049
T_interval_start: 801
T_interval_end: 831
sigma: 0.9
gamma: 0.01
rmse: 58.619480289301066
mae: 57.709523809523816
