fips: 8049
T_interval_start: 527
T_interval_end: 558
sigma: 0.9900000000000001
gamma: 0.04
rmse: 49.78352048144292
mae: 49.75874410210653
