fips: 8049
T_interval_start: 680
T_interval_end: 711
sigma: 0.9
gamma: 0.01
rmse: 107.40816182118778
mae: 106.85576036866365
