fips: 8049
T_interval_start: 923
T_interval_end: 954
sigma: 0.9
gamma: 0.04
rmse: 10.169472012167052
mae: 9.399790224082796
