fips: 8049
T_interval_start: 254
T_interval_end: 285
sigma: 0.9
gamma: 0.04
rmse: 7.9413543600470575
mae: 6.197161451839144
