fips: 8049
T_interval_start: 862
T_interval_end: 892
sigma: 0.9
gamma: 0.04
rmse: 8.805075723978137
mae: 7.192318882404352
