fips: 8049
T_interval_start: 346
T_interval_end: 377
sigma: 0.9900000000000001
gamma: 0.04
rmse: 31.164852867065154
mae: 30.546480806592804
