fips: 8049
T_interval_start: 742
T_interval_end: 770
sigma: 0.9
gamma: 0.04
rmse: 75.91069069839669
mae: 59.23420881302907
