fips: 8049
T_interval_start: 589
T_interval_end: 619
sigma: 0.9
gamma: 0.01
rmse: 183.05534106153925
mae: 177.74761904761905
