fips: 8049
T_interval_start: 589
T_interval_end: 619
sigma: 0.9900000000000001
gamma: 0.04
rmse: 157.70472290894332
mae: 157.33832922806903
