fips: 8049
T_interval_start: 923
T_interval_end: 954
sigma: 0.9
gamma: 0.01
rmse: 35.42096311571394
mae: 33.970967741935496
