fips: 8049
T_interval_start: 619
T_interval_end: 650
sigma: 0.9
gamma: 0.01
rmse: 212.57318886776724
mae: 203.4133640552995
