fips: 8049
T_interval_start: 984
T_interval_end: 1015
sigma: 0.9
gamma: 0.04
rmse: 13.836409102627881
mae: 13.704182386694804
