fips: 8049
T_interval_start: 558
T_interval_end: 589
sigma: 0.9
gamma: 0.01
rmse: 55.124093593780565
mae: 49.68525345622122
