fips: 8049
T_interval_start: 405
T_interval_end: 436
sigma: 0.9900000000000001
gamma: 0.04
rmse: 68.7706677486025
mae: 68.25044660308166
