fips: 8049
T_interval_start: 497
T_interval_end: 527
sigma: 0.9900000000000001
gamma: 0.04
rmse: 27.666584954942582
mae: 27.641020551939555
