fips: 8049
T_interval_start: 831
T_interval_end: 862
sigma: 0.9
gamma: 0.04
rmse: 14.286292674567617
mae: 12.446521582211124
