fips: 8049
T_interval_start: 315
T_interval_end: 346
sigma: 0.9
gamma: 0.04
rmse: 31.759124400141562
mae: 31.183761078251568
