fips: 8049
T_interval_start: 466
T_interval_end: 497
sigma: 0.9900000000000001
gamma: 0.04
rmse: 28.673828159888117
mae: 28.55688747968277
