fips: 8049
T_interval_start: 346
T_interval_end: 377
sigma: 0.9
gamma: 0.04
rmse: 14.779956891680385
mae: 12.531825970584325
