fips: 8049
T_interval_start: 527
T_interval_end: 558
sigma: 0.9900000000000001
gamma: 0.04
rmse: 24.558517902513962
mae: 24.548885722537943
