fips: 8049
T_interval_start: 589
T_interval_end: 619
sigma: 0.9900000000000001
gamma: 0.04
rmse: 46.09830729326987
mae: 45.5934432623103
