fips: 8049
T_interval_start: 711
T_interval_end: 742
sigma: 0.9900000000000001
gamma: 0.03
rmse: 148.89107316808426
mae: 148.25040812447546
