fips: 8049
T_interval_start: 619
T_interval_end: 650
sigma: 0.9900000000000001
gamma: 0.04
rmse: 37.25228944368929
mae: 36.63638711110166
