fips: 8049
T_interval_start: 742
T_interval_end: 770
sigma: 0.9
gamma: 0.04
rmse: 95.55215337115364
mae: 66.79093841847114
