fips: 8049
T_interval_start: 1076
T_interval_end: 1107
sigma: 0.9
gamma: 0.03
rmse: 4.537310635953824
mae: 4.172227832060712
