fips: 8049
T_interval_start: 377
T_interval_end: 405
sigma: 0.9900000000000001
gamma: 0.02
rmse: 26.127343035563754
mae: 21.796168962852768
