fips: 8049
T_interval_start: 650
T_interval_end: 680
sigma: 0.9900000000000001
gamma: 0.04
rmse: 23.117044247349817
mae: 21.673004874747967
