fips: 8049
T_interval_start: 984
T_interval_end: 1015
sigma: 0.9
gamma: 0.04
rmse: 14.181153760624275
mae: 14.051905845579899
