fips: 8049
T_interval_start: 862
T_interval_end: 892
sigma: 0.9
gamma: 0.04
rmse: 9.77016326876518
mae: 7.65226845170301
