fips: 8049
T_interval_start: 954
T_interval_end: 984
sigma: 0.9
gamma: 0.04
rmse: 7.977154212944291
mae: 7.941130805712057
