fips: 8049
T_interval_start: 436
T_interval_end: 466
sigma: 0.9
gamma: 0.04
rmse: 28.90053208106174
mae: 28.769659211305548
