fips: 8049
T_interval_start: 405
T_interval_end: 436
sigma: 0.9900000000000001
gamma: 0.04
rmse: 27.322099184182704
mae: 24.336245332467488
