fips: 8049
T_interval_start: 1045
T_interval_end: 1076
sigma: 0.9900000000000001
gamma: 0.03
rmse: 3.648846732231014
mae: 3.005309820865144
