fips: 8049
T_interval_start: 892
T_interval_end: 923
sigma: 0.9
gamma: 0.04
rmse: 13.676617996020418
mae: 13.366454042258965
