fips: 8049
T_interval_start: 801
T_interval_end: 831
sigma: 0.9900000000000001
gamma: 0.04
rmse: 7.64085943930966
mae: 5.891691671193058
