fips: 8049
T_interval_start: 1015
T_interval_end: 1045
sigma: 0.9900000000000001
gamma: 0.03
rmse: 13.977885259372306
mae: 13.411674030175993
