fips: 8049
T_interval_start: 285
T_interval_end: 315
sigma: 0.9
gamma: 0.04
rmse: 14.004399025443638
mae: 13.79075990871355
