fips: 8049
T_interval_start: 101
T_interval_end: 132
sigma: 0.9500000000000001
gamma: 0.1
rmse: 0.2950420287585831
mae: 0.16091548628204616
