fips: 8049
T_interval_start: 619
T_interval_end: 650
sigma: 0.9900000000000001
gamma: 0.04
rmse: 109.85372753791104
mae: 108.13006461482989
