fips: 8049
T_interval_start: 742
T_interval_end: 770
sigma: 0.9
gamma: 0.04
rmse: 79.9363299989015
mae: 59.92626904710495
