fips: 8049
T_interval_start: 892
T_interval_end: 923
sigma: 0.9
gamma: 0.04
rmse: 7.705421288268745
mae: 7.538338664896153
