fips: 8049
T_interval_start: 680
T_interval_end: 711
sigma: 0.9900000000000001
gamma: 0.04
rmse: 22.75913732263123
mae: 20.797713010197363
