fips: 8049
T_interval_start: 831
T_interval_end: 862
sigma: 0.9900000000000001
gamma: 0.04
rmse: 9.519003087539367
mae: 7.5792486130661745
