fips: 8049
T_interval_start: 1045
T_interval_end: 1076
sigma: 0.9900000000000001
gamma: 0.03
rmse: 3.200937306636592
mae: 2.6809887388751115
