fips: 8049
T_interval_start: 466
T_interval_end: 497
sigma: 0.9900000000000001
gamma: 0.04
rmse: 49.79014816673399
mae: 49.20522277205373
