fips: 8049
T_interval_start: 589
T_interval_end: 619
sigma: 0.9900000000000001
gamma: 0.04
rmse: 121.05294851878224
mae: 120.71694114570957
