fips: 8049
T_interval_start: 862
T_interval_end: 892
sigma: 0.9900000000000001
gamma: 0.04
rmse: 8.650729371543166
mae: 7.318583017887177
