fips: 8049
T_interval_start: 346
T_interval_end: 377
sigma: 0.9900000000000001
gamma: 0.04
rmse: 7.354937798387412
mae: 6.39791755142155
