fips: 8049
T_interval_start: 650
T_interval_end: 680
sigma: 0.9900000000000001
gamma: 0.04
rmse: 48.05953630456913
mae: 46.991064331085106
