fips: 8049
T_interval_start: 254
T_interval_end: 285
sigma: 0.9
gamma: 0.04
rmse: 4.981488372344461
mae: 4.122361595515462
