fips: 8049
T_interval_start: 711
T_interval_end: 742
sigma: 0.9
gamma: 0.04
rmse: 153.67443942792545
mae: 134.36200054666435
