fips: 8049
T_interval_start: 527
T_interval_end: 558
sigma: 0.9900000000000001
gamma: 0.04
rmse: 36.83545343695082
mae: 36.83025334051655
