fips: 8049
T_interval_start: 285
T_interval_end: 315
sigma: 0.9
gamma: 0.04
rmse: 5.109110321114399
mae: 4.499945259256809
