fips: 8049
T_interval_start: 436
T_interval_end: 466
sigma: 0.9900000000000001
gamma: 0.04
rmse: 53.22151133824267
mae: 52.42451802424969
