fips: 8049
T_interval_start: 193
T_interval_end: 224
sigma: 0.9500000000000001
gamma: 0.05
rmse: 0.3598979465128941
mae: 0.2998404358413263
