fips: 8049
T_interval_start: 954
T_interval_end: 984
sigma: 0.9
gamma: 0.04
rmse: 6.44872903216519
mae: 6.396495759688172
