fips: 8049
T_interval_start: 377
T_interval_end: 405
sigma: 0.9
gamma: 0.04
rmse: 16.076383057728666
mae: 14.460970240880778
