"fips","county","state","r.lm","predicted.lm","r.slm","predicted.slm","date.y","days_from_start.y","log_rolled_cases.y","tau.hat","predicted.grf.future.0","predicted.grf.future.last","D.r.lm","D.r.slm","D.tau.hat","B.D.r.lm","B.D.r.slm","B.D.tau.hat"
1133,"Winston","Alabama",0.120144311842066,3.96400423605938,0.120144311842065,3.96400423605937,"2020-05-26",126,3.80666248977032,0.106581627807147,3.85550276378002,3.86906544781495,NA,NA,NA,NA,NA,NA
1133,"Winston","Alabama",0.129592829045598,4.1597366855297,0.129592829045596,4.15973668552969,"2020-05-27",127,3.88008995832514,0.107117677246099,3.97993547113371,4.0024106229332,0.00944851720353199,0.00944851720353099,0.000536049438951997,1,1,1
1133,"Winston","Alabama",0.114708947775962,4.17025846441821,0.11470894777596,4.1702584644182,"2020-05-28",128,3.95398720452718,0.104923413445576,4.09197418977512,4.1017597241055,-0.014883881269636,-0.014883881269636,-0.002194263800523,-1,-1,-1
1133,"Winston","Alabama",0.0894714028304942,4.08306705263043,0.0894714028304917,4.08306705263041,"2020-05-29",129,4.04054185622913,0.0882608214140481,4.07338240129886,4.07459298271531,-0.0252375449454678,-0.0252375449454683,-0.0166625920315279,-1,-1,-1
1133,"Winston","Alabama",0.098580828672448,4.24541386219655,0.0985808286724477,4.24541386219655,"2020-05-30",130,4.0943445622221,0.0967685274180152,4.23091545216109,4.23272775341552,0.00910942584195379,0.00910942584195601,0.00850770600396709,1,1,1
1133,"Winston","Alabama",0.0859904478555201,4.24327164433358,0.0859904478555218,4.24327164433359,"2020-05-31",131,4.14991441337691,0.0864837209549187,4.24721782912876,4.24672455602937,-0.0125903808169279,-0.0125903808169259,-0.0102848064630965,-1,-1,-1
1133,"Winston","Alabama",0.0826322645802702,4.3023966259871,0.0826322645802704,4.3023966259871,"2020-06-01",132,4.19181690503092,0.0849394733215389,4.32085429591725,4.31854708717598,-0.00335818327524989,-0.00335818327525141,-0.00154424763337981,-1,-1,-1
1133,"Winston","Alabama",0.0826917158451158,4.38550450068613,0.0826917158451139,4.38550450068612,"2020-06-02",133,4.21318523943662,0.0819735757303843,4.37975937976828,4.38047751988301,5.94512648455919e-05,5.94512648434964e-05,-0.00296589759115459,1,1,-1
1133,"Winston","Alabama",0.0734274685548172,4.39408223820886,0.0734274685548169,4.39408223820885,"2020-06-03",134,4.2257904483556,0.0750896307814581,4.40737953602198,4.40571737379535,-0.00926424729029859,-0.009264247290297,-0.0068839449489262,-1,-1,-1
1133,"Winston","Alabama",0.0738972462020399,4.47126792794146,0.0738972462020411,4.47126792794147,"2020-06-04",135,4.22995712105045,0.0786058005638585,4.50893636283601,4.50422780847419,0.000469777647222697,0.000469777647224209,0.00351616978240041,1,1,1
1133,"Winston","Alabama",0.0865546517019464,4.64642441814275,0.0865546517019475,4.64642441814276,"2020-06-05",136,4.22160634183303,0.0811595214961789,4.60326337649661,4.60865850670238,0.0126574054999065,0.0126574054999064,0.0025537209323204,1,1,1
1133,"Winston","Alabama",0.0538027059929755,4.47096350417293,0.0538027059929753,4.47096350417293,"2020-06-06",137,4.21740465497933,0.0531130801726894,4.46544649761065,4.46613612343093,-0.0327519457089709,-0.0327519457089722,-0.0280464413234895,-1,-1,-1
1133,"Winston","Alabama",0.055569851154812,4.5389033714606,0.0555698511548108,4.53890337146059,"2020-06-07",138,4.19827548507033,0.0540911470539181,4.52707373865345,4.52855244275434,0.0017671451618365,0.0017671451618355,0.000978066881228701,1,1,1
1133,"Winston","Alabama",0.0419024916540082,4.48513434660898,0.0419024916540085,4.48513434660898,"2020-06-08",139,4.18095903505887,0.0444812133944995,4.50576412053291,4.50318539879242,-0.0136673595008038,-0.0136673595008023,-0.0096099336594186,-1,-1,-1
1133,"Winston","Alabama",0.0213683344057004,4.36276358027652,0.0213683344057003,4.36276358027652,"2020-06-09",140,4.15664844555826,0.0255364021287949,4.39610812206128,4.39194005433818,-0.0205341572483078,-0.0205341572483082,-0.0189448112657046,-1,-1,-1
1133,"Winston","Alabama",0.0126052089189814,4.31402691078847,0.0126052089189814,4.31402691078847,"2020-06-10",141,4.12713438504509,0.0180769066281343,4.35780049246169,4.35232879475254,-0.008763125486719,-0.0087631254867189,-0.0074594955006606,-1,-1,-1
1133,"Winston","Alabama",0.00416667269484591,4.25912382991437,0.00416667269484616,4.25912382991437,"2020-06-11",142,4.10382330617665,0.0131552504096441,4.33103245163275,4.32204387391796,-0.00843853622413549,-0.00843853622413524,-0.0049216562184902,-1,-1,-1
1133,"Winston","Alabama",-0.00835077921742242,4.16315088731107,0,4.22160634183303,"2020-06-12",143,4.08957128346944,-0.0118015320401274,4.13554486472943,4.13899561755214,-0.0125174519122683,-0.00416667269484616,-0.0249567824497715,-1,-1,-1
1133,"Winston","Alabama",-0.00420168685369816,4.18799284700344,0,4.21740465497933,"2020-06-13",144,4.08477511120595,-0.0122400576038852,4.12368588100195,4.13172425175213,0.00414909236372426,0,-0.000438525563757799,1,0,-1
1133,"Winston","Alabama",-0.0191291699089937,4.06437129570738,0,4.19827548507033,"2020-06-14",145,4.08477511120595,-0.0179289157242684,4.07397332918518,4.07277307500045,-0.0149274830552955,0,-0.0056888581203832,-1,0,-1
1133,"Winston","Alabama",-0.0173164500114633,4.05974388497863,0,4.18095903505887,"2020-06-15",146,4.0943445622221,-0.0161430640043329,4.06913097303567,4.06795758702854,0.0018127198975304,0,0.0017858517199355,1,0,1
1133,"Winston","Alabama",-0.0243105895006155,3.98647431905395,0,4.15664844555826,"2020-06-16",147,4.11321304652648,-0.0198614544335743,4.02206739959028,4.01761826452324,-0.0069941394891522,0,-0.0037183904292414,-1,0,-1
1133,"Winston","Alabama",-0.0295140605131659,3.92053596145293,0,4.12713438504509,"2020-06-17",148,4.16111273868694,-0.0262068595910599,3.94699356882978,3.94368636790767,-0.0052034710125504,0,-0.0063454051574856,-1,0,-1
1133,"Winston","Alabama",-0.023311078868448,3.94064575409751,0,4.10382330617665,"2020-06-18",149,4.22995712105045,-0.0184595340939254,3.97945811229369,3.97460656751917,0.0062029816447179,0,0.0077473254971345,1,0,1
1133,"Winston","Alabama",-0.0142520227072019,3.98980712451903,0,4.08957128346944,"2020-06-19",150,4.29241447598419,-0.0123411113616987,4.00509441528306,4.00318350393755,0.0090590561612461,0,0.0061184227322267,1,0,1
1133,"Winston","Alabama",-0.00479617226349142,4.05120190536151,0,4.08477511120595,"2020-06-20",151,4.33448568990488,-0.00967299366602325,4.01218733414125,4.01706415554379,0.00945585044371048,0,0.00266811769567545,1,0,1
1133,"Winston","Alabama",0,4.08477511120595,0,4.08477511120595,"2020-06-21",152,4.38381075646738,-0.00969939843028538,4.00717992376367,4.01687932219395,0.00479617226349142,0,-2.640476426213e-05,1,0,-1
1133,"Winston","Alabama",0.009569451016151,4.16133071933516,0.00956945101615059,4.16133071933515,"2020-06-22",153,4.42227703729518,0.0146271643105345,4.20179242569023,4.19673471239584,0.009569451016151,0.00956945101615059,0.0243265627408199,1,1,1
1133,"Winston","Alabama",0.0188684843043827,4.24529243665716,0.0188684843043827,4.24529243665716,"2020-06-23",154,4.45931830897553,0.0244934791402922,4.29029239534444,4.28466740050852,0.0092990332882317,0.00929903328823211,0.0098663148297577,1,1,1
1133,"Winston","Alabama",0.0478996921604553,4.49641058381013,0.0478996921604571,4.49641058381014,"2020-06-24",155,4.50456027308886,0.0505782029460559,4.51783867009493,4.51516015930933,0.0290312078560726,0.0290312078560744,0.0260847238057637,1,1,1
1133,"Winston","Alabama",0.0688443823635061,4.71186779759499,0.0688443823635074,4.711867797595,"2020-06-25",156,4.54935540688169,0.0695952112826013,4.71787442894775,4.71712360002866,0.0209446902030508,0.0209446902030503,0.0190170083365454,1,1,1
1133,"Winston","Alabama",0.0624573549337457,4.72961596052041,0.0624573549337466,4.72961596052042,"2020-06-26",157,4.59800169650948,0.0592877438977559,4.7042590722325,4.70742868326848,-0.0063870274297604,-0.0063870274297608,-0.0103074673848454,-1,-1,-1
1133,"Winston","Alabama",0.0420712139206884,4.6289841873497,0.0420712139206874,4.62898418734969,"2020-06-27",158,4.6525988795592,0.0420241352625374,4.62860755808449,4.62865463674264,-0.0203861410130573,-0.0203861410130592,-0.0172636086352185,-1,-1,-1
1133,"Winston","Alabama",0.0493250665624997,4.72908622240488,0.0493250665625009,4.72908622240489,"2020-06-28",159,4.70307440096946,0.048618900293518,4.72343689225302,4.72414305852201,0.0072538526418113,0.0072538526418135,0.0065947650309806,1,1,1
1133,"Winston","Alabama",0.0384662808277997,4.69154100308978,0.0384662808277971,4.69154100308976,"2020-06-29",160,4.76095218754743,0.0363968228986088,4.67498533965625,4.67705479758544,-0.0108587857347,-0.0108587857347038,-0.0122220773949092,-1,-1,-1
1133,"Winston","Alabama",0.0370412716803491,4.71860721073797,0.0370412716803479,4.71860721073796,"2020-06-30",161,4.81681935787657,0.0382204057499036,4.72804028329441,4.72686114922486,-0.00142500914745061,-0.0014250091474492,0.0018235828512948,-1,-1,1
1133,"Winston","Alabama",0.0452419641133347,4.82125402188221,0.0452419641133348,4.82125402188221,"2020-07-01",162,4.856484614269,0.0443618892094166,4.81421342265086,4.81509349755478,0.0082006924329856,0.00820069243298691,0.00614148345951299,1,1,1
1133,"Winston","Alabama",0.0447951337928327,4.86292134343152,0.0447951337928325,4.86292134343152,"2020-07-02",163,4.88063507450128,0.0442995292055124,4.85895650673296,4.85945211132028,-0.000446830320501995,-0.000446830320502301,-6.23600039041938e-05,-1,-1,-1
1133,"Winston","Alabama",0.0486462896277844,4.93852572390397,0.0486462896277846,4.93852572390397,"2020-07-03",164,4.89996972620873,0.0469774591927554,4.92517508042373,4.92684391085877,0.0038511558349517,0.0038511558349521,0.002677929987243,1,1,1
1133,"Winston","Alabama",0.0545971830497257,5.03477916090728,0.0545971830497241,5.03477916090727,"2020-07-04",165,4.92102313540657,0.0519604316738048,5.01368514989992,5.01632190127583,0.0059508934219413,0.0059508934219395,0.0049829724810494,1,1,1
1133,"Winston","Alabama",0.0504755214102579,5.05640305084126,0.0504755214102568,5.05640305084126,"2020-07-05",166,4.9406214934752,0.0475975064246665,5.03337893095653,5.03625694594213,-0.0041216616394678,-0.0041216616394673,-0.0043629252491383,-1,-1,-1
1133,"Winston","Alabama",0.0578777865779749,5.16609669359326,0.0578777865779747,5.16609669359326,"2020-07-06",167,4.9507841825674,0.0552174543831068,5.14481403603431,5.14747436822918,0.007402265167717,0.0074022651677179,0.0076199479584403,1,1,1
1133,"Winston","Alabama",0.0558671703291327,5.2078895501805,0.055867170329134,5.20788955018051,"2020-07-07",168,4.95683258810328,0.0537739675253847,5.19114392775051,5.19323713055426,-0.0020106162488422,-0.0020106162488407,-0.0014434868577221,-1,-1,-1
1133,"Winston","Alabama",0.0396652563924319,5.13414140901602,0.039665256392432,5.13414140901603,"2020-07-08",169,4.96683267143787,0.0374867214199348,5.11671312923605,5.11889166420854,-0.0162019139367008,-0.016201913936702,-0.0162872461054499,-1,-1,-1
1133,"Winston","Alabama",0.0241504602322823,5.04968829612726,0.0241504602322813,5.04968829612725,"2020-07-09",170,4.969813299576,0.0265323816558971,5.06874366751618,5.06636174609256,-0.0155147961601496,-0.0155147961601507,-0.0109543397640377,-1,-1,-1
1133,"Winston","Alabama",0.0193346517074507,5.03531228816089,0.0193346517074522,5.0353122881609,"2020-07-10",171,4.95783710852928,0.0222308076468965,5.05848153567645,5.05558537973701,-0.0048158085248316,-0.0048158085248291,-0.0043015740090006,-1,-1,-1
1133,"Winston","Alabama",0.0210534091978331,5.0683969997914,0.0210534091978332,5.0683969997914,"2020-07-11",172,4.93959952097951,0.0229031839208039,5.08319519757516,5.0813454228522,0.0017187574903824,0.001718757490381,0.000672376273907399,1,1,1
1133,"Winston","Alabama",0.0195983580686295,5.0778099999556,0.0195983580686301,5.07780999995561,"2020-07-12",173,4.92414326274281,0.0213186927374426,5.09157267730611,5.0898523426373,-0.0014550511292036,-0.0014550511292031,-0.0015844911833613,-1,-1,-1
1133,"Winston","Alabama",0.0101626890921972,5.02192300621278,0.0101626890921986,5.02192300621279,"2020-07-13",174,4.91684776399609,0.0164228896622808,5.07200461077345,5.06574441020337,-0.0094356689764323,-0.0094356689764315,-0.0048958030751618,-1,-1,-1
1133,"Winston","Alabama",0.0060484055358818,4.99917142685445,0.00604840553588204,4.99917142685445,"2020-07-14",175,4.91684776399609,0.0129221850600945,5.05416166304816,5.04728788352394,-0.0041142835563154,-0.00411428355631656,-0.0035007046021863,-1,-1,-1
1133,"Winston","Alabama",0.0100000833345862,5.03683325477997,0.010000083334587,5.03683325477997,"2020-07-15",176,4.90949864955462,0.0132147512386417,5.06255059801241,5.05933593010836,0.0039516777987044,0.00395167779870496,0.000292566178547201,1,1,1
1133,"Winston","Alabama",0.00298062813813414,4.99067769654294,0.00298062813813527,4.99067769654295,"2020-07-16",177,4.90527477843843,0.0116838451045511,5.06030343227428,5.05160021530786,-0.00701945519645206,-0.00701945519645173,-0.0015309061340906,-1,-1,-1
1133,"Winston","Alabama",-0.0119761910467161,4.87400377120227,0,4.95783710852928,"2020-07-17",178,4.90421601709019,-0.0125082698874206,4.86974714047664,4.87027921931734,-0.0149568191848502,-0.00298062813813527,-0.0241921149919717,-1,-1,-1
1133,"Winston","Alabama",-0.0182375875497758,4.81193640813107,0,4.93959952097951,"2020-07-18",179,4.90844435319971,-0.0126248670003921,4.85683817252614,4.85122545197676,-0.0062613965030597,0,-0.0001165971129715,-1,0,-1
1133,"Winston","Alabama",-0.015456258236691,4.81594945508598,0,4.92414326274281,"2020-07-19",180,4.90949864955462,-0.0128038458292362,4.83716875434562,4.83451634193816,0.0027813293130848,0,-0.000178978828844101,1,0,-1
1133,"Winston","Alabama",-0.00729549874672299,4.86577927276903,0,4.91684776399609,"2020-07-20",181,4.90844435319971,-0.00674571721602566,4.8701775250146,4.86962774348391,0.00816075948996801,0,0.00605812861321054,1,0,1
1133,"Winston","Alabama",-1.25607396694711e-15,4.91684776399608,0,4.91684776399609,"2020-07-21",182,4.89677313318311,0.0109290111074638,5.0042798528558,4.99335084174834,0.00729549874672173,0,0.0176747283234895,1,0,1
1133,"Winston","Alabama",-0.00734911444147341,4.8580548484643,0,4.90949864955462,"2020-07-22",183,4.88927443709199,-0.0054908917203004,4.87292063023369,4.87106240751252,-0.00734911444147215,0,-0.0164199028277642,-1,0,-1
1133,"Winston","Alabama",-0.00422387111618632,4.87570768062513,0,4.90527477843843,"2020-07-23",184,4.89570532742228,-0.00689303107692052,4.85435440093926,4.85702356089999,0.00312524332528709,0,-0.00140213935662012,1,0,-1
1133,"Winston","Alabama",-0.00105876134824032,4.89680468765251,0,4.90421601709019,"2020-07-24",185,4.91160391349008,-0.00178325000979639,4.89100877836006,4.89173326702161,0.003165109767946,0,0.00510978106712413,1,0,1
1133,"Winston","Alabama",0.00422833610951816,4.93804270596633,0.00422833610951656,4.93804270596632,"2020-07-25",186,4.91789324239764,0.0154954247606425,5.02817941517533,5.01691232652421,0.00528709745775848,0.00422833610951656,0.0172786747704389,1,1,1
1133,"Winston","Alabama",0.00105429635491233,4.916878724039,0.00105429635491294,4.91687872403901,"2020-07-26",187,4.91789324239764,0.0128756198045949,5.01144931163647,4.99962798818678,-0.00317403975460583,-0.00317403975460362,-0.0026198049560476,-1,-1,-1
1133,"Winston","Alabama",-0.00105429635491229,4.90106427871532,0,4.90844435319971,"2020-07-27",188,4.91580119142541,-0.00261213231118768,4.88860159106512,4.8901594270214,-0.00210859270982462,-0.00105429635491294,-0.0154877521157826,-1,-1,-1
1133,"Winston","Alabama",-0.0116712200165939,4.81507459306695,0,4.89677313318311,"2020-07-28",189,4.91893762891555,-0.00723225801772754,4.85058628905789,4.84614732705902,-0.0106169236616816,0,-0.00462012570653986,-1,0,-1
1133,"Winston","Alabama",-0.00749869609112176,4.83678356445414,0,4.88927443709199,"2020-07-29",190,4.92828834639798,-0.00668778858814326,4.84327082447796,4.84245991697499,0.00417252392547214,0,0.00054446942958428,1,0,1
1133,"Winston","Alabama",0.00643089033029194,4.94072155973432,0.00643089033029121,4.94072155973432,"2020-07-30",191,4.92414326274281,0.0131048121992779,4.99411293468621,4.98743901281722,0.0139295864214137,0.00643089033029121,0.0197926007874212,1,1,1
1133,"Winston","Alabama",0.0158985860677973,5.02289401596466,0.0158985860677969,5.02289401596466,"2020-07-31",192,4.91684776399609,0.0174480851304221,5.03529000846566,5.03374050940304,0.00946769573750536,0.00946769573750569,0.0043432729311442,1,1,1
1133,"Winston","Alabama",0.00628932890756477,4.9619185447506,0.00628932890756495,4.9619185447506,"2020-08-01",193,4.92206425991498,0.0138517172717324,5.02241765166394,5.01485526329977,-0.00960925716023253,-0.00960925716023195,-0.0035963678586897,-1,-1,-1
1133,"Winston","Alabama",0,4.91789324239764,0,4.91789324239764,"2020-08-02",194,4.93138592244212,-0.00279674800392087,4.89551925836627,4.89831600637019,-0.00628932890756477,-0.00628932890756495,-0.0166484652756533,-1,-1,-1
1133,"Winston","Alabama",-0.00209205097222965,4.90115683461981,0,4.91580119142541,"2020-08-03",195,4.93652732194253,-0.00219290018135364,4.90035004094681,4.90045089015593,-0.00209205097222965,0,0.00060384782256723,-1,0,1
1133,"Winston","Alabama",0.00313643749013547,4.9408926913465,0.00313643749013526,4.9408926913465,"2020-08-04",196,4.93550115458722,0.0104590168870103,4.99947332652149,4.99215074712462,0.00522848846236512,0.00313643749013526,0.0126519170683639,1,1,1
1133,"Winston","Alabama",0.009350717482432,4.993743368775,0.00935071748243121,4.993743368775,"2020-08-05",197,4.92102313540657,0.0129232471894882,5.02232360643146,5.0187510767244,0.00621427999229653,0.00621427999229595,0.0024642303024779,1,1,1
1133,"Winston","Alabama",-0.00414508365516515,4.89512767715666,0,4.92414326274281,"2020-08-06",198,4.91370475459889,-0.00241840673544994,4.90894109251438,4.90721441559466,-0.0134958011375972,-0.00935071748243121,-0.0153416539249381,-1,-1,-1
1133,"Winston","Alabama",-0.00729549874672329,4.86577927276903,0,4.91684776399609,"2020-08-07",199,4.90209512552105,-0.00626154166177681,4.87405092944859,4.87301697236365,-0.00315041509155814,0,-0.00384313492632687,-1,0,-1
1133,"Winston","Alabama",0.00521649591888605,4.95857973134718,0.00521649591888629,4.95857973134718,"2020-08-08",200,4.88604341651054,0.00960583843960496,4.99369447151293,4.98930512899222,0.0125119946656093,0.00521649591888629,0.0158673801013818,1,1,1
1133,"Winston","Alabama",0.00932166252714001,4.9966375601321,0.00932166252714062,4.9966375601321,"2020-08-09",201,4.86753445045558,0.0119410787981186,5.01759289029993,5.01497347402895,0.00410516660825396,0.00410516660825433,0.00233524035851364,1,1,1
1133,"Winston","Alabama",0.0051413995004137,4.97251711844543,0.00514139950041415,4.97251711844543,"2020-08-10",202,4.85203026391962,0.00907406015779159,5.00397840370445,5.00004574304707,-0.00418026302672631,-0.00418026302672647,-0.00286701864032701,-1,-1,-1
1133,"Winston","Alabama",-0.0010261673553105,4.92831798310005,0,4.93550115458722,"2020-08-11",203,4.83628190695148,-0.00446674870154444,4.90079333233018,4.90423391367641,-0.0061675668557242,-0.00514139950041415,-0.013540808859336,-1,-1,-1
1133,"Winston","Alabama",-0.0144780191806543,4.81967700114199,0,4.92102313540657,"2020-08-12",204,4.82143297621008,-0.0113460917585344,4.84473242051894,4.84160049309683,-0.0134518518253438,0,-0.00687934305698996,-1,0,-1
1133,"Winston","Alabama",-0.00731838080768168,4.86247608894512,0,4.91370475459889,"2020-08-13",205,4.79105680894654,-0.00719397789612385,4.86347131223758,4.86334690932602,0.00715963837297262,0,0.00415211386241055,1,0,1
1133,"Winston","Alabama",-0.0116096290778341,4.82082772197621,0,4.90209512552105,"2020-08-14",206,4.7548209604925,-0.0111040154327685,4.82487263113674,4.82436701749167,-0.00429124827015242,0,-0.00391003753664465,-1,0,-1
1133,"Winston","Alabama",-0.0160517090105159,4.77368145343693,0,4.88604341651054,"2020-08-15",207,4.71977356872709,-0.0135877545344621,4.79339308924535,4.79092913476931,-0.0044420799326818,0,-0.0024837391016936,-1,0,-1
1133,"Winston","Alabama",-0.0185089660549558,4.73797168807089,0,4.86753445045558,"2020-08-16",208,4.70177822450801,-0.0166037069329851,4.75321376104666,4.75130850192468,-0.0024572570444399,0,-0.003015952398523,-1,0,-1
1133,"Winston","Alabama",-0.0155041865359637,4.74350095816787,0,4.85203026391962,"2020-08-17",209,4.67948221895265,-0.0148752908321451,4.74853212379842,4.7479032280946,0.0030047795189921,0,0.00172841610084,1,0,1
1133,"Winston","Alabama",-0.0157483569681391,4.7260434081745,0,4.83628190695148,"2020-08-18",210,4.66613088577778,-0.0152963446296255,4.72965950688262,4.7292074945441,-0.000244170432175402,0,-0.000421053797480399,-1,0,-1
1133,"Winston","Alabama",-0.0148489307414003,4.71749046102028,0,4.82143297621008,"2020-08-19",211,4.65396035015752,-0.0148248527765039,4.71768308473945,4.71765900677455,0.000899426226738801,0,0.000471491853121599,1,0,1
1133,"Winston","Alabama",-0.0303761672635416,4.57842363810175,0,4.79105680894654,"2020-08-20",212,4.64163986576949,-0.0254327126336637,4.61797127514077,4.61302782051089,-0.0155272365221413,0,-0.0106078598571598,-1,0,-1
1133,"Winston","Alabama",-0.0362358484540392,4.50117002131422,0,4.7548209604925,"2020-08-21",213,4.6388812433304,-0.0309458683756922,4.543489861941,4.53819988186266,-0.0058596811904976,0,-0.0055131557420285,-1,0,-1
1133,"Winston","Alabama",-0.0350473917653997,4.4744418263693,0,4.71977356872709,"2020-08-22",214,4.62216776235667,-0.0307991701593619,4.50842759921761,4.50417937761156,0.0011884566886395,0,0.000146698216330302,1,0,1
1133,"Winston","Alabama",-0.0179953442190805,4.57581081497445,0,4.70177822450801,"2020-08-23",215,4.58204776856724,-0.0186884060877563,4.57026632002504,4.57095938189372,0.0170520475463192,0,0.0121107640716056,1,0,1
1133,"Winston","Alabama",-0.0222960055553705,4.52341018006505,0,4.67948221895265,"2020-08-24",216,4.55537952148507,-0.0240186091920914,4.50962935097128,4.51135195460801,-0.00430066133629,0,-0.0053302031043351,-1,0,-1
1133,"Winston","Alabama",-0.0133513331748706,4.57267155355368,0,4.66613088577778,"2020-08-25",217,4.52952256764878,-0.0172624864349338,4.54138232747318,4.54529348073324,0.0089446723804999,0,0.0067561227571576,1,0,1
1133,"Winston","Alabama",-0.0121705356202512,4.56876660081576,0,4.65396035015752,"2020-08-26",218,4.51085950651685,-0.0146013740000899,4.54931989377706,4.55175073215689,0.0011807975546194,0,0.0026611124348439,1,0,1
1133,"Winston","Alabama",-0.0123204843880387,4.55539647505321,0,4.64163986576949,"2020-08-27",219,4.51867815463465,-0.0138426547842129,4.54321911188382,4.54474128228,-0.000149948767787499,0,0.000758719215877,-1,0,1
1133,"Winston","Alabama",-0.00275862243908737,4.61957088625679,0,4.6388812433304,"2020-08-28",220,4.53719720240189,-0.0110227263406597,4.55345805504421,4.56172215894578,0.00956186194895133,0,0.0028199284435532,1,0,1
1133,"Winston","Alabama",-0.0167134809737326,4.50517339554054,0,4.62216776235667,"2020-08-29",221,4.56880254181722,-0.0162784301049145,4.50865380249108,4.50821875162227,-0.0139548585346452,0,-0.0052557037642548,-1,0,-1
1133,"Winston","Alabama",-0.0401199937894293,4.30120781204123,0,4.58204776856724,"2020-08-30",222,4.60659773797928,-0.036931036645397,4.32671946919349,4.32353051204946,-0.0234065128156967,0,-0.0206526065404825,-1,0,-1
1133,"Winston","Alabama",-0.0266682470821597,4.36870179190996,0,4.55537952148507,"2020-08-31",223,4.6291656915443,-0.0248958577019136,4.38288090695193,4.38110851757167,0.0134517467072696,0,0.0120351789434834,1,0,1
1133,"Winston","Alabama",-0.0258569538363004,4.34852389079467,0,4.52952256764878,"2020-09-01",224,4.66209047624077,-0.024142319949314,4.36224096189056,4.36052632800358,0.000811293245859299,0,0.000753537752599599,1,0,1
1133,"Winston","Alabama",-0.0186630611319279,4.38021807859336,0,4.51085950651685,"2020-09-02",225,4.69003640663133,-0.0188303545924511,4.37887973090917,4.37904702436969,0.0071938927043725,0,0.0053119653568629,1,0,1
1133,"Winston","Alabama",0.00781864811779796,4.57340869145923,0.00781864811779798,4.57340869145923,"2020-09-03",226,4.71466500078438,0.0110418273583896,4.59919412538397,4.59597094614338,0.0264817092497259,0.00781864811779798,0.0298721819508407,1,1,1
1133,"Winston","Alabama",0.0185190477672386,4.66683053677256,0.0185190477672377,4.66683053677255,"2020-09-04",227,4.7411984588112,0.0153664660183393,4.64160988278137,4.64476246453026,0.0107003996494406,0.0107003996494397,0.0043246386599497,1,1,1
1133,"Winston","Alabama",0.0316053394153322,4.79003991772454,0.0316053394153313,4.79003991772454,"2020-09-05",228,4.76461296039711,0.0270064329694388,4.7532486661574,4.75784757260329,0.0130862916480936,0.0130862916480936,0.0116399669510995,1,1,1
1133,"Winston","Alabama",0.0377951961620615,4.87116411111371,0.0377951961620591,4.87116411111369,"2020-09-06",229,4.78868151091763,0.0340369319244801,4.84109799721306,4.84485626145064,0.0061898567467293,0.0061898567467278,0.0070304989550413,1,1,1
1133,"Winston","Alabama",0.0225679535650267,4.78714136649949,0.0225679535650274,4.78714136649949,"2020-09-07",230,4.81566261974874,0.0218923697981071,4.78173669636414,4.78241228013105,-0.0152272425970348,-0.0152272425970317,-0.012144562126373,-1,-1,-1
1133,"Winston","Alabama",0.0329247846964718,4.89256396911608,0.0329247846964718,4.89256396911608,"2020-09-08",231,4.83287474862987,0.0279503333906018,4.85276835866911,4.85774280997498,0.0103568311314451,0.0103568311314444,0.0060579635924947,1,1,1
1133,"Winston","Alabama",0.0279459303905601,4.88565791936526,0.0279459303905591,4.88565791936525,"2020-09-09",232,4.8553728854163,0.022830798741349,4.84473686617156,4.84985199782077,-0.0049788543059117,-0.0049788543059127,-0.0051195346492528,-1,-1,-1
1133,"Winston","Alabama",0.0246285941530423,4.88706515985567,0.0246285941530422,4.88706515985567,"2020-09-10",233,4.86972984101902,0.0232666090997993,4.87616927942972,4.87753126448298,-0.0033173362375178,-0.0033173362375169,0.000435810358450302,-1,-1,1
1133,"Winston","Alabama",0.0265334580268272,4.926932664999,0.0265334580268286,4.92693266499901,"2020-09-11",234,4.8795498872,0.0239424649736624,4.90620472057368,4.90879571362684,0.0019048638737849,0.0019048638737864,0.000675855873863099,1,1,1
1133,"Winston","Alabama",0.0234145015859068,4.92851447149846,0.0234145015859077,4.92851447149847,"2020-09-12",235,4.88927443709199,0.0235586565984497,4.9296677115988,4.92952355658626,-0.0031189564409204,-0.0031189564409209,-0.000383808375212701,-1,-1,-1
1133,"Winston","Alabama",0.0240685505205215,4.95716136456128,0.0240685505205214,4.95716136456128,"2020-09-13",236,4.91160391349008,0.0219917489728906,4.94054695218024,4.94262375372787,0.000654048934614699,0.0006540489346137,-0.0015669076255591,1,1,-1
1133,"Winston","Alabama",0.0269811088311065,5.00453038156648,0.0269811088311052,5.00453038156648,"2020-09-14",237,4.93241631923601,0.0246303861731921,4.98572460030317,4.98807532296108,0.002912558310585,0.0029125583105838,0.0026386372003015,1,1,1
1133,"Winston","Alabama",0.0172121288811277,4.95335965079776,0.0172121288811278,4.95335965079776,"2020-09-15",238,4.94368115929915,0.0167958140054648,4.95002913179246,4.95044544666812,-0.0097689799499788,-0.0097689799499774,-0.0078345721677273,-1,-1,-1
1133,"Winston","Alabama",0.0224981367864383,5.01285984292137,0.022498136786437,5.01285984292136,"2020-09-16",239,4.95482051498986,0.0209129023468312,5.00017796740452,5.00176320184412,0.0052860079053106,0.0052860079053092,0.0041170883413664,1,1,1
1133,"Winston","Alabama",0.0143569556027113,4.970228530238,0.0143569556027119,4.970228530238,"2020-09-17",240,4.9638431325895,0.014136763544186,4.96846699376979,4.96868718582832,-0.008141181183727,-0.0081411811837251,-0.0067761388026452,-1,-1,-1
1133,"Winston","Alabama",0.00982004618098282,4.94829021046688,0.0098200461809812,4.94829021046687,"2020-09-18",241,4.96284463025991,0.0108027112800441,4.95615153125937,4.95516886616031,-0.00453690942172848,-0.0045369094217307,-0.0033340522641419,-1,-1,-1
1133,"Winston","Alabama",0.00972454989199232,4.95734628633594,0.00972454989199267,4.95734628633594,"2020-09-19",242,4.96583715119636,0.00965386679848799,4.9567808215879,4.95685150468141,-9.54962889905004e-05,-9.54962889885298e-05,-0.00114884448155611,-1,-1,-1
1133,"Winston","Alabama",0.0223294763980882,5.0679102482767,0.0223294763980881,5.06791024827669,"2020-09-20",243,4.95884062090652,0.0193279773865851,5.04389825618467,5.04689975519618,0.0126049265060959,0.0126049265060954,0.00967411058809711,1,1,1
1133,"Winston","Alabama",0.0208124057459365,5.07810315945757,0.0208124057459358,5.07810315945756,"2020-09-21",244,4.95280438527468,0.0189701880976385,5.06336541827119,5.06520763591948,-0.0015170706521517,-0.0015170706521523,-0.0003577892889466,-1,-1,-1
1133,"Winston","Alabama",0.0112648400631361,5.0225350397411,0.011264840063137,5.02253503974111,"2020-09-22",245,4.95381295822956,0.010912420865268,5.01971568615815,5.02006810535603,-0.0095475656828004,-0.0095475656827988,-0.0080577672323705,-1,-1,-1
1133,"Winston","Alabama",0.0111393556907091,5.03279600482482,0.0111393556907098,5.03279600482483,"2020-09-23",246,4.93550115458722,0.0122166125594661,5.04141405977488,5.04033680290612,-0.000125484372427001,-0.000125484372427201,0.0013041916941981,-1,-1,1
1133,"Winston","Alabama",0.00902261759963559,5.02700145578694,0.0090226175996353,5.02700145578694,"2020-09-24",247,4.93755243735778,0.0106266887259513,5.03983402479747,5.03822995367116,-0.00211673809107351,-0.0021167380910745,-0.0015899238335148,-1,-1,-1
1133,"Winston","Alabama",-0.000998502329590021,4.95585511395278,0,4.96284463025991,"2020-09-25",248,4.94368115929915,-0.00687418702827695,4.90884963636328,4.91472532106197,-0.0100211199292256,-0.0090226175996353,-0.0175008757542282,-1,-1,-1
1133,"Winston","Alabama",0.00299252093645065,4.98678479775151,0.00299252093645119,4.98678479775152,"2020-09-26",249,4.94875989037817,0.0056656000933797,5.00816943100695,5.00549635185002,0.00399102326604067,0.00299252093645119,0.0125397871216567,1,1,1
1133,"Winston","Alabama",-0.0069965302898361,4.90986490887767,0,4.95884062090652,"2020-09-27",250,4.94977254869255,-0.00874658664011622,4.89586445807543,4.89761451442571,-0.00998905122628675,-0.00299252093645119,-0.0144121867334959,-1,-1,-1
1133,"Winston","Alabama",-0.00603623563184313,4.91055073585178,0,4.95280438527468,"2020-09-28",251,4.94266231051005,-0.00809989413199084,4.89404146785059,4.89610512635074,0.00096029465799297,0,0.000646692508125379,1,0,1
1133,"Winston","Alabama",0.001008572954884,4.96087296891375,0.0010085729548841,4.96087296891375,"2020-09-29",252,4.92621795228367,0.00554969379451861,4.99720193563083,4.99266081479119,0.00704480858672713,0.0010085729548841,0.0136495879265095,1,1,1
1133,"Winston","Alabama",-0.0183118036423417,4.80731852909083,0,4.93550115458722,"2020-09-30",253,4.92206425991498,-0.0162025996837408,4.82419216075963,4.82208295680103,-0.0193203765972257,-0.0010085729548841,-0.0217522934782594,-1,-1,-1
1133,"Winston","Alabama",0.00205128277055575,4.95191141675167,0.00205128277055522,4.95191141675166,"2020-10-01",254,4.88712158373089,0.00537326039635284,4.97848723775804,4.97516526013225,0.0203630864128974,0.00205128277055522,0.0215758600800936,1,1,1
1133,"Winston","Alabama",0.00612872194137421,4.98658221288877,0.00612872194137459,4.98658221288877,"2020-10-02",255,4.86091921133686,0.00696014554215257,4.993233601695,4.99240217809422,0.00407743917081846,0.00407743917081937,0.00158688514579973,1,1,1
1133,"Winston","Alabama",0.00507873107901772,4.98431100793129,0.00507873107901791,4.98431100793129,"2020-10-03",256,4.82945594188108,0.0065323924982825,4.99594029928541,4.99448663786615,-0.00104999086235649,-0.00104999086235668,-0.00042775304387007,-1,-1,-1
1133,"Winston","Alabama",0.00101265831438332,4.95686115689324,0.00101265831438546,4.95686115689325,"2020-10-04",257,4.79460921055091,0.00486587260081432,4.98768687118468,4.98383365689825,-0.0040660727646344,-0.00406607276463245,-0.00166651989746818,-1,-1,-1
1133,"Winston","Alabama",-0.00711023818250584,4.89289064323251,0,4.94266231051005,"2020-10-05",258,4.75727796418555,-0.00817723737583093,4.8843546496859,4.88542164887923,-0.00812289649688916,-0.00101265831438546,-0.0130431099766452,-1,-1,-1
1133,"Winston","Alabama",-0.016444358226377,4.81110744469903,0,4.92621795228367,"2020-10-06",259,4.73117331219182,-0.0151746002823065,4.8212655082516,4.81999575030753,-0.00933412004387116,0,-0.00699736290647557,-1,0,-1
1133,"Winston","Alabama",-0.00415369236869618,4.8929884133341,0,4.92206425991498,"2020-10-07",260,4.72104664337389,-0.00705233385818293,4.86979928141821,4.8726979229077,0.0122906658576808,0,0.00812226642412357,1,0,1
1133,"Winston","Alabama",-0.0349426761840838,4.6425228504423,0,4.88712158373089,"2020-10-08",261,4.72358794080257,-0.0296278859874073,4.68504117201572,4.67972638181904,-0.0307889838153876,0,-0.0225755521292244,-1,0,-1
1133,"Winston","Alabama",-0.0262023723940258,4.67750260457868,0,4.86091921133686,"2020-10-09",262,4.72358794080257,-0.02175866870491,4.71305223409161,4.70860853040249,0.008740303790058,0,0.0078692172824973,1,0,1
1133,"Winston","Alabama",-0.0314632694557821,4.6092130556906,0,4.82945594188108,"2020-10-10",263,4.73995079801304,-0.0265547016652218,4.64848159801509,4.64357303022453,-0.0052608970617563,0,-0.0047960329603118,-1,0,-1
1133,"Winston","Alabama",-0.0348467313301613,4.55068209123978,0,4.79460921055091,"2020-10-11",264,4.7585042059088,-0.0276294341119165,4.60842046898575,4.6012031717675,-0.0033834618743792,0,-0.0010747324466947,-1,0,-1
1133,"Winston","Alabama",-0.037331246365369,4.49595923962796,0,4.75727796418555,"2020-10-12",265,4.78152157579554,-0.0312314365100433,4.54475771847056,4.53865790861525,-0.0024845150352077,0,-0.0036020023981268,-1,0,-1
1133,"Winston","Alabama",-0.0261046519937258,4.54844074823574,0,4.73117331219182,"2020-10-13",266,4.81450454202811,-0.0229162702093694,4.5739478025106,4.57075942072623,0.0112265943716432,0,0.0083151663006739,1,0,1
1133,"Winston","Alabama",-0.0101266688179287,4.65015996164839,0,4.72104664337389,"2020-10-14",267,4.83854691358233,-0.0135234323793627,4.62298585315692,4.62638261671835,0.0159779831757971,0,0.0093928378300067,1,0,1
1133,"Winston","Alabama",0.0025412974286777,4.74137702280331,0.00254129742867892,4.74137702280332,"2020-10-15",268,4.87301391622021,0.00529938889279535,4.76344175451625,4.76068366305214,0.0126679662466064,0.00254129742867892,0.018822821272158,1,1,1
1133,"Winston","Alabama",0,4.72358794080257,0,4.72358794080257,"2020-10-16",269,4.89034912822175,-0.00580102804197356,4.67717971646678,4.68298074450876,-0.0025412974286777,-0.00254129742867892,-0.0111004169347689,-1,-1,-1
1133,"Winston","Alabama",0.016362857210473,4.85449079848635,0.0163628572104733,4.85449079848636,"2020-10-17",270,4.90633241999656,0.016711439482492,4.85727945666251,4.85693087439048,0.016362857210473,0.0163628572104733,0.0225124675244656,1,1,1
1133,"Winston","Alabama",0.018553407895755,4.88837806117908,0.0185534078957543,4.88837806117908,"2020-10-18",271,4.92206425991498,0.0171339008849358,4.87702200509253,4.87844151210335,0.002190550685282,0.002190550685281,0.000422461402443799,1,1,1
1133,"Winston","Alabama",0.0230173698867408,4.94264316500273,0.0230173698867429,4.94264316500274,"2020-10-19",272,4.95280438527468,0.0212108613386954,4.92819109661836,4.92999760516641,0.0044639619909858,0.0044639619909886,0.0040769604537596,1,1,1
1133,"Winston","Alabama",0.0329829662325718,5.04538530565612,0.0329829662325727,5.04538530565612,"2020-10-20",273,4.97870224699324,0.0325617216379605,5.04201534889922,5.04243659349383,0.009965596345831,0.0099655963458298,0.0113508602992651,1,1,1
1133,"Winston","Alabama",0.0240423715542136,5.00684351446182,0.0240423715542155,5.00684351446184,"2020-10-21",274,4.99624655664416,0.0240137959348213,5.00661490950668,5.00664348512608,-0.0089405946783582,-0.0089405946783572,-0.0085479257031392,-1,-1,-1
1133,"Winston","Alabama",0.0344670026378844,5.1142829346854,0.0344670026378822,5.11428293468539,"2020-10-22",275,5.01063529409626,0.0346498658738724,5.11574584057331,5.11556297733732,0.0104246310836708,0.0104246310836667,0.0106360699390511,1,1,1
1133,"Winston","Alabama",0.0173352120015442,5.01169561223256,0.0173352120015435,5.01169561223256,"2020-10-23",276,5.04158009794568,0.0169185316901907,5.00836216974174,5.00877885005309,-0.0171317906363402,-0.0171317906363387,-0.0177313341836817,-1,-1,-1
1133,"Winston","Alabama",0.0159832917748116,5.01821546242024,0.0159832917748099,5.01821546242023,"2020-10-24",277,5.05897184065754,0.016561352600892,5.02283994902889,5.0222618882028,-0.0013519202267326,-0.0013519202267336,-0.0003571790892987,-1,-1,-1
1133,"Winston","Alabama",0.0157318399184148,5.03218713934388,0.0157318399184136,5.03218713934387,"2020-10-25",278,5.08051665964432,0.0153431741515577,5.02907781320902,5.02946647897588,-0.0002514518563968,-0.000251451856396301,-0.0012181784493343,-1,-1,-1
1133,"Winston","Alabama",0.0307401253596971,5.16798526279256,0.0307401253597002,5.16798526279258,"2020-10-26",279,5.09724976693303,0.0293074133059975,5.15652356636296,5.15795627841666,0.0150082854412823,0.0150082854412866,0.0139642391544398,1,1,1
1133,"Winston","Alabama",0.0258978617185676,5.15998727902322,0.0258978617185672,5.15998727902322,"2020-10-27",280,5.10681090017701,0.0241694499902216,5.14615998519645,5.14788839692479,-0.0048422636411295,-0.004842263641133,-0.0051379633157759,-1,-1,-1
1133,"Winston","Alabama",0.0175443096509126,5.11905672420055,0.017544309650912,5.11905672420054,"2020-10-28",281,5.11884887873649,0.0167776829933893,5.11292371094035,5.11369033759789,-0.008353552067655,-0.0083535520676552,-0.0073917669968323,-1,-1,-1
1133,"Winston","Alabama",0.0143887374520999,5.11135645626096,0.0143887374520988,5.11135645626095,"2020-10-29",282,5.11628148323124,0.0143766489734519,5.11125974843178,5.11127183691042,-0.0031555721988127,-0.0031555721988132,-0.0024010340199374,-1,-1,-1
1133,"Winston","Alabama",0.0309448038494231,5.25819372489164,0.0309448038494233,5.25819372489164,"2020-10-30",283,5.10853950907762,0.0294276899420933,5.24605681363301,5.24757392754033,0.0165560663973232,0.0165560663973245,0.0150510409686414,1,1,1
1133,"Winston","Alabama",0.0173917427118638,5.18071403964059,0.0173917427118653,5.1807140396406,"2020-10-31",284,5.10767557813836,0.0173471931337988,5.18035764301607,5.18040219259413,-0.0135530611375593,-0.013553061137558,-0.0120804968082945,-1,-1,-1
1133,"Winston","Alabama",0.0215448189867803,5.23133039255179,0.0215448189867793,5.23133039255178,"2020-11-01",285,5.10681090017701,0.0223345631492683,5.23764834585169,5.2368586016892,0.0041530762749165,0.004153076274914,0.0049873700154695,1,1,1
1133,"Winston","Alabama",0.0167331072887062,5.21438151795397,0.0167331072887063,5.21438151795397,"2020-11-02",286,5.09462624116064,0.0169080588490439,5.21578113043667,5.21560617887634,-0.0048117116980741,-0.004811711698073,-0.0054265043002244,-1,-1,-1
1133,"Winston","Alabama",0.00956113324398046,5.17373883288487,0.00956113324397911,5.17373883288486,"2020-11-03",287,5.08140436498446,0.0116166264349956,5.19018277841299,5.18812728522198,-0.00717197404472574,-0.00717197404472719,-0.0052914324140483,-1,-1,-1
1133,"Winston","Alabama",0.0120379785594788,5.20311472865284,0.0120379785594791,5.20311472865284,"2020-11-04",288,5.06620514525107,0.0128205591265368,5.2093753731893,5.20859279262225,0.00247684531549834,0.00247684531549999,0.0012039326915412,1,1,1
1133,"Winston","Alabama",-0.00256739550524292,5.09830971469454,0,5.11628148323124,"2020-11-05",289,5.06169046489654,-0.0051652805323373,5.07752663447779,5.08012451950488,-0.0146053740647217,-0.0120379785594791,-0.0179858396588741,-1,-1,-1
1133,"Winston","Alabama",-0.00774197415362107,5.05434569000228,0,5.10853950907762,"2020-11-06",290,5.05897184065754,-0.00590945586787165,5.06900583628827,5.06717331800252,-0.00517457864837815,0,-0.00074417533553435,-1,0,-1
1133,"Winston","Alabama",-0.000863930939262401,5.10162806156352,0,5.10767557813836,"2020-11-07",291,5.05351231845265,-0.00488124237843606,5.06948957005013,5.07350688148931,0.00687804321435867,0,0.00102821348943559,1,0,1
1133,"Winston","Alabama",-0.000864677961354397,5.10075815444753,0,5.10681090017701,"2020-11-08",292,5.04618627836057,-0.00525277574641522,5.06565337216704,5.0700414699521,-7.47022091996037e-07,0,-0.00037153336797916,-1,0,-1
1133,"Winston","Alabama",-0.0121846590163675,5.00933362804607,0,5.09462624116064,"2020-11-09",293,5.04434635143857,-0.00970632541114996,5.02916029688781,5.02668196328259,-0.0113199810550131,0,-0.00445354966473474,-1,0,-1
1133,"Winston","Alabama",-0.0132218761761793,4.98885123175121,0,5.08140436498446,"2020-11-10",294,5.04065631035112,-0.0110577274187895,5.00616442181032,5.00400027305293,-0.0010372171598118,0,-0.00135140200763954,-1,0,-1
1133,"Winston","Alabama",-0.0151992197333933,4.95981060711732,0,5.06620514525107,"2020-11-11",295,5.05442431121992,-0.012715444491872,4.97968080904948,4.97719703380797,-0.001977343557214,0,-0.0016577170730825,-1,0,-1
1133,"Winston","Alabama",-0.00451468035452705,5.03008770241485,0,5.06169046489654,"2020-11-12",296,5.07428055925661,-0.00573324215923166,5.02033920797722,5.02155776978192,0.0106845393788662,0,0.00698220233264034,1,0,1
1133,"Winston","Alabama",-0.00271862423899705,5.03994147098456,0,5.05897184065754,"2020-11-13",297,5.1197032145424,-0.00542614545441337,5.01828130126123,5.02098882247665,0.00179605611553,0,0.00030709670481829,1,0,1
1133,"Winston","Alabama",-0.00545952220489444,5.01529566301839,0,5.05351231845265,"2020-11-14",298,5.16560196744084,-0.00648058851973286,5.00712713249968,5.00814819881452,-0.00274089796589739,0,-0.00105444306531949,-1,0,-1
1133,"Winston","Alabama",-0.00732604009207857,4.99490399771602,0,5.04618627836057,"2020-11-15",299,5.21260384827401,-0.00724133593642111,4.99558163096128,4.99549692680562,-0.00186651788718413,0,-0.00076074741668825,-1,0,-1
1133,"Winston","Alabama",-0.00183992692200621,5.03146686298452,0,5.04434635143857,"2020-11-16",300,5.25600616847632,-0.00481689974109627,5.0076510804318,5.0106280532509,0.00548611317007236,0,0.00242443619532484,1,0,1
1133,"Winston","Alabama",-0.00369004108745148,5.01482602273896,0,5.04065631035112,"2020-11-17",301,5.30045793104715,-0.00532060946826801,5.00178147569243,5.00341204407324,-0.00185011416544527,0,-0.00050370972717174,-1,0,-1
1133,"Winston","Alabama",0.0137680008688026,5.15080031730154,0.0137680008688026,5.15080031730154,"2020-11-18",302,5.34914626740732,0.0138741031910781,5.15164913587974,5.15154303355747,0.0174580419562541,0.0137680008688026,0.0191947126593461,1,1,1
1133,"Winston","Alabama",0.0198562480366912,5.21327429551345,0.0198562480366933,5.21327429551347,"2020-11-19",303,5.39167759448328,0.0200697495096378,5.21498230729702,5.21476880582407,0.0060882471678886,0.0060882471678907,0.0061956463185597,1,1,1
1133,"Winston","Alabama",0.0454226552857869,5.43766180154291,0.0454226552857895,5.43766180154293,"2020-11-20",304,5.41673512136251,0.0423067396825762,5.41273447671722,5.41585039232043,0.0255664072490957,0.0255664072490962,0.0222369901729384,1,1,1
1133,"Winston","Alabama",0.0458987528984408,5.48689323772993,0.0458987528984407,5.48689323772993,"2020-11-21",305,5.44550508562005,0.0418020534060143,5.45411964179051,5.45821634128294,0.000476097612653902,0.000476097612651195,-0.000504686276561903,1,1,-1
1133,"Winston","Alabama",0.0470018808331686,5.54161701410619,0.0470018808331663,5.54161701410617,"2020-11-22",306,5.47287073369548,0.0419545439230569,5.5012383188253,5.50628565573541,0.0011031279347278,0.0011031279347256,0.000152490517042601,1,1,1
1133,"Winston","Alabama",0.0434023202023075,5.55982240989247,0.0434023202023068,5.55982240989246,"2020-11-23",307,5.49775353406028,0.0412249943655417,5.54240380319834,5.54458112903511,-0.0035995606308611,-0.00359956063085951,-0.000729549557515197,-1,-1,-1
1133,"Winston","Alabama",0.0444517625708285,5.61162026904295,0.0444517625708301,5.61162026904296,"2020-11-24",308,5.53733426701854,0.0428747379619124,5.59900407217162,5.60058109678054,0.001049442368521,0.0010494423685233,0.0016497435963707,1,1,1
1133,"Winston","Alabama",0.0486883363601686,5.6899646219285,0.0486883363601693,5.6899646219285,"2020-11-25",309,5.57757116351818,0.043733521958245,5.65032610671311,5.65528092111503,0.0042365737893401,0.00423657378933921,0.000858783996332602,1,1,1
1133,"Winston","Alabama",0.0425313270759691,5.68939688401507,0.0425313270759693,5.68939688401507,"2020-11-26",310,5.61417031596651,0.039398210456006,5.66433195105537,5.66746506767532,-0.0061570092841995,-0.0061570092842,-0.004335311502239,-1,-1,-1
1133,"Winston","Alabama",0.0250575268792261,5.59213780951709,0.0250575268792259,5.59213780951709,"2020-11-27",311,5.64897423816121,0.0251509824184119,5.59288545383058,5.59279199829139,-0.017473800196743,-0.0174738001967434,-0.0142472280375941,-1,-1,-1
1133,"Winston","Alabama",0.028769964257536,5.6468948354228,0.0287699642575356,5.6468948354228,"2020-11-28",312,5.6757748496693,0.0276605222994892,5.63801929975842,5.63912874171647,0.0037124373783099,0.0037124373783097,0.0025095398810773,1,1,1
1133,"Winston","Alabama",0.0273656480754321,5.6644302702235,0.0273656480754338,5.66443027022352,"2020-11-29",313,5.70330617076532,0.0264554654379252,5.65714880912345,5.65805899176096,-0.0014043161821039,-0.0014043161821018,-0.001205056861564,-1,-1,-1
1133,"Winston","Alabama",0.0248828003647949,5.67193313661384,0.0248828003647974,5.67193313661386,"2020-11-30",314,5.72963585348254,0.0244780424634323,5.66869507340294,5.66909983130431,-0.0024828477106372,-0.0024828477106364,-0.0019774229744929,-1,-1,-1
1133,"Winston","Alabama",0.0395807329582626,5.81439939772637,0.0395807329582594,5.81439939772635,"2020-12-01",315,5.75302605075813,0.0374337272004002,5.79722335166348,5.79937035742134,0.0146979325934677,0.014697932593462,0.0129556847369679,1,1,1
1133,"Winston","Alabama",0.0402368964996482,5.85922943901572,0.0402368964996462,5.85922943901571,"2020-12-02",316,5.77897829026776,0.0385167346037433,5.84546814384849,5.84718830574438,0.000656163541385597,0.000656163541386798,0.0010830074033431,1,1,1
1133,"Winston","Alabama",0.0365991524483283,5.87036438310481,0.0365991524483302,5.87036438310482,"2020-12-03",317,5.80771339750443,0.0358112449516216,5.86406112313115,5.86484903062786,-0.0036377440513199,-0.003637744051316,-0.0027054896521217,-1,-1,-1
1133,"Winston","Alabama",0.0348039221946933,5.89260169352406,0.0348039221946932,5.89260169352406,"2020-12-04",318,5.83648018653215,0.0334651748304061,5.88189171460976,5.88323046197405,-0.001795230253635,-0.001795230253637,-0.0023460701212155,-1,-1,-1
1133,"Winston","Alabama",0.0268006115080929,5.86337913022595,0.0268006115080919,5.86337913022594,"2020-12-05",319,5.85384316923194,0.0270491537858592,5.86536746844808,5.86511892617031,-0.0080033106866004,-0.0080033106866013,-0.0064160210445469,-1,-1,-1
1133,"Winston","Alabama",0.0275313210960232,5.89602541843748,0.0275313210960224,5.89602541843748,"2020-12-06",320,5.86848948474917,0.0267455941702061,5.88973960303095,5.89052532995676,0.000730709587930301,0.000730709587930499,-0.0003035596156531,1,1,-1
1133,"Winston","Alabama",0.0263296827172158,5.91394363250305,0.0263296827172148,5.91394363250304,"2020-12-07",321,5.88729379958574,0.0248619755332972,5.9022019750317,5.90366968221562,-0.0012016383788074,-0.0012016383788076,-0.0018836186369089,-1,-1,-1
1133,"Winston","Alabama",0.0233901972755986,5.91675743168732,0.0233901972755985,5.91675743168732,"2020-12-08",322,5.91543164654468,0.0232786706949972,5.91586521904252,5.91597674562311,-0.0029394854416172,-0.0029394854416163,-0.0015833048383,-1,-1,-1
1133,"Winston","Alabama",0.0259522395096242,5.96064396683513,0.0259522395096248,5.96064396683513,"2020-12-09",323,5.93186618422195,0.0248910802590524,5.95215469283055,5.95321585208113,0.0025620422340256,0.0025620422340263,0.0016124095640552,1,1,1
1133,"Winston","Alabama",0.0287351072366735,6.00885914816115,0.0287351072366748,6.00885914816116,"2020-12-10",324,5.95435588771239,0.0286484158081446,6.00816561673292,6.00825230816144,0.0027828677270493,0.00278286772705,0.0037573355490922,1,1,1
1133,"Winston","Alabama",0.0287667890277154,6.03784770972616,0.0287667890277143,6.03784770972615,"2020-12-11",325,5.9752625725317,0.0276676371873297,6.02905449500307,6.03015364684346,3.16817910419008e-05,3.16817910394999e-05,-0.000980778620814901,1,1,-1
1133,"Winston","Alabama",0.0173629826997879,5.97538404813045,0.0173629826997876,5.97538404813045,"2020-12-12",326,6.00670496259569,0.0168644127884198,5.97139548883951,5.97189405875088,-0.0114038063279275,-0.0114038063279267,-0.0108032243989099,-1,-1,-1
1133,"Winston","Alabama",0.0146463155172396,5.97101369336985,0.0146463155172389,5.97101369336985,"2020-12-13",327,6.03205794407324,0.0157497212318071,5.9798409390864,5.97873753337182,-0.0027166671825483,-0.0027166671825487,-0.0011146915566127,-1,-1,-1
1133,"Winston","Alabama",0.0188043148365665,6.01892400344171,0.0188043148365686,6.01892400344172,"2020-12-14",328,6.05577982904382,0.0189180432308194,6.01983383059573,6.01972010220148,0.0041579993193269,0.0041579993193297,0.0031683219990123,1,1,1
1133,"Winston","Alabama",0.0281378469589324,6.1123965752572,0.0281378469589333,6.11239657525721,"2020-12-15",329,6.06444943986447,0.0287989825455557,6.11768565995019,6.11702452436357,0.0093335321223659,0.0093335321223647,0.0098809393147363,1,1,1
1133,"Winston","Alabama",0.0164345376772717,6.04690794796285,0.016434537677271,6.04690794796284,"2020-12-16",330,6.06278803393322,0.0165147565627985,6.04754969904707,6.04746948016154,-0.0117033092816607,-0.0117033092816623,-0.0122842259827572,-1,-1,-1
1133,"Winston","Alabama",0.0224897034904411,6.11178381214547,0.0224897034904394,6.11178381214546,"2020-12-17",331,6.04872216237651,0.0223488830521061,6.1106572486388,6.11079806907713,0.0060551658131694,0.0060551658131684,0.0058341264893076,1,1,1
1133,"Winston","Alabama",0.0209066848193156,6.12160936626691,0.020906684819316,6.12160936626691,"2020-12-18",332,6.0368475529558,0.020690189958879,6.11987740738342,6.12009390224385,-0.0015830186711255,-0.0015830186711234,-0.0016586930932271,-1,-1,-1
1133,"Winston","Alabama",0.0314423900639811,6.22680169304355,0.0314423900639831,6.22680169304357,"2020-12-19",333,6.02413915592082,0.0294405506319209,6.21078697758707,6.21278881701914,0.0105357052446655,0.0105357052446671,0.0087503606730419,1,1,1
1133,"Winston","Alabama",0.0253529814775489,6.20952881441608,0.0253529814775506,6.20952881441609,"2020-12-20",334,6.01824556978562,0.0246884062724511,6.2042122127753,6.2048767879804,-0.0060894085864322,-0.0060894085864325,-0.0047521443594698,-1,-1,-1
1133,"Winston","Alabama",0.0237218849705879,6.22183302383794,0.0237218849705867,6.22183302383793,"2020-12-21",335,6.01126717440416,0.0235130462820026,6.22016231432926,6.22037115301784,-0.001631096506961,-0.0016310965069639,-0.0011753599904485,-1,-1,-1
1133,"Winston","Alabama",0.00866961082064679,6.125136715609,0.00866961082064677,6.125136715609,"2020-12-22",336,6.0147624593328,0.0115041932201328,6.14781337480488,6.1449787924054,-0.0150522741499411,-0.0150522741499399,-0.0120088530618698,-1,-1,-1
1133,"Winston","Alabama",-0.00166140593125173,6.05115819241445,0,6.06278803393322,"2020-12-23",337,6.02655586691925,-0.00134834389082156,6.0536626887379,6.05334962669747,-0.0103310167518985,-0.00866961082064677,-0.0128525371109544,-1,-1,-1
1133,"Winston","Alabama",-0.0140658715567005,5.95026106147961,0,6.04872216237651,"2020-12-24",338,6.03513961061064,-0.00917604589351695,5.98937966678508,5.98448984112189,-0.0124044656254488,0,-0.00782770200269539,-1,0,-1
1133,"Winston","Alabama",-0.0118746094207141,5.9537252870108,0,6.0368475529558,"2020-12-25",339,6.04229344796726,-0.00670667920462199,5.99506872873953,5.98990079852345,0.0021912621359864,0,0.00246936668889496,1,0,1
1133,"Winston","Alabama",-0.012708397034981,5.93518037667595,0,6.02413915592082,"2020-12-26",340,6.04602037079716,-0.00747511992510902,5.97704659355493,5.97181331644506,-0.0008337876142669,0,-0.000768440720487031,-1,0,-1
1133,"Winston","Alabama",-0.00589358613519756,5.97699046683924,0,6.01824556978562,"2020-12-27",341,6.04905937364256,-0.00357418496856056,5.99554567617234,5.9932262750057,0.00681481089978344,0,0.00390093495654846,1,0,1
1133,"Winston","Alabama",-0.0069783953814609,5.96241840673393,0,6.01126717440416,"2020-12-28",342,6.05845541592426,-0.00425936234440325,5.98417067103039,5.98145163799334,-0.00108480924626334,0,-0.00068517737584269,-1,0,-1
1133,"Winston","Alabama",0.00349528492864049,6.03922945383329,0.0034952849286416,6.03922945383329,"2020-12-29",343,6.05208916892442,0.00725870408095982,6.06933680705184,6.06557338789952,0.0104736803101014,0.0034952849286416,0.0115180664253631,1,1,1
1133,"Winston","Alabama",0.0117934075864487,6.10910972002439,0.0117934075864481,6.10910972002439,"2020-12-30",344,6.0399145173636,0.0131767764209786,6.12017667070063,6.1187933018661,0.00829812265780821,0.0082981226578065,0.00591807234001878,1,1,1
1133,"Winston","Alabama",0.0085837436913925,6.09522581645039,0.0085837436913927,6.09522581645039,"2020-12-31",345,6.03616472602589,0.0104316056240706,6.11000871191182,6.10816084997913,-0.0032096638950562,-0.0032096638950554,-0.002745170796908,-1,-1,-1
1133,"Winston","Alabama",0.00715383735661901,6.0923703094636,0.00715383735661845,6.09237030946359,"2021-01-01",346,6.0154600526642,0.00887403723442962,6.10613190848608,6.10441170860827,-0.00142990633477349,-0.00142990633477425,-0.00155756838964098,-1,-1,-1
1133,"Winston","Alabama",0.00372692282990073,6.07210883060647,0.00372692282990084,6.07210883060647,"2021-01-02",347,6.01021620215819,0.00575463622016579,6.08833053772859,6.08630282433832,-0.00342691452671828,-0.00342691452671761,-0.00311940101426383,-1,-1,-1
1133,"Winston","Alabama",0.00303900284540226,6.07033239356038,0.00303900284540148,6.07033239356038,"2021-01-03",348,6.0028283057583,0.00504889426754954,6.08641152493756,6.08440163351541,-0.00068791998449847,-0.00068791998449936,-0.00070574195261625,-1,-1,-1
1133,"Winston","Alabama",0.00939604228169737,6.12422771189614,0.0093960422816961,6.12422771189613,"2021-01-04",349,5.99217857784164,0.00849113510273466,6.11698845446444,6.1178933616434,0.00635703943629511,0.00635703943629462,0.00344224083518512,1,1,1
1133,"Winston","Alabama",-0.00636624699984322,6.00752543992551,0,6.05208916892442,"2021-01-05",350,5.98752823857217,-0.00669013879859333,6.00493430553551,6.00525819733427,-0.0157622892815406,-0.0093960422816961,-0.015181273901328,-1,-1,-1
1133,"Winston","Alabama",-0.0121746515608154,5.9546919564379,0,6.0399145173636,"2021-01-06",351,5.99146454710798,-0.0103229913441443,5.96950523817127,5.96765357795459,-0.00580840456097218,0,-0.00363285254555097,-1,0,-1
1133,"Winston","Alabama",-0.00374979133771647,6.00991618666187,0,6.03616472602589,"2021-01-07",352,5.99787254340331,-0.00434110178470304,6.00518570308598,6.00577701353297,0.00842486022309893,0,0.00598188955944126,1,0,1
1133,"Winston","Alabama",-0.0207046733616864,5.87052733913239,0,6.0154600526642,"2021-01-08",353,6.02621097986634,-0.0171138262512361,5.899254116016,5.89566326890555,-0.0169548820239699,0,-0.0127727244665331,-1,0,-1
1133,"Winston","Alabama",-0.0052438505060092,5.97350924861612,0,6.01021620215819,"2021-01-09",354,6.04703439826279,-0.00602241250537027,5.96728075262124,5.9680593146206,0.0154608228556772,0,0.0110914137458658,1,0,1
1133,"Winston","Alabama",-0.00738789639989202,5.95111303095905,0,6.0028283057583,"2021-01-10",355,6.06610809010375,-0.00784115383104497,5.94748697150983,5.94794022894099,-0.00214404589388282,0,-0.0018187413256747,-1,0,-1
1133,"Winston","Alabama",-0.0106497279166614,5.91763048242501,0,5.99217857784164,"2021-01-11",356,6.0805867898901,-0.00968932041956249,5.9253137424018,5.9243533349047,-0.00326183151676938,0,-0.00184816658851752,-1,0,-1
1133,"Winston","Alabama",-0.00465033926946359,5.95497586368593,0,5.98752823857217,"2021-01-12",357,6.09324724141792,-0.00657617830455675,5.93956915140519,5.94149499044027,0.00599938864719781,0,0.00311314211500574,1,0,1
1133,"Winston","Alabama",0.00393630853580743,6.01901870685863,0.00393630853580706,6.01901870685863,"2021-01-13",358,6.09485884531227,0.0048993509141399,6.02672304588529,6.02576000350696,0.00858664780527102,0.00393630853580706,0.0114755292186966,1,1,1
1133,"Winston","Alabama",0.0064079962953307,6.04272851747063,0.00640799629533184,6.04272851747064,"2021-01-14",359,6.08969254386327,0.00631818533810836,6.04201002981285,6.04209984077007,0.00247168775952327,0.00247168775952478,0.00141883442396846,1,1,1
1133,"Winston","Alabama",0.0283384364630258,6.22458003510752,0.0283384364630281,6.22458003510754,"2021-01-15",360,6.07534603108868,0.0254454464600398,6.20143611508363,6.20432910508662,0.0219304401676951,0.0219304401676963,0.0191272611219314,1,1,1
1133,"Winston","Alabama",0.0208234183964519,6.19279832703796,0.0208234183964517,6.19279832703796,"2021-01-16",361,6.04973345523196,0.0184531788598101,6.17383641074482,6.17620665028146,-0.0075150180665739,-0.0075150180665764,-0.0069922676002297,-1,-1,-1
1133,"Winston","Alabama",0.0190736918409546,6.19962393299043,0.019073691840954,6.19962393299043,"2021-01-17",362,6.02690063506609,0.0170834769490365,6.18370221385508,6.18569242874701,-0.0017497265554973,-0.0017497265554977,-0.0013697019107736,-1,-1,-1
1133,"Winston","Alabama",0.0144786997863507,6.18193768839455,0.0144786997863511,6.18193768839456,"2021-01-18",363,6.0028283057583,0.0132553573694222,6.17215094905913,6.17337429147606,-0.0045949920546039,-0.0045949920546029,-0.0038281195796143,-1,-1,-1
1133,"Winston","Alabama",0.0126604515278249,6.1818704021127,0.0126604515278261,6.18187040211271,"2021-01-19",364,5.97489953023329,0.0113346490394187,6.17126398220545,6.17258978469385,-0.0018182482585258,-0.001818248258525,-0.0019207083300035,-1,-1,-1
1133,"Winston","Alabama",0.00161160389434149,6.10614007257266,0.00161160389434212,6.10614007257266,"2021-01-20",365,5.95879376481843,0.00367277662414311,6.12262945441107,6.12056828168127,-0.0110488476334834,-0.011048847633484,-0.00766187241527559,-1,-1,-1
1133,"Winston","Alabama",-0.0051663014489978,6.05352843372028,0,6.08969254386327,"2021-01-21",366,5.94129843675862,-0.00551220625523306,6.05076119527041,6.05110710007664,-0.00677790534333929,-0.00161160389434212,-0.00918498287937617,-1,-1,-1
1133,"Winston","Alabama",-0.0143465127745856,5.97492044166659,0,6.07534603108868,"2021-01-22",367,5.92540105426809,-0.0131296924563687,5.98465500421232,5.9834381838941,-0.0091802113255878,0,-0.00761748620113564,-1,0,-1
1133,"Winston","Alabama",-0.0256125758567261,5.87044542423487,0,6.04973345523196,"2021-01-23",368,5.91466063648335,-0.0224142362170511,5.89603214135227,5.8928338017126,-0.0112660630821405,0,-0.0092845437606824,-1,0,-1
1133,"Winston","Alabama",-0.0228328201658682,5.86707089390501,0,6.02690063506609,"2021-01-24",369,5.88610403145016,-0.0211702622724849,5.88037135705208,5.8787087991587,0.0027797556908579,0,0.0012439739445662,1,0,1
1133,"Winston","Alabama",-0.0240723293077912,5.83432200060376,0,6.0028283057583,"2021-01-25",370,5.85956447621554,-0.0209875959165138,5.85899986773398,5.8559151343427,-0.001239509141923,0,0.000182666355971101,-1,0,1
1133,"Winston","Alabama",-0.0279287755250155,5.77939810155818,0,5.97489953023329,"2021-01-26",371,5.83439293885306,-0.0220898961381252,5.8261091366533,5.82027025726641,-0.0038564462172243,0,-0.0011023002216114,-1,0,-1
1133,"Winston","Alabama",-0.0161057654148514,5.84605340691447,0,5.95879376481843,"2021-01-27",372,5.80254987484438,-0.0147610599946212,5.85681105027632,5.85546634485608,0.0118230101101641,0,0.007328836143504,1,0,1
1133,"Winston","Alabama",-0.0174953280598176,5.81883114033989,0,5.94129843675862,"2021-01-28",373,5.77099598624308,-0.0162441195338111,5.82884080854794,5.82758960002194,-0.0013895626449662,0,-0.0014830595391899,-1,0,-1
1133,"Winston","Alabama",-0.0158973824905229,5.81411937683443,0,5.92540105426809,"2021-01-29",374,5.73472727850562,-0.0155330059174854,5.81703438941874,5.81667001284569,0.0015979455692947,0,0.000711113616325702,1,0,1
1133,"Winston","Alabama",-0.0107404177847414,5.83947771199016,0,5.91466063648335,"2021-01-30",375,5.67968492307714,-0.0114596737877345,5.83372366396621,5.83444291996921,0.0051569647057815,0,0.0040733321297509,1,0,1
1133,"Winston","Alabama",-0.0285566050331982,5.68620779621777,0,5.88610403145016,"2021-01-31",376,5.62401750618734,-0.0237858161724213,5.72437410710398,5.71960331824321,-0.0178161872484568,0,-0.0123261423846868,-1,0,-1
1133,"Winston","Alabama",-0.0265395552346063,5.6737875895733,0,5.85956447621554,"2021-02-01",377,5.56287702157896,-0.0232218568563229,5.70032917659958,5.69701147822128,0.0020170497985919,0,0.0005639593160984,1,0,1
1133,"Winston","Alabama",-0.0251715373624854,5.65819217731566,0,5.83439293885306,"2021-02-02",378,5.50067495010241,-0.0234330061800802,5.6721004267749,5.6703618955925,0.0013680178721209,0,-0.0002111493237573,1,0,-1
1133,"Winston","Alabama",-0.0318430640086765,5.57964842678365,0,5.80254987484438,"2021-02-03",379,5.43059797727091,-0.0284388645214473,5.60688202268148,5.60347782319425,-0.0066715266461911,0,-0.0050058583413671,-1,0,-1
1133,"Winston","Alabama",-0.0315538886013045,5.55011876603394,0,5.77099598624308,"2021-02-04",380,5.35860579740484,-0.0277576569639791,5.58048861913255,5.57669238749523,0.000289175407372,0,0.0006812075574682,1,0,1
1133,"Winston","Alabama",-0.0362687077374585,5.48084632434341,0,5.73472727850562,"2021-02-05",381,5.28175234967334,-0.0316078192777773,5.51813343202086,5.51347254356118,-0.004714819136154,0,-0.0038501623137982,-1,0,-1
1133,"Winston","Alabama",-0.0550423554284741,5.29438843507782,0,5.67968492307714,"2021-02-06",382,5.22035582507832,-0.0448636302467346,5.37581823653174,5.36563951135,-0.0187736476910156,0,-0.0132558109689573,-1,0,-1
1133,"Winston","Alabama",-0.0556674168898062,5.2343455879587,0,5.62401750618734,"2021-02-07",383,5.17372548896232,-0.0466964505270165,5.30611331886101,5.29714235249823,-0.000625061461332101,0,-0.0018328202802819,-1,0,-1
1133,"Winston","Alabama",-0.0611404846083796,5.13489362932031,0,5.56287702157896,"2021-02-08",384,5.11713801433286,-0.0516597088497436,5.21073983538939,5.20125905963076,-0.0054730677185734,0,-0.0049632583227271,-1,0,-1
1133,"Winston","Alabama",-0.0622020714765457,5.06526044976659,0,5.50067495010241,"2021-02-09",385,5.06620514525107,-0.0507271200415905,5.15706006124624,5.14558510981128,-0.0010615868681661,0,0.000932588808153098,-1,0,1
1133,"Winston","Alabama",-0.0700769728315138,4.94005916745031,0,5.43059797727091,"2021-02-10",386,5.01348836307866,-0.0593243630985005,5.02608004531441,5.01532743558141,-0.0078749013549681,0,-0.00859724305691,-1,0,-1
1133,"Winston","Alabama",-0.0719921798660526,4.85466053834247,0,5.35860579740484,"2021-02-11",387,4.96284463025991,-0.0573964717282931,4.97142620344457,4.95683049530679,-0.00191520703453879,0,0.0019278913702074,-1,0,1
1133,"Winston","Alabama",-0.0768534477314978,4.74377821555286,0,5.28175234967334,"2021-02-12",388,4.89890533015295,-0.0619683645549869,4.86285888096494,4.84797379778843,-0.0048612678654452,0,-0.0045718928266938,-1,0,-1
1133,"Winston","Alabama",-0.0613965245950124,4.79058015291324,0,5.22035582507832,"2021-02-13",389,4.83059684331687,-0.0517413781480102,4.86782132448926,4.85816617804225,0.0154569231364854,0,0.0102269864069767,1,0,1
1133,"Winston","Alabama",-0.046630336116007,4.84731313615028,0,5.17372548896232,"2021-02-14",390,4.76704605162176,-0.0455941139577814,4.85560291341607,4.85456669125785,0.0147661884790054,0,0.0061472641902288,1,0,1
1133,"Winston","Alabama",-0.0565874746294581,4.72102569192665,0,5.11713801433286,"2021-02-15",391,4.71210089681543,-0.051199662813493,4.76412818645438,4.75874037463841,-0.00995713851345111,0,-0.0056055488557116,-1,0,-1
1133,"Winston","Alabama",-0.0509328690817951,4.7096750616785,0,5.06620514525107,"2021-02-16",392,4.63195120866574,-0.0484645887708493,4.72942130416607,4.72695302385512,0.00565460554766301,0,0.00273507404264371,1,0,1
1133,"Winston","Alabama",-0.0527167821724046,4.64447088787183,0,5.01348836307866,"2021-02-17",393,4.5613675633297,-0.0477100439596592,4.6845247935738,4.67951805536105,-0.0017839130906095,0,0.000754544811190097,-1,0,1
1133,"Winston","Alabama",-0.0506437328187574,4.60833850052861,0,4.96284463025991,"2021-02-18",394,4.47082213345701,-0.0490818356259123,4.62083367807136,4.61927178087852,0.0020730493536472,0,-0.0013717916662531,1,0,-1
1133,"Winston","Alabama",-0.0639393001069632,4.45133022940421,0,4.89890533015295,"2021-02-19",395,4.39621126966584,-0.0558036864628564,4.51641513855706,4.50827952491296,-0.0132955672882058,0,-0.0067218508369441,-1,0,-1
1133,"Winston","Alabama",-0.0683084868360794,4.35243743546431,0,4.83059684331687,"2021-02-20",396,4.33073334028633,-0.0597182085829945,4.42115966148899,4.41256938323591,-0.0043691867291162,0,-0.0039145221201381,-1,0,-1
1133,"Winston","Alabama",-0.0635507916951138,4.32219050975596,0,4.76704605162176,"2021-02-21",397,4.27468002104443,-0.0560052285948368,4.38255501455818,4.3750094514579,0.00475769514096561,0,0.0037129799881577,1,0,1
1133,"Winston","Alabama",-0.0549451548063164,4.32748481317122,0,4.71210089681543,"2021-02-22",398,4.21740465497933,-0.0508288661713972,4.36041512225058,4.35629883361565,0.0086056368887974,0,0.0051763624234396,1,0,1
1133,"Winston","Alabama",-0.0801496881496965,4.07090339161786,0,4.63195120866574,"2021-02-23",399,4.17877324183889,-0.0648060484112983,4.19365250952504,4.17830886978665,-0.0252045333433801,0,-0.0139771822399011,-1,0,-1
1133,"Winston","Alabama",-0.0705836453360313,4.06728204597748,0,4.5613675633297,"2021-02-24",400,4.14991441337691,-0.0634158577115088,4.12462434697367,4.11745655934914,0.0095660428136652,0,0.0013901906997895,1,0,1
1133,"Winston","Alabama",-0.0905454298726761,3.83700412434828,0,4.47082213345701,"2021-02-25",401,4.16333743370905,-0.0714586240509238,3.98969857092231,3.97061176510054,-0.0199617845366448,0,-0.008042766339415,-1,0,-1
1133,"Winston","Alabama",-0.0746108637911817,3.87393522312757,0,4.39621126966584,"2021-02-26",402,4.18095903505887,-0.0668691735459272,3.93586874508959,3.92812705484435,0.0159345660814944,0,0.00458945050499661,1,0,1
1133,"Winston","Alabama",-0.0654779293795115,3.87238783462975,0,4.33073334028633,"2021-02-27",403,4.20469261939097,-0.0647371537254108,3.87831403986255,3.87757326420845,0.00913293441167021,0,0.00213201982051639,1,0,1
1133,"Winston","Alabama",-0.0560533192418994,3.88230678635113,0,4.27468002104443,"2021-02-28",404,4.22370058343614,-0.0548545844713808,3.89189666451528,3.89069792974477,0.0094246101376121,0,0.00988256925403001,1,0,1
1133,"Winston","Alabama",-0.0572753660651037,3.8164770925236,0,4.21740465497933,"2021-03-01",405,4.23823874188217,-0.0574128641105294,3.81537710816019,3.81551460620562,-0.0012220468232043,0,-0.0025582796391486,-1,0,-1
1133,"Winston","Alabama",-0.03863141314044,3.90835334985581,0,4.17877324183889,"2021-03-02",406,4.26267987704132,-0.0413099336412934,3.88692518584898,3.88960370634984,0.0186439529246637,0,0.016102930469236,1,0,1
1133,"Winston","Alabama",-0.0288588284619757,3.94790261414308,0,4.14991441337691,"2021-03-03",407,4.45600704767187,-0.0339198222200592,3.90741466407842,3.9124756578365,0.0097725846784643,0,0.0073901114212342,1,0,1
1133,"Winston","Alabama",0.0134230203321406,4.25729857603404,0.0134230203321408,4.25729857603404,"2021-03-04",408,4.59367580656236,0.00299316870056546,4.17385976298143,4.18428961461301,0.0422818487941163,0.0134230203321408,0.0369129909206247,1,1,1
1133,"Winston","Alabama",0.0176216013498177,4.3043102445076,0.0176216013498189,4.3043102445076,"2021-03-05",409,4.71849887129509,0.00658457110221811,4.2160140025268,4.2270510327744,0.0041985810176771,0.0041985810176781,0.00359140240165265,1,1,1
1133,"Winston","Alabama",0.0237335843320984,4.37082770971565,0.0237335843320947,4.37082770971563,"2021-03-06",410,4.83059684331687,0.0144130234092684,4.29626322233302,4.30558378325585,0.0061119829822807,0.0061119829822758,0.00782845230705029,1,1,1
1133,"Winston","Alabama",0.0190079640451772,4.35675633175238,0.0190079640451772,4.35675633175238,"2021-03-07",411,4.93035446283545,0.01036391281628,4.28760392192121,4.2962479731501,-0.0047256202869212,-0.0047256202869175,-0.0040491105929884,-1,-1,-1
1133,"Winston","Alabama",0.0145381584460256,4.34000585100435,0.0145381584460269,4.34000585100436,"2021-03-08",412,5.02388052084628,0.00814789268843777,4.28888372494364,4.29527399070123,-0.0044698055991516,-0.0044698055991503,-0.00221602012784223,-1,-1,-1
1133,"Winston","Alabama",0.0244411351591473,4.43376782315535,0.0244411351591456,4.43376782315533,"2021-03-09",413,5.10767557813836,0.0143363632231468,4.35292964766734,4.36303441960335,0.0099029767131217,0.0099029767131187,0.00618847053470903,1,1,1
1133,"Winston","Alabama",0.193327170630539,5.80929724208564,0.193327170630556,5.80929724208576,"2021-03-10",414,5.10421237121375,0.0471385893624777,4.63978859194114,4.78597717320921,0.168886035471392,0.16888603547141,0.0328022261393309,1,1,1
1133,"Winston","Alabama",0.137668758890494,5.55735711879581,0.137668758890485,5.55735711879575,"2021-03-11",415,5.10681090017701,0.034834826079187,4.73468565630537,4.83751958911667,-0.055658411740045,-0.055658411740071,-0.0123037632832907,-1,-1,-1
1133,"Winston","Alabama",0.124823064732745,5.59226032442431,0.124823064732738,5.59226032442426,"2021-03-12",416,5.11198778835654,0.0466663446264408,4.96700656357389,5.04516328368017,-0.012845694157749,-0.012845694157747,0.0118315185472538,-1,-1,1
1133,"Winston","Alabama",0.112097972021756,5.61528264746916,0.112097972021774,5.61528264746928,"2021-03-13",417,5.11456621694449,0.0503738192261461,5.12148942510426,5.18321357789989,-0.012725092710989,-0.012725092710964,0.0037074745997053,-1,-1,1
1133,"Winston","Alabama",0.0997576195185802,5.62865779946551,0.0997576195185816,5.62865779946552,"2021-03-14",418,5.11799381241676,0.0529048938024934,5.25383599373682,5.3006887194529,-0.0123403525031758,-0.0123403525031924,0.0025310745763473,-1,-1,1
1133,"Winston","Alabama",0.09352605801082,5.67856292692202,0.093526058010827,5.67856292692207,"2021-03-15",419,5.18178355029209,0.0556914224922247,5.37588584277325,5.41372047829185,-0.00623156150776019,-0.0062315615077546,0.0027865286897313,-1,-1,1
1133,"Winston","Alabama",0.0837950572920973,5.69424097918304,0.0837950572920851,5.69424097918296,"2021-03-16",420,5.24023415546701,0.0564138652098861,5.47519144252537,5.50257263460756,-0.00973100071872271,-0.0097310007187419,0.000722442717661399,-1,-1,1
1133,"Winston","Alabama",-0.00346320692461312,5.07996992274145,0,5.10421237121375,"2021-03-17",421,5.295456134267,-0.00729193462168894,5.04934010116485,5.05316882886193,-0.0872582642167104,-0.0837950572920851,-0.063705799831575,-1,-1,-1
1133,"Winston","Alabama",0.00259852896326054,5.12500060291983,0.00259852896326151,5.12500060291984,"2021-03-18",422,5.34438273339128,0.00604113618686129,5.15254146070864,5.14909885348504,0.00606173588787366,0.00259852896326151,0.0133330708085502,1,1,1
1133,"Winston","Alabama",0.00517688817953418,5.14822600561328,0.00517688817953488,5.14822600561329,"2021-03-19",423,5.39167759448328,0.00726564916635721,5.16493609350787,5.16284733252104,0.00257835921627364,0.00257835921627337,0.00122451297949592,1,1,1
1133,"Winston","Alabama",0.00257842858794173,5.13261521706008,0.00257842858794177,5.13261521706008,"2021-03-20",424,5.4380793089232,0.00775498051564579,5.17402763248171,5.16885108055401,-0.00259845959159245,-0.00259845959159311,0.00048933134928858,-1,-1,1
1133,"Winston","Alabama",0.00342759547226978,5.14198698072264,0.00342759547227001,5.14198698072265,"2021-03-21",425,5.48063892334199,0.00496449747564985,5.15428219674969,5.15274529474631,0.00084916688432805,0.00084916688432824,-0.00279048303999594,1,1,-1
1133,"Winston","Alabama",0.0637897378753303,5.6283117154194,0.0637897378753296,5.62831171541939,"2021-03-22",426,5.47765829520385,0.0531474248606623,5.54317321130206,5.55381552431673,0.0603621424030605,0.0603621424030596,0.0481829273850124,1,1,1
1133,"Winston","Alabama",0.0584506051749196,5.64938839169145,0.0584506051749285,5.64938839169151,"2021-03-23",427,5.47287073369548,0.0486495525790449,5.57097997092445,5.58078102352032,-0.00533913270041069,-0.0053391327004011,-0.0044978722816174,-1,-1,-1
1133,"Winston","Alabama",0.0552219787999878,5.68200998586692,0.055221978799989,5.68200998586693,"2021-03-24",428,5.46504172652832,0.048574480854173,5.62883000230039,5.63547750024621,-0.0032286263749318,-0.0032286263749395,-7.50717248719016e-05,-1,-1,-1
1133,"Winston","Alabama",0.0489265991242775,5.68686892726122,0.0489265991242789,5.68686892726123,"2021-03-25",429,5.39167759448328,0.0420412394412527,5.63178604979702,5.63867140948005,-0.0062953796757103,-0.0062953796757101,-0.0065332414129203,-1,-1,-1
1133,"Winston","Alabama",0.047294861092009,5.72274162212735,0.047294861092003,5.72274162212731,"2021-03-26",430,5.31531494291661,0.0425439612334569,5.68473442325893,5.68948532311748,-0.0016317380322685,-0.0016317380322759,0.000502721792204196,-1,-1,1
1133,"Winston","Alabama",0.0464017144399078,5.76289131000255,0.0464017144399111,5.76289131000257,"2021-03-27",431,5.23415972524749,0.0406390467099455,5.71678996816284,5.72255263589282,-0.000893146652101197,-0.000893146652091906,-0.00190491452351139,-1,-1,-1
1133,"Winston","Alabama",0.0425596144187983,5.77855622427358,0.0425596144187956,5.77855622427356,"2021-03-28",432,5.14832469686944,0.0358040581913278,5.72451177445382,5.73126733068128,-0.0038421000211095,-0.0038421000211155,-0.0048349885186177,-1,-1,-1
1133,"Winston","Alabama",-0.00298062813814054,5.45679389823687,0,5.47765829520385,"2021-03-29",433,5.05715530973115,-0.00690429197721594,5.42540458752426,5.42932825136334,-0.0455402425569388,-0.0425596144187956,-0.0427083501685437,-1,-1,-1
1133,"Winston","Alabama",-0.00478756150837147,5.43935780313688,0,5.47287073369548,"2021-03-30",434,4.95783710852928,-0.00879768043250576,5.4072768517438,5.41128697066794,-0.00180693337023093,0,-0.00189338845528982,-1,0,-1
1133,"Winston","Alabama",-0.00782900716715921,5.41023867635821,0,5.46504172652832,"2021-03-31",435,4.84531131367087,-0.0114470838040521,5.38129406326306,5.38491213989996,-0.00304144565878774,0,-0.00264940337154634,-1,0,-1
1133,"Winston","Alabama",-0.0733641320450357,4.87812867016803,0,5.39167759448328,"2021-04-01",436,4.84643427841549,-0.0586721323152613,4.99566466800623,4.98097266827645,-0.0655351248778765,0,-0.0472250485112092,-1,0,-1
1133,"Winston","Alabama",-0.0763626515666913,4.78077638194977,0,5.31531494291661,"2021-04-02",437,4.83741505154865,-0.0591102774801403,4.91879537464216,4.90154300055563,-0.0029985195216556,0,-0.000438145164879,-1,0,-1
1133,"Winston","Alabama",-0.0811552176691209,4.66607320156364,0,5.23415972524749,"2021-04-03",438,4.82258306259331,-0.0654501893428786,4.79171342817358,4.77600839984734,-0.0047925661024296,0,-0.00633991186273831,-1,0,-1
1133,"Winston","Alabama",-0.0858350283780586,4.54747949822303,0,5.14832469686944,"2021-04-04",439,4.80636022708643,-0.0657325061629626,4.70829967594379,4.6881971537287,-0.00467981070893771,0,-0.000282316820083992,-1,0,-1
1133,"Winston","Alabama",-0.0911693871382925,4.4189695997631,0,5.05715530973115,"2021-04-05",440,4.78749174278205,-0.0733018531138339,4.56190987195877,4.54404233793431,-0.00533435876023389,0,-0.0075693469508713,-1,0,-1
1133,"Winston","Alabama",-0.0993182012018713,4.26260970011618,0,4.95783710852928,"2021-04-06",441,4.67149282891917,-0.0756929668336015,4.45161157506234,4.42798634069407,-0.00814881406357881,0,-0.00239111371976759,-1,0,-1
1133,"Winston","Alabama",-0.112525794858412,4.05763074966199,0,4.84531131367087,"2021-04-07",442,4.54784369079637,-0.0872496991123342,4.25983951563061,4.23456341988453,-0.0132075936565407,0,-0.0115567322787327,-1,0,-1
1133,"Winston","Alabama",0.00112296474462406,4.85429503162786,0.00112296474462248,4.85429503162785,"2021-04-08",443,4.40497556765943,0.00372545609914932,4.87511496246406,4.87251247110954,0.113648759603036,0.00112296474462248,0.0909751552114835,1,1,1
1133,"Winston","Alabama",-0.00901922686684987,4.7742804634807,0,4.83741505154865,"2021-04-09",444,4.23410650459726,-0.0140863750027836,4.73374327839322,4.73881042652916,-0.0101421916114739,-0.00112296474462248,-0.0178118311019329,-1,-1,-1
1133,"Winston","Alabama",-0.0148319889553293,4.71875913990601,0,4.82258306259331,"2021-04-10",445,4.01509519056796,-0.016584727798307,4.70473722916219,4.70648996800516,-0.00581276208847943,0,-0.0024983527955234,-1,0,-1
1133,"Winston","Alabama",-0.0162228355068866,4.69280037853822,0,4.80636022708643,"2021-04-11",446,3.73766961828337,-0.0177583277739379,4.68051644040181,4.68205193266886,-0.0013908465515573,0,-0.0011735999756309,-1,0,-1
1133,"Winston","Alabama",-0.0188684843043802,4.65541235265138,0,4.78749174278205,"2021-04-12",447,3.35739475900376,-0.019159895971566,4.6530810593139,4.65337247098109,-0.0026456487974936,0,-0.0014015681976281,-1,0,-1
1133,"Winston","Alabama",-0.115998913862861,3.85950043187914,0,4.67149282891917,"2021-04-13",448,3.27983652465789,-0.0878156871902284,4.08496624526022,4.05678301858757,-0.0971304295584808,0,-0.0686557912186624,-1,0,-1
1133,"Winston","Alabama",-0.123649138122792,3.68229972393683,0,4.54784369079637,"2021-04-14",449,3.21314515015922,-0.0961372140149214,3.9023951167998,3.87488319269192,-0.007650224259931,0,-0.00832152682469299,-1,0,-1
1133,"Winston","Alabama",-0.142868123136932,3.4048987057009,0,4.40497556765943,"2021-04-15",450,3.17208366336144,-0.109084932723919,3.67516422900502,3.641381038592,-0.01921898501414,0,-0.0129477187089976,-1,0,-1
1133,"Winston","Alabama",-0.17086906306218,3.038023063162,0,4.23410650459726,"2021-04-16",451,3.14784005175145,-0.116180458388261,3.47553190055334,3.42084329587943,-0.028000939925248,0,-0.00709552566434199,-1,0,-1
1133,"Winston","Alabama",-0.219011314029318,2.48201599236274,0,4.01509519056796,"2021-04-17",452,3.15395627876888,-0.144727990620104,3.07628257963642,3.00199925622723,-0.048142250967138,0,-0.028547532231843,-1,0,-1
1133,"Winston","Alabama",-0.277425572284611,1.79569061229109,0,3.73766961828337,"2021-04-18",453,3.13549421592915,-0.158531708084521,2.7468415258918,2.62794766169173,-0.058414258255293,0,-0.013803717464417,-1,0,-1
1133,"Winston","Alabama",-0.380274859279572,0.695470744046756,0,3.35739475900376,"2021-04-19",454,3.11668488397165,-0.178293978143247,2.31131779313739,2.10933691200103,-0.102849286994961,0,-0.019762270058726,-1,0,-1
1133,"Winston","Alabama",-0.0775582343458655,2.73692888423683,0,3.27983652465789,"2021-04-20",455,3.07136968775961,-0.0762410563955987,2.74746630783897,2.7461491298887,0.302716624933706,0,0.102052921747648,1,0,1
1133,"Winston","Alabama",-0.0666913744986819,2.74630552866844,0,3.21314515015922,"2021-04-21",456,2.99573227355399,-0.0700180958776469,2.71969175763671,2.72301847901569,0.0108668598471836,0,0.00622296051795179,1,0,1
1133,"Winston","Alabama",0.0988458346366247,3.88180913045132,0.098845834636633,3.88180913045138,"2021-05-25",490,3.35240721749272,0.0718992084660644,3.66623612108684,3.6931827472574,0.165537209135307,0.098845834636633,0.141917304343711,1,1,1
1133,"Winston","Alabama",0.084557388028054,3.86634739221939,0.0845573880280615,3.86634739221944,"2021-05-26",491,3.44771739729705,0.0675733108648275,3.73047477491357,3.7474588520768,-0.0142884466085707,-0.0142884466085715,-0.0043258976012369,-1,-1,-1
1133,"Winston","Alabama",0.0266682470821623,3.48779165268031,0.0266682470821609,3.4877916526803,"2021-05-27",492,3.5305534028762,0.0298017168416222,3.51285941075599,3.50972594099653,-0.0578891409458917,-0.0578891409459006,-0.0377715940232053,-1,-1,-1
1133,"Winston","Alabama",0.0259754864032654,3.50891781433129,0.0259754864032637,3.50891781433128,"2021-05-28",493,3.61091791264422,0.027931621810833,3.52456689759183,3.52261076218427,-0.000692760678896901,-0.000692760678897199,-0.0018700950307892,-1,-1,-1
1133,"Winston","Alabama",0.0203052661607416,3.48953153879437,0.0203052661607428,3.48953153879438,"2021-05-29",494,3.67810735713203,0.0234212675869093,3.51445955020371,3.51134354877755,-0.0056702202425238,-0.0056702202425209,-0.0045103542239237,-1,-1,-1
1133,"Winston","Alabama",-6.28036983473555e-16,3.34739467566917,0,3.34739467566918,"2021-05-30",495,3.73084365321297,0.00755872839075576,3.40786450279523,3.40030577440447,-0.0203052661607422,-0.0203052661607428,-0.0158625391961535,-1,-1,-1
1133,"Winston","Alabama",-6.28036983473606e-16,3.34739467566917,0,3.34739467566918,"2021-05-31",496,3.7744016275521,0.0080000470377867,3.41139505197147,3.40339500493369,-5.09801359999079e-29,0,0.000441318647030941,-1,0,1
1133,"Winston","Alabama",0.00501254182354705,3.38749501025755,0.00501254182354671,3.38749501025755,"2021-06-01",497,3.83791503327442,0.0102325467519966,3.42925504968515,3.4240350447567,0.00501254182354768,0.00501254182354671,0.0022324997142099,1,1,1
1133,"Winston","Alabama",0.095310179804307,4.1148886559272,0.0953101798043225,4.11488865592731,"2021-06-02",498,3.85014760171006,0.0647936483785005,3.87075640452072,3.90127293594655,0.09029763798076,0.0902976379807758,0.0545611016265039,1,1,1
1133,"Winston","Alabama",0.0828360055791482,4.11040544193023,0.0828360055791491,4.11040544193024,"2021-06-03",499,3.86523084392139,0.0582813477678332,3.91396817943972,3.93852283725103,-0.0124741742251588,-0.0124741742251734,-0.00651230061066731,-1,-1,-1
1133,"Winston","Alabama",0.0803645097680214,4.17346948102037,0.0803645097680281,4.17346948102042,"2021-06-04",500,3.88008995832514,0.0559387048592932,3.97806304175054,4.00248884665927,-0.00247149581112681,-0.00247149581112099,-0.00234264290854,-1,-1,-1
1133,"Winston","Alabama",0.0671894444878007,4.14843346854663,0.0671894444878016,4.14843346854664,"2021-06-05",501,3.90341463089155,0.0543305659643537,4.04556244035905,4.05842131888251,-0.0131750652802207,-0.0131750652802265,-0.0016081388949395,-1,-1,-1
1133,"Winston","Alabama",0.0527362960809461,4.09999772577959,0.0527362960809423,4.09999772577956,"2021-06-06",502,3.92902058179672,0.0432044605204659,4.02374304129576,4.03327487685623,-0.0144531484068546,-0.0144531484068593,-0.0111261054438878,-1,-1,-1
1133,"Winston","Alabama",0.0435579743391305,4.07930744792601,0.0435579743391306,4.07930744792601,"2021-06-07",503,4.01251454397447,0.0384282483136566,4.03826963972222,4.0433993657477,-0.0091783217418156,-0.00917832174181171,-0.0047762122068093,-1,-1,-1
1133,"Winston","Alabama",0.0635134057223287,4.28250887333072,0.0635134057223246,4.28250887333069,"2021-06-08",504,4.07511320029421,0.0510144536100324,4.18251725643236,4.19501620854465,0.0199554313831982,0.019955431383194,0.0125862052963758,1,1,1
1133,"Winston","Alabama",0.0122325684356347,3.9357755807595,0.012232568435635,3.9357755807595,"2021-06-09",505,4.13402304604028,0.0160296992016597,3.9661526268877,3.96235549612168,-0.051280837286694,-0.0512808372866896,-0.0349847544083727,-1,-1,-1
1133,"Winston","Alabama",0.0150832422113294,3.97081353940069,0.0150832422113285,3.97081353940069,"2021-06-10",506,4.18531634042783,0.0181307304967178,3.9951934456838,3.99214595739842,0.0028506737756947,0.0028506737756935,0.0021010312950581,1,1,1
1133,"Winston","Alabama",0.0148591144037492,3.98410375915138,0.0148591144037495,3.98410375915138,"2021-06-11",507,4.22787595484662,0.0155816911466378,3.98988437309449,3.9891617963516,-0.0002241278075802,-0.000224127807579,-0.00254903935008,-1,-1,-1
1133,"Winston","Alabama",0.0233246725664071,4.0666873388564,0.0233246725664098,4.06668733885641,"2021-06-12",508,4.26468992796934,0.023254103219209,4.06612278407881,4.06619335342601,0.0084655581626579,0.0084655581626603,0.0076724120725712,1,1,1
1133,"Winston","Alabama",0.0256059509051708,4.10826223813291,0.0256059509051716,4.10826223813292,"2021-06-13",509,4.30213272545312,0.0211993367663078,4.07300932502201,4.07741593916087,0.0022812783387637,0.0022812783387618,-0.0020547664529012,1,1,-1
1133,"Winston","Alabama",0.0834939621777435,4.59697227921867,0.0834939621777506,4.59697227921872,"2021-06-14",510,4.29631311639985,0.0532325896650794,4.35488129911736,4.38514267163003,0.0578880112725727,0.057888011272579,0.0320332528987716,1,1,1
1133,"Winston","Alabama",0.0625986563197543,4.51330379453249,0.0625986563197456,4.51330379453243,"2021-06-15",511,4.29241447598419,0.0444060861071205,4.36776323283143,4.38595580304405,-0.0208953058579892,-0.020895305858005,-0.0088265035579589,-1,-1,-1
1133,"Winston","Alabama",0.0589098457460663,4.54639196626274,0.0589098457460624,4.54639196626271,"2021-06-16",512,4.28260085453587,0.0397322478374847,4.39297118299409,4.41214878090267,-0.00368881057368799,-0.00368881057368319,-0.0046738382696358,-1,-1,-1
1133,"Winston","Alabama",0.0512932943875458,4.54436940114065,0.0512932943875501,4.54436940114068,"2021-06-17",513,4.23617475766132,0.0404418116951172,4.45755753960122,4.46840902229365,-0.0076165513585205,-0.0076165513585123,0.000709563857632503,-1,-1,1
1133,"Winston","Alabama",0.0425596144187996,4.52579325577822,0.0425596144187974,4.52579325577821,"2021-06-18",514,4.18531634042783,0.0358055029963258,4.47176036439844,4.4785144758209,-0.0087336799687462,-0.0087336799687527,-0.0046363086987914,-1,-1,-1
1133,"Winston","Alabama",0.0368139731227096,4.52238773982831,0.0368139731227153,4.52238773982835,"2021-06-19",515,4.13173209429372,0.0344558986881906,4.50352314435214,4.50588121878667,-0.00574564129609,-0.0057456412960821,-0.0013496043081352,-1,-1,-1
1133,"Winston","Alabama",0.0374427974837788,4.56423230783957,0.0374427974837772,4.56423230783956,"2021-06-20",516,4.07511320029421,0.0314798877014094,4.51652902958062,4.52249193936299,0.000628824361069202,0.000628824361061896,-0.0029760109867812,1,1,-1
1133,"Winston","Alabama",-0.00581960905326721,4.25557585302698,0,4.29631311639985,"2021-06-21",517,4.02279741093005,-0.0122214309780977,4.20436127762834,4.21076309955317,-0.043262406537046,-0.0374427974837772,-0.0437013186795071,-1,-1,-1
1133,"Winston","Alabama",-0.00389864041565622,4.2651239930746,0,4.29241447598419,"2021-06-22",518,3.96217278911362,-0.0101286112378014,4.21528422649744,4.22151419731958,0.00192096863761099,0,0.0020928197402963,1,0,1
1133,"Winston","Alabama",-0.00981362144832695,4.21390550439758,0,4.28260085453587,"2021-06-23",519,3.88303546855489,-0.0121574257939222,4.19515506963281,4.19749887397841,-0.00591498103267073,0,-0.0020288145561208,-1,0,-1
1133,"Winston","Alabama",-0.0464260968745521,3.91119207953945,0,4.23617475766132,"2021-06-24",520,3.84710345932883,-0.0418865032958356,3.94750882816918,3.94296923459047,-0.0366124754262251,0,-0.0297290775019134,-1,0,-1
1133,"Winston","Alabama",-0.0508584172334819,3.82930741979345,0,4.18531634042783,"2021-06-25",521,3.81614123372486,-0.0445517390431983,3.87976084531573,3.87345416712544,-0.00443232035892981,0,-0.0026652357473627,-1,0,-1
1133,"Winston","Alabama",-0.0535842461341061,3.75664237135498,0,4.13173209429372,"2021-06-26",522,3.74782198974739,-0.0452726348163779,3.82313526189681,3.81482365057907,-0.0027258289006242,0,-0.000720895773179603,-1,0,-1
1133,"Winston","Alabama",-0.056618893999517,3.6787809422976,0,4.07511320029421,"2021-06-27",523,3.67449071666184,-0.0501558366081804,3.73048540142828,3.72402234403695,-0.0030346478654109,0,-0.0048832017918025,-1,0,-1
1133,"Winston","Alabama",-0.05231578936416,3.65658688538093,0,4.02279741093005,"2021-06-28",524,3.58747933967221,-0.042805756132486,3.73266715123432,3.72315711800265,0.004303104635357,0,0.0073500804756944,1,0,1
1133,"Winston","Alabama",-0.0606246218164352,3.53780043639857,0,3.96217278911362,"2021-06-29",525,3.3964241029095,-0.0494514656043727,3.62718568609507,3.61601252988301,-0.0083088324522752,0,-0.0066457094718867,-1,0,-1
1133,"Winston","Alabama",-0.0791373205587238,3.32907422464383,0,3.88303546855489,"2021-06-30",526,3.20158432775814,-0.0593058767484195,3.48772577512626,3.46789433131595,-0.0185126987422886,0,-0.0098544111440468,-1,0,-1
1133,"Winston","Alabama",0.176351389807479,4.4065433920138,0.176351389807453,4.40654339201361,"2021-07-27",553,4.21950770517611,0.131548285854673,4.04811856039137,4.09292166434415,0.255488710366203,0.176351389807453,0.190854162603093,1,1,1
1133,"Winston","Alabama",0.190273884984478,4.69427474323724,0.190273884984449,4.69427474323704,"2021-07-28",554,4.33261127511053,0.127976510168731,4.19589574471129,4.25819311952701,0.013922495176999,0.013922495176996,-0.00357177568594202,1,1,-1
1133,"Winston","Alabama",0.192990513143489,4.90628165349383,0.192990513143521,4.90628165349406,"2021-07-29",555,4.44433051801004,0.14321125316264,4.50804757364701,4.55782683362789,0.002716628159011,0.002716628159072,0.015234742993909,1,1,1
1133,"Winston","Alabama",0.154733600275126,4.79321686369042,0.154733600275127,4.79321686369043,"2021-07-30",556,4.53872508657994,0.130811348992527,4.60183885342963,4.62576110471223,-0.038256912868363,-0.038256912868394,-0.012399904170113,-1,-1,-1
1133,"Winston","Alabama",0.143100843640692,4.85488841089006,0.143100843640672,4.85488841088991,"2021-07-31",557,4.64439089914137,0.129248170098089,4.74406702254925,4.75791969609183,-0.011632756634434,-0.011632756634455,-0.00156317889443799,-1,-1,-1
1133,"Winston","Alabama",0.127833371509886,4.8758494774843,0.127833371509886,4.8758494774843,"2021-08-01",558,4.73995079801304,0.117878289856023,4.7962088242534,4.80616390590726,-0.015267472130806,-0.015267472130786,-0.011369880242066,-1,-1,-1
1133,"Winston","Alabama",0.106160195828408,4.83029744354234,0.106160195828391,4.83029744354223,"2021-08-02",559,4.83059684331687,0.105427074999705,4.82443247691274,4.82516559774142,-0.021673175681478,-0.021673175681495,-0.012451214856318,-1,-1,-1
1133,"Winston","Alabama",0.132331632432617,5.14582913220443,0.132331632432618,5.14582913220443,"2021-08-03",560,4.89890533015295,0.121093605838649,5.05592491945268,5.06716294604665,0.026171436604209,0.026171436604227,0.015666530838944,1,1,1
1133,"Winston","Alabama",0.11310356993444,5.12433626465161,0.113103569934424,5.1243362646515,"2021-08-04",561,4.96484063890662,0.109828699913064,5.09813730448062,5.10141217450198,-0.019228062498177,-0.019228062498194,-0.011264905925585,-1,-1,-1
1133,"Winston","Alabama",0.111719242899505,5.22636521830657,0.111719242899505,5.22636521830657,"2021-08-05",562,5.02199905274657,0.107994927064726,5.19657069162833,5.20029500746312,-0.001384327034935,-0.001384327034919,-0.00183377284833799,-1,-1,-1
1133,"Winston","Alabama",0.0943945685699172,5.19948706656936,0.0943945685699035,5.19948706656926,"2021-08-06",563,5.0955015147395,0.0934411737731837,5.19185990819551,5.19281330299223,-0.0173246743295878,-0.0173246743296015,-0.0145537532915423,-1,-1,-1
1133,"Winston","Alabama",0.105665812561434,5.38405158707141,0.105665812561433,5.38405158707141,"2021-08-07",564,5.16723195965177,0.103759612723956,5.36880198837159,5.37070818820906,0.0112712439915168,0.0112712439915295,0.0103184389507723,1,1,1
1133,"Winston","Alabama",0.095559898871684,5.40887009011483,0.0955598988716702,5.40887009011473,"2021-08-08",565,5.23034438296183,0.097393978298474,5.42354272552916,5.42170864610236,-0.01010591368975,-0.0101059136897628,-0.00636563442548199,-1,-1,-1
1133,"Winston","Alabama",0.0906460453038259,5.46511916044365,0.0906460453038251,5.46511916044364,"2021-08-09",566,5.29258669183905,0.0884485858406697,5.4475394847384,5.44973694420156,-0.00491385356785809,-0.0049138535678451,-0.0089453924578043,-1,-1,-1
1133,"Winston","Alabama",0.0683084868360794,5.3770647380055,0.0683084868360808,5.37706473800551,"2021-08-10",567,5.34982492369397,0.0671722846174172,5.36797512025621,5.36911132247487,-0.0223375584677465,-0.0223375584677443,-0.0212763012232525,-1,-1,-1
1133,"Winston","Alabama",0.0659353087536612,5.42638780018225,0.0659353087536712,5.42638780018232,"2021-08-11",568,5.40332067555802,0.0649912380331592,5.41883523441822,5.41977930513873,-0.0023731780824182,-0.0023731780824096,-0.002181046584258,-1,-1,-1
1133,"Winston","Alabama",0.0571584138399511,5.42210794962623,0.0571584138399528,5.42210794962624,"2021-08-12",569,5.45593142968852,0.0582567269792773,5.43089445474084,5.42979614160151,-0.0087768949137101,-0.00877689491371841,-0.0067345110538819,-1,-1,-1
1133,"Winston","Alabama",0.0735024619929124,5.61001874868988,0.0735024619929234,5.61001874868996,"2021-08-13",570,5.50009134926881,0.0712422568050437,5.59193710718692,5.59419731237481,0.0163440481529613,0.0163440481529706,0.0129855298257664,1,1,1
1133,"Winston","Alabama",0.0717304449122849,5.66934507403777,0.0717304449122764,5.66934507403771,"2021-08-14",571,5.52772695944089,0.0687415405992192,5.64543383953325,5.6484227438463,-0.00177201708062749,-0.001772017080647,-0.0025007162058245,-1,-1,-1
1133,"Winston","Alabama",0.0631124233100499,5.67213134613218,0.0631124233100593,5.67213134613225,"2021-08-15",572,5.57106707554901,0.0618966999271657,5.66240555906909,5.66362128245199,-0.008618021602235,-0.0086180216022171,-0.00684484067205351,-1,-1,-1
1133,"Winston","Alabama",0.0622423088772227,5.72828285397961,0.062242308877221,5.7282828539796,"2021-08-16",573,5.60999494455603,0.0613011498421745,5.72075358169923,5.72169474073427,-0.000870114432827203,-0.000870114432838298,-0.000595550084991195,-1,-1,-1
1133,"Winston","Alabama",0.0572382318549268,5.75049254667846,0.0572382318549183,5.7504925466784,"2021-08-17",574,5.66047724071734,0.056902422099265,5.74780606863317,5.74814187838883,-0.0050040770222959,-0.0050040770223027,-0.0043987277429095,-1,-1,-1
1133,"Winston","Alabama",0.0534957518640509,5.77779093860638,0.05349575186405,5.77779093860637,"2021-08-18",575,5.70330617076532,0.053766034163468,5.77995319700171,5.7796829147023,-0.0037424799908759,-0.0037424799908683,-0.003136387935797,-1,-1,-1
1133,"Winston","Alabama",0.0526107541304862,5.82420670860192,0.0526107541304945,5.82420670860198,"2021-08-19",576,5.74528994846755,0.0527833005688486,5.82558708010881,5.82541453367046,-0.000884997733564701,-0.0008849977335555,-0.000982733594619402,-1,-1,-1
1133,"Winston","Alabama",0.0441599195802906,5.80921078633084,0.0441599195802924,5.80921078633085,"2021-08-20",577,5.78470391700843,0.0446919644894312,5.81346714560397,5.81293510069483,-0.0084508345501956,-0.0084508345502021,-0.0080913360794174,-1,-1,-1
1133,"Winston","Alabama",0.0276356101720898,5.72117623064552,0.0276356101720863,5.7211762306455,"2021-08-21",578,5.84726419813389,0.0298103556637597,5.73857419457889,5.73639944908721,-0.0165243094082008,-0.0165243094082061,-0.0148816088256715,-1,-1,-1
1133,"Winston","Alabama",0.0433401161081142,5.87444788830581,0.0433401161081148,5.87444788830581,"2021-08-22",579,5.89085463420875,0.0448219912059906,5.88630288908881,5.88482101399094,0.0157045059360244,0.0157045059360285,0.0150116355422309,1,1,1
1133,"Winston","Alabama",0.0389278690070171,5.88249002760515,0.0389278690070238,5.8824900276052,"2021-08-23",580,5.93375976554898,0.0383673984787341,5.87800626337888,5.87856673390717,-0.0044122471010971,-0.004412247101091,-0.0064545927272565,-1,-1,-1
1133,"Winston","Alabama",0.0504822961613063,6.01385331384648,0.050482296161305,6.01385331384647,"2021-08-24",581,5.95953150000497,0.0470634569662373,5.98650260028593,5.989921439481,0.0115544271542892,0.0115544271542812,0.0086960584875032,1,1,1
1133,"Winston","Alabama",0.0428289300479877,6.00310868110124,0.0428289300479827,6.0031086811012,"2021-08-25",582,5.97960883073161,0.0404867780072234,5.98437146477513,5.98671361681588,-0.0076533661133186,-0.0076533661133223,-0.00657667895901391,-1,-1,-1
1133,"Winston","Alabama",0.0419837777022306,6.03917639238316,0.0419837777022298,6.03917639238316,"2021-08-26",583,6.00740819750512,0.0395189067613627,6.01945742485622,6.02192229579709,-0.000845152345757098,-0.0008451523457529,-0.000967871245860695,-1,-1,-1
1133,"Winston","Alabama",0.0394139685408744,6.06060169679455,0.0394139685408748,6.06060169679455,"2021-08-27",584,6.03889324067909,0.0379165176453424,6.04862208963029,6.05011954052583,-0.0025698091613562,-0.00256980916135501,-0.0016023891160203,-1,-1,-1
1133,"Winston","Alabama",0.0625602811254743,6.28518616601221,0.0625602811254655,6.28518616601215,"2021-08-28",585,6.05477463545943,0.0583569123925229,6.25155921614861,6.25576258488155,0.0231463125845999,0.0231463125845907,0.0204403947471805,1,1,1
1133,"Winston","Alabama",0.043590436074863,6.19598768673279,0.0435904360748633,6.1959876867328,"2021-08-29",586,6.06842558824411,0.0402786615475305,6.16949349051413,6.17280526504146,-0.0189698450506113,-0.0189698450506022,-0.0180782508449924,-1,-1,-1
1133,"Winston","Alabama",0.0429051313402212,6.23409568493053,0.0429051313402233,6.23409568493054,"2021-08-30",587,6.08417394521225,0.0398557393334164,6.20970054887608,6.21274994088289,-0.000685304734641803,-0.000685304734639999,-0.000422922214114101,-1,-1,-1
1133,"Winston","Alabama",0.025771734455994,6.13993364119693,0.0257717344559945,6.13993364119693,"2021-08-31",588,6.10797693456291,0.0264533512708463,6.14538657571575,6.14470495890089,-0.0171333968842272,-0.0171333968842288,-0.0134023880625701,-1,-1,-1
1133,"Winston","Alabama",0.0200773307266367,6.12015014581807,0.0200773307266404,6.1201501458181,"2021-09-01",589,6.13741845973106,0.0185699802546187,6.10809134204192,6.10959869251394,-0.0056944037293573,-0.0056944037293541,-0.0078833710162276,-1,-1,-1
1133,"Winston","Alabama",0.0277993667735039,6.20200376491964,0.0277993667735048,6.20200376491965,"2021-09-02",590,6.15667627633548,0.0280785347271255,6.20423710854861,6.203957940595,0.0077220360468672,0.0077220360468644,0.0095085544725068,1,1,1
1133,"Winston","Alabama",0.0314850431739799,6.25928854289695,0.0314850431739746,6.25928854289691,"2021-09-03",591,6.17972083942175,0.0290553588567035,6.23985106835875,6.24228075267601,0.003685676400476,0.0036856764004698,0.000976824129577999,1,1,1
1133,"Winston","Alabama",0.0158813947803401,6.16594439892182,0.0158813947803429,6.16594439892183,"2021-09-04",592,6.20398039534711,0.0177960875636895,6.18126194118861,6.17934724840526,-0.0156036483936398,-0.0156036483936317,-0.011259271293014,-1,-1,-1
1133,"Winston","Alabama",0.0136509527846776,6.16398225773685,0.0136509527846762,6.16398225773684,"2021-09-05",593,6.23692856171071,0.0141089937705447,6.16764658562379,6.16718854463792,-0.0022304419956625,-0.0022304419956667,-0.0036870937931448,-1,-1,-1
1133,"Winston","Alabama",0.015748356968141,6.19441244398924,0.0157483569681389,6.19441244398922,"2021-09-06",594,6.26094627934434,0.0178065292470142,6.21087782222022,6.20881964994135,0.0020974041834634,0.0020974041834627,0.0036975354764695,1,1,1
1133,"Winston","Alabama",0.0238029893506563,6.2745978600175,0.0238029893506591,6.27459786001752,"2021-09-07",595,6.28360096990914,0.0242450946728277,6.27813470259487,6.2776925972727,0.0080546323825153,0.0080546323825202,0.0064385654258135,1,1,1
1133,"Winston","Alabama",0.0294415251681517,6.34350913590812,0.0294415251681537,6.34350913590814,"2021-09-08",596,6.30052363710505,0.0287981085284268,6.33836180279032,6.33900521943005,0.0056385358174954,0.0056385358174946,0.0045530138555991,1,1,1
1133,"Winston","Alabama",0.0192578166044118,6.29148099256636,0.0192578166044139,6.29148099256637,"2021-09-09",597,6.31896811374643,0.0209152755700363,6.30474066429135,6.30308320532573,-0.0101837085637399,-0.0101837085637398,-0.0078828329583905,-1,-1,-1
1133,"Winston","Alabama",0.0230445630862733,6.34103278102566,0.023044563086275,6.34103278102568,"2021-09-10",598,6.33150184989369,0.0232940690255204,6.34302882853964,6.34277932260039,0.0037867464818615,0.0037867464818611,0.0023787934554841,1,1,1
1133,"Winston","Alabama",0.0242595559253555,6.3737972868246,0.024259555925358,6.37379728682462,"2021-09-11",599,6.33935098501363,0.0238530486016775,6.37054522823517,6.37095173555885,0.0012149928390822,0.001214992839083,0.000558979576157102,1,1,1
1133,"Winston","Alabama",0.032948166363601,6.46756572625592,0.0329481663636022,6.46756572625593,"2021-09-12",600,6.33175601179619,0.0316297229920679,6.45701817928365,6.45833662265518,0.0086886104382455,0.0086886104382442,0.0077766743903904,1,1,1
1133,"Winston","Alabama",0.0240177176336294,6.42907030277974,0.024017717633626,6.42907030277972,"2021-09-13",601,6.33048455580799,0.0224871696685064,6.41682591905876,6.41835646702388,-0.0089304487299716,-0.0089304487299762,-0.0091425533235615,-1,-1,-1
1133,"Winston","Alabama",0.0226546905648065,6.44218380386279,0.0226546905648064,6.44218380386279,"2021-09-14",602,6.33175601179619,0.0210166312875202,6.4290793296445,6.43071738892178,-0.0013630270688229,-0.0013630270688196,-0.0014705383809862,-1,-1,-1
1133,"Winston","Alabama",0.0169226671959108,6.41898230747643,0.0169226671959075,6.4189823074764,"2021-09-15",603,6.34237289615238,0.0160699533482891,6.41216059669545,6.41301331054307,-0.0057320233688957,-0.0057320233688989,-0.0049466779392311,-1,-1,-1
1133,"Winston","Alabama",0.0184444766413818,6.44807945023611,0.0184444766413829,6.44807945023611,"2021-09-16",604,6.35660356945884,0.0173383828225777,6.43923069968567,6.44033679350447,0.001521809445471,0.0015218094454754,0.0012684294742886,1,1,1
1133,"Winston","Alabama",0.012533736147257,6.41923800292449,0.0125337361472564,6.41923800292449,"2021-09-17",605,6.36006806191199,0.0123475800552863,6.41774875418872,6.41793491028069,-0.0059107404941248,-0.0059107404941265,-0.0049908027672914,-1,-1,-1
1133,"Winston","Alabama",0.00784913511994518,6.39429493085325,0.0078491351199439,6.39429493085324,"2021-09-18",606,6.36327437863098,0.00856969091030392,6.40005937717612,6.39933882138576,-0.00468460102731182,-0.0046846010273125,-0.00377788914498238,-1,-1,-1
1133,"Winston","Alabama",-0.00759497321744423,6.27859119927408,0,6.33175601179619,"2021-09-19",607,6.37478142199314,-0.00698148773954676,6.28349908309726,6.28288559761936,-0.0154441083373894,-0.0078491351199439,-0.0155511786498507,-1,-1,-1
1133,"Winston","Alabama",-0.00127145598819683,6.32158436389062,0,6.33048455580799,"2021-09-20",608,6.38326529302209,-0.00352125681027134,6.30358595731402,6.30583575813609,0.0063235172292474,0,0.00346023092927542,1,0,1
1133,"Winston","Alabama",0.00127145598819788,6.34065620371357,0.00127145598819745,6.34065620371357,"2021-09-21",609,6.39071993858183,0.00445458958231606,6.36612127246652,6.3629381388724,0.00254291197639471,0.00127145598819745,0.0079758463925874,1,1,1
1133,"Winston","Alabama",0.0106168843561862,6.41669108664568,0.0106168843561871,6.41669108664569,"2021-09-22",610,6.39024066706535,0.0101458542424019,6.41292284573541,6.41339387584919,0.00934542836798832,0.00934542836798965,0.00569126466008584,1,1,1
1133,"Winston","Alabama",0.0142306733064664,6.45621828260411,0.0142306733064661,6.45621828260411,"2021-09-23",611,6.38543527579041,0.013641533212492,6.45150516185232,6.45209430194628,0.0036137889502802,0.003613788950279,0.0034956789700901,1,1,1
1133,"Winston","Alabama",0.00346449245314363,6.38431950908399,0.00346449245314417,6.384319509084,"2021-09-24",612,6.38808109813966,0.0057515057445343,6.40261561541511,6.40032860212373,-0.0107661808533228,-0.0107661808533219,-0.0078900274679577,-1,-1,-1
1133,"Winston","Alabama",0.00320631671899659,6.38571859566396,0.0032063167189964,6.38571859566396,"2021-09-25",613,6.38229934269342,0.00488696535924281,6.39916378478593,6.39748313614568,-0.00025817573414704,-0.00025817573414777,-0.00086454038529149,-1,-1,-1
1133,"Winston","Alabama",0.0115070433621543,6.45533072552822,0.011507043362152,6.4553307255282,"2021-09-26",614,6.37136761716592,0.0102904708219243,6.44559814520638,6.44681471774661,0.00830072664315771,0.0083007266431556,0.00540350546268149,1,1,1
1133,"Winston","Alabama",0.00848387102895324,6.44265239022476,0.00848387102895298,6.44265239022476,"2021-09-27",615,6.36031506697685,0.00797123051359026,6.43855126610186,6.43906390661722,-0.00302317233320106,-0.00302317233319902,-0.00231924030833404,-1,-1,-1
1133,"Winston","Alabama",0.0074546455597454,6.44290245750005,0.00745464555974351,6.44290245750004,"2021-09-28",616,6.344382442169,0.00716587797002199,6.44059231678227,6.44088108437198,-0.00102922546920784,-0.00102922546920947,-0.00080535254356827,-1,-1,-1
1133,"Winston","Alabama",-0.00047927151648268,6.38688576644997,0,6.39024066706535,"2021-09-29",617,6.32844685770098,-0.00461129523884636,6.35382957667106,6.35796160039343,-0.00793391707622808,-0.00745464555974351,-0.0117771732088683,-1,-1,-1
1133,"Winston","Alabama",-0.00480539127493786,6.35179753686585,0,6.38543527579041,"2021-09-30",618,6.30470993311938,-0.0111934764970361,6.30069285508906,6.30708094031116,-0.00432611975845518,0,-0.00658218125818974,-1,0,-1
1133,"Winston","Alabama",0.00264582234925237,6.40660185458443,0.00264582234925115,6.40660185458442,"2021-10-01",619,6.27125844671076,0.00309442137269375,6.41019064677196,6.40974204774852,0.00745121362419023,0.00264582234925115,0.0142878978697299,1,1,1
1133,"Winston","Alabama",-0.00578175544624124,6.34182705456973,0,6.38229934269342,"2021-10-02",620,6.23748722094312,-0.00968970035936167,6.31056349526477,6.31447144017789,-0.00842757779549361,-0.00264582234925115,-0.0127841217320554,-1,-1,-1
1133,"Winston","Alabama",-0.0109317255274997,6.29484553847342,0,6.37136761716592,"2021-10-03",621,6.20772733732997,-0.0117355450885369,6.28841498198512,6.28921880154616,-0.00514997008125846,0,-0.00204584472917523,-1,0,-1
1133,"Winston","Alabama",-0.0110525501890739,6.28294721565333,0,6.36031506697685,"2021-10-04",622,6.17675787429109,-0.0127054612887355,6.26972392685604,6.2713768379557,-0.0001208246615742,0,-0.0009699162001986,-1,0,-1
1133,"Winston","Alabama",-0.0159326248078482,6.23285406851406,0,6.344382442169,"2021-10-05",623,6.13926859901922,-0.0161709425700936,6.2309475264161,6.23118584417834,-0.0048800746187743,0,-0.0034654812813581,-1,0,-1
1133,"Winston","Alabama",-0.0159355844680226,6.21689776642482,0,6.32844685770098,"2021-10-06",624,6.09550276033773,-0.0161892816101699,6.21486818928764,6.21512188642979,-2.95966017439808e-06,0,-1.83390400762991e-05,-1,0,-1
1133,"Winston","Alabama",-0.0237369245815983,6.13855146104819,0,6.30470993311938,"2021-10-07",625,6.05577982904382,-0.0217807419292712,6.15420092226681,6.15224473961448,-0.0078013401135757,0,-0.0055914603191013,-1,0,-1
1133,"Winston","Alabama",-0.0334514864086212,6.03709804185041,0,6.27125844671076,"2021-10-08",626,6.0217165902785,-0.0297072413322019,6.06705200246176,6.06330775738535,-0.0097145618270229,0,-0.0079264994029307,-1,0,-1
1133,"Winston","Alabama",-0.0337712257676358,6.00108864056967,0,6.23748722094312,"2021-10-09",627,5.99609665943454,-0.0326704564363666,6.00989479521983,6.00879402588855,-0.000319739359014595,0,-0.0029632151041647,-1,0,-1
1133,"Winston","Alabama",-0.0297598836131495,5.99940815203792,0,6.20772733732997,"2021-10-10",628,5.96357934361845,-0.0286915155006769,6.0079550969377,6.00688672882523,0.0040113421544863,0,0.0039789409356897,1,0,1
1133,"Winston","Alabama",-0.0309694630388779,5.95997163301895,0,6.17675787429109,"2021-10-11",629,5.9246376954524,-0.0304128970051099,5.96442416128909,5.96386759525532,-0.0012095794257284,0,-0.001721381504433,-1,0,-1
1133,"Winston","Alabama",-0.0374892752718607,5.8768436721162,0,6.13926859901922,"2021-10-12",630,5.88808619265415,-0.0346370185685728,5.89966172574251,5.89680946903921,-0.0065198122329828,0,-0.0042241215634629,-1,0,-1
1133,"Winston","Alabama",-0.0437658386814972,5.78914188956725,0,6.09550276033773,"2021-10-13",631,5.84726419813389,-0.0398221743589267,5.82069120414781,5.81674753982524,-0.0062765634096365,0,-0.0051851557903539,-1,0,-1
1133,"Winston","Alabama",-0.0397229312939173,5.7777193099864,0,6.05577982904382,"2021-10-14",632,5.80298118820022,-0.0393584868499035,5.7806348655385,5.7802704210945,0.0040429073875799,0,0.000463687509023203,1,0,1
1133,"Winston","Alabama",-0.0340632387653274,5.78327391892121,0,6.0217165902785,"2021-10-15",633,5.74939298590825,-0.0349922803485873,5.77584158625512,5.77677062783839,0.0056596925285899,0,0.0043662065013162,1,0,1
1133,"Winston","Alabama",-0.0256199308439576,5.81675714352684,0,5.99609665943454,"2021-10-16",634,5.68891052869023,-0.0268975505736406,5.80653618568938,5.80781380541906,0.0084433079213698,0,0.0080947297749467,1,0,1
1133,"Winston","Alabama",-0.0325173158161043,5.73595813290572,0,5.96357934361845,"2021-10-17",635,5.6301871915678,-0.0339378761712141,5.72459365006483,5.72601421041995,-0.0068973849721467,0,-0.0070403255975735,-1,0,-1
1133,"Winston","Alabama",-0.0389416481660467,5.65204615829007,0,5.9246376954524,"2021-10-18",636,5.57432440741932,-0.0386915452167315,5.6540469818846,5.65379687893528,-0.0064243323499424,0,-0.0047536690455174,-1,0,-1
1133,"Winston","Alabama",-0.0365515027982574,5.63222567306635,0,5.88808619265415,"2021-10-19",637,5.51458015677002,-0.0375412976980749,5.6243073138678,5.62529710876763,0.0023901453677893,0,0.0011502475186566,1,0,1
1133,"Winston","Alabama",-0.0408219945202644,5.56151023649204,0,5.84726419813389,"2021-10-20",638,5.45776014095706,-0.0404179522673279,5.56474257451553,5.56433853226259,-0.004270491722007,0,-0.00287665456925301,-1,0,-1
1133,"Winston","Alabama",-0.0442830099336811,5.49300011866445,0,5.80298118820022,"2021-10-21",639,5.39686904027653,-0.0448371493577783,5.48856700327166,5.48912114269577,-0.0034610154134167,0,-0.0044191970904504,-1,0,-1
1133,"Winston","Alabama",-0.0535882022919631,5.37427556986451,0,5.74939298590825,"2021-10-22",640,5.34982492369397,-0.0514775048051117,5.39116114975933,5.38905045227247,-0.009305192358282,0,-0.0066403554473334,-1,0,-1
1133,"Winston","Alabama",-0.0604824572180326,5.265533328164,0,5.68891052869023,"2021-10-23",641,5.31250200153999,-0.0567351577102318,5.2955117242264,5.29176442471861,-0.0068942549260695,0,-0.0052576529051201,-1,0,-1
1133,"Winston","Alabama",-0.0587233371224302,5.21912383171079,0,5.6301871915678,"2021-10-24",642,5.28754526956613,-0.0550811718948553,5.24826115353139,5.24461898830381,0.0017591200956024,0,0.0016539858153765,1,0,1
1133,"Winston","Alabama",-0.0558627841484733,5.18328491838,0,5.57432440741932,"2021-10-25",643,5.26194972237716,-0.0547479482848605,5.19220360528892,5.1910887694253,0.0028605529739569,0,0.000333223609994798,1,0,1
1133,"Winston","Alabama",-0.0597442506492915,5.09637040222498,0,5.51458015677002,"2021-10-26",644,5.24551918098107,-0.0573370354340761,5.11562812394671,5.11322090873149,-0.0038814665008182,0,-0.0025890871492156,-1,0,-1
1133,"Winston","Alabama",-0.0568200158129605,5.06002003026634,0,5.45776014095706,"2021-10-27",645,5.29831736654804,-0.0557318086505252,5.06872568756582,5.06763748040338,0.002924234836331,0,0.00160522678355091,1,0,1
1133,"Winston","Alabama",-0.0608911006805281,4.97063133551284,0,5.39686904027653,"2021-10-28",646,5.38055546478501,-0.0606594864050894,4.97248424971634,4.9722526354409,-0.0040710848675676,0,-0.0049276777545642,-1,0,-1
1133,"Winston","Alabama",-0.0470441165825629,5.02051610761603,0,5.34982492369397,"2021-10-29",647,5.44488837268036,-0.0487108557697511,5.00718219411852,5.00884893330571,0.0138469840979652,0,0.0119486306353383,1,0,1
1133,"Winston","Alabama",-0.0373229221539779,5.05124154646215,0,5.31250200153999,"2021-10-30",648,5.49482355833395,-0.0388409614583789,5.03909723202694,5.04061527133134,0.009721194428585,0,0.0098698943113722,1,0,1
1133,"Winston","Alabama",-0.0249567319738617,5.1128481457491,0,5.28754526956613,"2021-10-31",649,5.53733426701854,-0.0287582914516302,5.08243566992695,5.08623722940472,0.0123661901801162,0,0.0100826700067487,1,0,1
1133,"Winston","Alabama",-0.0255955471889591,5.08278089205445,0,5.26194972237716,"2021-11-01",650,5.57919059707049,-0.0285272578493983,5.05932720677094,5.06225891743137,-0.000638815215097403,0,0.000231033602231902,-1,0,1
1133,"Winston","Alabama",-0.016430541396099,5.13050539120837,0,5.24551918098107,"2021-11-02",651,5.61521144047493,-0.0209301788608642,5.09450829149025,5.09900792895502,0.0091650057928601,0,0.0075970789885341,1,0,1
1133,"Winston","Alabama",0.0527981855669617,5.66790466551677,0.052798185566969,5.66790466551682,"2021-11-03",652,5.61625148217034,0.0574457723701471,5.70508535994225,5.70043777313907,0.0692287269630607,0.052798185566969,0.0783759512310113,1,1,1
1133,"Winston","Alabama",0.0822380982369837,5.95622215244389,0.0822380982369717,5.95622215244381,"2021-11-04",653,5.60106396846121,0.0718892785821561,5.87343159520529,5.8837804148601,0.029439912670022,0.0294399126700027,0.014443506212009,1,1,1
1133,"Winston","Alabama",0.0643329078953653,5.89521872794792,0.0643329078953565,5.89521872794786,"2021-11-05",654,5.58671346973347,0.0678535447438065,5.92338382273546,5.91986318588701,-0.0179051903416184,-0.0179051903416152,-0.0040357338383496,-1,-1,-1
1133,"Winston","Alabama",0.0499351856535817,5.84436985790902,0.049935185653581,5.84436985790901,"2021-11-06",655,5.57757116351818,0.0572296252375406,5.90272537458068,5.89543093499673,-0.0143977222417836,-0.0143977222417755,-0.0106239195062659,-1,-1,-1
1133,"Winston","Alabama",0.0425107086845916,5.83490922781068,0.0425107086845911,5.83490922781067,"2021-11-07",656,5.5683445037611,0.0503552533186303,5.89766558488299,5.88982104024895,-0.0074244769689901,-0.0074244769689899,-0.0068743719189103,-1,-1,-1
1133,"Winston","Alabama",0.0418563300519517,5.87218490743415,0.0418563300519512,5.87218490743415,"2021-11-08",657,5.56177992876459,0.0462153539097824,5.9070570982968,5.90269807443897,-0.000654378632639903,-0.000654378632639903,-0.0041398994088479,-1,-1,-1
1133,"Winston","Alabama",0.0360208434044434,5.86735734430603,0.0360208434044385,5.867357344306,"2021-11-09",658,5.5667073956192,0.0410586443210024,5.90765975163851,5.90262195072195,-0.0058354866475083,-0.0058354866475127,-0.00515670958878001,-1,-1,-1
1133,"Winston","Alabama",0.00104004169541273,5.62353177403823,0.00104004169541305,5.62353177403823,"2021-11-10",659,5.56177992876459,0.00637905128500033,5.66624385075493,5.66090484116534,-0.0349808017090307,-0.0349808017090254,-0.0346795930360021,-1,-1,-1
1133,"Winston","Alabama",-0.0151875137091269,5.49475137249733,0,5.60106396846121,"2021-11-11",660,5.55406639189681,-0.0122002353211064,5.51864959960149,5.51566232121346,-0.0162275554045396,-0.00104004169541305,-0.0185792866061067,-1,-1,-1
1133,"Winston","Alabama",-0.0143504987277381,5.48625997863931,0,5.58671346973347,"2021-11-12",661,5.55295958492162,-0.0135584691857507,5.4925962149752,5.49180418543322,0.000837014981388799,0,-0.0013582338646443,1,0,-1
1133,"Winston","Alabama",-0.00914230621528916,5.51357502001116,0,5.57757116351818,"2021-11-13",662,5.54852006597625,-0.00985710429172303,5.50785663539969,5.50857143347612,0.00520819251244894,0,0.00370136489402767,1,0,1
1133,"Winston","Alabama",-0.00922665975708337,5.50375788546151,0,5.5683445037611,"2021-11-14",663,5.54517744447956,-0.00935384669023709,5.50274038999628,5.50286757692944,-8.4353541794209e-05,0,0.000503257601485939,-1,0,1
1133,"Winston","Alabama",-0.00656457499650635,5.51582790378905,0,5.56177992876459,"2021-11-15",664,5.53902013423435,-0.00811579135880449,5.50341817289066,5.50496938925296,0.00266208476057702,0,0.0012380553314326,1,0,1
1133,"Winston","Alabama",0.00492746685460916,5.60119966360146,0.00492746685460954,5.60119966360147,"2021-11-16",665,5.52031740716017,0.00615149210306829,5.61099186558914,5.60976784034068,0.0114920418511155,0.00492746685460954,0.0142672834618728,1,1,1
1133,"Winston","Alabama",-0.00492746685461041,5.52728766078232,0,5.56177992876459,"2021-11-17",666,5.49775353406028,-0.00753029190094983,5.5064650604116,5.50906788545794,-0.00985493370921957,-0.00492746685460954,-0.0136817840040181,-1,-1,-1
1133,"Winston","Alabama",-0.0077135368677838,5.50007163382232,0,5.55406639189681,"2021-11-18",667,5.4236905714711,-0.00748841815235037,5.50187258354579,5.50164746483036,-0.00278607001317339,0,4.18737485994598e-05,-1,0,1
1133,"Winston","Alabama",-0.00110680697518857,5.5452119360953,0,5.55295958492162,"2021-11-19",668,5.31250200153999,-0.005204217536539,5.5124326516045,5.51653006216585,0.00660672989259523,0,0.00228420061581137,1,0,1
1133,"Winston","Alabama",-0.00443951894536381,5.51744343335871,0,5.54852006597625,"2021-11-20",669,5.19770745364881,-0.0080029921454065,5.48893564775837,5.4924991209584,-0.00333271197017524,0,-0.0027987746088675,-1,0,-1
1133,"Winston","Alabama",-0.00334262149669037,5.52177909400273,0,5.54517744447956,"2021-11-21",670,5.07606627401685,-0.0069675132835612,5.49277995970776,5.49640485149463,0.00109689744867344,0,0.0010354788618453,1,0,1
1133,"Winston","Alabama",-0.00615731024521354,5.49591896251785,0,5.53902013423435,"2021-11-22",671,4.93447393313069,-0.00691205029224944,5.48988104214156,5.4906357821886,-0.00281468874852317,0,5.54629913117602e-05,-1,0,1
1133,"Winston","Alabama",-0.0187027270741805,5.38939831764091,0,5.52031740716017,"2021-11-23",672,4.77671964580014,-0.0156735819600484,5.41363147855396,5.41060233343983,-0.012545416828967,0,-0.00876153166779896,-1,0,-1
1133,"Winston","Alabama",-0.0225638730998884,5.33980642236106,0,5.49775353406028,"2021-11-24",673,4.60517018598809,-0.0195805353217845,5.36367312458589,5.36068978680779,-0.0038611460257079,0,-0.0039069533617361,-1,0,-1
1133,"Winston","Alabama",-0.0740629625891915,4.90524983334676,0,5.4236905714711,"2021-11-25",674,4.50297924509154,-0.0643941577978165,4.98260027167775,4.97293146688638,-0.0514990894893031,0,-0.044813622476032,-1,0,-1
1133,"Winston","Alabama",-0.111188569931101,4.53418201202229,0,5.31250200153999,"2021-11-26",675,4.44600696433729,-0.0851392847224701,4.74257629369134,4.7165270084827,-0.0371256073419095,0,-0.0207451269246536,-1,0,-1
1133,"Winston","Alabama",-0.114794547891183,4.39414561841053,0,5.19770745364881,"2021-11-27",676,4.39091558209113,-0.0897043979981972,4.59486681755441,4.56977666766143,-0.003605977960082,0,-0.0045651132757271,-1,0,-1
1133,"Winston","Alabama",-0.12164117963196,4.22457801659312,0,5.07606627401685,"2021-11-28",677,4.33261127511053,-0.102732923284481,4.37584406737297,4.35693581102549,-0.006846631740777,0,-0.0130285252862838,-1,0,-1
1133,"Winston","Alabama",-0.141592340886177,3.94332754692745,0,4.93447393313069,"2021-11-29",678,4.27666611901606,-0.107543312717732,4.215719772275,4.18167074410657,-0.019951161254217,0,-0.004810389433251,-1,0,-1
1133,"Winston","Alabama",-0.157754287330577,3.6724396344861,0,4.77671964580014,"2021-11-30",679,4.19397440317094,-0.123615000831979,3.94555392647485,3.91141463997628,-0.0161619464444,0,-0.016071688114247,-1,0,-1
1133,"Winston","Alabama",-0.171549459812073,3.40432396730358,0,4.60517018598809,"2021-12-01",680,4.05797691805123,-0.138836625616976,3.66602664086433,3.63331380666926,-0.013795172481496,0,-0.015221624784997,-1,0,-1
1133,"Winston","Alabama",-0.10219094089653,3.78764265881583,0,4.50297924509154,"2021-12-02",681,3.95672318434605,-0.0852092256998054,3.92349638038965,3.9065146651929,0.069358518915543,0,0.0536273999171706,1,0,1
1133,"Winston","Alabama",-0.0569722807542442,4.04720099905758,0,4.44600696433729,"2021-12-03",682,3.86822038276975,-0.0644824090838638,3.98711997242063,3.99463010075024,0.0452186601422858,0,0.0207268166159416,1,0,1
1133,"Winston","Alabama",-0.05509138224617,4.00527590636794,0,4.39091558209113,"2021-12-04",683,3.77111755235091,-0.0524226573576329,4.02662570547623,4.0239569805877,0.0018808985080742,0,0.0120597517262309,1,0,1
1133,"Winston","Alabama",-0.0583043069806054,3.92448112624629,0,4.33261127511053,"2021-12-05",684,3.70657903121334,-0.0584331923878273,3.92345004298851,3.92357892839574,-0.0032129247344354,0,-0.0060105350301944,-1,0,-1
1133,"Winston","Alabama",-0.0559451560944836,3.88505002635467,0,4.27666611901606,"2021-12-06",685,3.65989191724069,-0.0568650633939078,3.87769076795927,3.87861067525871,0.00235915088612181,0,0.0015681289939195,1,0,1
1133,"Winston","Alabama",-0.0826917158451113,3.61513239225516,0,4.19397440317094,"2021-12-07",686,3.630038954091,-0.0722302700466054,3.69882395864322,3.6883625128447,-0.0267465597506277,0,-0.0153652066526976,-1,0,-1
1133,"Winston","Alabama",-0.135997485119716,3.10599452221322,0,4.05797691805123,"2021-12-08",687,3.69953674858792,-0.0994363060523774,3.39848395475192,3.36192277568459,-0.0533057692746047,0,-0.027206036005772,-1,0,-1
1133,"Winston","Alabama",-0.101253733705172,3.24794704840985,0,3.95672318434605,"2021-12-09",688,3.76120011569356,-0.0844670617468719,3.38224042407625,3.36545375211795,0.034743751414544,0,0.0149692443055055,1,0,1
1133,"Winston","Alabama",-0.0885028015762847,3.24870077173576,0,3.86822038276975,"2021-12-10",689,3.84710345932883,-0.0722411691933752,3.37879383079905,3.36253219841612,0.0127509321288873,0,0.0122258925534967,1,0,1
1133,"Winston","Alabama",-0.0971028304188294,3.0913977394191,0,3.77111755235091,"2021-12-11",690,3.90916177314711,-0.0727421692028528,3.28628302914693,3.26192236793094,-0.0086000288425447,0,-0.000501000009477601,-1,0,-1
1133,"Winston","Alabama",-0.0645385211375597,3.25480938325042,0,3.70657903121334,"2021-12-12",691,3.92902058179672,-0.0573420472708952,3.31238117418375,3.30518470031707,0.0325643092812697,0,0.0154001219319576,1,0,1
1133,"Winston","Alabama",-0.046687113972659,3.33308211943207,0,3.65989191724069,"2021-12-13",692,3.93462283734539,-0.0469963612421555,3.3306081412761,3.3309173885456,0.0178514071649007,0,0.0103456860287397,1,0,1
1133,"Winston","Alabama",-0.0298529631496775,3.42106821204326,0,3.630038954091,"2021-12-14",693,3.96759285658296,-0.0325054266497683,3.39984850404254,3.40250096754262,0.0168341508229815,0,0.0144909345923872,1,0,1
1133,"Winston","Alabama",0.0694977944969212,4.18602131006637,0.0694977944969213,4.18602131006637,"2021-12-15",694,3.98367899433458,0.054285740395991,4.06432487725893,4.07953693135986,0.0993507576465987,0.0694977944969213,0.0867911670457593,1,1,1
1133,"Winston","Alabama",0.0616633671056378,4.19284368543303,0.0616633671056386,4.19284368543303,"2021-12-16",695,3.99688922607139,0.0504798688585666,4.10337569945645,4.11455919770353,-0.0078344273912834,-0.0078344273912827,-0.00380587153742441,-1,-1,-1
1133,"Winston","Alabama",0.0859033436352686,4.44842686477571,0.0859033436352687,4.44842686477571,"2021-12-17",696,4.04305126783455,0.0641456451245606,4.27436527669004,4.29612297520075,0.0242399765296308,0.0242399765296301,0.013665776265994,1,1,1
1133,"Winston","Alabama",0.0620583138182918,4.34356996987516,0.0620583138182833,4.3435699698751,"2021-12-18",697,4.09672268462707,0.0584082700937191,4.31436962007858,4.31801966380314,-0.0238450298169768,-0.0238450298169854,-0.0057373750308415,-1,-1,-1
1133,"Winston","Alabama",0.0198588086496061,4.06803224234396,0.0198588086496034,4.06803224234394,"2021-12-19",698,4.14539973302238,0.0225107284797225,4.08924760098489,4.08659568115478,-0.0421995051686857,-0.0421995051686799,-0.0358975416139966,-1,-1,-1
1133,"Winston","Alabama",0.0056022555486691,3.97383862618607,0.00560225554866856,3.97383862618607,"2021-12-20",699,4.19827548507033,0.00821139933961693,3.99471177651366,3.99210263272271,-0.014256553100937,-0.0142565531009348,-0.0142993291401056,-1,-1,-1
1133,"Winston","Alabama",0.032970019237575,4.19838299124598,0.0329700192375713,4.19838299124596,"2021-12-21",700,4.23410650459726,0.0342333517030877,4.20848965097009,4.20722631850457,0.0273677636889059,0.0273677636889027,0.0260219523634708,1,1,1
1133,"Winston","Alabama",0.0160861377516244,4.09628195859595,0.0160861377516235,4.09628195859595,"2021-12-22",701,4.28260085453587,0.0171907940035445,4.10511920861132,4.10401455235939,-0.0168838814859506,-0.0168838814859478,-0.0170425576995432,-1,-1,-1
1133,"Winston","Alabama",0.0132102317368072,4.08936084822904,0.0132102317368061,4.08936084822903,"2021-12-23",702,4.33635659784069,0.0156564873448807,4.10893089309363,4.10648463748556,-0.0028759060148172,-0.0028759060148174,-0.0015343066586638,-1,-1,-1
1133,"Winston","Alabama",0.0461620417631555,4.36618556017664,0.046162041763163,4.36618556017669,"2021-12-24",703,4.36218829245422,0.045038227967033,4.35719504980765,4.35831886360378,0.0329518100263483,0.0329518100263569,0.0293817406221523,1,1,1
1133,"Winston","Alabama",0.0536714167925165,4.47242260217468,0.0536714167925174,4.47242260217469,"2021-12-25",704,4.39091558209113,0.0506666706277133,4.44838463285626,4.45138937902106,0.00750937502936101,0.0075093750293544,0.0056284426606803,1,1,1
1133,"Winston","Alabama",0.0486770483953239,4.48613907178965,0.0486770483953167,4.4861390717896,"2021-12-26",705,4.41019751164058,0.0466969937991486,4.47029863502026,4.47227868961642,-0.0049943683971926,-0.0049943683972007,-0.0039696768285647,-1,-1,-1
1133,"Winston","Alabama",0.0528757520479486,4.56840574940597,0.0528757520479486,4.56840574940597,"2021-12-27",706,4.42227703729518,0.0510435803406185,4.55374837574733,4.55558054745466,0.0041987036526247,0.0041987036526319,0.0043465865414699,1,1,1
1133,"Winston","Alabama",0.035831019526927,4.48492364128575,0.0358310195269267,4.48492364128575,"2021-12-28",707,4.43421238784445,0.0372985664430515,4.49666401661474,4.49519646969862,-0.0170447325210216,-0.0170447325210219,-0.013745013897567,-1,-1,-1
1133,"Winston","Alabama",0.0484943499386093,4.62206130410613,0.0484943499386095,4.62206130410614,"2021-12-29",708,4.46261864200418,0.0474243174148709,4.61350104391623,4.61457107643997,0.0126633304116823,0.0126633304116828,0.0101257509718194,1,1,1
1133,"Winston","Alabama",0.053755743304815,4.7126468009744,0.0537557433048237,4.71264680097446,"2021-12-30",709,4.51085950651685,0.048681966176079,4.6720565839445,4.67713036107324,0.0052613933662057,0.0052613933662142,0.0012576487612081,1,1,1
1133,"Winston","Alabama",0.0258316946135209,4.54301015474886,0.0258316946135242,4.54301015474889,"2021-12-31",710,4.58642414316704,0.0271998387472897,4.55395530781901,4.55258716368525,-0.0279240486912941,-0.0279240486912995,-0.0214821274287893,-1,-1,-1
1133,"Winston","Alabama",0.0287272896369055,4.59200660954947,0.02872728963691,4.5920066095495,"2022-01-01",711,4.64576358295334,0.0302413598386337,4.60411917116329,4.60260510096156,0.0028955950233846,0.0028955950233858,0.003041521091344,1,1,1
1133,"Winston","Alabama",0.0192819295494528,4.54517101848675,0.0192819295494511,4.54517101848674,"2022-01-02",712,4.74865190946578,0.0219574748034996,4.56657538051913,4.56389983526508,-0.0094453600874527,-0.0094453600874589,-0.0082838850351341,-1,-1,-1
1133,"Winston","Alabama",0.0120795256546025,4.5068337168774,0.0120795256546016,4.50683371687739,"2022-01-03",713,4.85425991924688,0.0145597335107426,4.52667537972652,4.52419517187038,-0.0072024038948503,-0.0072024038948495,-0.007397741292757,-1,-1,-1
1133,"Winston","Alabama",0.0119353505492728,4.51775984168936,0.0119353505492725,4.51775984168936,"2022-01-04",714,4.97870224699324,0.0157036262942343,4.54790604764905,4.54413777190409,-0.0001441751053297,-0.000144175105329099,0.0011438927834917,-1,-1,1
1133,"Winston","Alabama",0.0284062541597328,4.66146242112232,0.0284062541597327,4.66146242112231,"2022-01-05",715,5.08847778086019,0.0407068642504798,4.75986730184829,4.74756669175754,0.01647090361046,0.0164709036104602,0.0250032379562455,1,1,1
1133,"Winston","Alabama",0.0482408645126661,4.84854555810551,0.0482408645126648,4.8485455581055,"2022-01-06",716,5.2040066870768,0.0595655377370639,4.93914294390069,4.9278182706763,0.0198346103529333,0.0198346103529321,0.0188586734865841,1,1,1
1133,"Winston","Alabama",0.0755646366501967,5.11537659971841,0.0755646366501859,5.11537659971834,"2022-01-07",717,5.3306462536634,0.0765423778236929,5.12319852910639,5.12222078793289,0.0273237721375306,0.0273237721375211,0.016976840086629,1,1,1
1133,"Winston","Alabama",0.0593394397863147,5.06113966145755,0.0593394397863074,5.06113966145749,"2022-01-08",718,5.44612141845928,0.0597785096933966,5.06465222071421,5.06421315080712,-0.016225196863882,-0.0162251968638785,-0.0167638681302963,-1,-1,-1
1133,"Winston","Alabama",0.102888326512419,5.46887019505271,0.102888326512435,5.46887019505282,"2022-01-09",719,5.55461933633998,0.101537500977001,5.45806359076935,5.45941441630479,0.0435488867261043,0.0435488867261276,0.0417589912836044,1,1,1
1133,"Winston","Alabama",0.105608009781121,5.59351598771473,0.105608009781106,5.59351598771462,"2022-01-10",720,5.65699031314944,0.0976414308849381,5.52978335654528,5.53774993544145,0.00271968326870201,0.002719683268671,-0.0038960700920629,1,1,-1
1133,"Winston","Alabama",0.12444232774634,5.84979854121762,0.124442327746361,5.84979854121777,"2022-01-11",721,5.75393225834167,0.118438952332427,5.80177153790629,5.80777491332023,0.018834317965219,0.018834317965255,0.0207975214474889,1,1,1
1133,"Winston","Alabama",0.109775533866961,5.85690651792892,0.109775533866944,5.8569065179288,"2022-01-12",722,5.85548117123617,0.103876908598581,5.80971751578189,5.81561614105026,-0.014666793879379,-0.014666793879417,-0.014562043733846,-1,-1,-1
1133,"Winston","Alabama",0.115528906216588,6.01270903059291,0.115528906216606,6.01270903059304,"2022-01-13",723,5.93072831192015,0.107449502366135,5.94807379978927,5.95615320363975,0.005753372349627,0.005753372349662,0.00357259376755401,1,1,1
1133,"Winston","Alabama",0.126639566586603,6.21712321976962,0.126639566586603,6.21712321976962,"2022-01-14",724,5.97997016768225,0.115173578059798,6.12539531155518,6.13686130008199,0.011110660370015,0.011110660369997,0.007724075693663,1,1,1
1133,"Winston","Alabama",0.115475164795898,6.25444757203057,0.11547516479588,6.25444757203044,"2022-01-15",725,6.02517560445029,0.10995716983231,6.21030361232188,6.21582160728545,-0.011164401790705,-0.011164401790723,-0.00521640822748799,-1,-1,-1
1133,"Winston","Alabama",0.108497917880701,6.31410476150489,0.108497917880702,6.31410476150489,"2022-01-16",726,6.11966927822678,0.107212313360352,6.3038199253421,6.30510552986244,-0.00697724691519701,-0.00697724691517801,-0.002744856471958,-1,-1,-1
1133,"Winston","Alabama",0.10237097680946,6.37358715081566,0.102370976809461,6.37358715081566,"2022-01-17",727,6.21203335804972,0.10112406379998,6.36361184673982,6.3648587597493,-0.006126941071241,-0.006126941071241,-0.006088249560372,-1,-1,-1
1133,"Winston","Alabama",0.0969419451922301,6.43252587468728,0.0969419451922304,6.43252587468728,"2022-01-18",728,6.30157185523038,0.0972123467403985,6.43468908707263,6.43441868552446,-0.00542903161722991,-0.0054290316172306,-0.0039117170595815,-1,-1,-1
1133,"Winston","Alabama",0.101548912894484,6.56632356149756,0.101548912894501,6.56632356149768,"2022-01-19",729,6.40735135067856,0.0955521194841504,6.51834921421487,6.52434600762522,0.00460696770225391,0.00460696770227061,-0.00166022725624809,1,1,-1
1133,"Winston","Alabama",0.0752471406839761,6.45745829670798,0.0752471406839765,6.45745829670798,"2022-01-20",730,6.52482016795058,0.0774543067913446,6.47511562556693,6.47290845945956,-0.0263017722105079,-0.0263017722105245,-0.0180978126928058,-1,-1,-1
1133,"Winston","Alabama",0.0492418557620952,6.32466315801691,0.0492418557620971,6.32466315801693,"2022-01-21",731,6.66094091429146,0.0525460492091381,6.35109670559326,6.34779251214622,-0.0260052849218809,-0.0260052849218794,-0.0249082575822065,-1,-1,-1
1133,"Winston","Alabama",0.0452054367680485,6.34161366182663,0.0452054367680486,6.34161366182663,"2022-01-22",732,6.8030294824824,0.0458224859849357,6.34655005556174,6.34593300634484,-0.0040364189940467,-0.0040364189940485,-0.0067235632242024,-1,-1,-1
1133,"Winston","Alabama",0.0944936737764863,6.78112499466218,0.0944936737764861,6.78112499466218,"2022-01-23",733,6.90961069948159,0.0924039551243207,6.76440724544485,6.76649696409702,0.0492882370084378,0.0492882370084375,0.046581469139385,1,1,1
1133,"Winston","Alabama",0.092364079822943,6.85858191681032,0.0923640798229428,6.85858191681032,"2022-01-24",734,7.00033446027523,0.0885152759777188,6.82779148604853,6.83164028989375,-0.00212959395354331,-0.0021295939535433,-0.0038886791466019,-1,-1,-1
1133,"Winston","Alabama",0.0895384971806557,6.92834133549497,0.0895384971806559,6.92834133549497,"2022-01-25",735,7.07508405118995,0.0871682736860112,6.90937954753781,6.91174977103246,-0.0028255826422873,-0.0028255826422869,-0.0013470022917076,-1,-1,-1
1133,"Winston","Alabama",0.105779495448182,7.14780781881584,0.105779495448181,7.14780781881583,"2022-01-26",736,7.12459327773307,0.0966730735757919,7.07495644383672,7.0840628657091,0.0162409982675263,0.0162409982675251,0.0095047998897807,1,1,1
1133,"Winston","Alabama",0.117468817272023,7.34710188885474,0.117468817272023,7.34710188885474,"2022-01-27",737,7.1586251640239,0.10663356417777,7.26041986410072,7.27125511719497,0.011689321823841,0.011689321823842,0.00996049060197809,1,1,1
1133,"Winston","Alabama",0.136120746340854,7.61378613867743,0.136120746340875,7.61378613867759,"2022-01-28",738,7.1693500166706,0.114656553579503,7.44207259658661,7.46353678934798,0.018651929068831,0.018651929068852,0.008022989401733,1,1,1
1133,"Winston","Alabama",0.142088568190965,7.79764945981916,0.142088568190943,7.79764945981901,"2022-01-29",739,7.21429415342708,0.123844307079102,7.65169537092428,7.66993963203612,0.00596782185011099,0.005967821850068,0.00918775349959901,1,1,1
1133,"Winston","Alabama",0.106581216999208,7.65567921847605,0.106581216999192,7.65567921847594,"2022-01-30",740,7.25367256626791,0.0961360436646191,7.57211783179935,7.58256300513392,-0.035507351191757,-0.035507351191751,-0.0277082634144829,-1,-1,-1
1133,"Winston","Alabama",0.0907237607936499,7.63540078583078,0.0907237607936358,7.63540078583068,"2022-01-31",741,7.29136422416095,0.0838376837532349,7.58031216950747,7.58719824654787,-0.0158574562055581,-0.0158574562055562,-0.0122983599113842,-1,-1,-1
1133,"Winston","Alabama",0.0747495909147139,7.59833118759295,0.0747495909147231,7.59833118759301,"2022-02-01",742,7.33582021900754,0.0694631231679408,7.55603944561876,7.56132591336554,-0.015974169878936,-0.0159741698789127,-0.0143745605852941,-1,-1,-1
1133,"Winston","Alabama",0.0495092265431245,7.47115786353494,0.049509226543119,7.4711578635349,"2022-02-02",743,7.38132397439237,0.0437275773361129,7.42490466987885,7.43068631908586,-0.0252403643715894,-0.0252403643716041,-0.0257355458318279,-1,-1,-1
1133,"Winston","Alabama",0.0340318862908286,7.3968483680597,0.0340318862908235,7.39684836805966,"2022-02-03",744,7.42254446601456,0.028616451751764,7.35352489174718,7.35894032628625,-0.0154773402522959,-0.0154773402522955,-0.0151111255843489,-1,-1,-1
1133,"Winston","Alabama",0.0107248526467027,7.24442398519752,0.0107248526467041,7.24442398519753,"2022-02-04",745,7.4759059693674,0.00962689507387481,7.2356403246149,7.23673828218772,-0.0233070336441259,-0.0233070336441194,-0.0189895566778892,-1,-1,-1
1133,"Winston","Alabama",0.0449441367564749,7.5289031107224,0.0449441367564756,7.5289031107224,"2022-02-05",746,7.49164547360513,0.0380813707557725,7.47400098271678,7.48086374871749,0.0342192841097722,0.0342192841097715,0.0284544756818977,1,1,1
1133,"Winston","Alabama",0.0393784128408318,7.52932145615373,0.039378412840831,7.52932145615372,"2022-02-06",747,7.50431289023935,0.0317803055437933,7.46853659777743,7.47613470507446,-0.0055657239156431,-0.0055657239156446,-0.00630106521197921,-1,-1,-1
1133,"Winston","Alabama",0.0376916578930435,7.55520582941226,0.0376916578930455,7.55520582941227,"2022-02-07",748,7.50407684633409,0.0327390323071166,7.51558482472484,7.52053745031077,-0.0016867549477883,-0.00168675494778549,0.0009587267633233,-1,-1,1
1133,"Winston","Alabama",0.0444559948465873,7.64701218293365,0.0444559948465875,7.64701218293365,"2022-02-08",749,7.49712798703989,0.0359180272122815,7.5787084418592,7.58724640949351,0.0067643369535438,0.006764336953542,0.00317899490516491,1,1,1
1133,"Winston","Alabama",0.0455037553848329,7.6998502620862,0.0455037553848321,7.6998502620862,"2022-02-09",750,7.48725372302416,0.0384222859102947,7.6431985062899,7.65027997576443,0.0010477605382456,0.0010477605382446,0.0025042586980132,1,1,1
1133,"Winston","Alabama",0.0412204916222011,7.71108790736997,0.0412204916221874,7.71108790736987,"2022-02-10",751,7.47079377419506,0.0354688547682396,7.66507481253829,7.67082644939224,-0.0042832637626318,-0.0042832637626447,-0.0029534311420551,-1,-1,-1
1133,"Winston","Alabama",0.0533615033528359,7.84943649283725,0.0533615033528383,7.84943649283727,"2022-02-11",752,7.43577508900119,0.0440181674237697,7.77468980540472,7.78403314133379,0.0121410117306348,0.0121410117306509,0.0085493126555301,1,1,1
1133,"Winston","Alabama",0.0157395042377386,7.6018220032693,0.015739504237736,7.60182200326928,"2022-02-12",753,7.3847877195846,0.0123081952532343,7.57437153139327,7.57780284037777,-0.0376219991150973,-0.0376219991151023,-0.0317099721705354,-1,-1,-1
1133,"Winston","Alabama",0.0126674166342237,7.59298480667892,0.0126674166342209,7.5929848066789,"2022-02-13",754,7.31872899632824,0.0109235969651395,7.57903424932625,7.58077806899533,-0.0030720876035149,-0.0030720876035151,-0.0013845982880948,-1,-1,-1
1133,"Winston","Alabama",-0.000236043905262278,7.50242453899726,0,7.50407684633409,"2022-02-14",755,7.25831154191269,-0.00767836004063063,7.44288600991431,7.45032832604968,-0.012903460539486,-0.0126674166342209,-0.0186019570057701,-1,-1,-1
1133,"Winston","Alabama",-0.00694885929420265,7.44848597198047,0,7.49712798703989,"2022-02-15",756,7.19379314332143,-0.0122695031106893,7.40592082144858,7.41124146526507,-0.00671281538894037,0,-0.00459114307005867,-1,0,-1
1133,"Winston","Alabama",-0.00987426401573619,7.418133874914,0,7.48725372302416,"2022-02-16",757,7.12952646045606,-0.0132062544708009,7.39147795127348,7.39480994172855,-0.00292540472153354,0,-0.0009367513601116,-1,0,-1
1133,"Winston","Alabama",-0.0164599488290904,7.35557413239143,0,7.47079377419506,"2022-02-17",758,7.07846202520672,-0.0184533218818244,7.33962714796956,7.34162052102229,-0.00658568481335421,0,-0.0052470674110235,-1,0,-1
1133,"Winston","Alabama",-0.0350186851938742,7.19064429264407,0,7.43577508900119,"2022-02-18",759,7.03966034986208,-0.0357416505567944,7.1848605697407,7.18558353510363,-0.0185587363647838,0,-0.01728832867497,-1,0,-1
1133,"Winston","Alabama",-0.0509873694165994,7.02787613366841,0,7.3847877195846,"2022-02-19",760,7.02235866172114,-0.0566417314600512,6.98264123732078,6.98829559936424,-0.0159686842227252,0,-0.0209000809032568,-1,0,-1
1133,"Winston","Alabama",-0.0660587232563656,6.85631793353369,0,7.31872899632824,"2022-02-20",761,6.95436619957596,-0.0760362732912347,6.77649753325472,6.7864750832896,-0.0150713538397662,0,-0.0193945418311835,-1,0,-1
1133,"Winston","Alabama",-0.0604174544155661,6.83538936100373,0,7.25831154191269,"2022-02-21",762,6.88463286156128,-0.058599261622853,6.84993490334542,6.84811671055272,0.0056412688407995,0,0.0174370116683817,1,0,1
1133,"Winston","Alabama",-0.0645183985912703,6.74216435318254,0,7.19379314332143,"2022-02-22",763,6.80651325481028,-0.0649308784377185,6.73886451441094,6.7392769942574,-0.0041009441757042,0,-0.0063316168148655,-1,0,-1
1133,"Winston","Alabama",-0.0642666828653541,6.67965968039859,0,7.12952646045606,"2022-02-23",764,6.70563909486,-0.0646635948639221,6.67648438441005,6.67688129640861,0.000251715725916202,0,0.000267283573796392,1,0,1
1133,"Winston","Alabama",-0.0510644352493432,6.72101097846132,0,7.07846202520672,"2022-02-24",765,6.58340922215876,-0.0504911725738983,6.72559707986487,6.72502381718943,0.0132022476160109,0,0.0141724222900238,1,0,1
1133,"Winston","Alabama",-0.0388016753446526,6.76804862244951,0,7.03966034986208,"2022-02-25",766,6.4379801950465,-0.0381324308476521,6.7734025784255,6.77273333392852,0.0122627599046906,0,0.0123587417262462,1,0,1
1133,"Winston","Alabama",-0.0173016881409378,6.90124684473458,0,7.02235866172114,"2022-02-26",767,6.22991885965928,-0.0205426624011188,6.87531905065313,6.87856002491331,0.0214999872037148,0,0.0175897684465333,1,0,1
1133,"Winston","Alabama",-0.0679924621451757,6.47841896455973,0,6.95436619957596,"2022-02-27",768,6.13741845973106,-0.0656614772778392,6.49706684349843,6.49473585863108,-0.0506907740042379,0,-0.0451188148767204,-1,0,-1
1133,"Winston","Alabama",-0.0697333380146803,6.39649949545852,0,6.88463286156128,"2022-02-28",769,6.05074372640729,-0.0672253555820947,6.4165633549192,6.41405537248662,-0.00174087586950461,0,-0.0015638783042555,-1,0,-1
1133,"Winston","Alabama",-0.0781196067509993,6.25967600755329,0,6.80651325481028,"2022-03-01",770,5.95768614055899,-0.0747275504911949,6.28681245763172,6.28342040137192,-0.00838626873631899,0,-0.00750219490910019,-1,0,-1
1133,"Winston","Alabama",-0.100874159950276,5.99951997520807,0,6.70563909486,"2022-03-02",771,5.87773578177964,-0.0944133821547688,6.05120619757213,6.04474541977662,-0.0227545531992767,0,-0.0196858316635739,-1,0,-1
1133,"Winston","Alabama",-0.122229872701278,5.72780011324982,0,6.58340922215876,"2022-03-03",772,5.79562344022651,-0.118262007471288,5.75954303508969,5.75557516985974,-0.021355712751002,0,-0.0238486253165192,-1,0,-1
1133,"Winston","Alabama",-0.145429027112259,5.41997700526069,0,6.4379801950465,"2022-03-04",773,5.69613425381795,-0.143390768141948,5.43628307702318,5.43424481805287,-0.023199154410981,0,-0.02512876067066,-1,0,-1
1133,"Winston","Alabama",-0.208061335387217,4.77348951194876,0,6.22991885965928,"2022-03-05",774,5.63529967714103,-0.203319341066171,4.81142546651713,4.80668347219608,-0.062632308274958,0,-0.059928572924223,-1,0,-1
1133,"Winston","Alabama",-0.0925003999282385,5.48991566023339,0,6.13741845973106,"2022-03-06",775,5.5557243088281,-0.0894651446067253,5.51419770280548,5.51116244748398,0.115560935458978,0,0.113854196459446,1,0,1
1133,"Winston","Alabama",-0.0866747333237828,5.44402059314081,0,6.05074372640729,"2022-03-07",776,5.45958551414416,-0.0829613476590391,5.47372767845875,5.47001429279402,0.0058256666044557,0,0.0065037969476862,1,0,1
1133,"Winston","Alabama",-0.0930575858483196,5.30628303962075,0,5.95768614055899,"2022-03-08",777,5.36797668257815,-0.0880147133223006,5.34662601982888,5.34158314730289,-0.0063828525245368,0,-0.00505336566326149,-1,0,-1
1133,"Winston","Alabama",-0.0799503587793367,5.31808327032428,0,5.87773578177964,"2022-03-09",778,5.277385530507,-0.0754449831778599,5.35412627513611,5.34962089953462,0.0131072270689829,0,0.0125697301444407,1,0,1
1133,"Winston","Alabama",-0.0821123415531359,5.22083704935456,0,5.79562344022651,"2022-03-10",779,5.19295685089021,-0.0779158941132911,5.25440862887331,5.25021218143347,-0.0021619827737992,0,-0.0024709109354312,-1,0,-1
1133,"Winston","Alabama",-0.0994891864085514,4.99970994895808,0,5.69613425381795,"2022-03-11",780,5.10421237121375,-0.0936410755092467,5.04649483615254,5.04064672525322,-0.0173768448554155,0,-0.0157251813959556,-1,0,-1
1133,"Winston","Alabama",-0.0608345766769232,5.20945764040257,0,5.63529967714103,"2022-03-12",781,5.00106584308011,-0.0599675770395395,5.21639363750163,5.21552663786425,0.0386546097316282,0,0.0336734984697072,1,0,1
1133,"Winston","Alabama",-0.0795753683129445,4.99869673063749,0,5.5557243088281,"2022-03-13",782,4.89356628917353,-0.0790541505961683,5.00286647237168,5.00234525465492,-0.0187407916360213,0,-0.0190865735566288,-1,0,-1
1133,"Winston","Alabama",-0.096138794683925,4.78661395135668,0,5.45958551414416,"2022-03-14",783,4.79932620042905,-0.0938704631732457,4.80476060344213,4.80249227193144,-0.0165634263709805,0,-0.0148163125770774,-1,0,-1
1133,"Winston","Alabama",-0.0916088315660284,4.72671486161595,0,5.36797668257815,"2022-03-15",784,4.69396568477122,-0.0884449782396752,4.75202568822676,4.74886183490042,0.00452996311789659,0,0.00542548493357049,1,0,1
1133,"Winston","Alabama",-0.0905911520711609,4.64324746600887,0,5.277385530507,"2022-03-16",785,4.59656181145149,-0.0888070608375537,4.65752019587772,4.65573610464412,0.0010176794948675,0,-0.000362082597878496,1,0,-1
1133,"Winston","Alabama",-0.0844286796167888,4.60195609357269,0,5.19295685089021,"2022-03-17",786,4.48057830840238,-0.0808131481219426,4.63088034553146,4.62726481403661,0.00616247245437211,0,0.0079939127156111,1,0,1
1133,"Winston","Alabama",-0.0887444796764613,4.48300101347852,0,5.10421237121375,"2022-03-18",787,4.36218829245422,-0.08592481584458,4.50555832413357,4.50273866030169,-0.00431580005967251,0,-0.00511166772263741,-1,0,-1
1133,"Winston","Alabama",-0.103146528133639,4.27904014614464,0,5.00106584308011,"2022-03-19",788,4.28260085453587,-0.0939297473991605,4.35277439202047,4.34355761128599,-0.0144020484571777,0,-0.0080049315545805,-1,0,-1
1133,"Winston","Alabama",-0.107499553906617,4.14106941182721,0,4.89356628917353,"2022-03-20",789,4.21950770517611,-0.0993115291775984,4.20657360965932,4.19838558493034,-0.004353025772978,0,-0.0053817817784379,-1,0,-1
1133,"Winston","Alabama",-0.0942400887444793,4.13964557921769,0,4.79932620042905,"2022-03-21",790,4.11787505963229,-0.089457511846309,4.17790619440306,4.17312361750489,0.0132594651621377,0,0.00985401733128941,1,0,1
1133,"Winston","Alabama",-0.105360515657824,3.95644207516645,0,4.69396568477122,"2022-03-22",791,4.01766919456313,-0.0998528966307158,4.00050302738332,3.99499540835621,-0.0111204269133447,0,-0.0103953847844068,-1,0,-1
1133,"Winston","Alabama",-0.0974038733197275,3.9147346982134,0,4.59656181145149,"2022-03-23",792,3.89182029811063,-0.0922298321443042,3.95612702761679,3.95095298644136,0.00795664233809651,0,0.00762306448641159,1,0,1
1133,"Winston","Alabama",-0.115983503049131,3.66869378705846,0,4.48057830840238,"2022-03-24",793,3.77767495289707,-0.110706914841218,3.71090649272174,3.70562990451385,-0.0185796297294035,0,-0.0184770826969138,-1,0,-1
1133,"Winston","Alabama",-0.118390015948158,3.53345818081711,0,4.36218829245422,"2022-03-25",794,3.67086094861126,-0.110386647874684,3.59748512540491,3.58948175733143,-0.00240651289902699,0,0.000320266966534005,-1,0,1
1133,"Winston","Alabama",-0.0795874379183615,3.72548878910734,0,4.28260085453587,"2022-03-26",795,3.53888678443534,-0.0786790512749222,3.73275588225484,3.73184749561141,0.0388025780297965,0,0.0317075965997618,1,0,1
1133,"Winston","Alabama",-0.0630931493597605,3.77785565965778,0,4.21950770517611,"2022-03-27",796,3.43858491373377,-0.0653006071933315,3.76019599698922,3.76240345482279,0.016494288558601,0,0.0133784440815907,1,0,1
1133,"Winston","Alabama",-0.101632645543828,3.4064465408255,0,4.11787505963229,"2022-03-28",797,3.36729582998647,-0.0937387995409053,3.46959730884887,3.46170346284595,-0.0385394961840675,0,-0.0284381923475738,-1,0,-1
1133,"Winston","Alabama",-0.100205865069159,3.31622813907902,0,4.01766919456313,"2022-03-29",798,3.24147565678544,-0.0958372767938916,3.35117684528116,3.34680825700589,0.001426780474669,0,-0.0020984772529863,1,0,-1
1133,"Winston","Alabama",-0.125848896452526,3.01087802294294,0,3.89182029811063,"2022-03-30",799,3.14168618617707,-0.116488704050677,3.08575956215771,3.07639936975589,-0.025643031383367,0,-0.0206514272567854,-1,0,-1
1133,"Winston","Alabama",-0.114145345213576,2.97865753640204,0,3.77767495289707,"2022-03-31",800,3.00991690854595,-0.104948719630232,3.05223054106878,3.04303391548545,0.01170355123895,0,0.011539984420445,1,0,1
1133,"Winston","Alabama",0.0610358905863891,3.50522160589569,0.0610358905863699,3.50522160589555,"2022-06-06",867,3.49216915986788,0.0602318471427788,3.49878925834682,3.49959330179041,0.175181235799965,0.0610358905863699,0.165180566773011,1,1,1
1133,"Winston","Alabama",0.03236528450203,3.3368926478072,0.0323652845020308,3.33689264780721,"2022-06-07",868,3.60316593583991,0.0395132806877374,3.39407661729286,3.38692862110715,-0.0286706060843591,-0.0286706060843391,-0.0207185664550414,-1,-1,-1
1133,"Winston","Alabama",0.0617480070684692,3.60431971284073,0.0617480070684504,3.6043197128406,"2022-06-08",869,3.68887945411394,0.0627575587184696,3.61239612604075,3.61138657439073,0.0293827225664392,0.0293827225664196,0.0232442780307322,1,1,1
1133,"Winston","Alabama",0.069391993424,3.72721961075344,0.069391993423999,3.72721961075344,"2022-06-09",870,3.76451686831956,0.0688991798481878,3.72327710214694,3.72376991572275,0.0076439863555308,0.0076439863555486,0.00614162112971821,1,1,1
1133,"Winston","Alabama",0.0596382663197465,3.7185817873434,0.0596382663197286,3.71858178734327,"2022-06-10",871,3.84405002184194,0.0601105862337152,3.72236034665516,3.72188802674118,-0.0097537271042535,-0.0097537271042704,-0.0087885936144726,-1,-1,-1
1133,"Winston","Alabama",0.051293294387553,3.7114602782056,0.0512932943875533,3.7114602782056,"2022-06-11",872,3.92055790787798,0.0551339968840087,3.74218589817724,3.73834519568078,-0.0083449719321935,-0.0083449719321753,-0.0049765893497065,-1,-1,-1
1133,"Winston","Alabama",0.0487901641694316,3.74272853084818,0.0487901641694308,3.74272853084817,"2022-06-12",873,3.99162605602711,0.0499129699707714,3.75171097725889,3.75058817145756,-0.0025031302181214,-0.0025031302181225,-0.00522102691323729,-1,-1,-1
1133,"Winston","Alabama",0.0909717782057413,4.12897160730807,0.090971778205728,4.12897160730798,"2022-06-13",874,4.04555439805267,0.0860554878065207,4.08964128411433,4.09455757451352,0.0421816140363097,0.0421816140362972,0.0361425178357493,1,1,1
1133,"Winston","Alabama",0.110996775972005,4.38014336764394,0.110996775972023,4.38014336764406,"2022-06-14",875,4.09196077086682,0.090097464137767,4.21294887297002,4.23384818480428,0.0200249977662637,0.020024997766295,0.0040419763312463,1,1,1
1133,"Winston","Alabama",0.0857135182740294,4.28887408203214,0.0857135182740301,4.28887408203215,"2022-06-15",876,4.13630876132113,0.080835218998381,4.24984768782696,4.25472598710261,-0.0252832576979756,-0.0252832576979929,-0.00926224513938599,-1,-1,-1
1133,"Winston","Alabama",0.0756374142056071,4.29397876775881,0.0756374142056191,4.29397876775889,"2022-06-16",877,4.17877324183889,0.0747817394621559,4.28713336981119,4.28798904455465,-0.0100761040684223,-0.010076104068411,-0.00605347953622511,-1,-1,-1
1133,"Winston","Alabama",0.0795331535223845,4.40078209649863,0.0795331535223847,4.40078209649863,"2022-06-17",878,4.23410650459726,0.0775058621542738,4.38456376555375,4.38659105692186,0.00389573931677741,0.0038957393167656,0.0027241226921179,1,1,1
1133,"Winston","Alabama",0.0765078860360309,4.4561131101302,0.0765078860360431,4.45611311013028,"2022-06-18",879,4.28653786749521,0.0739867746695501,4.43594421919834,4.43846533056483,-0.00302526748635361,-0.0030252674863416,-0.0035190874847237,-1,-1,-1
1133,"Winston","Alabama",0.0710681481491279,4.48910309307101,0.0710681481491293,4.48910309307102,"2022-06-19",880,4.33635659784069,0.0694382026553246,4.47606352912058,4.47769347461438,-0.005439737886903,-0.00543973788691379,-0.0045485720142255,-1,-1,-1
1133,"Winston","Alabama",0.0539283420255634,4.42305279223161,0.0539283420255559,4.42305279223156,"2022-06-20",881,4.40845989174204,0.0543334408469755,4.42629358280291,4.4258884839815,-0.0171398061235645,-0.0171398061235734,-0.0151047618083491,-1,-1,-1
1133,"Winston","Alabama",0.0464063728141707,4.41680538056602,0.0464063728141566,4.41680538056592,"2022-06-21",882,4.47895887485007,0.0486147082654374,4.43447206417617,4.43226372872488,-0.00752196921139271,-0.0075219692113993,-0.0057187325815381,-1,-1,-1
1133,"Winston","Alabama",0.0443479904543006,4.44674469450124,0.044347990454308,4.44674469450129,"2022-06-22",883,4.5613675633297,0.0453392111030595,4.4546744596913,4.45368323904255,-0.0020583823598701,-0.0020583823598486,-0.0032754971623779,-1,-1,-1
1133,"Winston","Alabama",0.0424644805177514,4.47602460546315,0.0424644805177588,4.4760246054632,"2022-06-23",884,4.63195120866574,0.0440858653115061,4.48899568381318,4.48737429901943,-0.0018835099365492,-0.0018835099365492,-0.0012533457915534,-1,-1,-1
1133,"Winston","Alabama",0.0553332627583682,4.62143934390584,0.055333262758368,4.62143934390584,"2022-06-24",885,4.69003640663133,0.055368631403195,4.62172229306445,4.62168692441962,0.0128687822406168,0.0128687822406092,0.0112827660916889,1,1,1
1133,"Winston","Alabama",0.0524313628979661,4.65355740778097,0.0524313628979494,4.65355740778085,"2022-06-25",886,4.74493212836325,0.0517696952136153,4.64826406630618,4.64892573399052,-0.0029018998604021,-0.0029018998604186,-0.0035989361895797,-1,-1,-1
1133,"Winston","Alabama",0.0498187303454837,4.68508771025908,0.0498187303454838,4.68508771025908,"2022-06-26",887,4.79697048673659,0.049860519149728,4.68542202069303,4.68538023188879,-0.0026126325524824,-0.0026126325524656,-0.0019091760638873,-1,-1,-1
1133,"Winston","Alabama",0.072103293901344,4.91318294905144,0.0721032939013435,4.91318294905144,"2022-06-27",888,4.84755598352469,0.0646204396787988,4.85332011527108,4.86080296949363,0.0222845635558603,0.0222845635558597,0.0147599205290708,1,1,1
1133,"Winston","Alabama",0.0704989831080362,4.97245175660633,0.0704989831080374,4.97245175660634,"2022-06-28",889,4.88927443709199,0.0669174059875041,4.94379913964207,4.9473807167626,-0.00160431079330779,-0.0016043107933061,0.00229696630870531,-1,-1,1
1133,"Winston","Alabama",0.0824086884795986,5.13822838268689,0.0824086884796245,5.13822838268707,"2022-06-29",890,4.91684776399609,0.0727152223849663,5.0606806539298,5.07037412002446,0.0119097053715624,0.0119097053715871,0.0057978163974622,1,1,1
1133,"Winston","Alabama",0.070583645336037,5.126036726018,0.070583645336038,5.126036726018,"2022-06-30",891,4.9416424226093,0.0658038751689572,5.08779856468136,5.09257833484844,-0.0118250431435616,-0.0118250431435865,-0.00691134721600911,-1,-1,-1
1133,"Winston","Alabama",0.058085197965599,5.09663279239053,0.0580851979655979,5.09663279239052,"2022-07-01",892,4.96882074366325,0.0561771745149743,5.08136860478553,5.08327662823615,-0.012498447370438,-0.0124984473704401,-0.00962670065398289,-1,-1,-1
1133,"Winston","Alabama",0.0548957217319167,5.12920218048667,0.0548957217319161,5.12920218048666,"2022-07-02",893,4.99237433496164,0.0530833337286462,5.1147030764605,5.11651546446377,-0.0031894762336823,-0.0031894762336818,-0.0030938407863281,-1,-1,-1
1133,"Winston","Alabama",0.0520383583733453,5.16123899535001,0.0520383583733386,5.16123899534996,"2022-07-03",894,5.01538589685486,0.0503696506693425,5.14788933371799,5.14955804142199,-0.0028573633585714,-0.0028573633585775,-0.0027136830593037,-1,-1,-1
1133,"Winston","Alabama",0.0505854967881053,5.20165446104143,0.0505854967881039,5.20165446104142,"2022-07-04",895,5.02669610224644,0.0508186999565124,5.20352008638869,5.20328688322028,-0.00145286158524,-0.0014528615852347,0.000449049287169899,-1,-1,1
1133,"Winston","Alabama",0.0417184535672903,5.18130361206302,0.041718453567297,5.18130361206307,"2022-07-05",896,5.03416579150645,0.0400871215792666,5.16825295615882,5.16988428814686,-0.008867043220815,-0.00886704322080691,-0.0107315783772458,-1,-1,-1
1133,"Winston","Alabama",0.027573326904114,5.10986105232489,0.0275733269041014,5.1098610523248,"2022-07-06",897,5.03416579150645,0.029516474673353,5.12540623447881,5.12346308670956,-0.0141451266631763,-0.0141451266631956,-0.0105706469059136,-1,-1,-1
1133,"Winston","Alabama",0.0247946586132159,5.11520503290182,0.0247946586132128,5.11520503290179,"2022-07-07",898,5.05442431121992,0.0266590538620115,5.13012019489218,5.12825579964338,-0.0027786682908981,-0.0027786682908886,-0.0028574208113415,-1,-1,-1
1133,"Winston","Alabama",0.0271783210539462,5.15906899104087,0.0271783210539462,5.15906899104087,"2022-07-08",899,5.06440171825191,0.0292444459552325,5.17559799025116,5.17353186534988,0.0023836624407303,0.0023836624407334,0.002585392093221,1,1,1
1133,"Winston","Alabama",0.0235535912983912,5.15724947405038,0.0235535912983948,5.15724947405041,"2022-07-09",900,5.06620514525107,0.0252185680874348,5.17056928836273,5.16890431157368,-0.003624729755555,-0.0036247297555514,-0.0040258778677977,-1,-1,-1
1133,"Winston","Alabama",0.0230115618932155,5.17646683010736,0.0230115618932105,5.17646683010733,"2022-07-10",901,5.06800532575522,0.0239901203945962,5.18429529811841,5.18331673961703,-0.000542029405175698,-0.000542029405184302,-0.0012284476928386,-1,-1,-1
1133,"Winston","Alabama",0.0113102053915823,5.10586753998751,0.0113102053915819,5.10586753998751,"2022-07-11",902,5.07695793702733,0.0154243890292526,5.13878100908888,5.13466682545121,-0.0117013565016332,-0.0117013565016286,-0.0085657313653436,-1,-1,-1
1133,"Winston","Alabama",0.00746968926001463,5.08645361632656,0.00746968926001568,5.08645361632656,"2022-07-12",903,5.08317741509435,0.0113720778584275,5.11767272511386,5.11377033651544,-0.00384051613156767,-0.00384051613156622,-0.0040523111708251,-1,-1,-1
1133,"Winston","Alabama",0,5.03416579150645,0,5.03416579150645,"2022-07-13",904,5.10073712879344,-0.00276341759622144,5.01205845073668,5.0148218683329,-0.00746968926001463,-0.00746968926001568,-0.0141354954546489,-1,-1,-1
1133,"Winston","Alabama",0.0202585197134706,5.19623394921421,0.0202585197134661,5.19623394921418,"2022-07-14",905,5.09023834469522,0.0207471480840491,5.20014297617884,5.19965434780826,0.0202585197134706,0.0202585197134661,0.0235105656802705,1,1,1
1133,"Winston","Alabama",0.00997740703199521,5.13424356747588,0.0099774070319949,5.13424356747588,"2022-07-15",906,5.08317741509435,0.012140174948361,5.15154571080681,5.14938294289044,-0.0102811126814754,-0.0102811126814712,-0.0086069731356881,-1,-1,-1
1133,"Winston","Alabama",0.00180342699915651,5.07882913424517,0.00180342699915492,5.07882913424515,"2022-07-16",907,5.07784880568313,0.00918586629220229,5.13788864858953,5.13050620929649,-0.0081739800328387,-0.00817398003283998,-0.00295430865615871,-1,-1,-1
1133,"Winston","Alabama",0.00180018050414797,5.08060658928425,0.0018001805041461,5.08060658928424,"2022-07-17",908,5.07249165001389,0.00899521138910602,5.13816683636392,5.13097180547896,-3.24649500853995e-06,-3.24649500881989e-06,-0.00019065490309627,-1,-1,-1
1133,"Winston","Alabama",0.0089526112721081,5.13962621593208,0.008952611272111,5.1396262159321,"2022-07-18",909,5.07249165001389,0.0110433727010375,5.15635230736352,5.15426154593459,0.00715243076796013,0.0071524307679649,0.00204816131193148,1,1,1
1133,"Winston","Alabama",0.00621947806702009,5.12671376156349,0.00621947806702039,5.12671376156349,"2022-07-19",910,5.06980227143192,0.0128667980551619,5.17989232146862,5.17324500148048,-0.00273313320508801,-0.00273313320509061,0.0018234253541244,-1,-1,1
1133,"Winston","Alabama",0.0175597136990951,5.22365512468711,0.0175597136990948,5.22365512468711,"2022-07-20",911,5.06530383829505,0.0189733733720218,5.23496440207053,5.23355074239759,0.011340235632075,0.0113402356320744,0.0061065753168599,1,1,1
1133,"Winston","Alabama",-0.0104987840982213,5.01674685600767,0,5.09023834469522,"2022-07-21",912,5.07428055925661,-0.00357444236268086,5.07214158989199,5.06521724815645,-0.0280584977973164,-0.0175597136990948,-0.0225478157347027,-1,-1,-1
1133,"Winston","Alabama",-0.00706092960087261,5.03375090788824,0,5.08317741509435,"2022-07-22",913,5.09899496807406,-0.00189066704092427,5.07511300836783,5.06994274580788,0.00343785449734869,0,0.00168377532175659,1,0,1
1133,"Winston","Alabama",-0.00532860941122006,5.04054853980459,0,5.07784880568313,"2022-07-23",914,5.12226185133273,-0.00225964762544005,5.06510023409083,5.06203127230505,0.00173232018965255,0,-0.00036898058451578,1,0,-1
1133,"Winston","Alabama",-0.00535715566923926,5.03499156032922,0,5.07249165001389,"2022-07-24",915,5.14499967302467,-0.00251353584616524,5.05774051891381,5.05489689909073,-2.85462580191997e-05,0,-0.00025388822072519,-1,0,-1
1133,"Winston","Alabama",0,5.07249165001389,0,5.07249165001389,"2022-07-25",916,5.16723195965177,-0.000897238793281258,5.06531373966764,5.06621097846092,0.00535715566923926,0,0.00161629705288398,1,0,1
1133,"Winston","Alabama",-0.00268937858197685,5.05097662135808,0,5.06980227143192,"2022-07-26",917,5.20322144950209,-0.00309603727094621,5.04772335184632,5.0481300105353,-0.00268937858197685,0,-0.00219879847766495,-1,0,-1
1133,"Winston","Alabama",-0.00449843313686506,5.033814806337,0,5.06530383829505,"2022-07-27",918,5.2447658852769,-0.00336705602641398,5.04286582322061,5.04173444611015,-0.00180905455488821,0,-0.00027101875546777,-1,0,-1
1133,"Winston","Alabama",0.00897672096156149,5.13711760598754,0.00897672096156121,5.13711760598754,"2022-07-28",919,5.29186804286813,0.0109354628603698,5.15278754117801,5.1508287992792,0.0134751540984266,0.00897672096156121,0.0143025188867838,1,1,1
1133,"Winston","Alabama",0.0247144088174525,5.27199582979623,0.024714408817446,5.27199582979618,"2022-07-29",920,5.31951957419864,0.0236487393492321,5.26347047405047,5.26453614351868,0.015737687855891,0.0157376878558848,0.0127132764888623,1,1,1
1133,"Winston","Alabama",0.0232668832586689,5.28513003414341,0.023266883258672,5.28513003414343,"2022-07-30",921,5.35185813347607,0.0237165869047835,5.28872766331233,5.28827795966621,-0.0014475255587836,-0.001447525558774,6.78475555513994e-05,-1,-1,1
1133,"Winston","Alabama",0.0227378216919455,5.30416442486829,0.0227378216919423,5.30416442486827,"2022-07-31",922,5.38318358719128,0.0217525254830733,5.29628205519732,5.29726735140618,-0.000529061566723402,-0.000529061566729699,-0.0019640614217102,-1,-1,-1
1133,"Winston","Alabama",0.0222322866271016,5.32285796604148,0.0222322866270996,5.32285796604147,"2022-08-01",923,5.39945469136155,0.0219666500870405,5.32073287372099,5.32099851026105,-0.000505535064843899,-0.000505535064842702,0.000214124603967202,-1,-1,1
1133,"Winston","Alabama",0.0359894898503322,5.45514787845442,0.0359894898503219,5.45514787845435,"2022-08-02",924,5.40010006085798,0.034074939770436,5.43983147781526,5.44174602789514,0.0137572032232306,0.0137572032232223,0.0121082896833955,1,1,1
1133,"Winston","Alabama",0.0415444357747959,5.53557693570047,0.041544435774802,5.53557693570051,"2022-08-03",925,5.38318358719128,0.0383902107243842,5.51034313529716,5.51349736034759,0.0055549459244637,0.0055549459244801,0.0043152709539482,1,1,1
1133,"Winston","Alabama",0.0471021575912492,5.62158314600688,0.0471021575912349,5.62158314600678,"2022-08-04",926,5.39686904027653,0.0433765419267113,5.59177822069059,5.59550383635511,0.0055577218164533,0.0055577218164329,0.0049863312023271,1,1,1
1133,"Winston","Alabama",0.027651531330508,5.51308029351219,0.0276515313305072,5.51308029351219,"2022-08-05",927,5.41228360367772,0.0264697226643888,5.50362582418324,5.50480763284936,-0.0194506262607412,-0.0194506262607277,-0.0169068192623225,-1,-1,-1
1133,"Winston","Alabama",0.0323385592774172,5.57822804841799,0.0323385592774281,5.57822804841806,"2022-08-06",928,5.4249500174814,0.0302954902775419,5.56188349641898,5.56392656541886,0.0046870279469092,0.0046870279469209,0.0038257676131531,1,1,1
1133,"Winston","Alabama",0.0313254537152137,5.60246176319778,0.0313254537152128,5.60246176319777,"2022-08-07",929,5.43745799793707,0.0289836594197806,5.58372740883432,5.58606920312974,-0.00101310556220351,-0.0010131055622153,-0.0013118308577613,-1,-1,-1
1133,"Winston","Alabama",0.0162711041702756,5.51335242055348,0.0162711041702748,5.51335242055348,"2022-08-08",930,5.44981145954673,0.0136948796856567,5.49274262467653,5.49531884916115,-0.0150543495449381,-0.015054349544938,-0.0152887797341239,-1,-1,-1
1133,"Winston","Alabama",0.000645369496422049,5.40461764733293,0.000645369496423243,5.40461764733294,"2022-08-09",931,5.45836896898196,0.00233155861988946,5.41810716032067,5.41642097119721,-0.0156257346738536,-0.0156257346738516,-0.0113633210657672,-1,-1,-1
1133,"Winston","Alabama",-0.0169164736667044,5.26476827152435,0,5.38318358719128,"2022-08-10",932,5.46806014113513,-0.0244770958834978,5.20428329379,5.2118439160068,-0.0175618431631265,-0.000645369496423243,-0.0268086545033873,-1,-1,-1
1133,"Winston","Alabama",0.0136854530852542,5.49266721187331,0.0136854530852544,5.49266721187331,"2022-08-11",933,5.47944773797184,0.010817603885482,5.46972441827514,5.4725922674749,0.0306019267519586,0.0136854530852544,0.0352946997689798,1,1,1
1133,"Winston","Alabama",0.0154145634011867,5.52018554748603,0.0154145634011851,5.52018554748601,"2022-08-12",934,5.4865736588618,0.0111023291599663,5.48568767355626,5.48999990779748,0.0017291103159325,0.0017291103159307,0.000284725274484299,1,1,1
1133,"Winston","Alabama",0.0126664138036862,5.51361491410721,0.0126664138036841,5.51361491410719,"2022-08-13",935,5.48598176775249,0.010359866712942,5.49516253738126,5.49746908447199,-0.0027481495975005,-0.002748149597501,-0.000742462447024301,-1,-1,-1
1133,"Winston","Alabama",0.0125079804556665,5.52501386112674,0.012507980455668,5.52501386112675,"2022-08-14",936,5.48538952610059,0.00976836100612864,5.50309690553043,5.50583652497997,-0.000158433348019701,-0.0001584333480161,-0.000591505706813359,-1,-1,-1
1133,"Winston","Alabama",0.0123534616096637,5.53628569081438,0.0123534616096626,5.53628569081437,"2022-08-15",937,5.48479693349065,0.0101844056310052,5.51893324298511,5.52110229896377,-0.0001545188460028,-0.0001545188460054,0.000416044624876559,-1,-1,1
1133,"Winston","Alabama",0.00855750943522311,5.51827153502852,0.0085575094352226,5.51827153502851,"2022-08-16",938,5.48420398950649,0.00675061804916917,5.50381640394008,5.50562329532614,-0.00379595217444059,-0.00379595217444,-0.00343378758183603,-1,-1,-1
1133,"Winston","Alabama",0.00969117215317922,5.53589834620739,0.00969117215317539,5.53589834620736,"2022-08-17",939,5.48004350802223,0.00879710095657843,5.52874577663459,5.52963984783118,0.00113366271795611,0.00113366271795279,0.00204648290740926,1,1,1
1133,"Winston","Alabama",0.0113875968367091,5.5591609158288,0.0113875968367081,5.5591609158288,"2022-08-18",940,5.49364916007801,0.0105959364413243,5.55282763266572,5.55361929306111,0.00169642468352988,0.00169642468353271,0.00179883548474587,1,1,1
1133,"Winston","Alabama",0.00712592088996641,5.53645510509157,0.00712592088996455,5.53645510509156,"2022-08-19",941,5.50591208747262,0.00678640360967055,5.5337389668492,5.53407848412949,-0.00426167594674269,-0.00426167594674355,-0.00380953283165375,-1,-1,-1
1133,"Winston","Alabama",-0.00059189110932014,5.48183852998724,0,5.48598176775249,"2022-08-20",942,5.51802645541361,-0.00506804551807994,5.44602929471716,5.45050544912593,-0.00771781199928655,-0.00712592088996455,-0.0118544491277505,-1,-1,-1
1133,"Winston","Alabama",-0.000592241651896488,5.48124383453731,0,5.48538952610059,"2022-08-21",943,5.52999582031208,-0.00446903770667047,5.45022946609913,5.4541062621539,-3.5054257634809e-07,0,0.00059900781140947,-1,0,1
1133,"Winston","Alabama",-0.000592592609933499,5.48064878522112,0,5.48479693349065,"2022-08-22",944,5.54182361238113,-0.00376977419387428,5.4552313325496,5.45840851413353,-3.50958037010924e-07,0,0.00069926351279619,-1,0,1
1133,"Winston","Alabama",-0.000592943984166754,5.48005338161732,0,5.48420398950649,"2022-08-23",945,5.56561449933555,-0.00467153598928771,5.44742464557635,5.45150323758148,-3.51374233255059e-07,0,-0.00090176179541343,-1,0,-1
1133,"Winston","Alabama",-0.0041604814842621,5.45092013763239,0,5.48004350802223,"2022-08-24",946,5.59736319765013,-0.00545937406559752,5.44052899698171,5.44182788956305,-0.00356753750009535,0,-0.00078783807630981,-1,0,-1
1133,"Winston","Alabama",0.0136056520557822,5.58888872446848,0.0136056520557775,5.58888872446845,"2022-08-25",947,5.61780951935905,0.0119627358280001,5.57574539464623,5.57738831087401,0.0177661335400443,0.0136056520557775,0.0174221098935976,1,1,1
1133,"Winston","Alabama",0.0122629273946088,5.59175257923488,0.0122629273946098,5.59175257923488,"2022-08-26",948,5.60685193515883,0.0112005518848416,5.58325357515674,5.58431595066651,-0.0013427246611734,-0.0013427246611677,-0.000762183943158499,-1,-1,-1
1133,"Winston","Alabama",0.012114367940997,5.60282703100059,0.0121143679409954,5.60282703100058,"2022-08-27",949,5.60632713850549,0.0110280155660162,5.59413621200075,5.59522256437572,-0.0001485594536118,-0.000148559453614399,-0.000172536318825401,-1,-1,-1
1133,"Winston","Alabama",0.0119693648984725,5.61378137460139,0.0119693648984729,5.61378137460139,"2022-08-28",950,5.605802066296,0.0109614291575996,5.60571788867441,5.60672582441528,-0.000145003042524501,-0.000145003042522501,-6.65864084165996e-05,-1,-1,-1
1133,"Winston","Alabama",0.0118277920690439,5.62461815686444,0.011827792069047,5.62461815686446,"2022-08-29",951,5.60527671824084,0.0110272007902048,5.61821342663372,5.61901401791256,-0.0001415728294286,-0.000141572829425901,6.57716326052001e-05,-1,-1,1
1133,"Winston","Alabama",0.0237908869544223,5.73215070801651,0.023790886954421,5.7321507080165,"2022-08-30",952,5.60475109405002,0.0206081031912577,5.70668843791119,5.70987122167435,0.0119630948853784,0.011963094885374,0.0095809024010529,1,1,1
1133,"Winston","Alabama",0.0317486983145912,5.81960408585227,0.0317486983145825,5.81960408585221,"2022-08-31",953,5.60422519343312,0.0280287112641586,5.78984418944882,5.79356417649924,0.0079578113601689,0.0079578113601615,0.0074206080729009,1,1,1
1133,"Winston","Alabama",0.0204463217089198,5.76093377132149,0.0204463217089179,5.76093377132148,"2022-09-01",954,5.61884686385042,0.0242372372961497,5.79126109601933,5.7874701804321,-0.0113023766056714,-0.0113023766056646,-0.0037914739680089,-1,-1,-1
1133,"Winston","Alabama",-0.0109575842002161,5.53014884575732,0,5.60685193515883,"2022-09-02",955,5.63069961791772,-0.00829797124967935,5.55142574936162,5.54876613641107,-0.0314039059091359,-0.0204463217089179,-0.0325352085458291,-1,-1,-1
1133,"Winston","Alabama",-0.000524796653345796,5.60265356193207,0,5.60632713850549,"2022-09-03",956,5.64241352827991,0.00276872473111937,5.62900173300778,5.62570821162333,0.0104327875468703,0,0.0110666959807987,1,0,1
1133,"Winston","Alabama",-0.000525072209489909,5.60212656082957,0,5.605802066296,"2022-09-04",957,5.65399181015318,0.000926412134821222,5.61373843558406,5.61228695123975,-2.75556144113068e-07,0,-0.00184231259629815,-1,0,-1
1133,"Winston","Alabama",-0.000525348055160159,5.60159928185472,0,5.60527671824084,"2022-09-05",958,5.66543756834831,-0.00033535158287456,5.603119253633,5.60292925716072,-2.75845670249966e-07,0,-0.00126176371769578,-1,0,-1
1133,"Winston","Alabama",-0.000525624190812669,5.60107172471433,0,5.60475109405002,"2022-09-06",959,5.67675380226828,-0.00115428283051749,5.5960424555967,5.5966711142364,-2.76135652509959e-07,0,-0.00081893124764293,-1,0,-1
1133,"Winston","Alabama",-0.000525900616907331,5.60054388911477,0,5.60422519343312,"2022-09-07",960,5.68794341062645,-0.000488790136315373,5.6008407729595,5.60080366247891,-2.76426094662058e-07,0,0.000665492694202117,-1,0,1
1133,"Winston","Alabama",0.0146216704172986,5.72119855677151,0.0146216704173003,5.72119855677152,"2022-09-08",961,5.66790853575331,0.0140967732197095,5.7169993791908,5.71752427638839,0.0151475710342059,0.0146216704173003,0.0145855633560249,1,1,1
1133,"Winston","Alabama",0.011852754067311,5.7136688963889,0.0118527540673075,5.71366889638888,"2022-09-09",962,5.63223532336415,0.0119850750258532,5.71472746405725,5.7145951430987,-0.0027689163499876,-0.0027689163499928,-0.0021116981938563,-1,-1,-1
1133,"Winston","Alabama",0.0117139103621825,5.72441090081519,0.0117139103621833,5.72441090081519,"2022-09-10",963,5.59524230608099,0.0122796126286265,5.72893651894674,5.7283708166803,-0.0001388437051285,-0.0001388437051242,0.000294537602773301,-1,-1,1
1133,"Winston","Alabama",0.0115782818732748,5.73503978326611,0.0115782818732759,5.73503978326612,"2022-09-11",964,5.55682806169954,0.0117156698990278,5.73613888747213,5.73600149944637,-0.0001356284889077,-0.000135628488907399,-0.0005639427295987,-1,-1,-1
1133,"Winston","Alabama",0.0114457581951264,5.74555787571419,0.0114457581951246,5.74555787571418,"2022-09-12",965,5.51687900835714,0.0120308972331859,5.75023898801867,5.74965384898061,-0.000132523678148401,-0.0001325236781513,0.0003152273341581,-1,-1,1
1133,"Winston","Alabama",0.0113162339199752,5.75596743970811,0.0113162339199731,5.75596743970809,"2022-09-13",966,5.47526737954008,0.0117313518856497,5.75928838343351,5.75887326546783,-0.000129524275151199,-0.000129524275151501,-0.000299545347536199,-1,-1,-1
1133,"Winston","Alabama",0.0111896083581726,5.76627066913366,0.0111896083581726,5.76627066913366,"2022-09-14",967,5.43184875917256,0.010562999532257,5.76125779852634,5.76188440735225,-0.000126625561802601,-0.0001266255618005,-0.0011683523533927,-1,-1,-1
1133,"Winston","Alabama",-0.0200348748731461,5.52766441164129,0,5.66790853575331,"2022-09-15",968,5.37989735354046,-0.0164853948702597,5.55606025166437,5.55251077166149,-0.0312244832313187,-0.0111896083581726,-0.0270483944025167,-1,-1,-1
1133,"Winston","Alabama",-0.0356732123891618,5.38252283664002,0,5.63223532336415,"2022-09-16",969,5.34982492369397,-0.0287538056945876,5.43787809019661,5.43095868350204,-0.0156383375160157,0,-0.0122684108243279,-1,0,-1
1133,"Winston","Alabama",-0.0369930172831445,5.33629118509898,0,5.59524230608099,"2022-09-17",970,5.31882002887455,-0.0310098803636877,5.38415628045465,5.37817314353518,-0.00131980489398269,0,-0.0022560746691001,-1,0,-1
1133,"Winston","Alabama",-0.0384142443814572,5.28792835102934,0,5.55682806169954,"2022-09-18",971,5.2868229871223,-0.0329210929665779,5.33187356234837,5.32638041093349,-0.0014212270983127,0,-0.0019112126028902,-1,0,-1
1133,"Winston","Alabama",-0.0399490533424019,5.23723563496032,0,5.51687900835714,"2022-09-19",972,5.25376819663586,-0.0337144164946849,5.28711272974206,5.28087809289435,-0.0015348089609447,0,-0.000793323528107001,-1,0,-1
1133,"Winston","Alabama",-0.0416116288170531,5.18398597782071,0,5.47526737954008,"2022-09-20",973,5.21958332600553,-0.0364430318704599,5.22533475339346,5.22016615644686,-0.00166257547465121,0,-0.002728615375775,-1,0,-1
1133,"Winston","Alabama",-0.0434186203675287,5.12791841659986,0,5.43184875917256,"2022-09-21",974,5.18418836107026,-0.0369588847546526,5.17959630150286,5.17313656588999,-0.0018069915504756,0,-0.000515852884192702,-1,0,-1
1133,"Winston","Alabama",-0.0519514056320997,5.01623751411576,0,5.37989735354046,"2022-09-22",975,5.17210605541002,-0.0429209402995576,5.0884812367761,5.07945077144356,-0.008532785264571,0,-0.005962055544905,-1,0,-1
1133,"Winston","Alabama",-0.0300724298464829,5.13931791476859,0,5.34982492369397,"2022-09-23",976,5.13579843705026,-0.028780003284072,5.14965732726788,5.14836490070547,0.0218789757856168,0,0.0141409370154856,1,0,1
1133,"Winston","Alabama",-0.0310048948194171,5.10178576513863,0,5.31882002887455,"2022-09-24",977,5.09812274821937,-0.0304932807117768,5.10587867799976,5.10536706389211,-0.000932464972934199,0,-0.0017132774277048,-1,0,-1
1133,"Winston","Alabama",-0.0319970417522566,5.06284369485651,0,5.2868229871223,"2022-09-25",978,5.05897184065754,-0.0317244287365842,5.06502459898188,5.06475198596621,-0.000992146932839503,0,-0.0012311480248074,-1,0,-1
1133,"Winston","Alabama",-0.0330547904864445,5.02238466323075,0,5.25376819663586,"2022-09-26",979,5.01822546336293,-0.0335358155687127,5.0185364625726,5.01901748765487,-0.0010577487341879,0,-0.0018113868321285,-1,0,-1
1133,"Winston","Alabama",-0.0341848706303173,4.98028923159331,0,5.21958332600553,"2022-09-27",980,4.97574803509582,-0.0342784778383631,4.97954037392895,4.97963398113699,-0.00113008014387279,0,-0.000742662269650404,-1,0,-1
1133,"Winston","Alabama",-0.0353949649352842,4.93642360652327,0,5.18418836107026,"2022-09-28",981,4.93138592244212,-0.0358028369404171,4.93316063048219,4.93356850248734,-0.0012100943049669,0,-0.001524359102054,-1,0,-1
1133,"Winston","Alabama",-0.012082305660247,5.08752991578829,0,5.17210605541002,"2022-09-29",982,4.9737737007921,-0.0189599810900391,5.03250851234995,5.03938618777975,0.0233126592750372,0,0.016842855850378,1,0,1
1133,"Winston","Alabama",-0.0363076183597487,4.88164510853202,0,5.13579843705026,"2022-09-30",983,5.07338650465973,-0.0382384205194027,4.8661986912548,4.86812949341444,-0.0242253126995017,0,-0.0192784394293636,-1,0,-1
1133,"Winston","Alabama",-0.0376756888308817,4.8343929264032,0,5.09812274821937,"2022-10-01",984,5.16396931401696,-0.0394761601747082,4.81998915565259,4.82178962699641,-0.001368070471133,0,-0.00123773965530551,-1,0,-1
1133,"Winston","Alabama",-0.0391509075618424,4.78491548772465,0,5.05897184065754,"2022-10-02",985,5.24702407216049,-0.0397472051234892,4.78014510723146,4.78074140479312,-0.0014752187309607,0,-0.000271044948780996,-1,0,-1
1133,"Winston","Alabama",-0.0407463772946131,4.73300082230064,0,5.01822546336293,"2022-10-03",986,5.32370660055286,-0.0409923905375265,4.73103271635733,4.73127872960024,-0.0015954697327707,0,-0.0012451854140373,-1,0,-1
1133,"Winston","Alabama",-0.0424774282671137,4.67840603722602,0,4.97574803509582,"2022-10-04",987,5.39492540506796,-0.0426802956458373,4.67678309819623,4.67698596557496,-0.0017310509725006,0,-0.0016879051083108,-1,0,-1
1133,"Winston","Alabama",-0.0443621126536983,4.62085113386623,0,4.93138592244212,"2022-10-05",988,5.4614075614141,-0.0459909837357515,4.60782016520981,4.60944903629186,-0.0018846843865846,0,-0.0033106880899142,-1,0,-1
1133,"Winston","Alabama",0.0423877783499686,5.27048814924188,0.0423877783499824,5.27048814924198,"2022-10-06",989,5.44796814105244,0.0147933133124343,5.04973242894159,5.07732689397914,0.0867498910036669,0.0423877783499824,0.0607842970481858,1,1,1
1133,"Winston","Alabama",0.0996128038676307,5.77067613173315,0.0996128038676325,5.77067613173316,"2022-10-07",990,5.44056069977458,0.046975455921302,5.34957734816252,5.40221469610884,0.0572250255176621,0.0572250255176501,0.0321821426088677,1,1,1
1133,"Winston","Alabama",0.090582809357226,5.79804897951754,0.0905828093572261,5.79804897951754,"2022-10-08",991,5.43309797857299,0.0393619689358659,5.38828225614666,5.43950309656802,-0.0090299945104047,-0.0090299945104064,-0.0076134869854361,-1,-1,-1
1133,"Winston","Alabama",0.0830547581435266,5.82840737916517,0.0830547581435273,5.82840737916518,"2022-10-09",992,5.42557914615896,0.0312860136546846,5.41425742325444,5.46602616774328,-0.0075280512136994,-0.0075280512136988,-0.0080759552811813,-1,-1,-1
1133,"Winston","Alabama",0.0766825283923581,5.86048429929936,0.0766825283923689,5.86048429929944,"2022-10-10",993,5.4180033523505,0.0390188123824093,5.55917457121976,5.59683828722973,-0.0063722297511685,-0.00637222975115839,0.0077327987277247,-1,-1,1
1133,"Winston","Alabama",0.0712188045151058,5.8934570366737,0.0712188045151052,5.8934570366737,"2022-10-11",994,5.41036972749544,0.0339649743646445,5.59542639547002,5.63268022562047,-0.0054637238772523,-0.0054637238772637,-0.0050538380177648,-1,-1,-1
1133,"Winston","Alabama",0.0664821563461302,5.92678265583701,0.066482156346142,5.9267826558371,"2022-10-12",995,5.40267738187228,0.0321561554768263,5.65217464888257,5.68650064975188,-0.00473664816897561,-0.0047366481689632,-0.0018088188878182,-1,-1,-1
1133,"Winston","Alabama",-0.01343942036166,5.35389219852082,0,5.44796814105244,"2022-10-13",996,5.40010006085798,-0.0203816051749143,5.29835472001479,5.30529690482804,-0.0799215767077902,-0.066482156346142,-0.0525377606517406,-1,-1,-1
1133,"Winston","Alabama",-0.00740744127785945,5.38870861082957,0,5.44056069977458,"2022-10-14",997,5.37792041714701,-0.0141433510222606,5.33482133287436,5.34155724261876,0.00603197908380055,0,0.0062382541526537,1,0,1
1133,"Winston","Alabama",-0.00746272120159052,5.38085893016186,0,5.43309797857299,"2022-10-15",998,5.35523765680072,-0.0144738368507267,5.32477000496877,5.3317811206179,-5.527992373107e-05,0,-0.0003304858284661,-1,0,-1
1133,"Winston","Alabama",-0.00751883241402579,5.37294731926078,0,5.42557914615896,"2022-10-16",999,5.33202842389035,-0.0131037807872582,5.32826773227492,5.33385268064815,-5.61112124352701e-05,0,0.0013700560634685,-1,0,1
1133,"Winston","Alabama",-0.0075757938084595,5.36497279569129,0,5.4180033523505,"2022-10-17",1000,5.30826769740121,-0.0119959229857495,5.32961176227296,5.33403189145025,-5.696139443371e-05,0,0.0011078578015087,-1,0,1
1133,"Winston","Alabama",-0.00763362485507087,5.35693435350994,0,5.41036972749544,"2022-10-18",1001,5.28392862909594,-0.0146090053003283,5.30113130994787,5.30810669039314,-5.78310466113705e-05,0,-0.0026130823145788,-1,0,-1
1133,"Winston","Alabama",-0.00769234562315717,5.34883096251018,0,5.40267738187228,"2022-10-19",1002,5.25898236114936,-0.0144153157513925,5.2950472014843,5.30177017161253,-5.87207680862994e-05,0,0.0001936895489358,-1,0,1
1133,"Winston","Alabama",-0.0025773210143024,5.38205881375786,0,5.40010006085798,"2022-10-20",1003,5.23110861685459,-0.0117201085330811,5.30891651360763,5.31805930112641,0.00511502460885477,0,0.0026952072183114,1,0,1
1133,"Winston","Alabama",-0.022179643710979,5.22266291117015,0,5.37792041714701,"2022-10-21",1004,5.13243143050236,-0.0213395182662073,5.22938391472832,5.22854378928356,-0.0196023226966766,0,-0.0096194097331262,-1,0,-1
1133,"Winston","Alabama",-0.0226827603462812,5.19645833437675,0,5.35523765680072,"2022-10-22",1005,5.02294022928664,-0.0202347349070685,5.21604253789046,5.21359451245124,-0.000503116635302201,0,0.0011047833591388,-1,0,1
1133,"Winston","Alabama",-0.0232092329103797,5.16956379351769,0,5.33202842389035,"2022-10-23",1006,4.89996972620873,-0.0227930060985507,5.17289360801231,5.17247738120049,-0.000526472564098497,0,-0.0025582711914822,-1,0,-1
1133,"Winston","Alabama",-0.0237607264891416,5.14194261197721,0,5.30826769740121,"2022-10-24",1007,4.75972894580469,-0.0231311746725982,5.14697902650956,5.14634947469302,-0.000551493578761903,0,-0.0003381685740475,-1,0,-1
1133,"Winston","Alabama",-0.0243390683052596,5.11355515095912,0,5.28392862909594,"2022-10-25",1008,4.59656181145149,-0.0236234970172265,5.1192797212634,5.11856414997535,-0.000578341816117999,0,-0.000492322344628301,-1,0,-1
1133,"Winston","Alabama",-0.0249462679465796,5.0843584855233,0,5.25898236114936,"2022-10-26",1009,4.4014790606007,-0.0240725681975671,5.0913480835154,5.09047438376639,-0.00060719964132,0,-0.000449071180340599,-1,0,-1
1133,"Winston","Alabama",-0.0278737442947697,5.0359924067912,0,5.23110861685459,"2022-10-27",1010,4.15888308335967,-0.0262347537919856,5.04910433081348,5.04746534031069,-0.0029274763481901,0,-0.0021621855944185,-1,0,-1
1133,"Winston","Alabama",-0.0986771863522317,4.44169112603673,0,5.13243143050236,"2022-10-28",1011,4.16998197642772,-0.0777410361761056,4.60918032744575,4.58824417726962,-0.070803442057462,0,-0.05150628238412,-1,0,-1
1133,"Winston","Alabama",-0.109491201215701,4.25650182077673,0,5.02294022928664,"2022-10-29",1012,4.18095903505887,-0.0851709617706133,4.45106373633745,4.42674349689235,-0.0108140148634693,0,-0.0074299255945077,-1,0,-1
1133,"Winston","Alabama",-0.1229705030779,4.03917620466344,0,4.89996972620873,"2022-10-30",1013,4.19181690503092,-0.0896052661741071,4.30609809989378,4.27273286298998,-0.013479301862199,0,-0.00443430440349381,-1,0,-1
1133,"Winston","Alabama",-0.140240780404018,3.77804348297657,0,4.75972894580469,"2022-10-31",1014,4.20255814686233,-0.101931532089547,4.08451746949235,4.04620822117786,-0.017270277326118,0,-0.0123262659154399,-1,0,-1
1133,"Winston","Alabama",-0.163167134353228,3.4543918709789,0,4.59656181145149,"2022-11-01",1015,4.21318523943662,-0.0976796278993372,3.97829192260999,3.91280441615613,-0.02292635394921,0,0.00425190419020979,-1,0,1
1133,"Winston","Alabama",-0.195082750850759,3.03589980464538,0,4.4014790606007,"2022-11-02",1016,4.22370058343614,-0.111083882853675,3.70789074862209,3.62389188062498,-0.031915616497531,0,-0.0134042549543378,-1,0,-1
1133,"Winston","Alabama",-0.242595977241023,2.46071124267251,0,4.15888308335967,"2022-11-03",1017,4.18965474202643,-0.112498579368115,3.50149042565578,3.37139302778287,-0.047513226390264,0,-0.00141469651444,-1,0,-1
1133,"Winston","Alabama",0.0110988930680504,4.24767422790407,0.0110988930680493,4.24767422790407,"2022-11-04",1018,4.13630876132113,0.0112599464608795,4.24896265504671,4.24880160165388,0.253694870309073,0.0110988930680493,0.123758525828994,1,1,1
1133,"Winston","Alabama",0.0109770586311547,4.25779844547695,0.0109770586311502,4.25779844547692,"2022-11-05",1019,4.07995582477,0.0124552934004768,4.26962432363153,4.26814608886221,-0.000121834436895701,-0.0001218344368991,0.0011953469395973,-1,-1,1
1133,"Winston","Alabama",0.0108578699720468,4.26782199483525,0.0108578699720487,4.26782199483526,"2022-11-06",1020,4.02023659006838,0.0126643655700058,4.28227395961892,4.28046746402096,-0.000119188659107899,-0.0001191886591015,0.000209072169529,-1,-1,1
1133,"Winston","Alabama",0.0107412418314134,4.27774683968223,0.0107412418314148,4.27774683968224,"2022-11-07",1021,3.95672318434605,0.0117039345338492,4.28544838130171,4.28448568859927,-0.0001166281406334,-0.000116628140633899,-0.0009604310361566,-1,-1,-1
1133,"Winston","Alabama",0.0106270925742866,4.28757488745663,0.0106270925742855,4.28757488745662,"2022-11-08",1022,3.88890058800729,0.0135174679608819,4.31069789054938,4.30780751516279,-0.0001141492571268,-0.0001141492571293,0.0018135334270327,-1,-1,1
1133,"Winston","Alabama",0.0105153439995205,4.29730799143279,0.0105153439995229,4.2973079914328,"2022-11-09",1023,3.81614123372486,0.0124531783218567,4.31281066601147,4.31087283168914,-0.000111748574766101,-0.0001117485747626,-0.0010642896390252,-1,-1,-1
1133,"Winston","Alabama",-0.0340458414097123,3.95133385215844,0,4.18965474202643,"2022-11-10",1024,3.85014760171006,-0.0384365489316504,3.91620819198294,3.92059889950488,-0.0445611854092328,-0.0105153439995229,-0.0508897272535071,-1,-1,-1
1133,"Winston","Alabama",-0.0533459807052831,3.76288689638415,0,4.13630876132113,"2022-11-11",1025,3.89182029811063,-0.0496032343483391,3.79282886723972,3.78908612088276,-0.0193001392955708,0,-0.0111666854166887,-1,0,-1
1133,"Winston","Alabama",-0.0563529365511306,3.68548526891209,0,4.07995582477,"2022-11-12",1026,3.93182563272433,-0.0555609399202691,3.69182124195898,3.69102924532812,-0.0030069558458475,0,-0.00595770557193,-1,0,-1
1133,"Winston","Alabama",-0.0597192347016425,3.60220194715688,0,4.02023659006838,"2022-11-13",1027,3.97029191355212,-0.0567505784825299,3.62595119690976,3.62298254069067,-0.0033662981505119,0,-0.0011896385622608,-1,0,-1
1133,"Winston","Alabama",-0.0635134057223248,3.51212934428978,0,3.95672318434605,"2022-11-14",1028,4.00733318523247,-0.0594156522546973,3.5449113720308,3.54081361856317,-0.00379417102068231,0,-0.0026650737721674,-1,0,-1
1133,"Winston","Alabama",-0.0678225963387826,3.41414241363582,0,3.88890058800729,"2022-11-15",1029,4.04305126783455,-0.0626046177610479,3.45588624225767,3.45066826367995,-0.00430919061645779,0,-0.00318896550635061,-1,0,-1
1133,"Winston","Alabama",-0.0727593542824285,3.30682575374786,0,3.81614123372486,"2022-11-16",1030,4.08236837117539,-0.0681147235662533,3.34398279947726,3.33933816876109,-0.0049367579436459,0,-0.00551010580520539,-1,0,-1
1133,"Winston","Alabama",0.0340063679852049,4.08819217760649,0.0340063679851954,4.08819217760643,"2022-11-17",1031,4.03550406219917,0.0465785786138546,4.1887698626357,4.17619765200704,0.106765722267633,0.0340063679851954,0.114693302180108,1,1,1
1133,"Winston","Alabama",0.0416726964005737,4.18352917291464,0.041672696400568,4.1835291729146,"2022-11-18",1032,3.9863350383927,0.0514223709735594,4.26152656949854,4.25177689492555,0.0076663284153688,0.0076663284153726,0.0048437923597048,1,1,1
1133,"Winston","Alabama",0.0400053346136934,4.21186297502018,0.0400053346136993,4.21186297502022,"2022-11-19",1033,3.93462283734539,0.0479922692410583,4.2757584520391,4.26777151741174,-0.0016673617868803,-0.00166736178686869,-0.0034301017325011,-1,-1,-1
1133,"Winston","Alabama",0.0384662808278012,4.23955587934673,0.0384662808277962,4.2395558793467,"2022-11-20",1034,3.88008995832514,0.0447221859129048,4.28960312002757,4.28334721494245,-0.0015390537858922,-0.00153905378590311,-0.0032700833281535,-1,-1,-1
1133,"Winston","Alabama",0.0370412716803546,4.26662208699495,0.0370412716803492,4.26662208699492,"2022-11-21",1035,3.82241084673846,0.0406544720268143,4.29552768976663,4.29191448942017,-0.0014250091474466,-0.001425009147447,-0.0040677138860905,-1,-1,-1
1133,"Winston","Alabama",0.0357180826020856,4.29307784604915,0.0357180826020791,4.2930778460491,"2022-11-22",1036,3.76120011569356,0.0409666752067789,4.3350665868867,4.329817994282,-0.001323189078269,-0.0013231890782701,0.000312203179964603,-1,-1,1
1133,"Winston","Alabama",0.0393171033408287,4.35758809456119,0.039317103340835,4.35758809456123,"2022-11-23",1037,3.73766961828337,0.0442315578164282,4.39690373036598,4.39198927589039,0.0035990207387431,0.0035990207387559,0.0032648826096493,1,1,1
1133,"Winston","Alabama",-0.0468643089762399,3.70745389936549,0,4.03550406219917,"2022-11-24",1038,3.71357206670431,-0.0375254506049414,3.78216476633586,3.77282590796458,-0.0861814123170686,-0.039317103340835,-0.0817570084213696,-1,-1,-1
1133,"Winston","Alabama",-0.0491690238064602,3.64215187174748,0,3.9863350383927,"2022-11-25",1039,3.76120011569356,-0.0424729798928069,3.69572022305671,3.68902417914305,-0.0023047148302203,0,-0.0049475292878655,-1,0,-1
1133,"Winston","Alabama",-0.0517122010473015,3.57263743001428,0,3.93462283734539,"2022-11-26",1040,3.80666248977032,-0.0450741756160475,3.62574163346432,3.61910360803306,-0.0025431772408413,0,-0.0026011957232406,-1,0,-1
1133,"Winston","Alabama",-0.0545328790202607,3.49835980518331,0,3.88008995832514,"2022-11-27",1041,3.85014760171006,-0.0489339274227916,3.54315141796306,3.5375524663656,-0.0028206779729592,0,-0.0038597518067441,-1,0,-1
1133,"Winston","Alabama",-0.0576791115866484,3.41865706563192,0,3.82241084673846,"2022-11-28",1042,3.89182029811063,-0.0505444537246052,3.4757343285283,3.46859967066622,-0.0031462325663877,0,-0.0016105263018136,-1,0,-1
1133,"Winston","Alabama",-0.061210731044906,3.33272499837922,0,3.76120011569356,"2022-11-29",1043,3.93182563272433,-0.0517671410809205,3.4082737180911,3.39883012812712,-0.0035316194582576,0,-0.0012226873563153,-1,0,-1
1133,"Winston","Alabama",-0.0235304974102046,3.57295613641194,0,3.73766961828337,"2022-11-30",1044,3.96759285658296,-0.0253895645647969,3.55808359917518,3.55994266632979,0.0376802336347014,0,0.0263775765161236,1,0,1
1133,"Winston","Alabama",-0.0240975515790559,3.54488920565092,0,3.71357206670431,"2022-12-01",1045,4.00212484012533,-0.0293413063979811,3.50293916709952,3.50818292191844,-0.000567054168851298,0,-0.0039517418331842,-1,0,-1
1133,"Winston","Alabama",0.0476280489892467,4.09459645861829,0.0476280489892544,4.09459645861834,"2022-12-02",1046,3.94296780927757,0.0493849816677186,4.10865192004606,4.10689498736759,0.0717256005683026,0.0476280489892544,0.0787262880656997,1,1,1
1133,"Winston","Alabama",0.0454623740767637,4.12489910830767,0.0454623740767572,4.12489910830762,"2022-12-03",1047,3.88008995832514,0.0467397452304641,4.13511807753727,4.13384070638357,-0.002165674912483,-0.0021656749124972,-0.0026452364372545,-1,-1,-1
1133,"Winston","Alabama",0.0434851119397442,4.15454338528827,0.0434851119397388,4.15454338528823,"2022-12-04",1048,3.81299162482197,0.043971923576326,4.15843787838093,4.15795106674434,-0.0019772621370195,-0.0019772621370184,-0.0027678216541381,-1,-1,-1
1133,"Winston","Alabama",0.0416726964005622,4.18352917291456,0.041672696400568,4.1835291729146,"2022-12-05",1049,3.74106520728451,0.0412090627743654,4.17982010390498,4.18028373753119,-0.001812415539182,-0.0018124155391708,-0.00276286080196059,-1,-1,-1
1133,"Winston","Alabama",0.0400053346137056,4.21186297502027,0.0400053346136993,4.21186297502022,"2022-12-06",1050,3.66356164612965,0.0422070893859508,4.22947701319824,4.22727525842599,-0.0016673617868566,-0.00166736178686869,0.000998026611585399,-1,-1,1
1133,"Winston","Alabama",0.0357672238586375,4.21796342359342,0.035767223858632,4.21796342359338,"2022-12-07",1051,3.63381967693091,0.0401385514469212,4.2529340442997,4.24856271671141,-0.00423811075506809,-0.0042381107550673,-0.0020685379390296,-1,-1,-1
1133,"Winston","Alabama",0.0345319835423692,4.24384872492192,0.0345319835423745,4.24384872492195,"2022-12-08",1052,3.59535339610311,0.0379226444928667,4.27097401252589,4.2675833515754,-0.0012352403162683,-0.0012352403162575,-0.00221590695405451,-1,-1,-1
1133,"Winston","Alabama",-0.0591570308477531,3.5288685933433,0,3.94296780927757,"2022-12-09",1053,3.68887945411394,-0.0505657482014497,3.59759885451373,3.58900757186742,-0.0936890143901223,-0.0345319835423745,-0.0884883926943164,-1,-1,-1
1133,"Winston","Alabama",-0.0628778509524427,3.43994500165804,0,3.88008995832514,"2022-12-10",1054,3.7744016275521,-0.0511594699414392,3.53369204974606,3.52197366873507,-0.00372082010468959,0,-0.000593721739989506,-1,0,-1
1133,"Winston","Alabama",-0.0670983335031801,3.34330329029971,0,3.81299162482197,"2022-12-11",1055,3.85318250540521,-0.0613025388327284,3.38966964766331,3.38387385299287,-0.00422048255073741,0,-0.0101430688912892,-1,0,-1
1133,"Winston","Alabama",-0.0719264175374737,3.23758028452219,0,3.74106520728451,"2022-12-12",1056,3.9262076404201,-0.0604185928724753,3.32964288184217,3.31813505717718,-0.00482808403429359,0,0.000883945960253096,-1,0,1
1133,"Winston","Alabama",-0.0775035611548711,3.12103671804555,0,3.66356164612965,"2022-12-13",1057,3.99426110366512,-0.0692582393952756,3.18699929212231,3.17875397036272,-0.0055771436173974,0,-0.0088396465228003,-1,0,-1
1133,"Winston","Alabama",-0.0297419691987412,3.42562589253972,0,3.63381967693091,"2022-12-14",1058,4.13630876132113,-0.0288756111838706,3.43255675665868,3.43169039864382,0.0477615919561299,0,0.040382628211405,1,0,1
1133,"Winston","Alabama",-0.0384662808277914,3.32608943030857,0,3.59535339610311,"2022-12-15",1059,4.23617475766132,-0.0439017194528291,3.28260592130828,3.28804135993331,-0.0087243116290502,0,-0.0150261082689585,-1,0,-1
1133,"Winston","Alabama",0.093526058010808,4.34356186018959,0.0935260580108239,4.3435618601897,"2022-12-16",1060,4.32696685749085,0.0803650042299647,4.23827342994283,4.25143448372369,0.131992338838599,0.0935260580108239,0.124266723682794,1,1,1
1133,"Winston","Alabama",0.0855221734381206,4.37305684161894,0.0855221734381626,4.37305684161924,"2022-12-17",1061,4.41019751164058,0.0752233369038933,4.29066614934509,4.30096498587935,-0.0080038845726874,-0.00800388457266131,-0.00514166732607141,-1,-1,-1
1133,"Winston","Alabama",0.0787808778531241,4.40464865037708,0.0787808778531129,4.404648650377,"2022-12-18",1062,4.48702994368387,0.0721075422522253,4.3512619655699,4.35793530117079,-0.0067412955849965,-0.0067412955850497,-0.00311579465166799,-1,-1,-1
1133,"Winston","Alabama",0.0730251350149238,4.43738358552457,0.0730251350148903,4.43738358552433,"2022-12-19",1063,4.55837802448133,0.0697591870860616,4.4112560020937,4.41452195002253,-0.0057557428382003,-0.0057557428382226,-0.0023483551661637,-1,-1,-1
1133,"Winston","Alabama",0.0680534632450057,4.47063534638016,0.0680534632450165,4.47063534638023,"2022-12-20",1064,4.62497281328427,0.0621404004373472,4.42333084391888,4.42924390672655,-0.0049716717699181,-0.0049716717698738,-0.0076187866487144,-1,-1,-1
1133,"Winston","Alabama",0.142047657656081,5.1306423649137,0.142047657656014,5.13064236491323,"2022-12-21",1065,4.65938777189289,0.0980262894858603,4.778471419552,4.82249278772215,0.0739941944110753,0.0739941944109975,0.0358858890485131,1,1,1
1133,"Winston","Alabama",0.0998659963402009,4.93523673204273,0.0998659963401867,4.93523673204263,"2022-12-22",1066,4.69396568477122,0.0852395063538244,4.81822481215173,4.83285130213809,-0.0421816613158801,-0.0421816613158273,-0.0127867831320359,-1,-1,-1
1133,"Winston","Alabama",0.0907920998295205,4.9625115562975,0.0907920998295344,4.9625115562976,"2022-12-23",1067,4.72738781871234,0.079717748284991,4.87391674394125,4.88499109548579,-0.0090738965106804,-0.0090738965106523,-0.00552175806883341,-1,-1,-1
1133,"Winston","Alabama",0.0832306541497109,4.99281209068855,0.0832306541497241,4.99281209068865,"2022-12-24",1068,4.75972894580469,0.0746866948381149,4.92446041619577,4.93300437550738,-0.0075614456798096,-0.00756144567981031,-0.0050310534468761,-1,-1,-1
1133,"Winston","Alabama",0.0768324320432988,5.02485696798696,0.0768324320432887,5.02485696798689,"2022-12-25",1069,4.79105680894654,0.070585453762943,4.97488114174412,4.98112812002447,-0.0063982221064121,-0.0063982221064354,-0.00410124107517189,-1,-1,-1
1133,"Winston","Alabama",0.0713480807974762,5.05781459006367,0.0713480807974651,5.05781459006359,"2022-12-26",1070,4.82143297621008,0.0658398149547838,5.01374846332214,5.01925672916482,-0.0054843512458226,-0.0054843512458236,-0.0047456388081592,-1,-1,-1
1133,"Winston","Alabama",0.0665947888029285,5.09113633490477,0.0665947888029388,5.09113633490484,"2022-12-27",1071,4.85091356921954,0.0631871844012645,5.06387549969145,5.06728310409312,-0.0047532919945477,-0.0047532919945263,-0.0026526305535193,-1,-1,-1
1133,"Winston","Alabama",0.0344149586086264,4.90029248215328,0.0344149586086218,4.90029248215325,"2022-12-28",1072,4.83628190695148,0.0347902018713714,4.90329442825524,4.90291918499249,-0.0321798301943021,-0.032179830194317,-0.0283969825298931,-1,-1,-1
1133,"Winston","Alabama",0.0345779128783226,4.93601107491948,0.0345779128783272,4.93601107491951,"2022-12-29",1073,4.80519131988145,0.0348249234421809,4.93798715943034,4.93774014886649,0.000162954269696196,0.000162954269705397,3.47215708094983e-05,1,1,1
1133,"Winston","Alabama",0.0334221339411278,4.96134275630024,0.0334221339411211,4.96134275630019,"2022-12-30",1074,4.77310300532994,0.0323097977223137,4.95244406654973,4.95355640276854,-0.0011557789371948,-0.0011557789372061,-0.00251512571986719,-1,-1,-1
1133,"Winston","Alabama",0.0323411270923555,4.98611683545118,0.0323411270923515,4.98611683545115,"2022-12-31",1075,4.73995079801304,0.0323979665607529,4.98657155119836,4.98651471172996,-0.0010810068487723,-0.0010810068487696,8.81688384391996e-05,-1,-1,1
1133,"Winston","Alabama",0.0313278631418507,5.01035185093949,0.0313278631418461,5.01035185093946,"2023-01-01",1076,4.70566172453442,0.0319995224783682,5.01572512563163,5.01505346629512,-0.0010132639505048,-0.0010132639505054,-0.000398444082384701,-1,-1,-1
1133,"Winston","Alabama",0.030376167263544,5.03406614705489,0.0303761672635394,5.03406614705485,"2023-01-02",1077,4.67015503607751,0.0302966911852047,5.03343033842818,5.03350981450651,-0.000951695878306701,-0.000951695878306701,-0.0017028312931635,-1,-1,-1
1133,"Winston","Alabama",0.0294805930094694,5.05727772028583,0.029480593009465,5.0572777202858,"2023-01-03",1078,4.63334106295479,0.0289277353270361,5.05285485882637,5.05340771650879,-0.000895574254074601,-0.0008955742540744,-0.0013689558581686,-1,-1,-1
1133,"Winston","Alabama",-0.014631662268062,4.73386027107504,0,4.83628190695148,"2023-01-04",1079,4.69918082045033,-0.0185354203619167,4.70263020632421,4.70653396441806,-0.0441122552775314,-0.029480593009465,-0.0474631556889528,-1,-1,-1
1133,"Winston","Alabama",-0.0310905870700375,4.58755721039118,0,4.80519131988145,"2023-01-05",1080,4.71977356872709,-0.0349993139064796,4.55628739569964,4.56019612253609,-0.0164589248019755,0,-0.0164638935445629,-1,0,-1
1133,"Winston","Alabama",-0.0320883145514952,4.54848480346948,0,4.77310300532994,"2023-01-06",1081,4.73995079801304,-0.0351183014195221,4.52424490852527,4.52727489539329,-0.000997727481457704,0,-0.000118987513042505,-1,0,-1
1133,"Winston","Alabama",-0.0331522073169196,4.50788534679461,0,4.73995079801304,"2023-01-07",1082,4.75972894580469,-0.0362145400655969,4.48338668480516,4.48644901755386,-0.00106389276542439,0,-0.0010962386460748,-1,0,-1
1133,"Winston","Alabama",-0.0342890734786186,4.46563821018409,0,4.70566172453442,"2023-01-08",1083,4.77912349311153,NA,NA,NA,-0.001136866161699,0,NA,-1,0,NA
1133,"Winston","Alabama",-0.0355066884569284,4.42160821687901,0,4.67015503607751,"2023-01-09",1084,4.79814903725603,NA,NA,NA,-0.0012176149783098,0,NA,-1,0,NA
1133,"Winston","Alabama",-0.0368139731227109,4.37564325109581,0,4.63334106295479,"2023-01-10",1085,4.81681935787657,NA,NA,NA,-0.0013072846657825,0,NA,-1,0,NA
1133,"Winston","Alabama",0.065839757495532,5.16005912291906,0.0658397574955423,5.16005912291913,"2023-01-11",1086,4.8553728854163,NA,NA,NA,0.102653730618243,0.0658397574955423,NA,1,1,NA
1133,"Winston","Alabama",0.0205927482767656,4.86392280666445,0.0205927482767621,4.86392280666443,"2023-01-12",1087,4.91475352239297,NA,NA,NA,-0.0452470092187664,-0.0452470092187802,NA,-1,-1,NA
1133,"Winston","Alabama",0.0201772292859466,4.88119140301467,0.0201772292859488,4.88119140301468,"2023-01-13",1088,4.9708048712983,NA,NA,NA,-0.000415518990819,-0.0004155189908133,NA,-1,-1,NA
1133,"Winston","Alabama",0.0197781477916508,4.89817598034625,0.0197781477916497,4.89817598034624,"2023-01-14",1089,5.02388052084628,NA,NA,NA,-0.000399081494295801,-0.000399081494299101,NA,-1,-1,NA
1133,"Winston","Alabama",0.0193945473068383,4.9148853242594,0.0193945473068373,4.91488532425939,"2023-01-15",1090,5.07428055925661,NA,NA,NA,-0.0003836004848125,-0.0003836004848124,NA,-1,-1,NA
1133,"Winston","Alabama",0.0190255441444992,4.93132784626753,0.019025544144502,4.93132784626755,"2023-01-16",1091,5.12226185133273,NA,NA,NA,-0.0003690031623391,-0.000369003162335301,NA,-1,-1,NA
1133,"Winston","Alabama",0.0186703206205399,4.94751160222035,0.0186703206205374,4.94751160222033,"2023-01-17",1092,5.16804596051072,NA,NA,NA,-0.000355223523959298,-0.000355223523964599,NA,-1,-1,NA
1133,"Winston","Alabama",0.0385535275397289,5.12524757819441,0.0385535275397348,5.12524757819445,"2023-01-18",1093,5.18898070251057,NA,NA,NA,0.019883206919189,0.0198832069191974,NA,1,1,NA
1133,"Winston","Alabama",0.059380636976675,5.3304179812297,0.059380636976667,5.33041798122964,"2023-01-19",1094,5.23947686652511,NA,NA,NA,0.0208271094369461,0.0208271094369322,NA,1,1,NA
1133,"Winston","Alabama",0.0560513489053333,5.36316431363563,0.0560513489053243,5.36316431363557,"2023-01-20",1095,5.28754526956613,NA,NA,NA,-0.0033292880713417,-0.0033292880713427,NA,-1,-1,NA
1133,"Winston","Alabama",0.0530756495479891,5.3954100676822,0.0530756495479814,5.39541006768215,"2023-01-21",1096,5.33340868635931,0.0402094401935912,5.29248039284703,5.30534660220142,-0.0029756993573442,-0.0029756993573429,NA,-1,-1,NA
1133,"Winston","Alabama",0.050400038410326,5.42708082812889,0.050400038410336,5.42708082812897,"2023-01-22",1097,5.37726056888815,0.0429428196054759,5.36742307769009,5.37488029649494,-0.0026756111376631,-0.0026756111376454,0.0027333794118847,-1,-1,1
1133,"Winston","Alabama",0.0479812920761266,5.45813089586562,0.047981292076118,5.45813089586556,"2023-01-23",1098,5.4192699769657,0.0391739464861102,5.38767213114549,5.3964794767355,-0.0024187463341994,-0.002418746334218,-0.0037688731193657,-1,-1,-1
1133,"Winston","Alabama",0.0457841091779971,5.4885347247567,0.0457841091779931,5.48853472475668,"2023-01-24",1099,5.45958551414416,0.0382421197515449,5.42819880934509,5.43574079877153,-0.0021971828981295,-0.0021971828981249,-0.000931826734565301,-1,-1,-1
1133,"Winston","Alabama",0.0209347419998483,5.33552389650951,0.020934741999846,5.33552389650949,"2023-01-25",1100,5.48063892334199,0.0206585071046418,5.33331401734785,5.33359025224306,-0.0248493671781488,-0.0248493671781471,-0.0175836126469031,-1,-1,-1
1133,"Winston","Alabama",0.0504961640145412,5.59295001462689,0.0504961640145361,5.59295001462686,"2023-01-26",1101,5.45593142968852,0.0424356152767796,5.52846562472481,5.53652617346257,0.0295614220146929,0.0295614220146901,0.0217771081721378,1,1,1
1133,"Winston","Alabama",0.0480684030410258,5.62402409085331,0.0480684030410208,5.62402409085327,"2023-01-27",1102,5.43059797727091,0.0430478588720983,5.5838597375019,5.58888028167082,-0.00242776097351539,-0.0024277609735153,0.000612243595318696,-1,-1,1
1133,"Winston","Alabama",0.0458634167931846,5.6544526039116,0.0458634167931793,5.65445260391156,"2023-01-28",1103,5.40460602277868,0.0417369693800598,5.62144102460661,5.62556747201973,-0.0022049862478412,-0.0022049862478415,-0.0013108894920385,-1,-1,-1
1133,"Winston","Alabama",0.0438518825288541,5.68422374659013,0.0438518825288483,5.68422374659009,"2023-01-29",1104,5.37792041714701,0.0406074498779943,5.65826828538327,5.66151271803411,-0.0020115342643305,-0.002011534264331,-0.0011295195020655,-1,-1,-1
1133,"Winston","Alabama",0.0420094080775596,5.71333583350862,0.0420094080775462,5.71333583350852,"2023-01-30",1105,5.35050311971861,0.0388952384122903,5.68842247618647,5.69153664585173,-0.0018424744512945,-0.0018424744513021,-0.001712211465704,-1,-1,-1
1133,"Winston","Alabama",0.0403155371784617,5.74179427439339,0.0403155371784587,5.74179427439337,"2023-01-31",1106,5.32231287210425,0.0368484699083181,5.71405773623224,5.71752480350239,-0.0016938708990979,-0.0016938708990875,-0.00204676850397219,-1,-1,-1
1133,"Winston","Alabama",0.0210534091978384,5.62801278772686,0.0210534091978323,5.62801278772682,"2023-02-01",1107,5.29402244226516,0.0250752127199824,5.66018721590402,5.65616541238187,-0.0192621279806233,-0.0192621279806264,-0.0117732571883357,-1,-1,-1
1133,"Winston","Alabama",-0.0247074936534739,5.2829789741142,0,5.45593142968852,"2023-02-02",1108,5.25152520504128,-0.0272751434905546,5.26243777541755,5.26500542525464,-0.0457609028513123,-0.0210534091978323,-0.052350356210537,-1,-1,-1
1133,"Winston","Alabama",-0.0253334524176046,5.25326381034767,0,5.43059797727091,"2023-02-03",1109,5.20714148588217,-0.0297849205180086,5.21765206554445,5.22210353364485,-0.000625958764130699,0,-0.002509777027454,-1,0,-1
1133,"Winston","Alabama",-0.0259919544922169,5.22266234133317,0,5.40460602277868,"2023-02-04",1110,5.16069598867199,-0.0294317107151329,5.19514429154985,5.19858404777275,-0.000658502074612301,0,0.0003532098028757,-1,0,1
1133,"Winston","Alabama",-0.026685605631683,5.19112117772523,0,5.37792041714701,"2023-02-05",1111,5.11198778835654,-0.0303072399880299,5.16214810287444,5.1657697372308,-0.000693651139466098,0,-0.000875529272897,-1,0,-1
1133,"Winston","Alabama",-0.0274172974284017,5.1585820377198,0,5.35050311971861,"2023-02-06",1112,5.06078507778173,-0.0309061412654471,5.13067128702343,5.13416013086048,-0.000731691796718701,0,-0.000598901277417199,-1,0,-1
1133,"Winston","Alabama",-0.02819024761436,5.12498113880373,0,5.32231287210425,"2023-02-07",1113,5.00681849556955,-0.0325604697939346,5.09001936136713,5.09438958354671,-0.000772950185958299,0,-0.0016543285284875,-1,0,-1
1133,"Winston","Alabama",-0.0282904298391017,5.09598943339144,0,5.29402244226516,"2023-02-08",1114,4.93550115458722,-0.0360645022797672,5.03379685386611,5.04157092630679,-0.000100182224741702,0,-0.0035040324858326,-1,0,-1
1133,"Winston","Alabama",-0.0424972372238695,4.95404454447419,0,5.25152520504128,"2023-02-09",1115,4.89034912822175,-0.0342688926258377,5.01987130125846,5.01164295666042,-0.0142068073847678,0,0.0017956096539295,-1,0,1
1133,"Winston","Alabama",-0.0443837191591007,4.89645545176847,0,5.20714148588217,"2023-02-10",1116,4.84306159393686,-0.0357512697072744,4.96551504738308,4.95688259793125,-0.0018864819352312,0,-0.0014823770814367,-1,0,-1
1133,"Winston","Alabama",-0.0464454972101902,4.83557750820066,0,5.16069598867199,"2023-02-11",1117,4.79342647830186,-0.0396629316522561,4.88983803266412,4.8830554671062,-0.0020617780510895,0,-0.0039116619449817,-1,0,-1
1133,"Winston","Alabama",-0.0487082003154516,4.77103038614838,0,5.11198778835654,"2023-02-12",1118,4.74119845881121,-0.0421148920037827,4.82377685264173,4.81718354433006,-0.0022627031052614,0,-0.0024519603515266,-1,0,-1
1133,"Winston","Alabama",-0.0512027105748035,4.70236610375811,0,5.06078507778173,"2023-02-13",1119,4.68609162834031,-0.0433365446761366,4.76529543094745,4.75742926504877,-0.0024945102593519,0,-0.00122165267235391,-1,0,-1
1133,"Winston","Alabama",-0.0539665822121695,4.62905242008437,0,5.00681849556955,"2023-02-14",1120,4.62777001790533,-0.0482271467979585,4.67496790339806,4.66922846798384,-0.002763871637366,0,-0.0048906021218219,-1,0,-1
1133,"Winston","Alabama",-0.0713173409823422,4.43627976771083,0,4.93550115458722,"2023-02-15",1121,4.58058471051548,-0.0572438711821359,4.54886752611246,4.53479405631227,-0.0173507587701727,0,-0.0090167243841774,-1,0,-1
1133,"Winston","Alabama",-0.0451520263654434,4.57428494366365,0,4.89034912822175,"2023-02-16",1122,4.57618264911484,-0.0412092781956486,4.60582692902203,4.60188418085221,0.0261653146168988,0,0.0160345929864873,1,0,1
1133,"Winston","Alabama",-0.0472875342849037,4.51204885394253,0,4.84306159393686,"2023-02-17",1123,4.57176112385696,-0.0414138033773681,4.55903870120281,4.55316497029528,-0.00213550791946029,0,-0.000204525181719498,-1,0,-1
1133,"Winston","Alabama",-0.0496351156349861,4.44598066885696,0,4.79342647830186,"2023-02-18",1124,4.56731996185699,-0.040577546167361,4.51844122459797,4.50938365513033,-0.0023475813500824,0,0.000836257210007102,-1,0,1
1133,"Winston","Alabama",-0.0522280194906486,4.37560232237666,0,4.74119845881121,"2023-02-19",1125,4.56285898791637,-0.0461044880802456,4.42459057365989,4.41846704224949,-0.0025929038556625,0,-0.0055269419128846,-1,0,-1
1133,"Winston","Alabama",-0.0551068304709186,4.30034381504388,0,4.68609162834031,"2023-02-20",1126,4.55837802448133,-0.0458468562214088,4.37442360903994,4.36516363479045,-0.00287881098027,0,0.000257631858836802,-1,0,1
1133,"Winston","Alabama",-0.0583216104349724,4.21951874486052,0,4.62777001790533,"2023-02-21",1127,4.55387689160054,-0.0495081366619584,4.29002653504464,4.28121306127162,-0.0032147799640538,0,-0.0036612804405496,-1,0,-1
1133,"Winston","Alabama",-0.0471853073898447,4.25028755878656,0,4.58058471051548,"2023-02-22",1128,4.52334016774046,-0.0415360254489114,4.29548181431404,4.2898325323731,0.0111363030451277,0,0.007972111213047,1,0,1
1133,"Winston","Alabama",-0.00440206140063764,4.54536821931038,0,4.57618264911484,"2023-02-23",1129,4.49024021931412,-0.00776698087890855,4.51844886348421,4.52181378296248,0.0427832459892071,0,0.0337690445700028,1,0,1
1133,"Winston","Alabama",-0.00442152525787681,4.54081044705182,0,4.57176112385696,"2023-02-24",1130,4.45600704767187,-0.00890343411904744,4.50495517616246,4.50943708502363,-1.94638572391702e-05,0,-0.00113645324013889,-1,0,-1
1133,"Winston","Alabama",-0.00444116199996629,4.53623182785723,0,4.56731996185699,"2023-02-25",1131,4.42056029867613,-0.00943110781010761,4.4963122613761,4.50130220718624,-1.96367420894801e-05,0,-0.00052767369106017,-1,0,-1
1133,"Winston","Alabama",-0.00446097394062575,4.53163217033199,0,4.56285898791637,"2023-02-26",1132,4.38381075646738,-0.00938754524865737,4.49221959986773,4.49714617117577,-1.98119406594598e-05,0,4.35625614502409e-05,-1,0,1
1133,"Winston","Alabama",-0.00448096343503479,4.52701128043609,0,4.55837802448133,"2023-02-27",1133,4.34565899050301,-0.00801061404436304,4.49877407556147,4.50230372617079,-1.99894944090395e-05,0,0.00137693120429433,-1,0,1
1133,"Winston","Alabama",-0.00450113288079315,4.52236896143499,0,4.55387689160054,"2023-02-28",1134,4.30599373411058,-0.00843021346564295,4.49093631675619,4.49486539734104,-2.01694457583603e-05,0,-0.00041959942127991,-1,0,-1
1133,"Winston","Alabama",-0.0305367238600865,4.30958310071985,0,4.52334016774046,"2023-03-01",1135,4.26468992796934,-0.0279109080653119,4.33058962707804,4.32796381128328,-0.0260355909792934,0,-0.0194806945996689,-1,0,-1
1133,"Winston","Alabama",-0.0330999484263379,4.25854058032975,0,4.49024021931412,"2023-03-02",1136,4.25053397873921,-0.0302359883894476,4.28145226062488,4.27858830058799,-0.0025632245662514,0,-0.0023250803241357,-1,0,-1
1133,"Winston","Alabama",-0.0342331716422505,4.21637484617612,0,4.45600704767187,"2023-03-03",1137,4.23617475766132,-0.0314412765086629,4.23871000724482,4.23591811211123,-0.0011332232159126,0,-0.0012052881192153,-1,0,-1
1133,"Winston","Alabama",-0.0354467489957531,4.17243305570585,0,4.42056029867613,"2023-03-04",1138,4.22160634183303,-0.032203313670114,4.19838053831096,4.19513710298533,-0.0012135773535026,0,-0.000762037161451103,-1,0,-1
1133,"Winston","Alabama",-0.0367495422087475,4.12656396100615,0,4.38381075646738,"2023-03-05",1139,4.20682254564879,-0.0329353989034493,4.15707710744854,4.15326296414324,-0.0013027932129944,0,-0.000732085233335296,-1,0,-1
1133,"Winston","Alabama",-0.0381517659643701,4.07859662875242,0,4.34565899050301,"2023-03-06",1140,4.19181690503092,-0.0351298703394224,4.102771793752,4.09974989812705,-0.0014022237556226,0,-0.0021944714359731,-1,0,-1
1133,"Winston","Alabama",-0.0396652563924498,4.02833693936343,0,4.30599373411058,"2023-03-07",1141,4.17658266045907,-0.0360523990534558,4.05723979807536,4.05362694073639,-0.0015134904280797,0,-0.000922528714033401,-1,0,-1
1133,"Winston","Alabama",-0.0413038061412291,3.97556328498074,0,4.26468992796934,"2023-03-08",1142,4.14313472639153,-0.0380530051461292,4.00156969294155,3.99831889194644,-0.00163854974877931,0,-0.0020006060926734,-1,0,-1
1133,"Winston","Alabama",-0.0141559492301396,4.15144233412823,0,4.25053397873921,"2023-03-09",1143,4.08477511120595,-0.0157247676091166,4.13889178709641,4.14046060547539,0.0271478569110895,0,0.0223282375370126,1,0,1
1133,"Winston","Alabama",-0.0143592210778853,4.13566021011612,0,4.23617475766132,"2023-03-10",1144,4.02279741093005,-0.0169454790333342,4.11497014647254,4.11755640442798,-0.000203271847745701,0,-0.0012207114242176,-1,0,-1
1133,"Winston","Alabama",-0.0145684158282998,4.11962743103493,0,4.22160634183303,"2023-03-11",1145,3.95672318434605,-0.0172916901177445,4.09784123671936,4.10056451100882,-0.000209194750414499,0,-0.000346211084410301,-1,0,-1
1133,"Winston","Alabama",-0.0147837961842347,4.10333597235915,0,4.20682254564879,"2023-03-12",1146,3.8859723282282,-0.0171491773831251,4.08441292276803,4.08677830396691,-0.000215380355934901,0,0.000142512734619401,-1,0,1
1133,"Winston","Alabama",-0.0150056406178788,4.08677742070577,0,4.19181690503092,"2023-03-13",1147,3.8098320645316,-0.0166035010413607,4.0739945373179,4.07559239774139,-0.0002218444336441,0,0.0005456763417644,-1,0,1
1133,"Winston","Alabama",-0.0152342445718511,4.06994294845611,0,4.17658266045907,"2023-03-14",1148,3.72741311811618,-0.0179097161193265,4.04853917607631,4.05121464762378,-0.0002286039539723,0,-0.0013062150779658,-1,0,-1
1133,"Winston","Alabama",-0.0334479340675335,3.9089991879188,0,4.14313472639153,"2023-03-15",1149,3.61091791264422,-0.0339409034624462,3.9050554327595,3.90554840215441,-0.0182136894956824,0,-0.0160311873431197,-1,0,-1
1133,"Winston","Alabama",-0.0583596151855729,3.67625780490694,0,4.08477511120595,"2023-03-16",1150,3.55125807623789,-0.0515207451227776,3.73096876540931,3.72412989534651,-0.0249116811180394,0,-0.0175798416603314,-1,0,-1
1133,"Winston","Alabama",-0.0619777002759067,3.58895350899871,0,4.02279741093005,"2023-03-17",1151,3.48781185449893,-0.0572294193665628,3.62693975627345,3.62219147536411,-0.0036180850903338,0,-0.0057086742437852,-1,0,-1
1133,"Winston","Alabama",-0.0660742265839876,3.49420359825814,0,3.95672318434605,"2023-03-18",1152,3.42006586596654,-0.0585805086002087,3.55415334212838,3.54665962414459,-0.0040965263080809,0,-0.0013510892336459,-1,0,-1
1133,"Winston","Alabama",-0.0707508561178616,3.39071633540317,0,3.8859723282282,"2023-03-19",1153,3.34739467566918,-0.0633669485354709,3.44978759606228,3.4424036884799,-0.004676629533874,0,-0.0047864399352622,-1,0,-1
1133,"Winston","Alabama",-0.0761402636966136,3.27685021865531,0,3.8098320645316,"2023-03-20",1154,3.26902560855367,-0.0676175729117414,3.34503174493427,3.33650905414941,-0.005389407578752,0,-0.00425062437627051,-1,0,-1
1133,"Winston","Alabama",-0.0824189464154057,3.15048049320834,0,3.72741311811618,"2023-03-21",1155,3.18398856586776,-0.071289527734676,3.23951584265419,3.22838642397345,-0.0062786827187921,0,-0.0036719548229346,-1,0,-1
1133,"Winston","Alabama",-0.116495205471975,2.7954514743404,0,3.61091791264422,"2023-03-22",1156,3.12299405316492,-0.0878713105942989,3.02444263336179,2.99581873848413,-0.0340762590565693,0,-0.0165817828596229,-1,0,-1
1133,"Winston","Alabama",-0.059659836406324,3.13363922139362,0,3.55125807623789,"2023-03-23",1157,3.05803615689015,-0.0585684951488165,3.14236995145369,3.14127861019617,0.056835369065651,0,0.0293028154454824,1,0,1
1133,"Winston","Alabama",-0.0634462217389914,3.04368830232599,0,3.48781185449893,"2023-03-24",1158,NA,-0.062771646001768,3.04908490822375,3.04841033248655,-0.0037863853326674,0,-0.0042031508529515,-1,0,-1
1133,"Winston","Alabama",-0.0677459885323751,2.94584394623991,0,3.42006586596654,"2023-03-25",1159,NA,-0.0648800076264734,2.96877179348714,2.96590581258123,-0.00429976679338369,0,-0.0021083616247054,-1,0,-1
1133,"Winston","Alabama",-0.072671190297365,2.83869634358762,0,3.34739467566918,"2023-03-26",1160,NA,-0.0673885562837886,2.88095741569623,2.87567478168266,-0.00492520176498991,0,-0.0025085486573152,-1,0,-1
1133,"Winston","Alabama",-0.0783690671154923,2.72044213874523,0,3.26902560855367,"2023-03-27",1161,NA,-0.0712355534797435,2.77751024783123,2.77037673419547,-0.00569787681812729,0,-0.0038469971959549,-1,0,-1
1133,"Winston","Alabama",-0.0850370426859207,2.58872926706631,0,3.18398856586776,"2023-03-28",1162,NA,-0.0738637503274176,2.67811560593433,2.66694231357584,-0.00666797557042841,0,-0.0026281968476741,-1,0,-1
1133,"Winston","Alabama",-0.0609945127028496,2.69603246424497,0,3.12299405316492,"2023-03-29",1163,NA,-0.0607430765950126,2.69804395310766,2.69779251699983,0.0240425299830711,0,0.013120673732405,1,0,1
1133,"Winston","Alabama",-0.0649578962747951,2.60333088296658,0,3.05803615689015,"2023-03-30",1164,NA,-0.062283179169723,2.62472861980714,2.62205390270209,-0.00396338357194551,0,-0.0015401025747104,-1,0,-1
