"fips","county","state","r.lm","predicted.lm","r.slm","predicted.slm","date.y","days_from_start.y","log_rolled_cases.y","tau.hat","predicted.grf.future.0","predicted.grf.future.last","D.r.lm","D.r.slm","D.tau.hat","B.D.r.lm","B.D.r.slm","B.D.tau.hat"
12019,"Clay","Florida",0.174107958256563,4.54070371780396,0.174107958256565,4.54070371780397,"2020-04-07",77,4.25459902498738,0.185249123035897,4.62983303603863,4.61869187125929,NA,NA,NA,NA,NA,NA
12019,"Clay","Florida",0.174559551458468,4.71842442167575,0.174559551458466,4.71842442167574,"2020-04-08",78,4.33635659784069,0.180585272643187,4.76663019115351,4.76060446996879,0.000451593201904993,0.000451593201900996,-0.00466385039271,1,1,-1
12019,"Clay","Florida",0.152293669080045,4.71485691410684,0.152293669080045,4.71485691410684,"2020-04-09",79,4.42227703729518,0.161266377259715,4.7866385795442,4.77766587136453,-0.022265882378423,-0.022265882378421,-0.019318895383472,-1,-1,-1
12019,"Clay","Florida",0.157861259223799,4.91169130433691,0.157861259223794,4.91169130433688,"2020-04-10",80,4.53872508657994,0.165442649720302,4.97234242830895,4.96476103781243,0.00556759014375402,0.005567590143749,0.00417627246058702,1,1,1
12019,"Clay","Florida",0.139071573000138,4.91923507377142,0.139071573000138,4.91923507377142,"2020-04-11",81,4.65938777189289,0.144321268944823,4.9612326413289,4.95598294538422,-0.018789686223661,-0.018789686223656,-0.021121380775479,-1,-1,-1
12019,"Clay","Florida",0.112242855280768,4.84367690501661,0.112242855280769,4.84367690501661,"2020-04-12",82,4.76095218754743,0.120635285447045,4.91081634634682,4.90242391618054,-0.02682871771937,-0.026828717719369,-0.023685983497778,-1,-1,-1
12019,"Clay","Florida",0.103135820635715,4.88306348313694,0.103135820635714,4.88306348313694,"2020-04-13",83,4.85425991924688,0.109422186309541,4.93335440852756,4.92706804285373,-0.009107034645053,-0.009107034645055,-0.011213099137504,-1,-1,-1
12019,"Clay","Florida",0.0934862863004379,4.90900302909044,0.0934862863004362,4.90900302909043,"2020-04-14",84,4.93447393313069,0.0998890647937997,4.96022525703734,4.95382247854398,-0.0096495343352771,-0.00964953433527779,-0.00953312151574129,-1,-1,-1
12019,"Clay","Florida",0.0817575728533172,4.90865960781391,0.0817575728533164,4.90865960781391,"2020-04-15",85,4.99914091467052,0.0852288706515906,4.9364299902001,4.93295869240182,-0.0117287134471207,-0.0117287134471198,-0.0146601941422091,-1,-1,-1
12019,"Clay","Florida",0.0859204394544866,5.02372011347659,0.0859204394544868,5.02372011347659,"2020-04-16",86,5.05715530973115,0.0843499550607939,5.01115623832704,5.01272672272074,0.00416286660116941,0.00416286660117039,-0.000878915590796697,1,1,-1
12019,"Clay","Florida",0.116448049284761,5.35386143157327,0.116448049284759,5.35386143157326,"2020-04-17",87,5.10681090017701,0.108801253344204,5.29268706404881,5.30033385998937,0.0305276098302744,0.0305276098302722,0.0244512982834101,1,1,1
12019,"Clay","Florida",0.120662685312954,5.50402656908357,0.120662685312953,5.50402656908357,"2020-04-18",88,5.14416668672078,0.109576132412677,5.41533414588136,5.42642069878163,0.004214636028193,0.004214636028194,0.000774879068472997,1,1,1
12019,"Clay","Florida",0.101564415654543,5.47190309712923,0.101564415654543,5.47190309712923,"2020-04-19",89,5.19612642565149,0.0903124979435696,5.38188775544145,5.39313967315242,-0.019098269658411,-0.01909826965841,-0.0192636344691074,-1,-1,-1
12019,"Clay","Florida",0.0933077316994517,5.50741404114305,0.0933077316994488,5.50741404114303,"2020-04-20",90,5.23947686652511,0.0842616877177875,5.43504568928973,5.44409173327139,-0.0082566839550913,-0.0082566839550942,-0.00605081022578211,-1,-1,-1
12019,"Clay","Florida",0.080214013883806,5.49597203031733,0.0802140138838077,5.49597203031735,"2020-04-21",91,5.2853768552723,0.0702777399873636,5.41648183914579,5.42641811304224,-0.0130937178156457,-0.0130937178156411,-0.0139839477304239,-1,-1,-1
12019,"Clay","Florida",0.0646669815398283,5.45180978544932,0.0646669815398271,5.45180978544931,"2020-04-22",92,5.32509838922568,0.0596618669862573,5.41176886902075,5.41677398357432,-0.0155470323439777,-0.0155470323439806,-0.0106158730011063,-1,-1,-1
12019,"Clay","Florida",0.0580143950606275,5.46325607515554,0.0580143950606287,5.46325607515555,"2020-04-23",93,5.35456266521249,0.0493927492424198,5.39428290860988,5.40290455442809,-0.00665258647920081,-0.0066525864791984,-0.0102691177438375,-1,-1,-1
12019,"Clay","Florida",0.0496555904458623,5.45440003329804,0.0496555904458615,5.45440003329804,"2020-04-24",94,5.36263264848388,0.0427517712492199,5.39916947972491,5.40607329892155,-0.0083588046147652,-0.0083588046147672,-0.0066409779931999,-1,-1,-1
12019,"Clay","Florida",0.0373557865437669,5.40565719252714,0.0373557865437668,5.40565719252714,"2020-04-25",95,5.36062124988419,0.0337455834875099,5.37677556807709,5.38038577113335,-0.0122998039020954,-0.0122998039020947,-0.00900618776171,-1,-1,-1
12019,"Clay","Florida",0.051959738930717,5.55984459816651,0.0519597389307167,5.55984459816651,"2020-04-26",96,5.34165049125441,0.0447833170311925,5.50243322297032,5.50960964486984,0.0146039523869501,0.0146039523869499,0.0110377335436826,1,1,1
12019,"Clay","Florida",0.0433504408736154,5.54292995264041,0.0433504408736134,5.5429299526404,"2020-04-27",97,5.32648824351473,0.0364458158834561,5.48769295271914,5.4945975777093,-0.0086092980571016,-0.0086092980571033,-0.0083375011477364,-1,-1,-1
12019,"Clay","Florida",0.0458999887471961,5.60667677650267,0.0458999887471938,5.60667677650266,"2020-04-28",98,5.30472536284337,0.0383051683564977,5.54591821337709,5.55351303376778,0.0025495478735807,0.0025495478735804,0.0018593524730416,1,1,1
12019,"Clay","Florida",0.0397215339533762,5.60314912689931,0.0397215339533767,5.60314912689931,"2020-04-29",99,5.28175234967334,0.0334445020142566,5.55293287138635,5.55920990332548,-0.0061784547938199,-0.0061784547938171,-0.0048606663422411,-1,-1,-1
12019,"Clay","Florida",0.0294642759868115,5.56081259712017,0.0294642759868111,5.56081259712017,"2020-04-30",100,5.25451474388964,0.0226058121900378,5.50594488674598,5.51280335054275,-0.0102572579665647,-0.0102572579665656,-0.0108386898242188,-1,-1,-1
12019,"Clay","Florida",0.00806998327138782,5.41912253138359,0.00806998327138864,5.4191225313836,"2020-05-01",101,5.22266974820872,0.0110398391737731,5.44288137860267,5.43991152270029,-0.0213942927154237,-0.0213942927154225,-0.0115659730162647,-1,-1,-1
12019,"Clay","Florida",-0.00201139859968251,5.34654145968642,0,5.36062124988419,"2020-05-02",102,5.17210605541002,-0.00790482847314609,5.29939402069871,5.30528745057217,-0.0100813818710703,-0.00806998327138864,-0.0189446676469192,-1,-1,-1
12019,"Clay","Florida",-0.0189707586297839,5.20885518084592,0,5.34165049125441,"2020-05-03",103,5.10940269428444,-0.0195094096273829,5.20454597286513,5.20508462386273,-0.0169593600301014,0,-0.0116045811542368,-1,0,-1
12019,"Clay","Florida",-0.0151622477396763,5.220352509337,0,5.32648824351473,"2020-05-04",104,5.04710497387765,-0.01557488308267,5.21705142659305,5.21746406193604,0.0038085108901076,0,0.0039345265447129,1,0,1
12019,"Clay","Florida",-0.021762880671369,5.15238519814378,0,5.30472536284337,"2020-05-05",105,4.98164775722301,-0.020265125679893,5.16436723807559,5.16286948308412,-0.0066006329316927,0,-0.004690242597223,-1,0,-1
12019,"Clay","Florida",-0.0229730131700218,5.12094125748319,0,5.28175234967334,"2020-05-06",106,4.91684776399609,-0.0219330274941636,5.12926114289006,5.12822115721419,-0.0012101324986528,0,-0.0016679018142706,-1,0,-1
12019,"Clay","Florida",-0.0272376057837028,5.06385150340372,0,5.25451474388964,"2020-05-07",107,4.86091921133686,-0.0245421746405136,5.08541495254923,5.08271952140604,-0.004264592613681,0,-0.00260914714635,-1,0,-1
12019,"Clay","Florida",-0.0318449956809242,4.99975477844225,0,5.22266974820872,"2020-05-08",108,4.79579054559674,-0.0290215706523571,5.02234217867078,5.01951875364222,-0.0046073898972214,0,-0.0044793960118435,-1,0,-1
12019,"Clay","Florida",-0.0505636927986976,4.81816020581913,0,5.17210605541002,"2020-05-09",109,4.73368903678907,-0.0440865587115956,4.86997727851595,4.86350014442885,-0.0187186971177734,0,-0.0150649880592385,-1,0,-1
12019,"Clay","Florida",-0.0627033611255784,4.67047916640539,0,5.10940269428444,"2020-05-10",110,4.68080760019371,-0.0498808590968434,4.77305918263527,4.76023668060654,-0.0121396683268808,0,-0.0057943003852478,-1,0,-1
12019,"Clay","Florida",-0.0622977204067906,4.61102093103012,0,5.04710497387765,"2020-05-11",111,4.58787868887803,-0.0517790463860332,4.69517032319617,4.68465164917542,0.000405640718787792,0,-0.0018981872891898,1,0,-1
12019,"Clay","Florida",-0.0654572166546438,4.5234472406405,0,4.98164775722301,"2020-05-12",112,4.48380932898382,-0.0516100701174675,4.63422441293791,4.62037726640074,-0.00315949624785319,0,0.000168976268565699,-1,0,1
12019,"Clay","Florida",-0.0647999932269174,4.46324781140767,0,4.91684776399609,"2020-05-13",113,4.35853865336667,-0.0551254488968819,4.54064416604795,4.53096962171792,0.000657223427726394,0,-0.0035153787794144,1,0,-1
12019,"Clay","Florida",-0.0559285526592263,4.46941934272228,0,4.86091921133686,"2020-05-14",114,4.21529717263976,-0.0501153698554892,4.51592480515218,4.51011162234844,0.0088714405676911,0,0.0050100790413927,1,0,1
12019,"Clay","Florida",-0.0651286657401176,4.33988988541592,0,4.79579054559674,"2020-05-15",115,4.06780500698749,-0.054836986184516,4.42222332186073,4.41193164230513,-0.0092001130808913,0,-0.0047216163290268,-1,0,-1
12019,"Clay","Florida",-0.0621015088076656,4.29897847513541,0,4.73368903678907,"2020-05-16",116,3.9756682705885,-0.0559394565555223,4.34827489315256,4.34211284090041,0.00302715693245199,0,-0.0011024703710063,1,0,-1
12019,"Clay","Florida",-0.0528814365953614,4.31063754402618,0,4.68080760019371,"2020-05-17",117,3.90052862600241,-0.052035955692371,4.3174013912501,4.31655591034711,0.0092200722123042,0,0.0039035008631513,1,0,1
12019,"Clay","Florida",-0.0929289113156832,3.93737630966825,0,4.58787868887803,"2020-05-18",118,3.89473150831808,-0.0669157194033555,4.14548184496687,4.11946865305454,-0.0400474747203218,0,-0.0148797637109845,-1,0,-1
12019,"Clay","Florida",-0.104069359894201,3.75532380972442,0,4.48380932898382,"2020-05-19",119,3.88303546855489,-0.0718862487072134,4.01278869922032,3.98060558803333,-0.0111404485785178,0,-0.0049705293038579,-1,0,-1
12019,"Clay","Florida",-0.125270675617152,3.4816439240466,0,4.35853865336667,"2020-05-20",120,3.92338676407846,-0.0767269854521095,3.86999344536694,3.8214497552019,-0.021201315722951,0,-0.0048407367448961,-1,0,-1
12019,"Clay","Florida",-0.143241480726908,3.21260680755141,0,4.21529717263976,"2020-05-21",121,4.00473240353241,-0.0768434823559379,3.74379079451917,3.67739279614819,-0.017970805109756,0,-0.000116496903828395,-1,0,-1
12019,"Clay","Florida",-0.147492165652278,3.03535984742154,0,4.06780500698749,"2020-05-22",122,4.09672268462707,-0.079896638006936,3.57612406858427,3.50852854093894,-0.00425068492536998,0,-0.0030531556509981,-1,0,-1
12019,"Clay","Florida",-0.0921367363989865,3.3307111157956,0,3.9756682705885,"2020-05-23",123,4.16777203077692,-0.0715338599623672,3.49553412728855,3.47493125085193,0.0553554292532915,0,0.00836277804456879,1,0,1
12019,"Clay","Florida",-0.0751396445860961,3.37455111389974,0,3.90052862600241,"2020-05-24",124,4.22995712105045,-0.0628364177410927,3.47297692865976,3.46067370181476,0.0169970918128904,0,0.0086974422212745,1,0,1
12019,"Clay","Florida",-0.00579711768432627,3.8541516845278,0,3.89473150831808,"2020-05-25",125,4.29045944114839,-0.0188809074285992,3.74948136657362,3.76256515631789,0.0693425269017698,0,0.0439555103124935,1,0,1
12019,"Clay","Florida",-0.0116960397631912,3.80116319021256,0,3.88303546855489,"2020-05-26",126,4.34750912979117,-0.0228190420574269,3.71217917185866,3.7233021741529,-0.00589892207886493,0,-0.0039381346288277,-1,0,-1
12019,"Clay","Florida",0.0403512955235668,4.20584583274343,0.0403512955235672,4.20584583274343,"2020-05-27",127,4.38023932409979,0.0299986229278425,4.12302445197763,4.13337712457336,0.052047335286758,0.0403512955235672,0.0528176649852694,1,1,1
12019,"Clay","Florida",0.0813456394539543,4.57415187971009,0.0813456394539527,4.57415187971008,"2020-05-28",128,4.38381075646738,0.0604826639832117,4.40724807594415,4.42811105141489,0.0409943439303875,0.0409943439303855,0.0304840410553692,1,1,1
12019,"Clay","Florida",0.0919902810946536,4.74065465228964,0.0919902810946533,4.74065465228964,"2020-05-29",129,4.38559170083838,0.0581436535134072,4.46988163163967,4.50372825922092,0.0106446416406993,0.0106446416407006,-0.0023390104698045,1,1,-1
12019,"Clay","Florida",0.0710493461498514,4.66511745382588,0.0710493461498505,4.66511745382587,"2020-05-30",130,4.4014790606007,0.0557327536990049,4.54258471421911,4.55790130666995,-0.0209409349448022,-0.0209409349448028,-0.0024108998144023,-1,-1,-1
12019,"Clay","Florida",0.0621850902735294,4.66525275296515,0.0621850902735295,4.66525275296515,"2020-05-31",131,4.40845989174204,0.0509597665769775,4.57545016339274,4.58667548708929,-0.008864255876322,-0.008864255876321,-0.0047729871220274,-1,-1,-1
12019,"Clay","Florida",0.0605023200979429,4.71397568183399,0.0605023200979433,4.71397568183399,"2020-06-01",132,4.40845989174204,0.0489597388861841,4.62163503213992,4.63317761335168,-0.0016827701755865,-0.00168277017558621,-0.0020000276907934,-1,-1,-1
12019,"Clay","Florida",0.0570496886427786,4.74685695029062,0.0570496886427776,4.74685695029061,"2020-06-02",133,4.41711795448515,0.0495193085560315,4.68661390959664,4.69414428968339,-0.0034526314551643,-0.00345263145516569,0.000559569669847396,-1,-1,1
12019,"Clay","Florida",0.0327301943086182,4.60935068426011,0.032730194308618,4.60935068426011,"2020-06-03",134,4.43081679884331,0.0312721309042725,4.59768617702535,4.5991442404297,-0.0243194943341604,-0.0243194943341596,-0.018247177651759,-1,-1,-1
12019,"Clay","Florida",0.00357143236759747,4.40881078304056,0.00357143236759594,4.40881078304055,"2020-06-04",135,4.44768060489532,0.00952775247953826,4.4564613439361,4.45050502382415,-0.0291587619410207,-0.0291587619410221,-0.0217443784247342,-1,-1,-1
12019,"Clay","Florida",0.00178094437099607,4.39805831143535,0.00178094437099574,4.39805831143535,"2020-06-05",136,4.45600704767187,0.0105488773151884,4.46820177498889,4.4594338420447,-0.0017904879966014,-0.0017904879966002,0.00102112483565014,-1,-1,1
12019,"Clay","Florida",0.0158873597623188,4.51269057893693,0.0158873597623188,4.51269057893693,"2020-06-06",137,4.4576640488795,0.0197467180204839,4.54356544500225,4.53970608674409,0.0141064153913227,0.0141064153913231,0.0091978407052955,1,1,1
12019,"Clay","Florida",0.00698083114133939,4.45732570973141,0.00698083114133929,4.45732570973141,"2020-06-07",138,4.46426473291085,0.0113363862989817,4.49217015099255,4.48781459583491,-0.00890652862097941,-0.00890652862097951,-0.0084103317215022,-1,-1,-1
12019,"Clay","Florida",0,4.40845989174204,0,4.40845989174204,"2020-06-08",139,4.4724547868809,-0.0195201163878223,4.25229896063946,4.27181907702728,-0.00698083114133939,-0.00698083114133929,-0.030856502686804,-1,-1,-1
12019,"Clay","Florida",0.00865806274311746,4.47772439368697,0.00865806274311609,4.47772439368697,"2020-06-09",140,4.48219512362928,0.0136606645105308,4.51774520782629,4.51274260605886,0.00865806274311746,0.00865806274311609,0.0331807808983531,1,1,1
12019,"Clay","Florida",0.013698844358161,4.52670870935044,0.0136988443581609,4.52670870935044,"2020-06-10",141,4.5013957134859,0.0160835994453485,4.54578675004794,4.54340199496075,0.00504078161504354,0.00504078161504481,0.0024229349348177,1,1,1
12019,"Clay","Florida",0.0168638060520048,4.56572724725935,0.0168638060520045,4.56572724725935,"2020-06-11",142,4.50613880538191,0.0181969228376646,4.57639218154463,4.57505906475897,0.0031649616938438,0.0031649616938436,0.0021133233923161,1,1,1
12019,"Clay","Florida",0.00832644277655279,4.51429214710774,0.00832644277655348,4.51429214710775,"2020-06-12",143,4.49184150068109,0.0117580343104212,4.54174487937869,4.53831328784482,-0.00853736327545201,-0.00853736327545102,-0.0064388885272434,-1,-1,-1
12019,"Clay","Florida",0.00165700120763107,4.46926305733292,0.00165700120763024,4.46926305733291,"2020-06-13",144,4.47082213345701,0.0088081674715891,4.52647238744458,4.51932122118062,-0.00666944156892172,-0.00666944156892324,-0.0029498668388321,-1,-1,-1
12019,"Clay","Florida",0.00660068403135212,4.51046952113032,0.00660068403135305,4.51046952113033,"2020-06-14",145,4.460969837014,0.013362995261706,4.56456801097315,4.55780569974279,0.00494368282372105,0.00494368282372281,0.0045548277901169,1,1,1
12019,"Clay","Florida",0.00819005397004125,4.52978516467119,0.00819005397004346,4.5297851646712,"2020-06-15",146,4.45268478547989,0.0130444524373269,4.56862035240947,4.56376595394219,0.00158936993868913,0.00158936993869041,-0.000318542824379099,1,1,-1
12019,"Clay","Florida",0.00974033674838591,4.55037748086798,0.00974033674838459,4.55037748086797,"2020-06-16",147,4.43590586835078,0.0135107642388991,4.58054090079209,4.57677047330157,0.00155028277834466,0.00155028277834113,0.0004663118015722,1,1,1
12019,"Clay","Florida",0.0192005898566169,4.63579984248222,0.0192005898566165,4.63579984248222,"2020-06-17",148,4.41193211745279,0.0200720368384734,4.64277141833707,4.64189997135521,0.00946025310823099,0.00946025310823191,0.0065612725995743,1,1,1
12019,"Clay","Florida",0.00474309189601236,4.539340448654,0.00474309189601385,4.53934044865401,"2020-06-18",149,4.40497556765943,0.0108419746627142,4.58813151078761,4.58203262802091,-0.0144574979606045,-0.0144574979606026,-0.0092300621757592,-1,-1,-1
12019,"Clay","Florida",-0.014297304700823,4.39176036777533,0,4.49184150068109,"2020-06-19",150,4.44096917030733,-0.0138434116668861,4.39539151204682,4.39493761901289,-0.0190403965968354,-0.00474309189601385,-0.0246853863296003,-1,-1,-1
12019,"Clay","Florida",-0.0210193672240773,4.32368656288847,0,4.47082213345701,"2020-06-20",151,4.49344022204478,-0.017306254468713,4.35339146493139,4.34967835217602,-0.0067220625232543,0,-0.0034628428018269,-1,0,-1
12019,"Clay","Florida",-0.00985229644301046,4.39200376191293,0,4.460969837014,"2020-06-21",152,4.54481338544719,-0.0119519825389289,4.37520627314558,4.3773059592415,0.0111670707810668,0,0.0053542719297841,1,0,1
12019,"Clay","Florida",-0.00828505153410814,4.39468942474114,0,4.45268478547989,"2020-06-22",153,4.62357127135898,-0.0109311307610721,4.37352079092542,4.37616687015239,0.00156724490890232,0,0.0010208517778568,1,0,1
12019,"Clay","Florida",-0.0167789171291116,4.318453448447,0,4.43590586835078,"2020-06-23",154,4.68740828422507,-0.0135382078246481,4.3443791228827,4.34113841357824,-0.00849386559500346,0,-0.002607077063576,-1,0,-1
12019,"Clay","Florida",-0.0239737508979952,4.24411586116682,0,4.41193211745279,"2020-06-24",155,4.7523579050601,-0.0176011938567103,4.2950963174971,4.28872376045582,-0.0071948337688836,0,-0.0040629860320622,-1,0,-1
12019,"Clay","Florida",-0.00695654979336115,4.3562797191059,0,4.40497556765943,"2020-06-25",156,4.82602540678429,-0.00374390265493052,4.38198089621335,4.37876824907492,0.0170172011046341,0,0.0138572912017798,1,0,1
12019,"Clay","Florida",0.0359936026479054,4.69292438884267,0.0359936026479053,4.69292438884267,"2020-06-26",157,4.92102313540657,0.0421188025346817,4.74192598793688,4.7358007880501,0.0429501524412665,0.0359936026479053,0.0458627051896122,1,1,1
12019,"Clay","Florida",0.052471051737452,4.86073758420695,0.0524710517374531,4.86073758420696,"2020-06-27",158,5.03509559166642,0.0571586628607214,4.8982384731931,4.89355086206983,0.0164774490895466,0.0164774490895478,0.0150398603260397,1,1,1
12019,"Clay","Florida",0.0513731634024103,4.90442552926407,0.0513731634024088,4.90442552926406,"2020-06-28",159,5.16478597392351,0.0577205020659865,4.95520423857267,4.9488568999091,-0.0010978883350417,-0.0010978883350443,0.000561839205265098,-1,-1,1
12019,"Clay","Florida",0.0787578859117925,5.17487647274153,0.0787578859117906,5.17487647274152,"2020-06-29",160,5.27665586976686,0.0787356546043526,5.17469862228201,5.17472085358945,0.0273847225093822,0.0273847225093818,0.0210151525383661,1,1,1
12019,"Clay","Florida",0.06383701286608,5.13426737428763,0.0638370128660828,5.13426737428765,"2020-06-30",161,5.40010006085798,0.0678752244215764,5.16657306673159,5.1625348551761,-0.0149208730457125,-0.0149208730457078,-0.0108604301827762,-1,-1,-1
12019,"Clay","Florida",0.0649496208350308,5.20700525090532,0.0649496208350335,5.20700525090534,"2020-07-01",162,5.51112194006707,0.072395200536392,5.26656988851621,5.25912430881484,0.0011126079689508,0.0011126079689507,0.0045199761148156,1,1,1
12019,"Clay","Florida",0.0736675017241878,5.34169791885361,0.0736675017241906,5.34169791885363,"2020-07-02",163,5.63529967714103,0.0765017530916731,5.36437192979348,5.361537678426,0.00871788088915701,0.00871788088915711,0.00410655255528111,1,1,1
12019,"Clay","Florida",0.094997728622279,5.58600723576252,0.0949977286222765,5.5860072357625,"2020-07-03",164,5.75890177387728,0.0953071594930005,5.58848268272829,5.58817325185757,0.0213302268980912,0.0213302268980859,0.0188054064013274,1,1,1
12019,"Clay","Florida",0.114072456259854,5.83360278548539,0.114072456259851,5.83360278548537,"2020-07-04",165,5.87933514237646,0.108003052025654,5.7850475516118,5.791116955846,0.019074727637575,0.0190747276375745,0.0126958925326535,1,1,1
12019,"Clay","Florida",0.129690382257096,6.07261864972319,0.129690382257096,6.07261864972319,"2020-07-05",166,5.99217857784164,0.11778201812104,5.97735173663474,5.98926010077079,0.015617925997242,0.015617925997245,0.009778966095386,1,1,1
12019,"Clay","Florida",0.111869895843347,6.05974514067028,0.111869895843344,6.05974514067027,"2020-07-06",167,6.09389219468117,0.110726025342841,6.05059417666623,6.05173804716674,-0.017820486413749,-0.017820486413752,-0.007055992778199,-1,-1,-1
12019,"Clay","Florida",0.123444191091118,6.2642093984958,0.123444191091119,6.26420939849581,"2020-07-07",168,6.19382213066236,0.11771922493556,6.21840966925134,6.2241346354069,0.011574295247771,0.011574295247775,0.006993199592719,1,1,1
12019,"Clay","Florida",0.111021879209088,6.28827509453068,0.111021879209088,6.28827509453068,"2020-07-08",169,6.30340359720532,0.10755056245044,6.2605045604615,6.26397587722015,-0.01242231188203,-0.012422311882031,-0.01016866248512,-1,-1,-1
12019,"Clay","Florida",0.12417773707397,6.50454383665882,0.124177737073968,6.50454383665881,"2020-07-09",170,6.40829341386646,0.121453350907681,6.48274874732851,6.48547313349479,0.013155857864882,0.01315585786488,0.013902788457241,1,1,1
12019,"Clay","Florida",0.123602096736243,6.62411645103098,0.123602096736247,6.62411645103101,"2020-07-10",171,6.50428817353665,0.118925521480956,6.58670384898868,6.59138042424397,-0.000575640337726988,-0.000575640337720992,-0.002527829426725,-1,-1,-1
12019,"Clay","Florida",0.120433368499177,6.7223687218707,0.120433368499182,6.72236872187073,"2020-07-11",172,6.59186967596931,0.118735998111888,6.70878975877239,6.71048712915968,-0.003168728237066,-0.003168728237065,-0.000189523369068009,-1,-1,-1
12019,"Clay","Florida",0.112843435465178,6.78208262609789,0.112843435465177,6.78208262609787,"2020-07-12",173,6.67906063453436,0.105784373774375,6.72561013257146,6.73266919426226,-0.00758993303399901,-0.007589933034005,-0.012951624337513,-1,-1,-1
12019,"Clay","Florida",0.101713616839531,6.80588751255789,0.101713616839532,6.80588751255789,"2020-07-13",174,6.76190340196957,0.10207739711918,6.80879775479508,6.80843397451543,-0.011129818625647,-0.011129818625645,-0.003706976655195,-1,-1,-1
12019,"Clay","Florida",0.0999299359811895,6.89333168253068,0.0999299359811872,6.89333168253067,"2020-07-14",175,6.83349344883904,0.0960600177260549,6.86237233648961,6.86624225474474,-0.00178368085834149,-0.00178368085834481,-0.00601737939312511,-1,-1,-1
12019,"Clay","Florida",0.109581466542964,7.07047386300607,0.109581466542965,7.07047386300607,"2020-07-15",176,6.89539347142626,0.101626183644378,7.00683159981739,7.01478688271597,0.00965153056177449,0.0096515305617778,0.00556616591832311,1,1,1
12019,"Clay","Florida",0.104889816661139,7.14252213049443,0.10488981666114,7.14252213049444,"2020-07-16",177,6.96034772910131,0.098139822844902,7.08852217996454,7.09527217378077,-0.00469164988182499,-0.00469164988182499,-0.00348636079947601,-1,-1,-1
12019,"Clay","Florida",0.095994759670186,7.17625149122795,0.0959947596701838,7.17625149122793,"2020-07-17",178,7.02414051277169,0.0919269092360864,7.14370868775515,7.14777653818926,-0.008895056990953,-0.0088950569909562,-0.0062129136088156,-1,-1,-1
12019,"Clay","Florida",0.087581502432666,7.20494019299797,0.0875815024326672,7.20494019299798,"2020-07-18",179,7.08158853088002,0.0818785751386291,7.15931677464568,7.16501970193971,-0.00841325723752,-0.0084132572375166,-0.0100483340974573,-1,-1,-1
12019,"Clay","Florida",0.0871909585650464,7.28939734448968,0.087190958565043,7.28939734448966,"2020-07-19",180,7.13306790472405,0.0820053309714454,7.24791232374087,7.25309795133448,-0.000390543867619608,-0.000390543867624202,0.000126755832816294,-1,-1,1
12019,"Clay","Florida",0.0828427674352223,7.34180277401613,0.0828427674352179,7.3418027740161,"2020-07-20",181,7.17930796950403,0.0779207358002885,7.30242652093667,7.30734855257159,-0.0043481911298241,-0.0043481911298251,-0.0040845951711569,-1,-1,-1
12019,"Clay","Florida",0.0715900468694608,7.33462377692526,0.0715900468694617,7.33462377692527,"2020-07-21",182,7.22527350771968,0.0715100571441341,7.33398385912264,7.33406384884798,-0.0112527205657615,-0.0112527205657562,-0.0064106786561544,-1,-1,-1
12019,"Clay","Florida",0.0619000225872238,7.32869362953682,0.0619000225872215,7.32869362953681,"2020-07-22",183,7.26662780646436,0.0614354208868973,7.32497681593422,7.32544141763454,-0.009690024282237,-0.0096900242822402,-0.0100746362572368,-1,-1,-1
12019,"Clay","Florida",0.0649542576750527,7.41502753282668,0.0649542576750513,7.41502753282667,"2020-07-23",184,7.29931462477437,0.063674429102054,7.40478890424269,7.40606873281569,0.00305423508782889,0.00305423508782979,0.00223900821515669,1,1,1
12019,"Clay","Florida",0.0637927836703813,7.47068999846436,0.0637927836703804,7.47068999846435,"2020-07-24",185,7.32128303451365,0.0626401850540443,7.46146920953366,7.46262180815,-0.0011614740046714,-0.0011614740046709,-0.0010342440480097,-1,-1,-1
12019,"Clay","Florida",0.0574480181083361,7.48372465763838,0.0574480181083361,7.48372465763838,"2020-07-25",186,7.34018683532012,0.0566133451138511,7.4770472736825,7.47788194667698,-0.0063447655620452,-0.0063447655620443,-0.0060268399401932,-1,-1,-1
12019,"Clay","Florida",0.0514793738440224,7.4934235216322,0.0514793738440211,7.49342352163219,"2020-07-26",187,7.35262423365678,0.0509244138344494,7.48898384155561,7.4895388015652,-0.0059686442643137,-0.005968644264315,-0.0056889312794017,-1,-1,-1
12019,"Clay","Florida",0.0462400647799885,7.50298842296395,0.0462400647799885,7.50298842296395,"2020-07-27",188,7.36246396319224,0.0479859367906227,7.51695539904903,7.51520952703839,-0.0052393090640339,-0.0052393090640326,-0.0029384770438267,-1,-1,-1
12019,"Clay","Florida",0.0459655382156451,7.54703227522919,0.0459655382156443,7.54703227522919,"2020-07-28",189,7.36996072413033,0.0456127833520942,7.54421023632078,7.54456299118434,-0.000274526564343403,-0.0002745265643442,-0.0023731534385285,-1,-1,-1
12019,"Clay","Florida",0.0413542987446853,7.55610789767716,0.0413542987446816,7.55610789767713,"2020-07-29",190,7.37775890822787,0.040156539763359,7.54652582582655,7.54772358480787,-0.0046112394709598,-0.0046112394709627,-0.0054562435887352,-1,-1,-1
12019,"Clay","Florida",0.032686818310008,7.52812235294442,0.0326868183100082,7.52812235294443,"2020-07-30",191,7.37766961852738,0.0307007695138427,7.5122339625751,7.51422001137127,-0.0086674804346773,-0.0086674804346734,-0.0094557702495163,-1,-1,-1
12019,"Clay","Florida",0.0219684097392862,7.47506190268866,0.0219684097392863,7.47506190268866,"2020-07-31",192,7.37462901521894,0.0225538063883097,7.47974507588085,7.47915967923182,-0.0107184085707218,-0.0107184085707219,-0.008146963125533,-1,-1,-1
12019,"Clay","Florida",0.0189038008064606,7.47251344096534,0.018903800806461,7.47251344096534,"2020-08-01",193,7.36770857237437,0.0211388575581734,7.49039389497904,7.48815883822733,-0.0030646089328256,-0.0030646089328253,-0.0014149488301363,-1,-1,-1
12019,"Clay","Florida",0.0124373983366676,7.43968602201346,0.0124373983366679,7.43968602201346,"2020-08-02",194,7.35892188601359,0.0156351468308587,7.46526800996699,7.46207026147279,-0.006466402469793,-0.0064664024697931,-0.0055037107273147,-1,-1,-1
12019,"Clay","Florida",0.0098397295354547,7.43134206994042,0.00983972953545464,7.43134206994042,"2020-08-03",195,7.34434984609674,0.012567356985426,7.45316308954019,7.45043546209022,-0.0025976688012129,-0.00259766880121326,-0.0030677898454327,-1,-1,-1
12019,"Clay","Florida",0.00749676093809685,7.42243805069701,0.00749676093809626,7.42243805069701,"2020-08-04",196,7.32843735289516,0.0119663099175468,7.45819444253261,7.45372489355316,-0.00234296859735785,-0.00234296859735838,-0.000601047067879199,-1,-1,-1
12019,"Clay","Florida",0.00779818409753789,7.43234619691064,0.0077981840975383,7.43234619691064,"2020-08-05",197,7.30911674054327,0.0116189937512127,7.46291267414003,7.45909186448636,0.00030142315944104,0.00030142315944204,-0.0003473161663341,1,1,-1
12019,"Clay","Florida",-8.92897004954731e-05,7.37704459062391,0,7.37766961852738,"2020-08-06",198,7.29651011638428,-0.00176269838470833,7.3636573211502,7.36533072983442,-0.00788747379803336,-0.0077981840975383,-0.013381692135921,-1,-1,-1
12019,"Clay","Florida",-0.0030406033084332,7.35334479205991,0,7.37462901521894,"2020-08-07",199,7.28099231121985,-0.00332059073497669,7.35110489264757,7.3513848800741,-0.00295131360793773,0,-0.00155789235026836,-1,0,-1
12019,"Clay","Florida",-0.00692044284457343,7.31926547246236,0,7.36770857237437,"2020-08-08",200,7.26312937718782,-0.0050587145514047,7.3341592988077,7.33229757051454,-0.00387983953614023,0,-0.00173812381642801,-1,0,-1
12019,"Clay","Florida",-0.00878668636078036,7.29741508148813,0,7.35892188601359,"2020-08-09",201,7.2425935283117,-0.00578632312380732,7.32141798738391,7.31841762414694,-0.00186624351620693,0,-0.000727608572402619,-1,0,-1
12019,"Clay","Florida",-0.0145720399168496,7.2423455666788,0,7.34434984609674,"2020-08-10",202,7.22068729997295,-0.0116821975791874,7.26546430538009,7.26257446304243,-0.00578535355606924,0,-0.00589587445538008,-1,0,-1
12019,"Clay","Florida",-0.0159124932015814,7.21704990048409,0,7.32843735289516,"2020-08-11",203,7.19561590692051,-0.0128504801899095,7.24154600457746,7.23848399156579,-0.0013404532847318,0,-0.0011682826107221,-1,0,-1
12019,"Clay","Florida",-0.0193206123518886,7.17387245408005,0,7.30911674054327,"2020-08-12",204,7.16505177894059,-0.0168562608653944,7.19358726597201,7.19112291448551,-0.0034081191503072,0,-0.0040057806754849,-1,0,-1
12019,"Clay","Florida",-0.0126066241589906,7.20826374727135,0,7.29651011638428,"2020-08-13",205,7.12574270314698,-0.0117293995786494,7.21528154391407,7.21440431933373,0.006713988192898,0,0.005126861286745,1,0,1
12019,"Clay","Florida",-0.0155178051644377,7.17236767506878,0,7.28099231121985,"2020-08-14",206,7.08637953297756,-0.0148886148881755,7.17740119727888,7.17677200700262,-0.0029111810054471,0,-0.0031592153095261,-1,0,-1
12019,"Clay","Florida",-0.0178629340320213,7.13808883896368,0,7.26312937718782,"2020-08-15",207,7.05061799903554,-0.0162319179347044,7.15113696774222,7.14950595164489,-0.0023451288675836,0,-0.0013433030465289,-1,0,-1
12019,"Clay","Florida",-0.0205358488761254,7.09884258617882,0,7.2425935283117,"2020-08-16",208,7.01095632179883,-0.0190510100102445,7.11072129710586,7.10923645823999,-0.0026729148441041,0,-0.0028190920755401,-1,0,-1
12019,"Clay","Florida",-0.0219062283387462,7.06734370160173,0,7.22068729997295,"2020-08-17",209,6.97568091450866,-0.019521304222432,7.08642309453224,7.08403817041593,-0.0013703794626208,0,-0.0004702942121875,-1,0,-1
12019,"Clay","Florida",-0.0250713930524405,7.02011615555343,0,7.19561590692051,"2020-08-18",210,6.94105188581081,-0.0221827666198633,7.04322516701404,7.04033654058147,-0.0031651647136943,0,-0.0026614623974313,-1,0,-1
12019,"Clay","Florida",-0.0305641279799183,6.95110288308116,0,7.16505177894059,"2020-08-19",211,6.91089320767307,-0.0258754343443092,6.98861243216604,6.98392373853043,-0.0054927349274778,0,-0.0036926677244459,-1,0,-1
12019,"Clay","Florida",-0.0393090757936093,6.85057917259171,0,7.12574270314698,"2020-08-20",212,6.87655942321366,-0.0305827726194877,6.92038959798469,6.91166329481057,-0.008744947813691,0,-0.0047073382751785,-1,0,-1
12019,"Clay","Florida",-0.039363170169418,6.81083734179164,0,7.08637953297756,"2020-08-21",213,6.84542384424604,-0.0319730314910995,6.86995845121818,6.86256831253986,-5.40943758087012e-05,0,-0.0013902588716118,-1,0,-1
12019,"Clay","Florida",-0.0357615339420136,6.80028726144145,0,7.05061799903554,"2020-08-22",214,6.81313057846891,-0.0318476372152102,6.83159843525588,6.82768453852907,0.00360163622740441,0,0.000125394275889298,1,0,1
12019,"Clay","Florida",-0.0396616772367136,6.73332458114183,0,7.01095632179883,"2020-08-23",215,6.78623311864661,-0.0353947514193717,6.76745998768057,6.76319306186323,-0.0039001432947,0,-0.0035471142041615,-1,0,-1
12019,"Clay","Florida",-0.0352754072901703,6.72875306347747,0,6.97568091450866,"2020-08-24",216,6.75942098447632,-0.0319161423639005,6.75562718288763,6.75226791796136,0.0043862699465433,0,0.0034786090554712,1,0,1
12019,"Clay","Florida",-0.0346290286978535,6.69864868492584,0,6.94105188581081,"2020-08-25",217,6.73662797494776,-0.0328370270730845,6.71298469792398,6.71119269629922,0.000646378592316796,0,-0.000920884709184,1,0,-1
12019,"Clay","Florida",-0.0301586781377417,6.69978246070887,0,6.91089320767307,"2020-08-26",218,6.71121888265844,-0.0305982630177991,6.69626578166842,6.69670536654848,0.0044703505601118,0,0.0022387640552854,1,0,1
12019,"Clay","Florida",-0.0343337844594096,6.63622293199779,0,6.87655942321366,"2020-08-27",219,6.69456205852109,-0.0341219481548486,6.63791762243428,6.63770578612972,-0.0041751063216679,0,-0.0035236851370495,-1,0,-1
12019,"Clay","Florida",-0.0311355789676206,6.62747479147269,0,6.84542384424604,"2020-08-28",220,6.67726336589816,-0.0299466772016113,6.63698600560077,6.63579710383476,0.003198205491789,0,0.0041752709532373,1,0,1
12019,"Clay","Florida",-0.032293265777134,6.58707771802897,0,6.81313057846891,"2020-08-29",221,6.65580799743061,-0.032532269919575,6.58516568488944,6.58540468903189,-0.0011576868095134,0,-0.0025855927179637,-1,0,-1
12019,"Clay","Florida",-0.026897459822296,6.59795089989053,0,6.78623311864661,"2020-08-30",222,6.63650882727863,-0.0286053002455298,6.58428817650467,6.5859960169279,0.005395805954838,0,0.0039269696740452,1,0,1
12019,"Clay","Florida",-0.0268121341702898,6.57173604528429,0,6.75942098447632,"2020-08-31",223,6.64174150600948,-0.0282595055987502,6.56015707385661,6.56160444528507,8.53256520061997e-05,0,0.000345794646779602,1,0,1
12019,"Clay","Florida",-0.0227930095285559,6.57707690824787,0,6.73662797494776,"2020-09-01",224,6.65249429778575,-0.0247825081174876,6.56116091953642,6.56315041812535,0.0040191246417339,0,0.0034769974812626,1,0,1
12019,"Clay","Florida",-0.0254090922893222,6.53335523663319,0,6.71121888265844,"2020-09-02",225,6.65709369877403,-0.0267206105417843,6.52286309061349,6.52417460886595,-0.0026160827607663,0,-0.0019381024242967,-1,0,-1
12019,"Clay","Florida",-0.0166568241373454,6.57796428955968,0,6.69456205852109,"2020-09-03",226,6.66732023055787,-0.0201950384950712,6.54965857469787,6.55319678905559,0.0087522681519768,0,0.0065255720467131,1,0,1
12019,"Clay","Florida",-0.0172986926229422,6.55617251753756,0,6.67726336589816,"2020-09-04",227,6.68371847169071,-0.0199190290721225,6.53520982594411,6.5378301623933,-0.000641868485596799,0,0.000276009422948701,-1,0,1
12019,"Clay","Florida",-0.0214553684675453,6.50562041815779,0,6.65580799743061,"2020-09-05",228,6.70808408385307,-0.0236607994605642,6.48797697021365,6.49018240120666,-0.0041566758446031,0,-0.0037417703884417,-1,0,-1
12019,"Clay","Florida",-0.0192991701519793,6.50141463621478,0,6.63650882727863,"2020-09-06",229,6.73084761203226,-0.0231097837193413,6.47092972767588,6.47474034124324,0.002156198315566,0,0.000551015741222901,1,0,1
12019,"Clay","Florida",0.00523267873085505,6.67837025712547,0.00523267873085409,6.67837025712546,"2020-09-07",230,6.7367974808385,-0.00165897803292235,6.62323700301525,6.63012865977902,0.0245318488828344,0.00523267873085409,0.0214508056864189,1,1,1
12019,"Clay","Florida",0.0107527917762619,6.72776384021958,0.0107527917762633,6.72776384021959,"2020-09-08",231,6.73272138823845,0.00233438153555384,6.66041655829391,6.66883496853463,0.00552011304540685,0.00552011304540921,0.00399335956847619,1,1,1
12019,"Clay","Florida",0.00459940098828558,6.68928950569203,0.00459940098828682,6.68928950569204,"2020-09-09",232,6.72760279661588,-0.00342041229079723,6.62513099945937,6.63315081273845,-0.00615339078797632,-0.00615339078797648,-0.00575479382635107,-1,-1,-1
12019,"Clay","Florida",0.0102265317838313,6.73890595304469,0.0102265317838315,6.73890595304469,"2020-09-10",233,6.71486377083845,0.00520907940124271,6.69876633398397,6.70378378636657,0.00562713079554572,0.00562713079554468,0.00862949169203994,1,1,1
12019,"Clay","Florida",0.0163982411328443,6.79850615962062,0.0163982411328458,6.79850615962063,"2020-09-11",234,6.71243532211681,0.00399357366773325,6.69926881989974,6.71167348736484,0.006171709349013,0.0061717093490143,-0.00121550573350946,1,1,-1
12019,"Clay","Florida",0.0243656121623568,6.87864336898957,0.0243656121623577,6.87864336898957,"2020-09-12",235,6.72331719821642,0.0144566037435,6.79937130163871,6.80928031005757,0.0079673710295125,0.0079673710295119,0.0104630300757667,1,1,1
12019,"Clay","Florida",0.022763528179193,6.89019230928661,0.0227635281791931,6.89019230928661,"2020-09-13",236,6.73713640644757,0.0107000770621841,6.79368470035054,6.80574815146755,-0.0016020839831638,-0.0016020839831646,-0.0037565266813159,-1,-1,-1
12019,"Clay","Florida",0.00594986880623559,6.77844656248215,0.00594986880623516,6.77844656248214,"2020-09-14",237,6.74993119378857,0.00400231072447702,6.76286609782808,6.76481365590984,-0.0168136593729574,-0.0168136593729579,-0.00669776633770708,-1,-1,-1
12019,"Clay","Florida",-0.00407609260004269,6.70418874003816,0,6.73272138823845,"2020-09-15",238,6.76388490856244,-0.0131354800272725,6.63171364062032,6.64077302804754,-0.0100259614062783,-0.00594986880623516,-0.0171377907517495,-1,-1,-1
12019,"Clay","Florida",-0.00511859162257761,6.69177265525783,0,6.72760279661588,"2020-09-16",239,6.78429544647568,-0.0127245556941479,6.63092494268527,6.63853090675684,-0.00104249902253492,0,0.000410924333124599,-1,0,1
12019,"Clay","Florida",-0.0127390257774279,6.62569059039645,0,6.71486377083845,"2020-09-17",240,6.80714536608291,-0.0152978570713396,6.60521994004516,6.60777877133907,-0.00762043415485029,0,-0.0025733013771917,-1,0,-1
12019,"Clay","Florida",-0.00242844872164046,6.69543618106532,0,6.71243532211681,"2020-09-18",241,6.82017231009355,-0.00951213134370518,6.63876672008881,6.64585040271087,0.0103105770557874,0,0.00578572572763442,1,0,1
12019,"Clay","Florida",0.0108818760996142,6.79949033091372,0.0108818760996146,6.79949033091372,"2020-09-19",242,6.81642289154703,0.00690153234118148,6.76764758084626,6.77162792460469,0.0133103248212547,0.0108818760996146,0.0164136636848867,1,1,1
12019,"Clay","Florida",0.0138192082311475,6.8338708640656,0.0138192082311486,6.83387086406561,"2020-09-20",243,6.81218792325378,0.00957765708189115,6.79993845487155,6.80418000602081,0.0029373321315333,0.002937332131534,0.00267612474070967,1,1,1
12019,"Clay","Florida",0.0127947873409974,6.83949470517555,0.012794787340999,6.83949470517556,"2020-09-21",244,6.8042977134704,0.00943962995513512,6.81265344608865,6.81600860347452,-0.0010244208901501,-0.0010244208901496,-0.00013802712675603,-1,-1,-1
12019,"Clay","Florida",0.0139537147738668,6.8615609119795,0.0139537147738649,6.86156091197949,"2020-09-22",245,6.78073326654313,0.0107541550586411,6.8359644342577,6.83916399397293,0.0011589274328694,0.0011589274328659,0.00131452510350598,1,1,1
12019,"Clay","Florida",0.0204105379132394,6.92716921186835,0.0204105379132402,6.92716921186836,"2020-09-23",246,6.75526987847394,0.0154254931247075,6.8872888535601,6.89227389834863,0.0064568231393726,0.0064568231393753,0.0046713380660664,1,1,1
12019,"Clay","Florida",0.0228499196072343,6.96709480333355,0.0228499196072329,6.96709480333354,"2020-09-24",247,6.73510112759032,0.0173231453693206,6.92288060943024,6.92840738366815,0.0024393816939949,0.0024393816939927,0.0018976522446131,1,1,1
12019,"Clay","Florida",0.013026944010642,6.91136091816804,0.0130269440106412,6.91136091816804,"2020-09-25",248,6.71330330238135,0.0105693609127216,6.89170025338468,6.8941578364826,-0.0098229755965923,-0.0098229755965917,-0.006753784456599,-1,-1,-1
12019,"Clay","Florida",-0.00374941854651896,6.7901769617214,0,6.81642289154703,"2020-09-26",249,6.69332366826995,-0.00720906188884131,6.76249981498282,6.76595945832514,-0.016776362557161,-0.0130269440106412,-0.0177784228015629,-1,-1,-1
12019,"Clay","Florida",-0.00423496829325492,6.78254314520099,0,6.81218792325378,"2020-09-27",250,6.67995805898658,-0.00888726791624904,6.74532474821704,6.74997704784004,-0.00048554974673596,0,-0.00167820602740773,-1,0,-1
12019,"Clay","Florida",-0.00789020978337717,6.74906624498676,0,6.8042977134704,"2020-09-28",251,6.66786514020717,-0.00834402105952791,6.74543575477756,6.7458895660537,-0.00365524149012225,0,0.000543246856721129,-1,0,1
12019,"Clay","Florida",-0.023564446927268,6.61578213805226,0,6.78073326654313,"2020-09-29",252,6.67708346124714,-0.0194871305382895,6.64840066916408,6.6443233527751,-0.0156742371438908,0,-0.0111431094787616,-1,0,-1
12019,"Clay","Florida",-0.0254633880691889,6.57702616198962,0,6.75526987847394,"2020-09-30",253,6.6938545947491,-0.0219456707401193,6.60516790062218,6.6016501832931,-0.0018989411419209,0,-0.0024585402018298,-1,0,-1
12019,"Clay","Florida",-0.020168750883623,6.59391987140496,0,6.73510112759032,"2020-10-01",254,6.71451721044683,-0.0192010433892613,6.60166153135985,6.60069382386549,0.0052946371855659,0,0.002744627350858,1,0,1
12019,"Clay","Florida",-0.0217978252089654,6.5607185259186,0,6.71330330238135,"2020-10-02",255,6.73578001424233,-0.0207495804955093,6.56910448362625,6.56805623891279,-0.0016290743253424,0,-0.001548537106248,-1,0,-1
12019,"Clay","Florida",-0.0199796341114026,6.55346622949013,0,6.69332366826995,"2020-10-03",256,6.74490015852473,-0.0171260835440507,6.57629463402894,6.5734410834616,0.0018181910975628,0,0.0036234969514586,1,0,1
12019,"Clay","Florida",-0.013365609283369,6.586398794003,0,6.67995805898658,"2020-10-04",257,6.73221070646721,-0.0139770603809563,6.5815071852223,6.58211863631989,0.0066140248280336,0,0.0031490231630944,1,0,1
12019,"Clay","Florida",-0.012092918779413,6.58321470875128,0,6.66786514020717,"2020-10-05",258,6.71884060671854,-0.0129054222456428,6.57671468102144,6.57752718448767,0.001272690503956,0,0.0010716381353135,1,0,1
12019,"Clay","Florida",0.00921832103996923,6.74161170852692,0.00921832103996767,6.74161170852691,"2020-10-06",259,6.70406415359474,0.00885448610673241,6.73870102906103,6.73906486399427,0.0213112398193822,0.00921832103996767,0.0217599083523752,1,1,1
12019,"Clay","Florida",0.0167711335019682,6.81125252926288,0.016771133501968,6.81125252926288,"2020-10-07",260,6.68817679383242,0.0134634189897566,6.78479081316519,6.7880985276774,0.00755281246199897,0.00755281246200033,0.00460893288302419,1,1,1
12019,"Clay","Florida",0.0206626156977277,6.85915552033093,0.0206626156977272,6.85915552033092,"2020-10-08",261,6.6598432193404,0.0173198757053931,6.83241360039224,6.83575634038458,0.0038914821957595,0.0038914821957592,0.0038564567156365,1,1,1
12019,"Clay","Florida",0.0212628037954949,6.88461964081079,0.0212628037954952,6.88461964081079,"2020-10-09",262,6.62709610718014,0.0166869316309369,6.84801266349433,6.85258853565889,0.000600188097767199,0.000600188097768,-0.000632944074456201,1,1,-1
12019,"Clay","Florida",0.00912014428240834,6.80874116850159,0.00912014428240582,6.80874116850157,"2020-10-10",263,6.5969507891095,0.00861283101431457,6.80468266235685,6.80518997562493,-0.0121426595130866,-0.0121426595130894,-0.00807410061662233,-1,-1,-1
12019,"Clay","Florida",-0.012689452057524,6.64338454206454,0,6.73221070646721,"2020-10-11",264,6.59069343588075,-0.0123623386190484,6.64600144957234,6.64567433613387,-0.0218095963399323,-0.00912014428240582,-0.020975169633363,-1,-1,-1
12019,"Clay","Florida",-0.0133700997486699,6.62524990847785,0,6.71884060671854,"2020-10-12",265,6.5840018147687,-0.0119713250526189,6.63644010604626,6.63504133135021,-0.0006806476911459,0,0.0003910135664295,-1,0,1
12019,"Clay","Florida",-0.0147764531237934,6.60062898172819,0,6.70406415359474,"2020-10-13",266,6.57766264932496,-0.0130699278312951,6.61428118406818,6.61257465877568,-0.0014063533751235,0,-0.0010986027786762,-1,0,-1
12019,"Clay","Florida",-0.0158873597623201,6.57696527549618,0,6.68817679383242,"2020-10-14",267,6.56767654676681,-0.0147119348548439,6.58636867475599,6.58519324984851,-0.0011109066385267,0,-0.0016420070235488,-1,0,-1
12019,"Clay","Florida",-0.0283335744920183,6.46150819789628,0,6.6598432193404,"2020-10-15",268,6.55698125765006,-0.0239634372775267,6.49646929561221,6.49209915839771,-0.0124462147296982,0,-0.0092515024226828,-1,0,-1
12019,"Clay","Florida",-0.0327471121602704,6.39786632205824,0,6.62709610718014,"2020-10-16",269,6.55128439585423,-0.0282474387698546,6.43386370918156,6.42936403579116,-0.0044135376682521,0,-0.0042840014923279,-1,0,-1
12019,"Clay","Florida",-0.0301453180706324,6.38593356261508,0,6.5969507891095,"2020-10-17",270,6.55819780281227,-0.026146202307069,6.41792648872359,6.41392737296002,0.002601794089638,0,0.0021012364627856,1,0,1
12019,"Clay","Florida",-0.00625735322875505,6.54689196327946,0,6.59069343588075,"2020-10-18",271,6.55860298920355,-0.00954143726001479,6.52061929102938,6.52390337506065,0.0238879648418774,0,0.0166047650470542,1,0,1
12019,"Clay","Florida",-0.0066916211120495,6.53716046698435,0,6.5840018147687,"2020-10-19",272,6.55372988311334,-0.00912891008817323,6.51766215517536,6.52009944415149,-0.00043426788329445,0,0.000412527171841561,-1,0,1
12019,"Clay","Florida",-0.00633916544373476,6.53328849121882,0,6.57766264932496,"2020-10-20",273,6.55311907173325,-0.00835273131215108,6.51717996427149,6.5191935301399,0.00035245566831474,0,0.00077617877602215,1,0,1
12019,"Clay","Florida",-0.00998610255815256,6.49777382885974,0,6.56767654676681,"2020-10-21",274,6.55148841503274,-0.011026569880623,6.48945009027998,6.49049055760245,-0.0036469371144178,0,-0.00267383856847192,-1,0,-1
12019,"Clay","Florida",-0.0106952891167509,6.48211423383281,0,6.55698125765006,"2020-10-22",275,6.55474707372082,-0.011417605679958,6.47633570132715,6.47705801789035,-0.00070918655859834,0,-0.000391035799335001,-1,0,-1
12019,"Clay","Florida",-0.00569686179583007,6.51140636328342,0,6.55128439585423,"2020-10-23",276,6.55454371835663,-0.00804473803182014,6.4926233533955,6.49497122963149,0.00499842732092083,0,0.00337286764813786,1,0,1
12019,"Clay","Florida",0.0069134069580343,6.60659165151851,0.00691340695803522,6.60659165151852,"2020-10-24",277,6.55352632077167,0.00857690409693169,6.61989962862968,6.61823613149079,0.0126102687538644,0.00691340695803522,0.0166216421287518,1,1,1
12019,"Clay","Florida",0.00040518639128085,6.56143929394251,0.000405186391279955,6.56143929394251,"2020-10-25",278,6.54842374821484,0.00372575940179762,6.58800387802665,6.58468330501613,-0.00650822056675345,-0.00650822056675527,-0.00485114469513407,-1,-1,-1
12019,"Clay","Florida",-0.00487310609021215,6.51961814048185,0,6.55372988311334,"2020-10-26",279,6.5510803350434,-0.00713319223550653,6.5015374513195,6.50379753746479,-0.005278292481493,-0.000405186391279955,-0.0108589516373041,-1,-1,-1
12019,"Clay","Florida",-0.000610811380085021,6.54884339207266,0,6.55311907173325,"2020-10-27",280,6.54862835179612,-0.00391192819975363,6.52243445751531,6.52573557433497,0.00426229471012713,0,0.0032212640357529,1,0,1
12019,"Clay","Florida",-0.00163065670050707,6.5400738181292,0,6.55148841503274,"2020-10-28",281,6.55210022294415,-0.00421491291610575,6.5193997684044,6.52198402462,-0.00101984532042205,0,-0.00030298471635212,-1,0,-1
12019,"Clay","Florida",0.00325865868807957,6.57755768453738,0.00325865868808073,6.57755768453739,"2020-10-29",282,6.55515366043104,0.00599949989319857,6.59948441417833,6.59674357297321,0.00488931538858664,0.00325865868808073,0.0102144128093043,1,1,1
12019,"Clay","Florida",-0.00020335536419824,6.55312023080724,0,6.55454371835663,"2020-10-30",283,6.56526497003536,-0.00307207665909257,6.53017046044808,6.53303918174298,-0.00346201405227781,-0.00325865868808073,-0.00907157655229114,-1,-1,-1
12019,"Clay","Florida",-0.00101739758496106,6.54640453767694,0,6.55352632077167,"2020-10-31",284,6.57228254269401,-0.00535492415947253,6.51170432508085,6.51604185165536,-0.00081404222076282,0,-0.00228284750037996,-1,0,-1
12019,"Clay","Florida",-0.00510257255682562,6.51270574031706,0,6.54842374821484,"2020-11-01",285,6.59147774964644,-0.00555821114185878,6.5090606316368,6.50951627022183,-0.00408517497186456,0,-0.00020328698238625,-1,0,-1
12019,"Clay","Florida",0.00265658682856469,6.56967644284336,0.00265658682856262,6.56967644284334,"2020-11-02",286,6.60896410932861,0.00596145769260058,6.59611540975564,6.5928105388916,0.00775915938539031,0.00265658682856262,0.0115196688344594,1,1,1
12019,"Clay","Florida",-0.00245198324728911,6.53146446906509,0,6.54862835179612,"2020-11-03",287,6.62785239384882,-0.00400292893983372,6.51905690352473,6.52060784921728,-0.0051085700758538,-0.00265658682856262,-0.0099643866324343,-1,-1,-1
12019,"Clay","Florida",0.00347187114803238,6.57640332098038,0.00347187114803305,6.57640332098038,"2020-11-04",288,6.64694694628191,0.00784198324354677,6.61136421774449,6.60699410564898,0.00592385439532149,0.00347187114803305,0.0118449121833805,1,1,1
12019,"Clay","Florida",0.0030534374868901,6.57652772283927,0.0030534374868898,6.57652772283927,"2020-11-05",289,6.66659322216525,0.00770299091856165,6.61372415029264,6.60907459686097,-0.00041843366114228,-0.00041843366114325,-0.00013899232498512,-1,-1,-1
12019,"Clay","Florida",0.0101113096043205,6.63604413726561,0.0101113096043211,6.63604413726561,"2020-11-06",290,6.68121310173312,0.0112388754312812,6.64506466388129,6.64393709805433,0.0070578721174304,0.0070578721174313,0.00353588451271955,1,1,1
12019,"Clay","Florida",0.00701757265864776,6.62140555130454,0.00701757265864611,6.62140555130453,"2020-11-07",291,6.69721059895871,0.00901812038615433,6.63740993312459,6.63540938539709,-0.00309373694567274,-0.00309373694567499,-0.00222075504512687,-1,-1,-1
12019,"Clay","Florida",0.0191952069524369,6.7258441983135,0.0191952069524364,6.7258441983135,"2020-11-08",292,6.70301281303882,0.0190824449215801,6.72494210206665,6.7250548640975,0.0121776342937891,0.0121776342937903,0.0100643245354258,1,1,1
12019,"Clay","Florida",0.0174863596821686,6.73136862710379,0.0174863596821693,6.7313686271038,"2020-11-09",293,6.71174039505618,0.0163022602148711,6.72189583136541,6.72307993083271,-0.0017088472702683,-0.0017088472702671,-0.002780184706709,-1,-1,-1
12019,"Clay","Florida",0.0188882845202032,6.76007038549024,0.0188882845202052,6.76007038549025,"2020-11-10",294,6.72708949349912,0.0187004812314976,6.75856795918059,6.7587557624693,0.0014019248380346,0.0014019248380359,0.0023982210166265,1,1,1
12019,"Clay","Florida",0.0190945524330938,6.78060881331357,0.0190945524330948,6.78060881331358,"2020-11-11",295,6.74153201792061,0.0186955126986391,6.77741649543793,6.77781553517238,0.000206267912890599,0.0002062679128896,-4.96853285850141e-06,1,1,-1
12019,"Clay","Florida",0.0196462758833362,6.8041171533486,0.0196462758833365,6.8041171533486,"2020-11-12",296,6.75576892198425,0.0189845121822675,6.79882304374005,6.79948480744112,0.000551723450242399,0.000551723450241699,0.000288999483628403,1,1,1
12019,"Clay","Florida",0.0146198795678718,6.78355225870822,0.0146198795678707,6.78355225870822,"2020-11-13",297,6.7719355558396,0.0149452052937087,6.78615486451492,6.78582953878908,-0.0050263963154644,-0.0050263963154658,-0.0040393068885588,-1,-1,-1
12019,"Clay","Florida",0.0159974972255964,6.80919307953789,0.0159974972255945,6.80919307953788,"2020-11-14",298,6.78752281735834,0.0165164787937481,6.8133449320831,6.81282595051495,0.0013776176577246,0.0013776176577238,0.0015712735000394,1,1,1
12019,"Clay","Florida",0.00580221408010458,6.74362831159955,0.00580221408010395,6.74362831159955,"2020-11-15",299,6.81360157306117,0.00795778231889015,6.76087285750983,6.75871728927105,-0.0101952831454918,-0.0101952831454905,-0.00855869647485795,-1,-1,-1
12019,"Clay","Florida",0.00872758201736172,6.77283346917771,0.0087275820173609,6.77283346917771,"2020-11-16",300,6.84161547647759,0.0114423317070628,6.79455146669532,6.79183671700562,0.00292536793725714,0.00292536793725695,0.00348454938817265,1,1,1
12019,"Clay","Florida",0.0153490984429421,6.83453318259972,0.0153490984429441,6.83453318259973,"2020-11-17",301,6.86514597388779,0.0153829604624041,6.83480407875541,6.83477021673595,0.00662151642558038,0.0066215164255832,0.0039406287553413,1,1,1
12019,"Clay","Florida",0.0144425244214872,6.84262968887102,0.0144425244214856,6.84262968887101,"2020-11-18",302,6.89423572889462,0.0151228558798389,6.84807234053783,6.84739200907948,-0.000906574021454901,-0.0009065740214585,-0.0002601045825652,-1,-1,-1
12019,"Clay","Florida",0.0142369040636444,6.85542725042977,0.0142369040636456,6.85542725042977,"2020-11-19",303,6.92629660697299,0.0145127963112936,6.85763438841096,6.8573584961633,-0.000205620357842799,-0.000205620357839999,-0.000610059568545301,-1,-1,-1
12019,"Clay","Florida",0.0161666338553472,6.88510199282703,0.016166633855347,6.88510199282703,"2020-11-20",304,6.96210817372957,0.0165472295102863,6.88814675806654,6.8877661624116,0.0019297297917028,0.0019297297917014,0.0020344331989927,1,1,1
12019,"Clay","Florida",0.015587261518738,6.89663364798951,0.0155872615187382,6.89663364798951,"2020-11-21",305,6.99968312175158,0.0156608627066439,6.89722245749275,6.89714885630485,-0.000579372336609199,-0.000579372336608801,-0.000886366803642399,-1,-1,-1
12019,"Clay","Florida",0.0260787557028354,6.99615286298102,0.0260787557028346,6.99615286298102,"2020-11-22",306,7.03275034058438,0.0249649371528003,6.98724231458074,6.98835613313077,0.0104914941840974,0.0104914941840964,0.0093040744461564,1,1,1
12019,"Clay","Florida",0.0280139034164177,7.03771280039252,0.0280139034164169,7.03771280039251,"2020-11-23",307,7.06634507094743,0.0263574052835641,7.02446081532968,7.02611731346254,0.0019351477135823,0.0019351477135823,0.0013924681307638,1,1,1
12019,"Clay","Florida",0.0235304974101926,7.02985945575913,0.023530497410194,7.02985945575914,"2020-11-24",308,7.10191129342309,0.0224491688706398,7.02120882744271,7.02229015598227,-0.0044834060062251,-0.0044834060062229,-0.0039082364129243,-1,-1,-1
12019,"Clay","Florida",0.0290897550068411,7.09786401394251,0.0290897550068392,7.0978640139425,"2020-11-25",309,7.13352395307307,0.0284127192917276,7.09244772822161,7.09312476393671,0.0055592575966485,0.0055592575966452,0.0059635504210878,1,1,1
12019,"Clay","Florida",0.0320608780783686,7.15072275352157,0.0320608780783695,7.15072275352158,"2020-11-26",310,7.15193319169372,0.0312648719725484,7.14435470467501,7.14515071078083,0.0029711230715275,0.0029711230715303,0.0028521526808208,1,1,1
12019,"Clay","Florida",0.0358115667565794,7.21278914102563,0.0358115667565766,7.21278914102561,"2020-11-27",311,7.1770187659099,0.0337106640924966,7.19598191971296,7.19808282237705,0.0037506886782108,0.0037506886782071,0.0024457921199482,1,1,1
12019,"Clay","Florida",0.0375749480220109,7.26270775790566,0.0375749480220096,7.26270775790565,"2020-11-28",312,7.20351180795145,0.0364409987330617,7.25363616359406,7.25477011288301,0.0017633812654315,0.001763381265433,0.00273033464056509,1,1,1
12019,"Clay","Florida",0.0330672188327938,7.26422087241393,0.0330672188327954,7.26422087241394,"2020-11-29",313,7.22921746716513,0.0309740968162966,7.24747589628195,7.24956901829846,-0.0045077291892171,-0.0045077291892142,-0.0054669019167651,-1,-1,-1
12019,"Clay","Florida",0.0335947303630554,7.30150818348882,0.0335947303630579,7.30150818348884,"2020-11-30",314,7.25336927556144,0.032390052151945,7.29187075779994,7.29307543601105,0.0005275115302616,0.000527511530262502,0.0014159553356484,1,1,1
12019,"Clay","Florida",0.0355662224756585,7.3508748507527,0.0355662224756568,7.35087485075269,"2020-12-01",315,7.2767539726097,0.0346841010389197,7.34381787925879,7.34470000069553,0.0019714921126031,0.0019714921125989,0.0022940488869747,1,1,1
12019,"Clay","Florida",0.0316126596499739,7.35481257062288,0.0316126596499764,7.3548125706229,"2020-12-02",316,7.29747807696707,0.0307607278832325,7.34799711648895,7.3488490482557,-0.0039535628256846,-0.0039535628256804,-0.0039233731556872,-1,-1,-1
12019,"Clay","Florida",0.0184092386206562,7.28079786203832,0.0184092386206576,7.28079786203833,"2020-12-03",317,7.32721721101964,0.0182109242901327,7.27921134739413,7.27940966172465,-0.0132034210293177,-0.0132034210293188,-0.0125498035930998,-1,-1,-1
12019,"Clay","Florida",0.0250855742161745,7.35261778542312,0.0250855742161757,7.35261778542313,"2020-12-04",318,7.34877137135462,0.0248684898162019,7.35088111022334,7.35109819462331,0.0066763355955183,0.0066763355955181,0.0066575655260692,1,1,1
12019,"Clay","Florida",0.0264930420415531,7.38896310224233,0.0264930420415546,7.38896310224234,"2020-12-05",319,7.36870014409667,0.0255181251724327,7.38116376728936,7.38213868415848,0.0014074678253786,0.0014074678253789,0.000649635356230801,1,1,1
12019,"Clay","Florida",0.0257056592136727,7.40915708166084,0.0257056592136724,7.40915708166083,"2020-12-06",320,7.38947571189509,0.0249650343507116,7.40323208275714,7.40397270762011,-0.000787382827880399,-0.0007873828278822,-0.0005530908217211,-1,-1,-1
12019,"Clay","Florida",0.0241518083963173,7.42243193433566,0.024151808396315,7.42243193433565,"2020-12-07",321,7.40853056689463,0.0235669242144275,7.41775286088055,7.41833774506243,-0.0015538508173554,-0.0015538508173574,-0.0013981101362841,-1,-1,-1
12019,"Clay","Florida",0.0233846970482565,7.44044685194749,0.0233846970482556,7.44044685194749,"2020-12-08",322,7.42705914636909,0.0229157651793975,7.43669539699662,7.43716432886548,-0.0007671113480608,-0.000767111348059398,-0.000651159035029998,-1,-1,-1
12019,"Clay","Florida",0.0207241043573716,7.44254680746867,0.0207241043573729,7.44254680746868,"2020-12-09",323,7.44708505750494,0.0208525935774403,7.44357472122922,7.44344623200915,-0.0026605926908849,-0.0026605926908827,-0.0020631716019572,-1,-1,-1
12019,"Clay","Florida",0.0297391340525639,7.53539114938758,0.0297391340525657,7.5353911493876,"2020-12-10",324,7.46073686428149,0.028898579639188,7.52866671408057,7.52950726849396,0.0090150296951923,0.0090150296951928,0.0080459860617477,1,1,1
12019,"Clay","Florida",0.0215541603349827,7.4996504936995,0.0215541603349809,7.49965049369948,"2020-12-11",325,7.47103780559498,0.0219094958555183,7.50249317786379,7.50213784234325,-0.0081849737175812,-0.0081849737175848,-0.0069890837836697,-1,-1,-1
12019,"Clay","Florida",0.0199287727420518,7.50820155329103,0.0199287727420501,7.50820155329102,"2020-12-12",326,7.47889623304139,0.0198926821614176,7.50791282864596,7.50794891922659,-0.0016253875929309,-0.0016253875929308,-0.0020168136941007,-1,-1,-1
12019,"Clay","Florida",0.0207755677984254,7.53490468648407,0.0207755677984247,7.53490468648407,"2020-12-13",327,7.48356575283754,0.0204389056966299,7.53221138966971,7.5325480517715,0.000846795056373601,0.0008467950563746,0.0005462235352123,1,1,1
12019,"Clay","Florida",0.0190548549995341,7.54191455189136,0.019054854999534,7.54191455189136,"2020-12-14",328,7.49021029555621,0.0195144365299116,7.54559120413438,7.54513162260401,-0.0017207127988913,-0.0017207127988907,-0.0009244691667183,-1,-1,-1
12019,"Clay","Florida",0.0185285794744598,7.5567592026903,0.0185285794744603,7.55675920269031,"2020-12-15",329,7.49617666304235,0.0192820604432744,7.56278705044082,7.56203356947201,-0.0005262755250743,-0.000526275525073699,-0.0002323760866372,-1,-1,-1
12019,"Clay","Florida",0.0200259111358552,7.58726643545593,0.0200259111358561,7.58726643545593,"2020-12-16",330,7.50060845250554,0.0201343460712847,7.58813391493937,7.58802548000393,0.0014973316613954,0.0014973316613958,0.000852285628010301,1,1,1
12019,"Clay","Florida",0.0136518067765461,7.55629951171731,0.0136518067765437,7.55629951171729,"2020-12-17",331,7.51011773866997,0.013945394510202,7.55864821358656,7.5583546258529,-0.0063741043593091,-0.0063741043593124,-0.0061889515610827,-1,-1,-1
12019,"Clay","Florida",0.0103009413134918,7.54314439478942,0.0103009413134929,7.54314439478943,"2020-12-18",332,7.52925300122657,0.0122463104286534,7.55870734771072,7.55676197859555,-0.0033508654630543,-0.0033508654630508,-0.0016990840815486,-1,-1,-1
12019,"Clay","Florida",0.00785842744640867,7.53390522516625,0.00785842744640952,7.53390522516626,"2020-12-19",333,7.54554074998961,0.00909048295842521,7.54376166926238,7.54252961375037,-0.00244251386708313,-0.00244251386708338,-0.00315582747022819,-1,-1,-1
12019,"Clay","Florida",0.004669519796151,7.5162523914106,0.0046695197961526,7.51625239141061,"2020-12-20",334,7.56008046502183,0.00879009269904932,7.54921697463378,7.54509640173089,-0.00318890765025767,-0.00318890765025692,-0.00030039025937589,-1,-1,-1
12019,"Clay","Florida",0.00664454271866783,7.53672209458688,0.00664454271866699,7.53672209458688,"2020-12-21",335,7.57887593264186,0.00928514689312659,7.55784692798255,7.5552063238081,0.00197502292251683,0.00197502292251439,0.00049505419407727,1,1,1
12019,"Clay","Florida",0.00596636748613957,7.53794123544533,0.0059663674861401,7.53794123544533,"2020-12-22",336,7.59854253425046,0.00938285902483109,7.56527316775486,7.56185667621617,-0.00067817523252826,-0.000678175232526891,9.77121317045013e-05,-1,-1,1
12019,"Clay","Florida",0.00443178946318838,7.53163097874786,0.00443178946318845,7.53163097874786,"2020-12-23",337,7.62084513305374,0.00762527362151696,7.55717885201449,7.55398536785616,-0.00153457802295119,-0.00153457802295165,-0.00175758540331413,-1,-1,-1
12019,"Clay","Florida",0.00950928616443429,7.57668274182101,0.00950928616443569,7.57668274182102,"2020-12-24",338,7.64464589677558,0.0102329314688936,7.58247190425669,7.58174825895223,0.00507749670124591,0.00507749670124724,0.00260765784737664,1,1,1
12019,"Clay","Florida",0.019135262556595,7.66319983912273,0.0191352625565973,7.66319983912275,"2020-12-25",339,7.65254569269392,0.0194941971664744,7.66607131600176,7.66571238139189,0.00962597639216071,0.00962597639216161,0.0092612656975808,1,1,1
12019,"Clay","Florida",0.01628774876304,7.65955499133089,0.0162877487630393,7.65955499133088,"2020-12-26",340,7.67428567933032,0.0164799951704859,7.66109296259046,7.66090071618301,-0.002847513793555,-0.002847513793558,-0.0030142019959885,-1,-1,-1
12019,"Clay","Florida",0.0145397150322184,7.66185847024736,0.0145397150322184,7.66185847024736,"2020-12-27",341,7.69601781517461,0.0146729852771452,7.66292463220677,7.66279136196185,-0.0017480337308216,-0.0017480337308209,-0.0018070098933407,-1,-1,-1
12019,"Clay","Florida",0.0187954676200374,7.71044420598213,0.0187954676200368,7.71044420598212,"2020-12-28",342,7.70924424109294,0.018581314114327,7.70873097793645,7.70894513144215,0.004255752587819,0.0042557525878184,0.0039083288371818,1,1,1
12019,"Clay","Florida",0.0196666016085886,7.73620874551058,0.0196666016085913,7.7362087455106,"2020-12-29",343,7.72293044090818,0.0195088091813733,7.73494640609285,7.73510419852007,0.000871133988551199,0.000871133988554502,0.000927495067046299,1,1,1
12019,"Clay","Florida",0.0223025988032839,7.77696332467673,0.0223025988032841,7.77696332467673,"2020-12-30",344,7.73562064764617,0.0209174725489964,7.76588231464243,7.76726744089672,0.0026359971946953,0.0026359971946928,0.0014086633676231,1,1,1
12019,"Clay","Florida",0.0238007637218436,7.81125124282849,0.0238007637218427,7.81125124282848,"2020-12-31",345,7.74784353907652,0.0228986453495594,7.80403429585022,7.8049364142225,0.0014981649185597,0.0014981649185586,0.001981172800563,1,1,1
12019,"Clay","Florida",0.00789979591833811,7.70784426412229,0.00789979591833845,7.70784426412229,"2021-01-01",346,7.76302130901852,0.00840714161075784,7.71190302966164,7.71139568396922,-0.0159009678035055,-0.0159009678035043,-0.0144915037388016,-1,-1,-1
12019,"Clay","Florida",0.0217399866364036,7.82646558578515,0.0217399866364039,7.82646558578515,"2021-01-02",347,7.78471100545762,0.0202655802710703,7.81467033486248,7.81614474122781,0.0138401907180655,0.0138401907180655,0.0118584386603125,1,1,1
12019,"Clay","Florida",0.0217321358442822,7.84814276608458,0.0217321358442817,7.84814276608458,"2021-01-03",348,7.81006298819226,0.0188234373266537,7.82487317794355,7.82778187646119,-7.85079212139994e-06,-7.85079212220138e-06,-0.0014421429444166,-1,-1,-1
12019,"Clay","Florida",0.0132264259183365,7.8018292225213,0.0132264259183374,7.80182922252131,"2021-01-04",349,7.83727244043716,0.0120070416238989,7.7920741481658,7.79329353246023,-0.0085057099259457,-0.0085057099259443,-0.0068163957027548,-1,-1,-1
12019,"Clay","Florida",0.0136861998152323,7.8187338396148,0.0136861998152318,7.8187338396148,"2021-01-05",350,7.86699602524958,0.011974377729661,7.80503926293023,7.80675108501581,0.000459773896895799,0.000459773896894401,-3.26638942379012e-05,1,1,-1
12019,"Clay","Florida",0.0126902067379939,7.82445209481213,0.0126902067379939,7.82445209481213,"2021-01-06",351,7.8995244720322,0.0116693023453162,7.81628485967071,7.81730576406338,-0.0009959930772384,-0.000995993077237901,-0.000305075384344799,-1,-1,-1
12019,"Clay","Florida",0.0122228914303544,7.833403779089,0.0122228914303539,7.833403779089,"2021-01-07",352,7.93287479084044,0.0115304169872639,7.82786398354428,7.82855645798737,-0.0004673153076395,-0.00046731530764,-0.0001388853580523,-1,-1,-1
12019,"Clay","Florida",0.0151777699419919,7.86926569861246,0.0151777699419942,7.86926569861248,"2021-01-08",353,7.97379518150365,0.0141904808217871,7.86136738565082,7.86235467477103,0.0029548785116375,0.0029548785116403,0.0026600638345232,1,1,1
12019,"Clay","Florida",0.0216896964390977,7.9365388805313,0.0216896964390978,7.9365388805313,"2021-01-09",354,8.0019769907775,0.0199513099705019,7.92263178878254,7.92437017525113,0.0065119264971058,0.0065119264971036,0.0057608291487148,1,1,1
12019,"Clay","Florida",0.0253519827346466,7.98752686733479,0.0253519827346489,7.98752686733481,"2021-01-10",355,8.02663693941231,0.0237935876570019,7.97505970671364,7.97661810179127,0.0036622862955489,0.0036622862955511,0.0038422776865,1,1,1
12019,"Clay","Florida",0.0272094522449016,8.02773860615148,0.0272094522449002,8.02773860615147,"2021-01-11",356,8.05202357377276,0.025479367616057,8.01389792912072,8.01562801374956,0.001857469510255,0.0018574695102513,0.0016857799590551,1,1,1
12019,"Clay","Florida",0.0297235848124103,8.07506111893645,0.0297235848124133,8.07506111893647,"2021-01-12",357,8.07184314960916,0.0280733546295256,8.06185927747337,8.06350950765626,0.0025141325675087,0.0025141325675131,0.0025939870134686,1,1,1
12019,"Clay","Florida",0.0325284467826212,8.12722359951055,0.0325284467826199,8.12722359951054,"2021-01-13",358,8.08785977374374,0.0300231542031563,8.10718125887483,8.1096865514543,0.0028048619702109,0.0028048619702066,0.0019497995736307,1,1,1
12019,"Clay","Florida",0.0333503188082432,8.16632702249814,0.0333503188082451,8.16632702249816,"2021-01-14",359,8.09825197276358,0.0297183915599148,8.13727160451152,8.14090353175984,0.000821872025621999,0.000821872025625198,-0.000304762643241502,1,1,-1
12019,"Clay","Florida",0.0409203906632058,8.26023791614609,0.0409203906632047,8.26023791614608,"2021-01-15",360,8.10371031242878,0.0360392682429227,8.22118893678382,8.22607005920411,0.0075700718549626,0.0075700718549596,0.0063208766830079,1,1,1
12019,"Clay","Florida",0.0281818092738522,8.19924965569446,0.0281818092738506,8.19924965569445,"2021-01-16",361,8.11214228322973,0.0273114243551392,8.19228657634476,8.19315696126347,-0.0127385813893536,-0.0127385813893541,-0.0087278438877835,-1,-1,-1
12019,"Clay","Florida",0.0246599486348105,8.19925657985598,0.0246599486348114,8.19925657985599,"2021-01-17",362,8.11338385461901,0.0243021935718465,8.19639453935227,8.19675229441524,-0.0035218606390417,-0.0035218606390392,-0.0030092307832927,-1,-1,-1
12019,"Clay","Florida",0.025386634360449,8.2297300142959,0.0253866343604514,8.22973001429592,"2021-01-18",363,8.11308430607921,0.0256950920435376,8.23219767576061,8.23188921807752,0.000726685725638498,0.000726685725640001,0.0013928984716911,1,1,1
12019,"Clay","Florida",0.0198195758363937,8.21058018046391,0.0198195758363973,8.21058018046394,"2021-01-19",364,8.11496569372956,0.0200326967709869,8.21228514794065,8.21207202700607,-0.0055670585240553,-0.0055670585240541,-0.0056623952725507,-1,-1,-1
12019,"Clay","Florida",0.0160166241345806,8.1999761426858,0.0160166241345792,8.19997614268579,"2021-01-20",365,8.11261340558035,0.0168987437723847,8.20703309978824,8.20615098015043,-0.0038029517018131,-0.0038029517018181,-0.0031339529986022,-1,-1,-1
12019,"Clay","Florida",0.0103921990198467,8.17099736590251,0.0103921990198472,8.17099736590252,"2021-01-21",366,8.11047014958396,0.0117778116020302,8.18208226655998,8.18069665397779,-0.0056244251147339,-0.005624425114732,-0.0051209321703545,-1,-1,-1
12019,"Clay","Florida",0.00545833966519289,8.14191869008513,0.00545833966519282,8.14191869008513,"2021-01-22",367,8.10965450636116,0.00735294234634746,8.15707551153436,8.15518090885321,-0.00493385935465381,-0.00493385935465438,-0.00442486925568274,-1,-1,-1
12019,"Clay","Florida",0.00843197080095259,8.1711660788364,0.00843197080095059,8.17116607883638,"2021-01-23",368,8.1071605250203,0.00998972426341709,8.18362810653612,8.18207035307365,0.0029736311357597,0.00297363113575777,0.00263678191706963,1,1,1
12019,"Clay","Florida",0.00124157138928775,8.12207485434403,0.0012415713892846,8.122074854344,"2021-01-24",369,8.0992939560993,0.00464409328086654,8.14929502947666,8.14589250758507,-0.00719039941166484,-0.00719039941166599,-0.00534563098255055,-1,-1,-1
12019,"Clay","Florida",-0.00029954853980007,8.11098746630061,0,8.11308430607921,"2021-01-25",370,8.08728901000247,-0.000861698154752768,8.10649026938099,8.10705241899594,-0.00154111992908782,-0.0012415713892846,-0.00550579143561931,-1,-1,-1
12019,"Clay","Florida",0.0018813876503459,8.12813540728198,0.00188138765034651,8.12813540728198,"2021-01-26",371,8.07219989431751,0.00456487474833371,8.14960330406588,8.1469198169679,0.00218093619014597,0.00188138765034651,0.00542657290308648,1,1,1
12019,"Clay","Florida",-0.00235228814921034,8.09614738853587,0,8.11261340558035,"2021-01-27",372,8.05320571449422,-0.00175146889767169,8.10095394254819,8.10035312329665,-0.00423367579955624,-0.00188138765034651,-0.0063163436460054,-1,-1,-1
12019,"Clay","Florida",-0.00214325599638563,8.09546735760926,0,8.11047014958396,"2021-01-28",373,8.0284085842414,-0.00271495363091402,8.09089377653304,8.09146547416756,0.00020903215282471,0,-0.00096348473324233,1,0,-1
12019,"Clay","Florida",-0.00081564322279399,8.10394500380161,0,8.10965450636116,"2021-01-29",374,7.99593235735728,-0.0018841022948859,8.09539733122487,8.09646579029696,0.00132761277359164,0,0.00083085133602812,1,0,1
12019,"Clay","Florida",-0.00249398134085531,8.08970265563432,0,8.1071605250203,"2021-01-30",375,7.95432211076014,-0.00254427268628346,8.08930032487089,8.08935061621631,-0.00167833811806132,0,-0.00066017039139756,-1,0,-1
12019,"Clay","Florida",-0.00786656892100648,8.04422797365225,0,8.0992939560993,"2021-01-31",376,7.92060216735592,-0.00702356989138763,8.0509719658892,8.05012896685959,-0.00537258758015117,0,-0.00447929720510417,-1,0,-1
12019,"Clay","Florida",-0.0120049460968251,8.0032543873247,0,8.08728901000247,"2021-02-01",377,7.8858128372515,-0.0100742898853912,8.01869963701617,8.01676898080473,-0.00413837717581862,0,-0.00305071999400357,-1,0,-1
12019,"Clay","Florida",-0.0150891156849541,7.96657608452283,0,8.07219989431751,"2021-02-02",378,7.85082703353393,-0.0123814863889129,7.98823711889117,7.98552948959512,-0.003084169588129,0,-0.0023071965035217,-1,0,-1
12019,"Clay","Florida",-0.0189941798232942,7.92024645573116,0,8.05320571449422,"2021-02-03",379,7.81756793047248,-0.016866058280244,7.93727142807556,7.93514330653251,-0.0039050641383401,0,-0.0044845718913311,-1,0,-1
12019,"Clay","Florida",-0.0247971302528124,7.85482867247172,0,8.0284085842414,"2021-02-04",380,7.78358109543285,-0.020976419172457,7.88539436111456,7.8815736500342,-0.0058029504295182,0,-0.004110360892213,-1,0,-1
12019,"Clay","Florida",-0.0324762268841275,7.76859876916838,0,7.99593235735728,"2021-02-05",381,7.75288753082485,-0.0262190296737541,7.81865634685137,7.812399149641,-0.0076790966313151,0,-0.0052426105012971,-1,0,-1
12019,"Clay","Florida",-0.0416102465971331,7.66305038458021,0,7.95432211076014,"2021-02-06",382,7.71900290513606,-0.0358915050380491,7.70880031705289,7.7030815754938,-0.00913401971300561,0,-0.009672475364295,-1,0,-1
12019,"Clay","Florida",-0.0337199434042259,7.68456256352634,0,7.92060216735592,"2021-02-07",383,7.68675244809546,-0.0291922107922264,7.72078442442233,7.71625669181034,0.00789030319290721,0,0.0066992942458227,1,0,1
12019,"Clay","Florida",-0.0347893301044188,7.64228752652057,0,7.8858128372515,"2021-02-08",384,7.65633716643018,-0.0316632121495421,7.66729647015958,7.6641703522047,-0.0010693867001929,0,-0.0024710013573157,-1,0,-1
12019,"Clay","Florida",-0.0349858037175645,7.60592640751098,0,7.85082703353393,"2021-02-09",385,7.62098515965903,-0.0314922860096595,7.63387454917422,7.63038103146631,-0.000196473613145697,0,0.0001709261398826,-1,0,1
12019,"Clay","Florida",-0.0332591030614555,7.58475420904229,0,7.81756793047248,"2021-02-10",386,7.58680353516258,-0.031296084498984,7.60045835754206,7.59849533897959,0.001726700656109,0,0.000196201510675495,1,0,1
12019,"Clay","Florida",-0.0339868350396292,7.54567325015544,0,7.78358109543285,"2021-02-11",387,7.56000605749175,-0.0316076552441339,7.56470668851941,7.56232750872391,-0.000727731978173704,0,-0.000311570745149897,-1,0,-1
12019,"Clay","Florida",-0.0306935646079923,7.5380325785689,0,7.75288753082485,"2021-02-12",388,7.53109292814858,-0.0291694036498074,7.55022586623439,7.5487017052762,0.0032932704316369,0,0.0024382515943265,1,0,1
12019,"Clay","Florida",-0.033884625688783,7.48181052531458,0,7.71900290513606,"2021-02-13",389,7.50060845250554,-0.0319127431711822,7.49758558545539,7.49561370293778,-0.0031910610807907,0,-0.0027433395213748,-1,0,-1
12019,"Clay","Florida",-0.0322504570406031,7.46099924881123,0,7.68675244809546,"2021-02-14",390,7.4701427325054,-0.0304009940903388,7.47579495241335,7.47394548946309,0.0016341686481799,0,0.0015117490808434,1,0,1
12019,"Clay","Florida",-0.0304152816652769,7.44343019477324,0,7.65633716643018,"2021-02-15",391,7.43863559911257,-0.0288724415243507,7.45577291590065,7.45423007575972,0.0018351753753262,0,0.0015285525659881,1,0,1
12019,"Clay","Florida",-0.0353520067711589,7.37352111226091,0,7.62098515965903,"2021-02-16",392,7.40896337365317,-0.0328238547796639,7.39374632819287,7.39121817620138,-0.004936725105882,0,-0.0039514132553132,-1,0,-1
12019,"Clay","Florida",-0.0341816244964428,7.34753216368748,0,7.58680353516258,"2021-02-17",393,7.37945389948965,-0.0317118362916148,7.36729046932611,7.36482068112128,0.0011703822747161,0,0.0011120184880491,1,0,1
12019,"Clay","Florida",-0.0267974776708357,7.3724237137959,0,7.56000605749175,"2021-02-18",394,7.34867945536577,-0.0257322171814116,7.38094579771129,7.37988053722187,0.0073841468256071,0,0.0059796191102032,1,0,1
12019,"Clay","Florida",-0.0289131293431689,7.32870102274639,0,7.53109292814858,"2021-02-19",395,7.3178761986265,-0.0275044207938275,7.33997069114113,7.33856198259179,-0.0021156516723332,0,-0.0017722036124159,-1,0,-1
12019,"Clay","Florida",-0.0304844756430436,7.28721712300423,0,7.50060845250554,"2021-02-20",396,7.29048775724016,-0.0287475376801563,7.30111262670733,7.29937568874445,-0.0015713462998747,0,-0.0012431168863288,-1,0,-1
12019,"Clay","Florida",-0.030465720000142,7.2568826925044,0,7.4701427325054,"2021-02-21",397,7.2544808920672,-0.0289607442145735,7.26892249878895,7.26741752300339,1.87556429016023e-05,0,-0.000213206534417202,1,0,-1
12019,"Clay","Florida",-0.0315071333928322,7.21808566536274,0,7.43863559911257,"2021-02-22",398,7.21754823702074,-0.0303796691721056,7.22710537912856,7.22597791490783,-0.0010414133926902,0,-0.0014189249575321,-1,0,-1
12019,"Clay","Florida",-0.0296722254593909,7.20125779543743,0,7.40896337365317,"2021-02-23",399,7.17734611601376,-0.0290266546343877,7.20642236203747,7.20577679121246,0.0018349079334413,0,0.0013530145377179,1,0,1
12019,"Clay","Florida",-0.0295094741635215,7.172887580345,0,7.37945389948965,"2021-02-24",400,7.13078453805095,-0.0294038730836675,7.17373238898383,7.17362678790398,0.000162751295869401,0,-0.000377218449279799,1,0,-1
12019,"Clay","Florida",-0.0307744441238871,7.13325834649856,0,7.34867945536577,"2021-02-25",401,7.07942506849771,-0.0300467601651086,7.13907981816878,7.13835213421001,-0.0012649699603656,0,-0.000642887081441099,-1,0,-1
12019,"Clay","Florida",-0.0308032567392722,7.10225340145159,0,7.3178761986265,"2021-02-26",402,7.03161505190993,-0.0298640824159549,7.10976679603813,7.10882762171482,-2.88126153851001e-05,0,0.0001826777491537,-1,0,1
12019,"Clay","Florida",-0.0273884413863447,7.09876866753574,0,7.29048775724016,"2021-02-27",403,6.98352513474812,-0.0278681458583368,7.09493103175981,7.0954107362318,0.0034148153529275,0,0.0019959365576181,1,0,1
12019,"Clay","Florida",-0.0360068651729501,7.00243283585655,0,7.2544808920672,"2021-02-28",404,6.94601399109923,-0.0345603140260739,7.01400524503157,7.01255869388468,-0.0086184237866054,0,-0.0066921681677371,-1,0,-1
12019,"Clay","Florida",-0.0369326550464637,6.9590196516955,0,7.21754823702074,"2021-03-01",405,6.9048940467011,-0.0358954822097538,6.96731703438917,6.96627986155246,-0.000925789873513605,0,-0.0013351681836799,-1,0,-1
12019,"Clay","Florida",-0.0402021210069838,6.89593126896487,0,7.17734611601376,"2021-03-02",406,6.8623095160631,-0.0381791531365937,6.91211501192799,6.9100920440576,-0.0032694659605201,0,-0.0022836709268399,-1,0,-1
12019,"Clay","Florida",-0.0465615779628105,6.80485349231128,0,7.13078453805095,"2021-03-03",407,6.82809345114562,-0.0438085406525147,6.82687779079364,6.82412475348335,-0.0063594569558267,0,-0.005629387515921,-1,0,-1
12019,"Clay","Florida",-0.0513594695532403,6.71990878162503,0,7.07942506849771,"2021-03-04",408,6.79570577517351,-0.0462381486300067,6.7608793490109,6.75575802808766,-0.0047978915904298,0,-0.002429607977492,-1,0,-1
12019,"Clay","Florida",-0.0478100165877775,6.69694493579548,0,7.03161505190993,"2021-03-05",409,6.74993119378857,-0.0433705386900804,6.73246075897707,6.72802128107937,0.0035494529654628,0,0.0028676099399263,1,0,1
12019,"Clay","Florida",-0.0480899171618193,6.64689571461538,0,6.98352513474812,"2021-03-06",410,6.70860723322414,-0.0449234576845148,6.67222739043381,6.66906093095652,-0.0002799005740418,0,-0.0015529189944344,-1,0,-1
12019,"Clay","Florida",-0.0375111436488846,6.68343598555704,0,6.94601399109923,"2021-03-07",411,6.66404452244224,-0.0367398968436628,6.68960595999882,6.68883471319359,0.0105787735129347,0,0.008183560840852,1,0,1
12019,"Clay","Florida",-0.0411199443981181,6.61705443591428,0,6.9048940467011,"2021-03-08",412,6.62444459047516,-0.040137817381174,6.62491145204984,6.62392932503288,-0.0036088007492335,0,-0.0033979205375112,-1,0,-1
12019,"Clay","Florida",-0.0425845306380146,6.56421780159699,0,6.8623095160631,"2021-03-09",413,6.58340922215876,-0.0422185275082725,6.56714582663492,6.56677982350519,-0.0014645862398965,0,-0.0020807101270985,-1,0,-1
12019,"Clay","Florida",-0.0342160649174815,6.58858099672325,0,6.82809345114562,"2021-03-10",414,6.53710559055934,-0.0341646080920729,6.58899265132652,6.58894119450111,0.0083684657205331,0,0.0080539194161996,1,0,1
12019,"Clay","Florida",-0.0323876759720999,6.56899204336881,0,6.79570577517351,"2021-03-11",415,6.48572515399928,-0.0326507767220809,6.56688723736897,6.56715033811894,0.0018283889453816,0,0.001513831369992,1,0,1
12019,"Clay","Florida",-0.0457745813849497,6.42950912409392,0,6.74993119378857,"2021-03-12",416,6.4425401664682,-0.0426615822185704,6.45441311742495,6.45130011825858,-0.0133869054128498,0,-0.0100108054964895,-1,0,-1
12019,"Clay","Florida",-0.0413239605644305,6.41933950927313,0,6.70860723322414,"2021-03-13",417,6.39835720720733,-0.0398049797128794,6.43149135608554,6.42997237523398,0.0044506208205192,0,0.002856602505691,1,0,1
12019,"Clay","Florida",-0.044562710781899,6.35210554696894,0,6.66404452244224,"2021-03-14",418,6.35561150588542,-0.0409638820875575,6.38089617652368,6.37729734782934,-0.0032387502174685,0,-0.0011589023746781,-1,0,-1
12019,"Clay","Florida",-0.0395999319670788,6.3472450667056,0,6.62444459047516,"2021-03-15",419,6.31199404441036,-0.0354053894294169,6.38080140700691,6.37660686446924,0.00496277881482021,0,0.0055584926581406,1,0,1
12019,"Clay","Florida",-0.0410353683163878,6.29616164394405,0,6.58340922215876,"2021-03-16",420,6.26801344656743,-0.0374578482145853,6.32478180475848,6.32120428465666,-0.001435436349309,0,-0.0020524587851684,-1,0,-1
12019,"Clay","Florida",-0.0463036315994323,6.21298016936331,0,6.53710559055934,"2021-03-17",421,6.23300918379308,-0.0436994483856299,6.23381363507372,6.23120945185993,-0.0052682632830445,0,-0.0062416001710446,-1,0,-1
12019,"Clay","Florida",-0.0513804365600538,6.1260620980789,0,6.48572515399928,"2021-03-18",422,6.20224629086631,-0.0453100351917858,6.17462530902505,6.16855490765678,-0.0050768049606215,0,-0.0016105868061559,-1,0,-1
12019,"Clay","Florida",-0.043184987531074,6.14024525375068,0,6.4425401664682,"2021-03-19",423,6.17259491853178,-0.0400906016920286,6.16500034046305,6.161905954624,0.0081954490289798,0,0.0052194334997572,1,0,1
12019,"Clay","Florida",-0.0441829592608685,6.08907649238125,0,6.39835720720733,"2021-03-20",424,6.14816299901404,-0.0400012348155981,6.12253028794342,6.11834856349814,-0.000997971729794503,0,8.93668764304981e-05,-1,0,1
12019,"Clay","Florida",-0.0427457013219116,6.05639159663203,0,6.35561150588542,"2021-03-21",425,6.13246795457121,-0.0389705314240087,6.08659295581526,6.08281778591736,0.0014372579389569,0,0.0010307033915894,1,0,1
12019,"Clay","Florida",-0.0436174614750541,6.00667181408498,0,6.31199404441036,"2021-03-22",426,6.12405800000453,-0.0407197964422327,6.02985313434756,6.02695546931473,-0.000871760153142505,0,-0.001749265018224,-1,0,-1
12019,"Clay","Florida",-0.0439805978429243,5.96014926166696,0,6.26801344656743,"2021-03-23",427,6.12405800000453,-0.0406598841597433,5.98671497113241,5.98339425744923,-0.0003631363678702,0,5.99122824893952e-05,-1,0,1
12019,"Clay","Florida",-0.035004262774347,5.98797934437265,0,6.23300918379308,"2021-03-24",428,6.12249280951439,-0.034238289240884,5.99410713264036,5.99334115910689,0.00897633506857731,0,0.0064215949188593,1,0,1
12019,"Clay","Florida",-0.0307628929267686,5.98690604037893,0,6.20224629086631,"2021-03-25",429,6.1249959397325,-0.0308009152098262,5.98660186211447,5.98663988439753,0.0042413698475784,0,0.0034373740310578,1,0,1
12019,"Clay","Florida",-0.0296513723345257,5.9650353121901,0,6.17259491853178,"2021-03-26",430,6.13153700027588,-0.0298479662025502,5.96346256124591,5.96365915511393,0.0011115205922429,0,0.000952949007276001,1,0,1
12019,"Clay","Florida",-0.024431919517746,5.97713956238982,0,6.14816299901404,"2021-03-27",431,6.14019238661379,-0.024819444150063,5.97403936533128,5.9744268899636,0.0052194528167797,0,0.0050285220524872,1,0,1
12019,"Clay","Florida",-0.0156950444428316,6.02260264347138,0,6.13246795457121,"2021-03-28",432,6.14602330692458,-0.0175079725863349,6.00809921832336,6.00991214646687,0.0087368750749144,0,0.0073114715637281,1,0,1
12019,"Clay","Florida",-0.00840995456667627,6.06518831803779,0,6.12405800000453,"2021-03-29",433,6.14816299901404,-0.0128681937944786,6.02952240421538,6.03398064344318,0.00728508987615533,0,0.0046397787918563,1,0,1
12019,"Clay","Florida",-1.25607396694711e-15,6.12405800000452,0,6.12405800000453,"2021-03-30",434,6.1463292576689,0.000377986887725364,6.12708189510633,6.12670390821861,0.00840995456667501,0,0.013246180682204,1,0,1
12019,"Clay","Florida",-0.00156519049013992,6.11153647608341,0,6.12249280951439,"2021-03-31",435,6.14510489265522,-0.00912067793704087,6.0510925765082,6.0586480639551,-0.00156519049013866,0,-0.00949866482476623,-1,0,-1
12019,"Clay","Florida",0.00250313021811951,6.14251785125934,0.00250313021811799,6.14251785125933,"2021-04-01",436,6.14295864010668,0.00314454034098524,6.14764913224227,6.1470077221194,0.00406832070825943,0.00250313021811799,0.0122652182780261,1,1,1
12019,"Clay","Florida",0.00654106054338224,6.17732442407956,0.00654106054338044,6.17732442407955,"2021-04-02",437,6.14510489265522,0.00516403916741953,6.16630825307186,6.16768527444782,0.00403793032526273,0.00403793032526245,0.00201949882643429,1,1,1
12019,"Clay","Florida",0.00865538633790264,6.20078009097911,0.00865538633790219,6.2007800909791,"2021-04-03",438,6.14907861024846,0.00565541006003823,6.17678028075619,6.17978025703406,0.0021143257945204,0.00211432579452175,0.0004913708926187,1,1,1
12019,"Clay","Florida",0.00583092031079316,6.18683974910013,0.00583092031079335,6.18683974910013,"2021-04-04",439,6.15029812259472,0.00437152505931232,6.17516458708829,6.17662398233977,-0.00282446602710948,-0.00282446602710884,-0.00128388500072591,-1,-1,-1
12019,"Clay","Florida",0.00213969208945977,6.16314084364026,0.00213969208945919,6.16314084364025,"2021-04-05",440,6.15546452217327,0.0022048497272456,6.16366210474254,6.16359694710476,-0.00369122822133339,-0.00369122822133416,-0.00216667533206672,-1,-1,-1
12019,"Clay","Florida",-0.00183374134514334,6.13349306825289,0,6.1463292576689,"2021-04-06",441,6.16271311929928,-0.00738132687236139,6.08911238403515,6.09465996956237,-0.00397343343460311,-0.00213969208945919,-0.00958617659960699,-1,-1,-1
12019,"Clay","Florida",-0.00122436501367863,6.13653433755947,0,6.14510489265522,"2021-04-07",442,6.17853670666053,-0.00609229655636057,6.09759088521802,6.1024588167607,0.00060937633146471,0,0.00128903031600082,1,0,1
12019,"Clay","Florida",-0.00214625254854182,6.12793487226688,0,6.14295864010668,"2021-04-08",443,6.19963948272827,-0.00681828388022921,6.09055862161339,6.09523065294508,-0.00092188753486319,0,-0.00072598732386864,-1,0,-1
12019,"Clay","Florida",0.00214625254854182,6.16012866049501,0.00214625254854095,6.160128660495,"2021-04-09",444,6.22172556619106,0.00439450845034229,6.17811470770942,6.17586645180762,0.00429250509708364,0.00214625254854095,0.0112127923305715,1,1,1
12019,"Clay","Florida",0.00397371759324244,6.17689463340116,0.00397371759324372,6.17689463340117,"2021-04-10",445,6.24194529464031,0.00524692543691091,6.18708029615051,6.18580708830684,0.00182746504470062,0.00182746504470277,0.00085241698656862,1,1,1
12019,"Clay","Florida",0.00121951234626296,6.15883470901856,0.00121951234626216,6.15883470901856,"2021-04-11",446,6.26149168432104,0.00528670176568848,6.19137222437397,6.18730503495454,-0.00275420524697948,-0.00275420524698156,3.97763287775703e-05,-1,-1,1
12019,"Clay","Florida",0.00516639957854677,6.19162931922309,0.00516639957854448,6.19162931922308,"2021-04-12",447,6.27556879821188,0.00553399022423088,6.19457004438857,6.19420245374289,0.00394688723228381,0.00394688723228232,0.0002472884585424,1,1,1
12019,"Clay","Florida",0.00724859712601311,6.21345329918137,0.00724859712601411,6.21345329918138,"2021-04-13",448,6.29262678111646,0.00851684521902099,6.22359928392544,6.22233103583243,0.00208219754746634,0.00208219754746963,0.00298285499479011,1,1,1
12019,"Clay","Florida",0.0158235873612513,6.28930181818929,0.0158235873612522,6.2893018181893,"2021-04-14",449,6.30887877709341,0.0144732354706455,6.27849900306444,6.27984935495505,0.00857499023523819,0.00857499023523809,0.00595639025162451,1,1,1
12019,"Clay","Florida",0.0211027760677394,6.34735891520245,0.0211027760677371,6.34735891520243,"2021-04-15",450,6.32230873101219,0.0188947367860868,6.32969460094922,6.33190264023088,0.0052791887064881,0.0052791887064849,0.0044215013154413,1,1,1
12019,"Clay","Florida",0.0220860834627851,6.37632815043055,0.0220860834627858,6.37632815043056,"2021-04-16",451,6.34312694922317,0.0173763203747922,6.33865004572661,6.34335980881461,0.0009833073950457,0.000983307395048698,-0.0015184164112946,1,1,-1
12019,"Clay","Florida",0.0202197284492526,6.38348339378508,0.0202197284492538,6.38348339378509,"2021-04-17",452,6.36302810354046,0.0193328950802848,6.37638872683334,6.3772755602023,-0.0018663550135325,-0.001866355013532,0.0019565747054926,-1,-1,1
12019,"Clay","Florida",0.0195463896807311,6.39831641208616,0.0195463896807313,6.39831641208616,"2021-04-18",453,6.39311285668945,0.0176037459735391,6.38277526242862,6.38471790613581,-0.000673338768521499,-0.000673338768522502,-0.0017291491067457,-1,-1,-1
12019,"Clay","Florida",0.0140771138908363,6.37410859544773,0.0140771138908358,6.37410859544773,"2021-04-19",454,6.43156109918579,0.0139434194337284,6.37303903979087,6.37317273424798,-0.0054692757898948,-0.0054692757898955,-0.0036603265398107,-1,-1,-1
12019,"Clay","Florida",0.0170579829045795,6.41203266144851,0.0170579829045785,6.41203266144851,"2021-04-20",455,6.46681102076421,0.0167568803285678,6.40962384084042,6.40992494341643,0.0029808690137432,0.0029808690137427,0.0028134608948394,1,1,1
12019,"Clay","Florida",0.016251995976953,6.42264274893208,0.0162519959769547,6.42264274893209,"2021-04-21",456,6.49914236458324,0.0158852934054613,6.41970912836015,6.42007583093164,-0.000805986927626502,-0.000805986927623802,-0.000871586923106498,-1,-1,-1
12019,"Clay","Florida",0.0134299539187813,6.41631840844366,0.0134299539187825,6.41631840844367,"2021-04-22",457,6.53731252278977,0.0142885620132353,6.42318727319929,6.42232866510484,-0.0028220420581717,-0.0028220420581722,-0.001596731392226,-1,-1,-1
12019,"Clay","Florida",0.0208182182109739,6.48885447669999,0.0208182182109775,6.48885447670001,"2021-04-23",458,6.5700823217844,0.0205884570784988,6.48701638764018,6.48724614877266,0.0073882642921926,0.007388264292195,0.0062998950652635,1,1,1
12019,"Clay","Florida",0.0199011543172959,6.50233618376154,0.019901154317294,6.50233618376152,"2021-04-24",459,6.60491122334091,0.0189146901541328,6.49444447045623,6.49543093461939,-0.000917063893678002,-0.000917063893683498,-0.001673766924366,-1,-1,-1
12019,"Clay","Florida",0.030084753148984,6.60370612873233,0.030084753148981,6.60370612873231,"2021-04-25",460,6.63143696518067,0.0268110765866869,6.57751671623395,6.58079039279626,0.0101835988316881,0.010183598831687,0.0078963864325541,1,1,1
12019,"Clay","Florida",0.0384482424963386,6.70069879666016,0.0384482424963402,6.70069879666017,"2021-04-26",461,6.6547046505,0.0330448184182717,6.65747140403562,6.66287482811369,0.0083634893473546,0.0083634893473592,0.0062337418315848,1,1,1
12019,"Clay","Florida",0.0352499215784247,6.71356047181319,0.0352499215784263,6.7135604718132,"2021-04-27",462,6.6778028857386,0.0292303962900903,6.66540426950651,6.67142379479484,-0.0031983209179139,-0.0031983209179139,-0.0038144221281814,-1,-1,-1
12019,"Clay","Florida",0.0323313438190287,6.72546177131644,0.0323313438190302,6.72546177131645,"2021-04-28",463,6.70002799825149,0.0280967477561193,6.69158500281316,6.69581959887608,-0.002918577759396,-0.0029185777593961,-0.001133648533971,-1,-1,-1
12019,"Clay","Florida",0.0381701582065288,6.80450363023547,0.038170158206527,6.80450363023546,"2021-04-29",464,6.71295620067707,0.0326715466765242,6.76051473799543,6.76601334952544,0.0058388143875001,0.0058388143874968,0.0045747989204049,1,1,1
12019,"Clay","Florida",0.0327697989946333,6.79947091474684,0.0327697989946349,6.79947091474685,"2021-04-30",465,6.72108140744932,0.028002994649677,6.76133647998719,6.76610328433214,-0.00540035921189549,-0.0054003592118921,-0.0046685520268472,-1,-1,-1
12019,"Clay","Florida",0.0348289015565054,6.84871353423645,0.0348289015565042,6.84871353423644,"2021-05-01",466,6.72811583638771,0.0305660241934516,6.81461051533201,6.81887339269507,0.0020591025618721,0.0020591025618693,0.0025630295437746,1,1,1
12019,"Clay","Florida",0.0265257418397634,6.81711715805902,0.0265257418397633,6.81711715805902,"2021-05-02",467,6.73527089246637,0.0244912623593575,6.80084132221577,6.80287580169617,-0.008303159716742,-0.0083031597167409,-0.0060747618340941,-1,-1,-1
12019,"Clay","Florida",0.0232676853193238,6.81757844773526,0.0232676853193237,6.81757844773526,"2021-05-03",468,6.73984368390484,0.0231619774509032,6.8167327847879,6.81683849265632,-0.0032580565204396,-0.0032580565204396,-0.0013292849084543,-1,-1,-1
12019,"Clay","Florida",0.0230982352386019,6.83949053240881,0.023098235238602,6.83949053240881,"2021-05-04",469,6.74355426330138,0.0223959815149853,6.83387250261988,6.8345747563435,-0.000169450080721899,-0.000169450080721698,-0.000765995935917901,-1,-1,-1
12019,"Clay","Florida",0.0222251125128897,6.85560378584171,0.0222251125128876,6.8556037858417,"2021-05-05",470,6.74136331273252,0.0221153080452914,6.85472535010093,6.85483515456853,-0.000873122725712199,-0.000873122725714402,-0.0002806734696939,-1,-1,-1
12019,"Clay","Florida",0.0129282024255845,6.80345361765616,0.0129282024255843,6.80345361765616,"2021-05-06",471,6.73899844676552,0.0140716183012733,6.81260094466168,6.81145752878598,-0.0092969100873052,-0.0092969100873033,-0.0080436897440181,-1,-1,-1
12019,"Clay","Florida",0.00812520677224919,6.77795785485506,0.0081252067722497,6.77795785485507,"2021-05-07",472,6.74035048347646,0.00912051423497515,6.78592031455687,6.78492500709415,-0.00480299565333531,-0.0048029956533346,-0.00495110406629815,-1,-1,-1
12019,"Clay","Florida",0.00703442893839482,6.77735683895648,0.00703442893839323,6.77735683895647,"2021-05-08",473,6.73084761203226,0.00796981796598267,6.78483995117718,6.78390456214959,-0.00109077783385437,-0.00109077783385647,-0.00115069626899248,-1,-1,-1
12019,"Clay","Florida",0.00715505607866232,6.78535628501701,0.00715505607866174,6.78535628501701,"2021-05-09",474,6.72297355560136,0.00743973008834557,6.78763367709447,6.78734900308479,0.0001206271402675,0.00012062714026851,-0.0005300878776371,1,1,-1
12019,"Clay","Florida",0.00457279143846752,6.77185322397411,0.00457279143846634,6.77185322397411,"2021-05-10",475,6.71156658780798,0.00573471032634844,6.78114857507716,6.77998665618928,-0.0025822646401948,-0.0025822646401954,-0.00170501976199713,-1,-1,-1
12019,"Clay","Florida",0.00371057939653797,6.76952831907714,0.00371057939653685,6.76952831907714,"2021-05-11",476,6.69456205852109,0.00557753477425402,6.78446396209887,6.78259700672116,-0.00086221204192955,-0.00086221204192949,-0.00015717555209442,-1,-1,-1
12019,"Clay","Florida",-0.00219095056885357,6.72602665875055,0,6.74136331273252,"2021-05-12",477,6.68246657132154,-0.00357653849423023,6.71494195534754,6.71632754327291,-0.00590152996539154,-0.00371057939653685,-0.00915407326848425,-1,-1,-1
12019,"Clay","Florida",-0.00236486596700949,6.72244438499645,0,6.73899844676552,"2021-05-13",478,6.67076632084587,-0.00483810906405395,6.70265844022009,6.70513168331714,-0.00017391539815592,0,-0.00126157056982372,-1,0,-1
12019,"Clay","Florida",0.00135203671094857,6.7498147404531,0.00135203671094608,6.74981474045309,"2021-05-14",479,6.65027904858742,0.00373361165043741,6.76886733996902,6.76648576502952,0.00371690267795806,0.00135203671094608,0.00857172071449136,1,1,1
12019,"Clay","Florida",-0.00950287144419876,6.66432751192287,0,6.73084761203226,"2021-05-15",480,6.63688349944487,-0.00999617257027749,6.66038110291424,6.66087440404032,-0.0108549081551473,-0.00135203671094608,-0.0137297842207149,-1,-1,-1
12019,"Clay","Florida",-0.00787405643090843,6.667855160585,0,6.72297355560136,"2021-05-16",481,6.61931101137151,-0.00831513917083828,6.66432649866555,6.66476758140549,0.00162881501329033,0,0.00168103339943921,1,0,1
12019,"Clay","Florida",-0.0114069677933783,6.63171781325433,0,6.71156658780798,"2021-05-17",482,6.60471781844716,-0.0112224742689155,6.63319376145004,6.63300926792557,-0.00353291136246987,0,-0.00290733509807722,-1,0,-1
12019,"Clay","Florida",-0.0170045292868828,6.57553035351292,0,6.69456205852109,"2021-05-18",483,6.59460886766442,-0.0170692579242465,6.57501252441401,6.57507725305136,-0.0055975614935045,0,-0.005846783655331,-1,0,-1
12019,"Clay","Florida",-0.0120954871995565,6.59779816092464,0,6.68246657132154,"2021-05-19",484,6.5810353338036,-0.0125573511282651,6.59410324949497,6.59456511342368,0.0049090420873263,0,0.0045119067959814,1,0,1
12019,"Clay","Florida",-0.0117002504756651,6.58886456751622,0,6.67076632084587,"2021-05-20",485,6.56847911502819,-0.0128922634615022,6.57932846362952,6.58052047661536,0.0003952367238914,0,-0.000334912333237101,1,0,-1
12019,"Clay","Florida",-0.0204872722584534,6.50686814277825,0,6.65027904858742,"2021-05-21",486,6.55961523749324,-0.0184161951217872,6.52343675987157,6.52136568273491,-0.0087870217827883,0,-0.005523931660285,-1,0,-1
12019,"Clay","Florida",-0.0133955491425462,6.54311465544705,0,6.63688349944487,"2021-05-22",487,6.55250788703459,-0.0138330085056509,6.53961498054221,6.54005243990531,0.0070917231159072,0,0.0045831866161363,1,0,1
12019,"Clay","Florida",-0.01757248807337,6.49630359485792,0,6.61931101137151,"2021-05-23",488,6.54164823723123,-0.0182795823785331,6.49064684041661,6.49135393472178,-0.0041769389308238,0,-0.0044465738728822,-1,0,-1
12019,"Clay","Florida",-0.0145931929243444,6.50256546797675,0,6.60471781844716,"2021-05-24",489,6.53150217234908,-0.016008613193575,6.49124210582291,6.49265752609213,0.0029792951490256,0,0.0022709691849581,1,0,1
12019,"Clay","Florida",-0.0101089507827399,6.52384621218524,0,6.59460886766442,"2021-05-25",490,6.51893656198872,-0.0121089667590583,6.50784608437469,6.50984610035101,0.0044842421416045,0,0.0038996464345167,1,0,1
12019,"Clay","Florida",-0.0135735338608226,6.48602059677784,0,6.5810353338036,"2021-05-26",491,6.50557049899554,-0.0140214397259272,6.482437349857,6.48288525572211,-0.0034645830780827,0,-0.0019124729668689,-1,0,-1
12019,"Clay","Florida",-0.012556218775414,6.48058558360029,0,6.56847911502819,"2021-05-27",492,6.4894220158806,-0.0139062697774509,6.46978517558399,6.47113522658603,0.0010173150854086,0,0.000115169948476301,1,0,1
12019,"Clay","Florida",-0.00886387753494593,6.49756809474862,0,6.55961523749324,"2021-05-28",493,6.47212547082771,-0.0108019354443355,6.48206363147351,6.48400168938289,0.00369234124046807,0,0.0031043343331154,1,0,1
12019,"Clay","Florida",-0.00710735045865006,6.50275643382404,0,6.55250788703459,"2021-05-29",494,6.44208510388924,-0.0104024651287149,6.47639551646352,6.47969063113359,0.00175652707629587,0,0.0003994703156206,1,0,1
12019,"Clay","Florida",-0.0108596498033556,6.46563068860774,0,6.54164823723123,"2021-05-30",495,6.41275613413269,-0.0116456678426208,6.45934254429362,6.46012856233288,-0.00375229934470554,0,-0.0012432027139059,-1,0,-1
12019,"Clay","Florida",-0.0101460648821514,6.46047971817402,0,6.53150217234908,"2021-05-31",496,6.37453796490125,-0.0120711501917816,6.44507903569698,6.44700412100661,0.000713584921204199,0,-0.000425482349160801,1,0,-1
12019,"Clay","Florida",-0.012565610360365,6.43097728946616,0,6.51893656198872,"2021-06-01",497,6.343378173945,-0.0141523486623903,6.41828338304996,6.41987012135199,-0.0024195454782136,0,-0.0020811984706087,-1,0,-1
12019,"Clay","Florida",-0.0133660629931748,6.41200805804332,0,6.50557049899554,"2021-06-02",498,6.30913875369698,-0.012121033779612,6.42196829175182,6.42072326253826,-0.000800452632809801,0,0.0020313148827783,-1,0,1
12019,"Clay","Florida",-0.0161484831149382,6.37638263407604,0,6.4894220158806,"2021-06-03",499,6.27368530512177,-0.0170357804353944,6.36928425551238,6.37017155283284,-0.0027824201217634,0,-0.0049147466557824,-1,0,-1
12019,"Clay","Florida",-0.0172965450528956,6.35104965545744,0,6.47212547082771,"2021-06-04",500,6.22512404015017,-0.0179590207536939,6.34574984985105,6.34641232555185,-0.0011480619379574,0,-0.0009232403182995,-1,0,-1
12019,"Clay","Florida",-0.0300403669384637,6.23180253532,0,6.44208510388924,"2021-06-05",501,6.17912894831243,-0.0278894090142758,6.2490101987135,6.24685924078931,-0.0127438218855681,0,-0.0099303882605819,-1,0,-1
12019,"Clay","Florida",-0.0293289697565577,6.20745334583678,0,6.41275613413269,"2021-06-06",502,6.12686918411419,-0.0287389074601094,6.21217384420836,6.21158378191192,0.000711397181906003,0,-0.0008494984458336,1,0,-1
12019,"Clay","Florida",-0.0382181692314397,6.10701078028117,0,6.37453796490125,"2021-06-07",503,6.07337364386148,-0.0353460705376463,6.12998756983152,6.12711547113773,-0.008889199474882,0,-0.0066071630775369,-1,0,-1
12019,"Clay","Florida",-0.0311597909562432,6.1252596372513,0,6.343378173945,"2021-06-08",504,5.99964527919817,-0.0296958195641511,6.13697140838804,6.13550743699594,0.0070583782751965,0,0.0056502509734952,1,0,1
12019,"Clay","Florida",-0.0342394202480188,6.06946281196085,0,6.30913875369698,"2021-06-09",505,5.91581692876867,-0.0330110525966471,6.07928975317182,6.07806138552045,-0.0030796292917756,0,-0.003315233032496,-1,0,-1
12019,"Clay","Florida",-0.035453448575222,6.02551116509521,0,6.27368530512177,"2021-06-10",506,5.81923475388082,-0.0327760189402751,6.04693060217478,6.04425317253984,-0.0012140283272032,0,0.000235033656372001,-1,0,1
12019,"Clay","Florida",-0.0485612649715971,5.88519518534899,0,6.22512404015017,"2021-06-11",507,5.78118433572453,-0.0902359817061287,5.55179745147274,5.59347216820727,-0.0131078163963751,0,-0.0574599627658536,-1,0,-1
12019,"Clay","Florida",-0.0459950918377373,5.85716330544827,0,6.17912894831243,"2021-06-12",508,5.74848265357411,-0.0935611085446049,5.47663517179333,5.5242011885002,0.0025661731338598,0,-0.0033251268384762,1,0,-1
12019,"Clay","Florida",-0.0522597641982412,5.7610508347265,0,6.12686918411419,"2021-06-13",509,5.71420417011861,-0.0994036885425976,5.38389943997165,5.43104336431601,-0.0062646723605039,0,-0.00584257999799269,-1,0,-1
12019,"Clay","Florida",-0.0534955402527143,5.69890486209248,0,6.07337364386148,"2021-06-14",510,5.68455111272831,-0.116839550541244,5.19215277978424,5.25549679007277,-0.0012357760544731,0,-0.0174358619986464,-1,0,-1
12019,"Clay","Florida",-0.0737283646633168,5.48354672655496,0,5.99964527919817,"2021-06-15",511,5.65248918026865,-0.132219978515892,5.01561381573434,5.07410542958693,-0.0202328244106025,0,-0.015380427974648,-1,0,-1
12019,"Clay","Florida",-0.0838283504295143,5.32901847576207,0,5.91581692876867,"2021-06-16",512,5.62967450250248,-0.149844885219782,4.80088619743992,4.8669027322302,-0.0100999857661975,0,-0.01762490670389,-1,0,-1
12019,"Clay","Florida",-0.0965821748878393,5.14315952966594,0,5.81923475388082,"2021-06-17",513,5.61312810638807,-0.184873537468555,4.43682862902023,4.52511999160094,-0.012753824458325,0,-0.035028652248773,-1,0,-1
12019,"Clay","Florida",-0.038050418156294,5.51483140863047,0,5.78118433572453,"2021-06-18",514,5.60264583011456,-0.0883286002570031,5.1126059518248,5.16288413392551,0.0585317567315453,0,0.0965449372115519,1,0,1
12019,"Clay","Florida",-0.0327016821504128,5.51957087852122,0,5.74848265357411,"2021-06-19",515,5.5915198875312,-0.0909898632542353,5.05326542969065,5.11155361079446,0.0053487360058812,0,-0.0026612629972322,1,0,-1
12019,"Clay","Florida",-0.0342784834554957,5.47425478593015,0,5.71420417011861,"2021-06-20",516,5.60264583011456,-0.0634779257932852,5.24065924722783,5.26985868956561,-0.0015768013050829,0,0.0275119374609501,-1,0,1
12019,"Clay","Florida",-0.0296530573902961,5.47697971099624,0,5.68455111272831,"2021-06-21",517,5.6235016433954,-0.06567271133127,5.18882247946845,5.22484213340942,0.0046254260651996,0,-0.0021947855379848,1,0,-1
12019,"Clay","Florida",-0.0320619324596652,5.42805565305099,0,5.65248918026865,"2021-06-22",518,5.65499231048677,-0.0614373163027661,5.19305258230618,5.22242796614929,-0.0024088750693691,0,0.0042353950285039,-1,0,1
12019,"Clay","Florida",-0.0228146777661677,5.46997175813931,0,5.62967450250248,"2021-06-23",519,5.66296048013595,-0.0585331036340959,5.18422435119588,5.21994277706381,0.0092472546934975,0,0.00290421266867021,1,0,1
12019,"Clay","Florida",-0.0165463961144103,5.4973033335872,0,5.61312810638807,"2021-06-24",520,5.67234094882138,-0.0440531354592202,5.27724941882872,5.30475615817353,0.0062682816517574,0,0.0144799681748757,1,0,1
12019,"Clay","Florida",-0.0104822762735088,5.5292698962,0,5.60264583011456,"2021-06-25",521,5.67528501375453,-0.0446900412076956,5.2556077767265,5.28981554166069,0.0060641198409015,0,-0.0006369057484754,1,0,-1
12019,"Clay","Florida",-0.0111259425833639,5.51363828944765,0,5.5915198875312,"2021-06-26",522,5.70235288184661,-0.0379185202282109,5.29929766828887,5.32609024593372,-0.000643666309855101,0,0.0067715209794847,-1,0,1
12019,"Clay","Florida",0.0111259425833639,5.68052742819811,0.0111259425833641,5.68052742819811,"2021-06-27",523,5.72870734830905,-0.0066982602226089,5.53793380575033,5.5557580085563,0.0222518851667278,0.0111259425833641,0.031220260005602,1,1,1
12019,"Clay","Florida",0.0208558132808381,5.76949233636126,0.0208558132808392,5.76949233636127,"2021-06-28",524,5.75438505436481,0.00586050108174165,5.64952983876849,5.66452515096759,0.0097298706974742,0.0097298706974751,0.0125587613043505,1,1,1
12019,"Clay","Florida",0.0314906670913694,5.87542698012636,0.0314906670913713,5.87542698012637,"2021-06-29",525,5.77941988886182,0.0142633697345534,5.73760860127183,5.75483589862864,0.0106348538105313,0.0106348538105321,0.00840286865281175,1,1,1
12019,"Clay","Florida",0.00796816964917758,5.71873766768019,0.00796816964917646,5.71873766768018,"2021-06-30",526,5.82894561761021,-0.0025939961788077,5.63424034105631,5.6448025068843,-0.0235224974421918,-0.0235224974421948,-0.0168573659133611,-1,-1,-1
12019,"Clay","Florida",0.00938046868543659,5.73800422961944,0.00938046868543729,5.73800422961944,"2021-07-01",527,5.88013386446365,0.00880143708805931,5.73337197684042,5.73395100843779,0.00141229903625901,0.00141229903626083,0.011395433266867,1,1,1
12019,"Clay","Florida",0.0029440649331488,5.69589346828657,0.0029440649331498,5.69589346828658,"2021-07-02",528,5.97598826196848,-0.00205815617317148,5.65587569943601,5.66087792054233,-0.00643640375228779,-0.00643640375228749,-0.0108595932612308,-1,-1,-1
12019,"Clay","Florida",0.0270678680920733,5.89182795849112,0.0270678680920753,5.89182795849114,"2021-07-03",529,6.01161725317546,0.108197889864736,6.54086813267242,6.45973811089976,0.0241238031589245,0.0241238031589255,0.110256046037907,1,1,1
12019,"Clay","Florida",0.0263544664624393,5.91318861354613,0.0263544664624424,5.91318861354615,"2021-07-04",530,6.04602037079716,0.0825704301661134,6.36291632317552,6.30670035947184,-0.000713401629634,-0.0007134016296329,-0.0256274596986226,-1,-1,-1
12019,"Clay","Florida",0.0256777060557507,5.93412899675506,0.0256777060557543,5.93412899675508,"2021-07-05",531,6.07927917283552,0.123170582664051,6.71407200962146,6.61657913301317,-0.000676760406688598,-0.000676760406688102,0.0406001524979376,-1,-1,1
12019,"Clay","Florida",0.0250348344970208,5.95466373034097,0.025034834497017,5.95466373034094,"2021-07-06",532,6.11146733950268,0.0900873942528563,6.47508420838766,6.41003164863181,-0.000642871558729902,-0.000642871558737299,-0.0330831884111947,-1,-1,-1
12019,"Clay","Florida",0.049525728748386,6.17562571884891,0.0495257287483852,6.1756257188489,"2021-07-07",533,6.14265165622092,0.12294613911293,6.76298900176526,6.68956859140072,0.0244908942513652,0.0244908942513682,0.0328587448600737,1,1,1
12019,"Clay","Florida",0.051188246853437,6.23845159243771,0.051188246853445,6.23845159243777,"2021-07-08",534,6.17289284792472,0.117382652246505,6.76800683558225,6.70181243018918,0.001662518105051,0.0016625181050598,-0.00556348686642499,1,1,-1
12019,"Clay","Florida",0.0958543975048305,6.6469690445023,0.0958543975048309,6.6469690445023,"2021-07-09",535,6.24638358209233,0.158281395409549,7.14638502774005,7.08395802983533,0.0446661506513935,0.0446661506513859,0.040898743163044,1,1,1
12019,"Clay","Florida",0.0356289912069807,6.26102019162432,0.035628991206976,6.26102019162429,"2021-07-10",536,6.31535800152233,0.0408121818119988,6.30248571646447,6.29730252585945,-0.0602254062978498,-0.0602254062978549,-0.11746921359755,-1,-1,-1
12019,"Clay","Florida",0.0344031176217052,6.2868421941491,0.0344031176217037,6.28684219414909,"2021-07-11",537,6.37988037683078,0.0368250497904164,6.30621765149879,6.30379571933007,-0.0012258735852755,-0.0012258735852723,-0.0039871320215824,-1,-1,-1
12019,"Clay","Florida",0.0332588020383537,6.312090787104,0.0332588020383584,6.31209078710403,"2021-07-12",538,6.4404907521109,0.0343670008579529,6.32095637766078,6.31984817884119,-0.0011443155833515,-0.0011443155833453,-0.0024580489324635,-1,-1,-1
12019,"Clay","Florida",0.0321881666671551,6.33678450617276,0.0321881666671571,6.33678450617278,"2021-07-13",539,6.49763650219263,0.0317639890281134,6.33339108506043,6.33381526269947,-0.0010706353711986,-0.0010706353712013,-0.0026030118298395,-1,-1,-1
12019,"Clay","Florida",0.0311843167182448,6.36094187324863,0.0311843167182406,6.3609418732486,"2021-07-14",540,6.55169239259592,0.0298494221259901,6.3502627165106,6.35159761110285,-0.0010038499489103,-0.0010038499489165,-0.0019145669021233,-1,-1,-1
12019,"Clay","Florida",0.0302411917038054,6.38458118985136,0.0302411917038032,6.38458118985135,"2021-07-15",541,6.60297548909341,0.0335713832633707,6.41122272232789,6.40789253076831,-0.000943125014439401,-0.000943125014437399,0.0037219611373806,-1,-1,1
12019,"Clay","Florida",0.0734907341676157,6.76081872126564,0.0734907341676045,6.76081872126556,"2021-07-16",542,6.7122616356205,0.0617749885854015,6.66709275660793,6.67880850219014,0.0432495424638103,0.0432495424638013,0.0282036053220308,1,1,1
12019,"Clay","Florida",0.0689744194300083,6.79817893753239,0.0689744194300079,6.79817893753239,"2021-07-17",543,6.81124437860129,0.0663976456687012,6.77756474744194,6.78014152120324,-0.0045163147376074,-0.0045163147375966,0.0046226570832997,-1,-1,1
12019,"Clay","Florida",0.0645223753084518,6.83153700398994,0.0645223753084423,6.83153700398987,"2021-07-18",544,6.90130595530223,0.0598939075104049,6.79450926160557,6.79913772940361,-0.0044520441215565,-0.00445204412156559,-0.00650373815829629,-1,-1,-1
12019,"Clay","Florida",0.0606103752801247,6.86476337907177,0.0606103752801239,6.86476337907177,"2021-07-19",545,6.98392235421709,0.0553568016748869,6.82273479022987,6.82798836383511,-0.0039120000283271,-0.00391200002831841,-0.004537105835518,-1,-1,-1
12019,"Clay","Florida",0.0571457500817235,6.89765675276469,0.057145750081725,6.8976567527647,"2021-07-20",546,7.0602310876076,0.0548539005707679,6.87932195667704,6.88161380618801,-0.0034646251984012,-0.0034646251983989,-0.000502901104118998,-1,-1,-1
12019,"Clay","Florida",0.0540558904032933,6.93008362541897,0.0540558904032933,6.93008362541897,"2021-07-21",547,7.13112737560645,0.0532260788462463,6.9234451329626,6.92427494451964,-0.0030898596784302,-0.0030898596784317,-0.0016278217245216,-1,-1,-1
12019,"Clay","Florida",0.0512830964974865,6.96195716457582,0.0512830964974942,6.96195716457587,"2021-07-22",548,7.19732841938013,0.0497615653971017,6.94978491577273,6.95130644687312,-0.0027727939058068,-0.0027727939057991,-0.0034645134491446,-1,-1,-1
12019,"Clay","Florida",0.10928614652708,7.47726466131005,0.109286146527082,7.47726466131007,"2021-07-23",549,7.30566813093712,0.0975604495398356,7.38345908541209,7.39518478239935,0.0580030500295935,0.0580030500295878,0.0477988841427339,1,1,1
12019,"Clay","Florida",0.0989827429807972,7.50412357946687,0.0989827429807981,7.50412357946688,"2021-07-24",550,7.39422966045572,0.0896297408833776,7.42929956268752,7.43865256478493,-0.0103034035462828,-0.0103034035462839,-0.00793070865645799,-1,-1,-1
12019,"Clay","Florida",0.0900615767009238,7.5317369922087,0.0900615767009363,7.53173699220878,"2021-07-25",551,7.4755821613827,0.0851107777547911,7.49213060063962,7.49708139958577,-0.00892116627987341,-0.00892116627986179,-0.0045189631285865,-1,-1,-1
12019,"Clay","Florida",0.0826163989148496,7.56223714662104,0.0826163989148618,7.56223714662112,"2021-07-26",552,7.5508114496396,0.0795291725245339,7.5375393354985,7.54062656188883,-0.00744517778607419,-0.00744517778607449,-0.00558160523025721,-1,-1,-1
12019,"Clay","Florida",0.0763087333905206,7.59439222134124,0.0763087333905093,7.59439222134117,"2021-07-27",553,7.62077511239762,0.0731033180886306,7.56874889892613,7.57195431422801,-0.006307665524329,-0.00630766552435251,-0.00642585443590329,-1,-1,-1
12019,"Clay","Florida",0.0708962879988456,7.62740139159837,0.0708962879988446,7.62740139159836,"2021-07-28",554,7.68616230349291,0.0689045418737691,7.61146742259775,7.61345916872283,-0.005412445391675,-0.00541244539166469,-0.0041987762148615,-1,-1,-1
12019,"Clay","Florida",0.0662010437736757,7.66073572579586,0.0662010437736855,7.66073572579593,"2021-07-29",555,7.74753515408626,0.0639259774223736,7.64253519498544,7.64481026133675,-0.00469524422516991,-0.0046952442251591,-0.0049785644513955,-1,-1,-1
12019,"Clay","Florida",0.108339711556984,8.06404611183601,0.108339711556986,8.06404611183602,"2021-07-30",556,7.82837946500913,0.0971425219069434,7.97446859463568,7.98566578428572,0.0421386677833083,0.0421386677833005,0.0332165444845698,1,1,1
12019,"Clay","Florida",0.0885615295185838,8.0141603670858,0.0885615295185982,8.0141603670859,"2021-07-31",557,7.89490380895276,0.0854769554755024,7.98948377474114,7.99256834878424,-0.0197781820384002,-0.0197781820383878,-0.011665566431441,-1,-1,-1
12019,"Clay","Florida",0.081352500926983,8.04504966787158,0.0813525009269851,8.0450496678716,"2021-08-01",558,7.95727735847181,0.0808126124689936,8.04073056020767,8.04127044866565,-0.0072090285916008,-0.00720902859161311,-0.00466434300650879,-1,-1,-1
12019,"Clay","Florida",0.0752292882569108,8.07741646743798,0.0752292882568995,8.0774164674379,"2021-08-02",559,8.01598781102724,0.0732655680232878,8.061706705569,8.06367042580261,-0.0061232126700722,-0.00612321267008559,-0.00754704444570579,-1,-1,-1
12019,"Clay","Florida",0.06996366275802,8.11052075170376,0.0699636627580213,8.11052075170377,"2021-08-03",560,8.07144165962986,0.0698590045012595,8.10968348564968,8.10978814390644,-0.0052656254988908,-0.00526562549887821,-0.00340656352202831,-1,-1,-1
12019,"Clay","Florida",0.0653871910952735,8.14387264115982,0.0653871910952848,8.1438726411599,"2021-08-04",561,8.12398127680239,0.0664127016782726,8.1520767258238,8.15105121524082,-0.00457647166274651,-0.00457647166273649,-0.0034463028229869,-1,-1,-1
12019,"Clay","Florida",0.0613728505933504,8.17714510823971,0.0613728505933526,8.17714510823973,"2021-08-05",562,8.1738977294469,0.0613558317134712,8.17700895720068,8.17702597608056,-0.00401434050192309,-0.0040143405019322,-0.0050568699648014,-1,-1,-1
12019,"Clay","Florida",0.0808443109228857,8.39428964146933,0.0808443109228731,8.39428964146924,"2021-08-06",563,8.21828645268117,0.0820487736774402,8.40392534350578,8.40272088075121,0.0194714603295353,0.0194714603295205,0.020692941963969,1,1,1
12019,"Clay","Florida",0.0665243439436244,8.36057421655813,0.0665243439436249,8.36057421655813,"2021-08-07",564,8.24823005937743,0.0661592618313767,8.35765355966014,8.3580186417724,-0.0143199669792613,-0.0143199669792482,-0.0158895118460635,-1,-1,-1
12019,"Clay","Florida",0.0623735495190554,8.3938922051052,0.0623735495190543,8.39389220510519,"2021-08-08",565,8.27730305264127,0.0646524165106202,8.41212314103772,8.40984427404615,-0.004150794424569,-0.0041507944245706,-0.0015068453207565,-1,-1,-1
12019,"Clay","Florida",0.0587104525554254,8.42696097891521,0.0587104525554265,8.42696097891522,"2021-08-09",566,8.30555463171635,0.0630424776285903,8.46161717950053,8.45728515442737,-0.00366309696363,-0.0036630969636278,-0.0016099388820299,-1,-1,-1
12019,"Clay","Florida",0.0554538486026252,8.45961859984824,0.0554538486026264,8.45961859984825,"2021-08-10",567,8.33302993974291,0.0570928504057795,8.47273061427348,8.47109161247032,-0.0032566039528002,-0.0032566039528001,-0.0059496272228108,-1,-1,-1
12019,"Clay","Florida",0.0525396171725227,8.49175859701005,0.0525396171725312,8.49175859701011,"2021-08-11",568,8.35977049771856,0.0566813273820701,8.52489227868642,8.52075056847688,-0.0029142314301025,-0.0029142314300952,-0.000411523023709399,-1,-1,-1
12019,"Clay","Florida",0.0499164526445036,8.52331289795842,0.0499164526445046,8.52331289795843,"2021-08-12",569,8.38581458193118,0.0539681795631218,8.55572671330737,8.55167498638875,-0.0026231645280191,-0.0026231645280266,-0.0027131478189483,-1,-1,-1
12019,"Clay","Florida",0.0443887232342648,8.52900751532102,0.0443887232342668,8.52900751532103,"2021-08-13",570,8.41094339157353,0.0513656423494679,8.58482286824264,8.57784594912745,-0.0055277294102388,-0.0055277294102378,-0.0026025372136539,-1,-1,-1
12019,"Clay","Florida",0.029943606696258,8.45783530625123,0.0299436066962606,8.45783530625125,"2021-08-14",571,8.42074522171727,0.0413098314888995,8.54876510459237,8.53739887979973,-0.0144451165380068,-0.0144451165380062,-0.0100558108605684,-1,-1,-1
12019,"Clay","Florida",0.0290729932638391,8.48081400548814,0.0290729932638421,8.48081400548816,"2021-08-15",572,8.43045190781823,0.0427652576952479,8.59035212093941,8.57665985650801,-0.000870613432418899,-0.0008706134324185,0.0014554262063484,-1,-1,1
12019,"Clay","Florida",0.0282515790750868,8.50331568524196,0.0282515790750821,8.50331568524193,"2021-08-16",573,8.44006527921505,0.036829953720299,8.57194268240366,8.56336430775844,-0.000821414188752301,-0.00082141418876,-0.0059353039749489,-1,-1,-1
12019,"Clay","Florida",0.0274753080265625,8.52535709592885,0.0274753080265597,8.52535709592883,"2021-08-17",574,8.44958711298917,0.0345721452607096,8.58213179380203,8.57503495656788,-0.000776271048524301,-0.0007762710485224,-0.0022578084595894,-1,-1,-1
12019,"Clay","Florida",0.0267405579756501,8.54695440354811,0.0267405579756499,8.54695440354811,"2021-08-18",575,8.45901913593646,0.0325626251324726,8.59353094080269,8.58770887364587,-0.000734750050912399,-0.0007347500509098,-0.002009520128237,-1,-1,-1
12019,"Clay","Florida",0.0260440842126168,8.56812317141949,0.0260440842126144,8.56812317141948,"2021-08-19",576,8.46836302644678,0.0327449762348649,8.62173030759748,8.61502941557523,-0.000696473763033299,-0.000696473763035499,0.0001823511023923,-1,-1,1
12019,"Clay","Florida",0.0251288096423512,8.58684505906998,0.0251288096423519,8.58684505906999,"2021-08-20",577,8.470640522187,0.0307086080538605,8.63148344636206,8.62590364795055,-0.000915274570265603,-0.000915274570262501,-0.0020363681810044,-1,-1,-1
12019,"Clay","Florida",0.00980183014373822,8.48935803272343,0.00980183014373992,8.48935803272345,"2021-08-21",578,8.46089491175648,0.0235069144799557,8.59899870741318,8.58529362307696,-0.015326979498613,-0.015326979498612,-0.0072016935739048,-1,-1,-1
12019,"Clay","Florida",0.00970668610096464,8.49839871052499,0.00970668610096759,8.49839871052501,"2021-08-22",579,8.45105338891169,0.021959269703048,8.59641937934165,8.58416679573956,-9.51440427735799e-05,-9.51440427723309e-05,-0.0015476447769077,-1,-1,-1
12019,"Clay","Florida",0.00961337139681463,8.50735887899275,0.0096133713968154,8.50735887899276,"2021-08-23",580,8.44111404700914,0.0187946279833533,8.58080893168506,8.57162767509852,-9.33147041500097e-05,-9.33147041521885e-05,-0.0031646417196947,-1,-1,-1
12019,"Clay","Florida",0.00952183377411562,8.51623994940798,0.00952183377411586,8.51623994940798,"2021-08-24",581,8.43107492198081,0.0197193311424805,8.59781992835489,8.58762243098653,-9.15376226990113e-05,-9.15376226995404e-05,0.0009247031591272,-1,-1,1
12019,"Clay","Florida",0.00943202294729675,8.52504329656754,0.00943202294729772,8.52504329656755,"2021-08-25",582,8.42093399000476,0.0170922139163464,8.58632482431994,8.57866463335088,-8.98108268188695e-05,-8.98108268181409e-05,-0.0026271172261341,-1,-1,-1
12019,"Clay","Florida",0.00934389051032066,8.53377026001903,0.00934389051032092,8.53377026001903,"2021-08-26",583,8.41068916505633,0.0169229930808289,8.59440308058309,8.58682397801258,-8.81324369760902e-05,-8.81324369767997e-05,-0.0001692208355175,-1,-1,-1
12019,"Clay","Florida",0.00227749574021331,8.48658299236849,0.00227749574021274,8.48658299236849,"2021-08-27",584,8.39725068291872,0.0131824966397286,8.57382299956461,8.5629179986651,-0.00706639477010735,-0.00706639477010818,-0.0037404964411003,-1,-1,-1
12019,"Clay","Florida",-0.00974561043051646,8.39267563874287,0,8.46089491175648,"2021-08-28",585,8.38630320516353,0.00637045469699752,8.52160415976298,8.50548809463546,-0.0120231061707298,-0.00227749574021274,-0.00681204194273108,-1,-1,-1
12019,"Clay","Florida",-0.00984152284479081,8.38216272899816,0,8.45105338891169,"2021-08-29",586,8.37523455235434,0.00179811092462959,8.47527979915352,8.4636401653841,-9.5912414274351e-05,0,-0.00457234377236793,-1,0,-1
12019,"Clay","Florida",-0.00993934190255972,8.37153865369122,0,8.44111404700914,"2021-08-30",587,8.36404201192206,-0.000876091402350283,8.44404465769289,8.43498140719269,-9.78190577689102e-05,0,-0.00267420232697987,-1,0,-1
12019,"Clay","Florida",-0.0100391250283263,8.36080104678252,0,8.43107492198081,"2021-08-31",588,8.35272277918213,-0.00230818129612287,8.42264859664016,8.41491765290795,-9.97831257665803e-05,0,-0.00143208989377259,-1,0,-1
12019,"Clay","Florida",-0.0101409319760488,8.34994746617242,0,8.42093399000476,"2021-09-01",589,8.34127395311583,-0.00530740564890052,8.38861567678961,8.38378215046246,-0.000101806947722499,0,-0.00299922435277765,-1,0,-1
12019,"Clay","Florida",-0.0102448249484293,8.33897539041733,0,8.41068916505633,"2021-09-02",590,8.32969253190743,-0.00434516128278504,8.38617269974248,8.38027303607683,-0.0001038929723805,0,0.00096224436611548,-1,0,1
12019,"Clay","Florida",-0.0134384821376126,8.30318130795543,0,8.39725068291872,"2021-09-03",591,8.32149108443074,-0.00748056564601323,8.35084463988822,8.34488672339663,-0.0031936571891833,0,-0.00313540436322819,-1,0,-1
12019,"Clay","Florida",-0.0109474777551794,8.30967086087728,0,8.38630320516353,"2021-09-04",592,8.31350206602884,-0.00675885430959348,8.34317984844197,8.33899122499638,0.0024910043824332,0,0.00072171133641975,1,0,1
12019,"Clay","Florida",-0.0110686528091938,8.29775398268998,0,8.37523455235434,"2021-09-05",593,8.3054487088634,-0.00860188244256224,8.31748814562303,8.31502137525641,-0.0001211750540144,0,-0.00184302813296876,-1,0,-1
12019,"Clay","Florida",-0.0111925404322803,8.2856942288961,0,8.36404201192206,"2021-09-06",594,8.2973299682236,-0.00722631853534525,8.31742400407158,8.31345778217464,-0.000123887623086499,0,0.00137556390721699,-1,0,1
12019,"Clay","Florida",-0.0113192327399319,8.2734881500026,0,8.35272277918213,"2021-09-07",595,8.28914477374473,-0.00830101149253522,8.29763391998178,8.29461569873438,-0.000126692307651602,0,-0.00107469295718997,-1,0,-1
12019,"Clay","Florida",-0.011448826066296,8.26113217065176,0,8.34127395311583,"2021-09-08",596,8.2808920285613,-0.00963249828145207,8.27566279293051,8.27384646514567,-0.0001295933263641,0,-0.00133148678891685,-1,0,-1
12019,"Clay","Florida",-0.0115814212084028,8.24862258344861,0,8.32969253190743,"2021-09-09",597,8.2725706084249,-0.00821426931013539,8.27555979863475,8.27219264673648,-0.0001325951421068,0,0.00141822897131668,-1,0,1
12019,"Clay","Florida",-0.00820144747668228,8.26408095209397,0,8.32149108443074,"2021-09-10",598,8.25196196399227,-0.00627347794496369,8.27950470834772,8.27757673881599,0.00337997373172052,0,0.0019407913651717,1,0,1
12019,"Clay","Florida",-0.0079890184019043,8.25757893721551,0,8.31350206602884,"2021-09-11",599,8.23978200192423,-0.00681929104449536,8.26693675607478,8.26576702871737,0.000212429074777979,0,-0.00054581309953167,1,0,-1
12019,"Clay","Florida",-0.00805335716544354,8.24907520870529,0,8.3054487088634,"2021-09-12",600,8.22745185728263,-0.00685598725787226,8.25865416796586,8.25745679805829,-6.43387635392394e-05,0,-3.66962133768996e-05,-1,0,-1
12019,"Clay","Florida",-0.00811874063979342,8.24049878374504,0,8.2973299682236,"2021-09-13",601,8.21496778019021,-0.00715201849515183,8.24823256090218,8.24726583875754,-6.5383474349881e-05,0,-0.00029603123727957,-1,0,-1
12019,"Clay","Florida",-0.00818519447886559,8.23184841239267,0,8.28914477374473,"2021-09-14",602,8.20232587854741,-0.00761578881357792,8.23640365771498,8.23583425204968,-6.64538390721687e-05,0,-0.000463770318426091,-1,0,-1
12019,"Clay","Florida",-0.00825274518343411,8.22312281227726,0,8.2808920285613,"2021-09-15",603,8.18952211074809,-0.00773997902943905,8.22722494150922,8.22671217535523,-6.75507045685211e-05,0,-0.00012419021586113,-1,0,-1
12019,"Clay","Florida",-0.00832142013639615,8.21432066747013,0,8.2725706084249,"2021-09-16",604,8.17655227792281,-0.00795422915317084,8.21725819533593,8.2168910043527,-6.86749529620403e-05,0,-0.00021425012373179,-1,0,-1
12019,"Clay","Florida",-0.0206086444326319,8.10770145296385,0,8.25196196399227,"2021-09-17",605,8.15732949533765,-0.0167174215815972,8.13883123577212,8.13494001292109,-0.0122872242962358,0,-0.00876319242842636,-1,0,-1
12019,"Clay","Florida",-0.0121799620680401,8.15452226744795,0,8.23978200192423,"2021-09-18",606,8.14173061510374,-0.0113793747111808,8.16092696630282,8.16012637894596,0.0084286823645918,0,0.0053380468704164,1,0,1
12019,"Clay","Florida",-0.0123301446415994,8.14114084479143,0,8.22745185728263,"2021-09-19",607,8.12588454888919,-0.0115068735248781,8.1477270137252,8.14690374260848,-0.000150182573559299,0,-0.000127498813697301,-1,0,-1
12019,"Clay","Florida",-0.0124840770924208,8.12757924054326,0,8.21496778019021,"2021-09-20",608,8.10978333637014,-0.0125250921913503,8.12725111975183,8.12729213485076,-0.0001539324508214,0,-0.0010182186664722,-1,0,-1
12019,"Clay","Florida",-0.0126419016427932,8.11383256704786,0,8.20232587854741,"2021-09-21",609,8.09341862639223,-0.0124048517774449,8.11572896597065,8.1154919161053,-0.0001578245503724,0,0.0001202404139054,-1,0,1
12019,"Clay","Florida",-0.0128037677993182,8.09989573615287,0,8.18952211074809,"2021-09-22",610,8.07678165095929,-0.0126288431653702,8.10129513322445,8.1011202085905,-0.000161866156525001,0,-0.000223991387925299,-1,0,-1
12019,"Clay","Florida",-0.0129698328252845,8.08576344814581,0,8.17655227792281,"2021-09-23",611,8.05986319702156,-0.0132726636154358,8.0833408018246,8.08364363261476,-0.000166065025966299,0,-0.000643820450065601,-1,0,-1
12019,"Clay","Florida",-0.0192227825851572,8.02277001724155,0,8.15732949533765,"2021-09-24",612,8.03189606772311,-0.0185516550088376,8.02813903785211,8.02746791027579,-0.0062529497598727,0,-0.0052789913934018,-1,0,-1
12019,"Clay","Florida",-0.0155988802339096,8.03253845346637,0,8.14173061510374,"2021-09-25",613,7.9982873917286,-0.0172140065890893,8.01961744262494,8.02123256898011,0.0036239023512476,0,0.0013376484197483,1,0,1
12019,"Clay","Florida",-0.0158460662145528,8.01496208538732,0,8.12588454888919,"2021-09-26",614,7.96350977213392,-0.0184263898154849,7.99431949657986,7.9968998201808,-0.000247185980643201,0,-0.0012123832263956,-1,0,-1
12019,"Clay","Florida",-0.0161012125190442,7.99707484873684,0,8.10978333637014,"2021-09-27",615,7.92747895565678,-0.0190264371556085,7.97367305164432,7.97659827628088,-0.000255146304491399,0,-0.000600047340123599,-1,0,-1
12019,"Clay","Florida",-0.0163647099779215,7.97886565654678,0,8.09341862639223,"2021-09-28",616,7.8901012383559,-0.0188953697956286,7.95862037800511,7.96115103782283,-0.000263497458877299,0,0.000131067359979899,-1,0,1
12019,"Clay","Florida",-0.0166369754329385,7.96032282292872,0,8.07678165095929,"2021-09-29",617,7.85127199710988,-0.019413066880236,7.93811409135034,7.94089018279764,-0.000272265455017,0,-0.000517697084607398,-1,0,-1
12019,"Clay","Florida",-0.0169184539377233,7.9414340194575,0,8.05986319702156,"2021-09-30",618,7.8108739242886,-0.019609293834832,7.91990730028063,7.92259814017774,-0.000281478504784799,0,-0.000196226954596,-1,0,-1
12019,"Clay","Florida",-0.0279671292984534,7.83612616263394,0,8.03189606772311,"2021-10-01",619,7.76484180833799,-0.0339760999564646,7.78805439736984,7.79406336802786,-0.0110486753607301,0,-0.0143668061216326,-1,0,-1
12019,"Clay","Florida",-0.0336086759945052,7.76302665976706,0,7.9982873917286,"2021-10-02",620,7.73736704614405,-0.033137012665913,7.76679996639581,7.76632830306721,-0.0056415466960518,0,0.000839087290551599,-1,0,1
12019,"Clay","Florida",-0.0347776195946744,7.7200664349712,0,7.96350977213392,"2021-10-03",621,7.70911604418232,-0.0360422604469052,7.70994930815336,7.71121394900558,-0.0011689436001692,0,-0.0029052477809922,-1,0,-1
12019,"Clay","Florida",-0.0360308164771496,7.67526324031673,0,7.92747895565678,"2021-10-04",622,7.68004366208085,-0.0371783078400999,7.66608330941312,7.66723080077608,-0.0012531968824752,0,-0.0011360473931947,-1,0,-1
12019,"Clay","Florida",-0.0373777173008716,7.6284572172498,0,7.8901012383559,"2021-10-05",623,7.65010070370085,-0.0365373402648494,7.63518023353798,7.63433985650195,-0.00134690082372201,0,0.000640967575250499,-1,0,1
12019,"Clay","Florida",-0.0388292412460174,7.57946730838776,0,7.85127199710988,"2021-10-06",624,7.61923341622681,-0.0399845694364375,7.5702246828644,7.57138001105482,-0.0014515239451458,0,-0.0034472291715881,-1,0,-1
12019,"Clay","Florida",-0.040398072821276,7.52808741453967,0,7.8108739242886,"2021-10-07",625,7.58738290945457,-0.0407633981217879,7.52516481213558,7.52553013743608,-0.0015688315752586,0,-0.000778828685350397,-1,0,-1
12019,"Clay","Florida",-0.0460321159506189,7.44261699668365,0,7.76484180833799,"2021-10-08",626,7.53788658810867,-0.049613536043013,7.4139656359445,7.4175470560369,-0.0056340431293429,0,-0.0088501379212251,-1,0,-1
12019,"Clay","Florida",-0.0274747621939408,7.54504371078646,0,7.73736704614405,"2021-10-09",627,7.49768250838337,-0.0310665426564821,7.51630946708613,7.51990124754868,0.0185573537566781,0,0.0185469933865309,1,0,1
12019,"Clay","Florida",-0.0282510019617314,7.51135903045019,0,7.70911604418232,"2021-10-10",628,7.45579410769905,-0.0351071926213179,7.45650950517351,7.46336569583309,-0.0007762397677906,0,-0.0040406499648358,-1,0,-1
12019,"Clay","Florida",-0.0290723821014582,7.47653698737064,0,7.68004366208085,"2021-10-11",629,7.41207406483343,-0.0326878046964352,7.44761360661084,7.4512290292058,-0.0008213801397268,0,0.0024193879248827,-1,0,1
12019,"Clay","Florida",-0.029942958379999,7.44049999504086,0,7.65010070370085,"2021-10-12",630,7.36635484264279,-0.0364503438428219,7.38844091133828,7.3949482968011,-0.000870576278540799,0,-0.0037625391463867,-1,0,-1
12019,"Clay","Florida",-0.0308672874740541,7.40316240390843,0,7.61923341622681,"2021-10-13",631,7.31844481122711,-0.0352206060217011,7.36833585552724,7.3726891740749,-0.000924329094055102,0,0.0012297378211208,-1,0,1
12019,"Clay","Florida",-0.0318505067722282,7.36442936204897,0,7.58738290945457,"2021-10-14",632,7.26812339475848,-0.037754558949738,7.31719694462891,7.3231009968064,-0.000983219298174097,0,-0.0025339529280369,-1,0,-1
12019,"Clay","Florida",-0.0494963213458952,7.1914123386874,0,7.53788658810867,"2021-10-15",633,7.20351180795145,-0.055546645091398,7.14300974872339,7.14906007246888,-0.017645814573667,0,-0.01779208614166,-1,0,-1
12019,"Clay","Florida",-0.0402040797253001,7.21625395030627,0,7.49768250838337,"2021-10-16",634,7.16062405419528,-0.0410776792558127,7.20926515406217,7.21013875359268,0.0092922416205951,0,0.0144689658355853,1,0,1
12019,"Clay","Florida",-0.0418884006843198,7.16257530290881,0,7.45579410769905,"2021-10-17",635,7.11581419859208,-0.0461700056043383,7.12832246354866,7.13260406846868,-0.0016843209590197,0,-0.0050923263485256,-1,0,-1
12019,"Clay","Florida",-0.0437200428656197,7.10603376477409,0,7.41207406483343,"2021-10-18",636,7.06890183863963,-0.045151835925383,7.09457942029599,7.09601121335575,-0.0018316421812999,0,0.0010181696789553,-1,0,1
12019,"Clay","Florida",-0.0457192221906443,7.04632028730828,0,7.36635484264279,"2021-10-19",637,7.0196799178526,-0.0481400496758139,7.02695366742692,7.02937449491209,-0.0019991793250246,0,-0.0029882137504309,-1,0,-1
12019,"Clay","Florida",-0.0479100314156873,6.98307459131729,0,7.31844481122711,"2021-10-20",638,6.96790920180188,-0.0478827701222544,6.98329268166475,6.98326542037133,-0.002190809225043,0,0.000257279553559503,-1,0,1
12019,"Clay","Florida",-0.0503214164686124,6.9158734794782,0,7.26812339475848,"2021-10-21",639,6.91331124455282,-0.0531553484507756,6.8932020236209,6.89603595560305,-0.0024113850529251,0,-0.0052725783285212,-1,0,-1
12019,"Clay","Florida",-0.0646115868070407,6.75123070030217,0,7.20351180795145,"2021-10-22",640,6.84557587769369,-0.0659900688101598,6.7402028442772,6.74158132628033,-0.0142901703384283,0,-0.0128347203593842,-1,0,-1
12019,"Clay","Florida",-0.0428877537561791,6.86040977790203,0,7.16062405419528,"2021-10-23",641,6.78348697363675,-0.0448868635761019,6.84441689934264,6.84641600916257,0.0217238330508616,0,0.0211032052340579,1,0,1
12019,"Clay","Florida",-0.0448098556031997,6.80214520936968,0,7.11581419859208,"2021-10-24",642,6.71728633648077,-0.0468028226302672,6.78620147315314,6.78819444018021,-0.0019221018470206,0,-0.0019159590541653,-1,0,-1
12019,"Clay","Florida",-0.0469123599524605,6.74051531897241,0,7.06890183863963,"2021-10-25",643,6.64639051484773,-0.0475899125346149,6.73509489831516,6.73577245089733,-0.0021025043492608,0,-0.000787089904347699,-1,0,-1
12019,"Clay","Florida",-0.0492219207870314,6.67512647234338,0,7.0196799178526,"2021-10-26",644,6.5700823217844,-0.0494898751249201,6.67298283764027,6.67325079197816,-0.0023095608345709,0,-0.0018999625903052,-1,0,-1
12019,"Clay","Florida",-0.0517707160507147,6.60551418944688,0,6.96790920180188,"2021-10-27",645,6.48746655626781,-0.0501979615539275,6.61809622542118,6.61652347092439,-0.0025487952636833,0,-0.000708086429007403,-1,0,-1
12019,"Clay","Florida",-0.0545979572490658,6.53112554380936,0,6.91331124455282,"2021-10-28",646,6.39740573234963,-0.0552988382383026,6.52551849589546,6.5262193768847,-0.0028272411983511,0,-0.0051008766843751,-1,0,-1
12019,"Clay","Florida",-0.0677353668591306,6.37142830967978,0,6.84557587769369,"2021-10-29",647,6.29209810016309,-0.0659901412682611,6.38539011440673,6.38364488881586,-0.0131374096100648,0,-0.0106913030299585,-1,0,-1
12019,"Clay","Florida",-0.0620889040569417,6.34886464523816,0,6.78348697363675,"2021-10-30",648,6.23776643356534,-0.0563243667039577,6.39498094406203,6.38921640670905,0.0056464628021889,0,0.0096657745643034,1,0,1
12019,"Clay","Florida",-0.0662006371559678,6.25388187638899,0,6.71728633648077,"2021-10-31",649,6.18031238040321,-0.0613021068417464,6.29307011890278,6.28817158858855,-0.0041117330990261,0,-0.0049777401377887,-1,0,-1
12019,"Clay","Florida",-0.0708958216330391,6.15011976341646,0,6.64639051484773,"2021-11-01",650,6.11935505984242,-0.0625841011182198,6.21661352753501,6.20830180702019,-0.0046951844770713,0,-0.0012819942764734,-1,0,-1
12019,"Clay","Florida",-0.076308193063337,6.03592497034105,0,6.5700823217844,"2021-11-02",651,6.05443934626937,-0.0665037830899983,6.11436025012774,6.10455584015441,-0.00541237143029789,0,-0.0039196819717785,-1,0,-1
12019,"Clay","Florida",-0.0826157655165769,5.90915619765178,0,6.48746655626781,"2021-11-03",652,5.98501522342807,-0.071712566435586,5.99638179029971,5.98547859121871,-0.0063075724532399,0,-0.00520878334558771,-1,0,-1
12019,"Clay","Florida",-0.0900608239181967,5.76697996492226,0,6.39740573234963,"2021-11-04",653,5.91040942235128,-0.0778467869728923,5.86469226048467,5.85247822353938,-0.0074450584016198,0,-0.00613422053730629,-1,0,-1
12019,"Clay","Florida",-0.105307632186558,5.55494467485718,0,6.29209810016309,"2021-11-05",654,5.819658932042,-0.0836563593091191,5.72815485787668,5.70650358499926,-0.0152468082683613,0,-0.00580957233622681,-1,0,-1
12019,"Clay","Florida",-0.0543316665977445,5.85744476738113,0,6.23776643356534,"2021-11-06",655,5.77010511758728,-0.0500071264526117,5.8920410885422,5.88771654839706,0.0509759655888135,0,0.0336492328565074,1,0,1
12019,"Clay","Florida",-0.0574540531621412,5.77813400826822,0,6.18031238040321,"2021-11-07",656,5.71796710964816,-0.0523477465000541,5.81898446156491,5.81387815490283,-0.0031223865643967,0,-0.00234062004744241,-1,0,-1
12019,"Clay","Florida",-0.0609573205608035,5.69265381591679,0,6.11935505984242,"2021-11-08",657,5.66296048013595,-0.0558439589296661,5.73356070896588,5.72844734733476,-0.0035032673986623,0,-0.003496212429612,-1,0,-1
12019,"Clay","Florida",-0.0649157135730356,5.60002935125812,0,6.05443934626937,"2021-11-09",658,5.60475109405002,-0.0563612887749605,5.66846474964274,5.65991032484465,-0.0039583930122321,0,-0.000517329845294401,-1,0,-1
12019,"Clay","Florida",-0.0694241228412956,5.499046363539,0,5.98501522342807,"2021-11-10",659,5.54294280667814,-0.062250536197315,5.55643505669085,5.54926147004686,-0.00450840926825999,0,-0.0058892474223545,-1,0,-1
12019,"Clay","Florida",-0.0746058010768117,5.38816881481359,0,5.91040942235128,"2021-11-11",660,5.47706110199411,-0.0627511172094717,5.4830062857523,5.47115160188498,-0.0051816782355161,0,-0.000500581012156699,-1,0,-1
12019,"Clay","Florida",-0.0907504903092708,5.18440549987711,0,5.819658932042,"2021-11-12",661,5.41863686520033,-0.0735714618563135,5.32183772750077,5.30465869904781,-0.0161446892324591,0,-0.0108203446468418,-1,0,-1
12019,"Clay","Florida",-0.0495538144547348,5.42322841640413,0,5.77010511758728,"2021-11-13",662,5.40010006085798,-0.0471485433749628,5.4424705850423,5.44006531396254,0.041196675854536,0,0.0264229184813507,1,0,1
12019,"Clay","Florida",-0.052138007939109,5.35300105407439,0,5.71796710964816,"2021-11-14",663,5.38121314320398,-0.0494948027203938,5.37414669582413,5.3715034906054,-0.0025841934843742,0,-0.002346259345431,-1,0,-1
12019,"Clay","Florida",-0.0550066295122192,5.27791407355041,0,5.66296048013595,"2021-11-15",664,5.36196263170839,-0.0488138844452884,5.32745603408585,5.32126328901893,-0.0028686215731102,0,0.000680918275105399,-1,0,1
12019,"Clay","Florida",-0.0582093860859215,5.19728539144857,0,5.60475109405002,"2021-11-16",665,5.34233425196481,-0.0529684678463385,5.23921273736524,5.23397181912565,-0.0032027565737023,0,-0.0041545834010501,-1,0,-1
12019,"Clay","Florida",-0.0618082873718792,5.11028479507499,0,5.54294280667814,"2021-11-17",666,5.32231287210425,-0.0552689897267527,5.162599176236,5.15605987859087,-0.0035989012859577,0,-0.0023005218804142,-1,0,-1
12019,"Clay","Florida",-0.065881704684036,5.01588916920585,0,5.47706110199411,"2021-11-18",667,5.30188243271253,-0.0569868370783988,5.08704811005095,5.07815324244532,-0.0040734173121568,0,-0.0017178473516461,-1,0,-1
12019,"Clay","Florida",-0.0584242367937741,5.00966720764391,0,5.41863686520033,"2021-11-19",668,5.26785815906333,-0.0539082462478671,5.04579513201117,5.04127914146526,0.00745746789026189,0,0.0030785908305317,1,0,1
12019,"Clay","Florida",-0.018536804342355,5.27034243046149,0,5.40010006085798,"2021-11-20",669,5.25077642177904,-0.020872766026481,5.25165473698848,5.25399069867261,0.0398874324514191,0,0.0330354802213861,1,0,1
12019,"Clay","Florida",-0.0188869176539941,5.24900471962602,0,5.38121314320398,"2021-11-21",670,5.23339782044872,-0.0208722136625381,5.23312235155768,5.23510764756621,-0.000350113311639103,0,5.52363942897538e-07,-1,0,1
12019,"Clay","Florida",-0.0192505114955898,5.22720905123926,0,5.36196263170839,"2021-11-22",671,5.21571185388387,-0.0207457333979132,5.21524727602067,5.216742497923,-0.000363593841595698,0,0.0001264802646249,-1,0,1
12019,"Clay","Florida",-0.0196283797435774,5.20493559375977,0,5.34233425196481,"2021-11-23",672,5.19770745364881,-0.0220884673637298,5.18525489279855,5.1877149804187,-0.000377868247987599,0,-0.0013427339658166,-1,0,-1
12019,"Clay","Florida",-0.0200213798605622,5.18216321308032,0,5.32231287210425,"2021-11-24",673,5.1793729424554,-0.0210349345204953,5.17405477580085,5.17506833046078,-0.000393000116984801,0,0.0010535328432345,-1,0,1
12019,"Clay","Florida",-0.0204304393917221,5.15886935697048,0,5.30188243271253,"2021-11-25",674,5.16069598867199,-0.0230158964814552,5.13818570025261,5.14077115734234,-0.000409059531159901,0,-0.0019809619609599,-1,0,-1
12019,"Clay","Florida",-0.0340242736492102,5.02968824351886,0,5.26785815906333,"2021-11-26",675,5.0998664278242,-0.0327820139834897,5.03962632084461,5.0383840611789,-0.0135938342574881,0,-0.0097661175020345,-1,0,-1
12019,"Clay","Florida",-0.0170817372842884,5.13120426078902,0,5.25077642177904,"2021-11-27",676,5.05715530973115,-0.018517273290932,5.11971997273587,5.12115550874252,0.0169425363649218,0,0.0142647406925577,1,0,1
12019,"Clay","Florida",-0.0173786013303197,5.11174761113648,0,5.23339782044872,"2021-11-28",677,5.01253824424234,-0.0178437585272927,5.1080263535607,5.10849151075767,-0.000296864046031298,0,0.000673514763639301,-1,0,1
12019,"Clay","Florida",-0.0176859665648494,5.09191008792993,0,5.21571185388387,"2021-11-29",678,4.96583715119636,-0.0176676107184317,5.09205693470127,5.09203857885485,-0.000307365234529702,0,0.000176147808861001,-1,0,1
12019,"Clay","Florida",-0.0180044002350684,5.07167665200333,0,5.19770745364881,"2021-11-30",679,4.97673374242057,-0.0188806002072175,5.06466705222613,5.06554325219829,-0.000318433670218998,0,-0.0012129894887858,-1,0,-1
12019,"Clay","Florida",-0.0183345111934082,5.05103136410154,0,5.1793729424554,"2021-12-01",680,4.9875128766754,-0.017513657878787,5.05759819061851,5.05677733730389,-0.000330110958339801,0,0.0013669423284305,-1,0,1
12019,"Clay","Florida",-0.0186769537834103,5.02995731218811,0,5.16069598867199,"2021-12-02",681,4.99817705917421,-0.0184166381334859,5.03203983738751,5.03177952173759,-0.000342442590002101,0,-0.000902980254698899,-1,0,-1
12019,"Clay","Florida",-0.0608295608477979,4.67405950188961,0,5.0998664278242,"2021-12-03",682,5.08229128300269,-0.0587628204589414,4.69059342500046,4.68852668461161,-0.0421526070643876,0,-0.0403461823254555,-1,0,-1
12019,"Clay","Florida",-0.0427111180930437,4.75817748307984,0,5.05715530973115,"2021-12-04",683,5.14416668672078,-0.0447875357071313,4.74156614216715,4.74364255978123,0.0181184427547542,0,0.0139752847518101,1,0,1
12019,"Clay","Florida",-0.0446170654888154,4.70021878582063,0,5.01253824424234,"2021-12-05",684,5.20243559484476,-0.0488140710389074,4.66664274141989,4.67083974696999,-0.00190594739577171,0,-0.0040265353317761,-1,0,-1
12019,"Clay","Florida",-0.046701093045982,4.63892949987448,0,4.96583715119636,"2021-12-06",685,5.25749537202778,-0.0508268148996662,4.60592372504501,4.6100494468987,-0.0020840275571666,0,-0.0020127438607588,-1,0,-1
12019,"Clay","Florida",0.0108965912242174,5.0530098809901,0.010896591224216,5.05300988099009,"2021-12-07",686,5.26712151077956,0.00805695061550125,5.03029275612037,5.03313239672908,0.0575976842701994,0.010896591224216,0.0588837655151674,1,1,1
12019,"Clay","Florida",0.0107791342548298,5.06296681645921,0.0107791342548307,5.06296681645922,"2021-12-08",687,5.27665586976686,0.00859575312339609,5.04549976740774,5.04768314853917,-0.0001174569693876,-0.000117456969385301,0.00053880250789484,-1,-1,1
12019,"Clay","Florida",0.0106641824988077,5.07282633666587,0.0106641824988083,5.07282633666587,"2021-12-09",688,5.28610018260945,0.0087154245461732,5.05723627304479,5.05918503099742,-0.000114951756022101,-0.000114951756022399,0.00011967142277711,-1,-1,1
12019,"Clay","Florida",0.084114223828464,5.67109084980194,0.0841142238284771,5.67109084980203,"2021-12-10",689,5.30330490805908,0.0615064317255833,5.49022851297888,5.51283630508177,0.0734500413296563,0.0734500413296688,0.0527910071794101,1,1,1
12019,"Clay","Florida",0.0618754037180763,5.57729451274731,0.0618754037180853,5.57729451274737,"2021-12-11",690,5.33271879326537,0.0560750457860166,5.53089164929082,5.5366920072229,-0.0222388201103877,-0.0222388201103918,-0.0054313859395667,-1,-1,-1
12019,"Clay","Florida",0.0582689081239787,5.61031795171261,0.0582689081239804,5.61031795171262,"2021-12-12",691,5.36129216570943,0.0542682278098734,5.57831250919977,5.58231318951387,-0.00360649559409761,-0.00360649559410491,-0.0018068179761432,-1,-1,-1
12019,"Clay","Florida",0.0550597771830179,5.64291381230891,0.0550597771830255,5.64291381230896,"2021-12-13",692,5.3890717298165,0.0550071827155823,5.64249305656942,5.64254565103686,-0.0032091309409608,-0.00320913094095489,0.000738954905708904,-1,-1,1
12019,"Clay","Florida",0.00962613875177683,5.33450448204199,0.00962613875177531,5.33450448204198,"2021-12-14",693,5.41610040220442,0.0106974514626249,5.34307498372878,5.34200367101793,-0.0454336384312411,-0.0454336384312502,-0.0443097312529574,-1,-1,-1
12019,"Clay","Florida",0.00953435898730178,5.34339638267797,0.00953435898730159,5.34339638267797,"2021-12-15",694,5.44241771052179,0.0110329764409949,5.35538532230752,5.35388670485382,-9.17797644750494e-05,-9.17797644737206e-05,0.00033552497837,-1,-1,1
12019,"Clay","Florida",0.00944431284258828,5.35221037250756,0.00944431284258851,5.35221037250757,"2021-12-16",695,5.46806014113513,0.00988606601314026,5.35574439787198,5.35530264470143,-9.00461447134997e-05,-9.00461447130799e-05,-0.00114691042785464,-1,-1,-1
12019,"Clay","Florida",0.01720472544963,5.42373798620649,0.0172047254496288,5.42373798620648,"2021-12-17",696,5.50475064715623,0.0176330913046009,5.42716491304626,5.42673654719129,0.00776041260704172,0.00776041260704029,0.00774702529146064,1,1,1
12019,"Clay","Florida",0.0294138852062932,5.53861598970942,0.0294138852062931,5.53861598970942,"2021-12-18",697,5.56725339617876,0.0270964964441744,5.52007687961247,5.52239426837459,0.0122091597566632,0.0122091597566643,0.0094634051395735,1,1,1
12019,"Clay","Florida",0.0285733724440596,5.56130577281784,0.0285733724440567,5.56130577281782,"2021-12-19",698,5.62607830032213,0.0261393536381863,5.54183362237086,5.54426764117673,-0.000840512762233597,-0.000840512762236401,-0.0009571428059881,-1,-1,-1
12019,"Clay","Florida",0.0277795641070768,5.58352867856604,0.0277795641070755,5.58352867856603,"2021-12-20",699,5.68163424143319,0.0270376598366072,5.57759344440229,5.57833534867275,-0.000793808336982803,-0.0007938083369812,0.000898306198420899,-1,-1,1
12019,"Clay","Florida",0.0270286723879153,5.60530110891983,0.0270286723879192,5.60530110891985,"2021-12-21",700,5.73426549138128,0.0259921029842429,5.59700855369044,5.59804512309412,-0.000750891719161498,-0.000750891719156301,-0.0010455568523643,-1,-1,-1
12019,"Clay","Florida",0.0263173083173762,5.62663886874343,0.0263173083173731,5.62663886874341,"2021-12-22",701,5.758000060561,0.0254943497611115,5.62005520029331,5.62087815884957,-0.000711364070539101,-0.000711364070546099,-0.000497753223131399,-1,-1,-1
12019,"Clay","Florida",0.0256424306133415,5.64755715542852,0.0256424306133383,5.6475571554285,"2021-12-23",702,5.78118433572453,0.0244205818388762,5.6377823652328,5.63900421400726,-0.000674877704034699,-0.0006748777040348,-0.0010737679222353,-1,-1,-1
12019,"Clay","Florida",0.0366905060210901,5.76158418930386,0.0366905060210954,5.76158418930389,"2021-12-24",703,5.88491284608,0.0360700951923974,5.75662090267431,5.75724131350301,0.0110480754077486,0.0110480754077571,0.0116495133535212,1,1,1
12019,"Clay","Florida",0.0625027490225453,6.00477263933658,0.0625027490225367,6.00477263933652,"2021-12-25",704,5.94952585788765,0.0587331111701063,5.97461553651708,5.9783851743695,0.0258122430014552,0.0258122430014413,0.0226630159777089,1,1,1
12019,"Clay","Florida",0.0588249041433653,6.03785262932569,0.0588249041433651,6.03785262932568,"2021-12-26",705,6.01021620215819,0.0573967311204103,6.02642724514204,6.027855418165,-0.00367784487917999,-0.0036778448791716,-0.001336380049696,-1,-1,-1
12019,"Clay","Florida",0.0555559411110614,6.07052582921062,0.0555559411110602,6.07052582921061,"2021-12-27",706,6.06743303233136,0.0552065338670085,6.0677305712582,6.06807997850225,-0.0032689630323039,-0.0032689630323049,-0.0021901972534018,-1,-1,-1
12019,"Clay","Florida",0.0526312499480876,6.10268424101789,0.052631249948087,6.10268424101788,"2021-12-28",707,6.12155251795475,0.052514733923377,6.10175211282021,6.10186862884492,-0.0029246911629738,-0.0029246911629732,-0.0026917999436315,-1,-1,-1
12019,"Clay","Florida",0.0237345691797226,5.92414204481906,0.0237345691797231,5.92414204481906,"2021-12-29",708,6.19031540585315,0.0247655057777098,5.93238953760296,5.93135860100497,-0.028896680768365,-0.0288966807683639,-0.0277492281456672,-1,-1,-1
12019,"Clay","Florida",0.0231842751635257,5.94347426186921,0.0231842751635289,5.94347426186923,"2021-12-30",709,6.25465264795325,0.0234508244223428,5.94560665593974,5.94534010668093,-0.000550294016196898,-0.000550294016194202,-0.001314681355367,-1,-1,-1
12019,"Clay","Florida",0.103728510355474,6.61101241856832,0.103728510355476,6.61101241856834,"2021-12-31",710,6.52377205968987,0.109717247373817,6.65892231471507,6.65293357769672,0.0805442351919483,0.0805442351919471,0.0862664229514742,1,1,1
12019,"Clay","Florida",0.0646130118076377,6.40181694054112,0.0646130118076487,6.40181694054119,"2022-01-01",711,6.73374197005863,0.0641903950594985,6.39843600655599,6.39885862330414,-0.0391154985478363,-0.0391154985478273,-0.0455268523143185,-1,-1,-1
12019,"Clay","Florida",0.060690344270543,6.43504861205199,0.0606903442705349,6.43504861205193,"2022-01-02",712,6.90718368708318,0.0675840396729935,6.4901981752716,6.48330447986914,-0.00392266753709471,-0.0039226675371138,0.00339364461349501,-1,-1,1
12019,"Clay","Florida",0.0572168301731794,6.46795084354362,0.0572168301731724,6.46795084354357,"2022-01-03",713,7.05494299805415,0.0576382115737224,6.47132189474797,6.47090051334742,-0.0034735140973636,-0.0034735140973625,-0.00994582809927111,-1,-1,-1
12019,"Clay","Florida",0.0541194856233922,6.50038891731849,0.0541194856233851,6.50038891731844,"2022-01-04",714,7.18365391289359,0.0583039870465982,6.53386492870415,6.52968042728094,-0.0030973445497872,-0.0030973445497873,0.000665775472875801,-1,-1,1
12019,"Clay","Florida",0.0687628878984034,6.67165562114197,0.0687628878984023,6.67165562114196,"2022-01-05",715,7.29767155670067,0.0677309046420155,6.66339975509087,6.66443173834726,0.0146434022750112,0.0146434022750172,0.00942691759541731,1,1,1
12019,"Clay","Florida",0.0643372421001005,6.70501334265395,0.0643372421001018,6.70501334265396,"2022-01-06",716,7.40000951716269,0.0619544670911663,6.68595114258248,6.68833391759141,-0.0044256457983029,-0.0044256457983005,-0.0057764375508492,-1,-1,-1
12019,"Clay","Florida",0.269119411736577,8.40760794184591,0.269119411736622,8.40760794184623,"2022-01-07",717,7.58868527560349,0.262314715841403,8.35317037468447,8.35997507057969,0.204782169636476,0.20478216963652,0.200360248750237,1,1,1
12019,"Clay","Florida",0.209969910368786,8.20353134264013,0.209969910368755,8.20353134263991,"2022-01-08",718,7.74611535694044,0.203363274622901,8.15067825667308,8.15728489241894,-0.059149501367791,-0.059149501367867,-0.058951441218502,-1,-1,-1
12019,"Clay","Florida",0.173441717024524,8.12127570625485,0.173441717024552,8.12127570625504,"2022-01-09",719,7.88209926230486,0.16969506500146,8.09130249007031,8.0950491420934,-0.036528193344262,-0.036528193344203,-0.033668209621441,-1,-1,-1
12019,"Clay","Florida",0.147759310970968,8.08925817485092,0.147759310970968,8.08925817485092,"2022-01-10",720,8.00178565814513,0.143515736145005,8.05530957624322,8.05955315106918,-0.025682406053556,-0.025682406053584,-0.026179328856455,-1,-1,-1
12019,"Clay","Florida",0.128710914839457,8.08463031676978,0.128710914839439,8.08463031676966,"2022-01-11",721,8.10866625784367,0.125461003970303,8.05863102981658,8.06188094068571,-0.019048396131511,-0.019048396131529,-0.018054732174702,-1,-1,-1
12019,"Clay","Florida",0.114017643807065,8.09579506335013,0.114017643807084,8.09579506335026,"2022-01-12",722,8.20521842639541,0.109888968304753,8.06276565933162,8.06689433483394,-0.014693271032392,-0.014693271032355,-0.01557203566555,-1,-1,-1
12019,"Clay","Florida",0.102337960462006,8.11637524039674,0.102337960462023,8.11637524039685,"2022-01-13",723,8.29326361698106,0.0989292752802853,8.08910575894295,8.09251444412469,-0.011679683345059,-0.011679683345061,-0.0109596930244677,-1,-1,-1
12019,"Clay","Florida",0.188675758440828,8.90941558468929,0.188675758440801,8.9094155846891,"2022-01-14",724,8.42017870295979,0.169287588969064,8.75431022891521,8.77369839838694,0.086337797978822,0.086337797978778,0.0703583136887787,1,1,1
12019,"Clay","Florida",0.157430081336973,8.84812592629925,0.15743008133695,8.84812592629909,"2022-01-15",725,8.52725667004052,0.145598197164513,8.7534708529196,8.76530273709203,-0.031245677103855,-0.031245677103851,-0.023689391804551,-1,-1,-1
12019,"Clay","Florida",0.135983905364416,8.83398659985577,0.135983905364414,8.83398659985576,"2022-01-16",726,8.62396984673194,0.13381440826941,8.81663062309572,8.81880012019073,-0.021446175972557,-0.021446175972536,-0.011783788895103,-1,-1,-1
12019,"Clay","Florida",0.119686395840273,8.83959042902705,0.119686395840276,8.83959042902706,"2022-01-17",727,8.71214888602776,0.11591507693712,8.80941987780182,8.81319119670497,-0.016297509524143,-0.016297509524138,-0.01789933133229,-1,-1,-1
12019,"Clay","Florida",0.106880599698534,8.85683045573341,0.106880599698538,8.85683045573344,"2022-01-18",728,8.79317855183569,0.103335778290973,8.82847188447291,8.83201670588048,-0.012805796141739,-0.012805796141738,-0.012579298646147,-1,-1,-1
12019,"Clay","Florida",0.0965521685517259,8.88108360625749,0.0965521685517405,8.8810836062576,"2022-01-19",729,8.86813171350303,0.0928439543164525,8.85141789237529,8.85512610661058,-0.0103284311468081,-0.0103284311467975,-0.0104918239745205,-1,-1,-1
12019,"Clay","Florida",0.0880451905856363,8.90957995108051,0.0880451905856496,8.90957995108061,"2022-01-20",730,8.93785650518706,0.0858116024473829,8.89171124597447,8.89394483411274,-0.0085069779660896,-0.0085069779660909,-0.0070323518690696,-1,-1,-1
12019,"Clay","Florida",0.126915085978724,9.30858430481086,0.126915085978728,9.30858430481089,"2022-01-21",731,8.99697033248895,0.118144672696286,9.23842099855135,9.24719141183379,0.0388698953930877,0.0388698953930784,0.0323330702489031,1,1,1
12019,"Clay","Florida",0.107077967080726,9.27680243960559,0.107077967080725,9.27680243960559,"2022-01-22",732,9.03765226415047,0.0985855782515213,9.20886332897196,9.21735571780117,-0.019837118897998,-0.019837118898003,-0.0195590944447647,-1,-1,-1
12019,"Clay","Florida",0.0967131766914278,9.30096208357194,0.0967131766914253,9.30096208357192,"2022-01-23",733,9.07674367109667,0.0927281175185427,9.26908161018886,9.27306666936174,-0.0103647903892982,-0.0103647903892997,-0.0058574607329786,-1,-1,-1
12019,"Clay","Florida",0.08817903929583,9.32940216109857,0.0881790392958184,9.32940216109849,"2022-01-24",734,9.1143642562,0.0851298015771535,9.30500825934917,9.30805749706784,-0.0085341373955978,-0.00853413739560691,-0.0075983159413892,-1,-1,-1
12019,"Clay","Florida",0.081029665807933,9.36038621249122,0.0810296658079359,9.36038621249125,"2022-01-25",735,9.15062069771402,0.0799448312610569,9.35170753611622,9.35279237066309,-0.007149373487897,-0.0071493734878825,-0.00518497031609659,-1,-1,-1
12019,"Clay","Florida",0.074953161667339,9.39280384517441,0.074953161667338,9.3928038451744,"2022-01-26",736,9.18560847289982,0.0727905930179682,9.37550329597943,9.37766586462881,-0.00607650414059401,-0.0060765041405979,-0.00715423824308871,-1,-1,-1
12019,"Clay","Florida",0.0697247916840291,9.42593004697526,0.0697247916840276,9.42593004697525,"2022-01-27",737,9.21941337325094,0.0663170280244216,9.3986679376984,9.40207570135801,-0.00522836998330989,-0.00522836998331039,-0.00647356499354659,-1,-1,-1
12019,"Clay","Florida",0.0591138273019006,9.41076712360226,0.0591138273018927,9.4107671236022,"2022-01-28",738,9.24718188344605,0.0551226335744351,9.37883757378254,9.38282876751,-0.0106109643821285,-0.0106109643821349,-0.0111943944499865,-1,-1,-1
12019,"Clay","Florida",0.0406819316615213,9.32242578578112,0.0406819316615135,9.32242578578106,"2022-01-29",739,9.25711490067442,0.0384275259010141,9.30439053969706,9.30664494545757,-0.0184318956403793,-0.0184318956403792,-0.016695107673421,-1,-1,-1
12019,"Clay","Florida",0.0390914069462008,9.35038351972008,0.0390914069462074,9.35038351972013,"2022-01-30",740,9.26695022268447,0.0378815165265381,9.34070439636277,9.34191428678244,-0.0015905247153205,-0.0015905247153061,-0.000546009374475999,-1,-1,-1
12019,"Clay","Florida",0.0376205851033304,9.37770835192331,0.0376205851033227,9.37770835192326,"2022-01-31",741,9.27668975251772,0.0356050516882779,9.36158408460289,9.36359961801795,-0.0014708218428704,-0.0014708218428847,-0.0022764648382602,-1,-1,-1
12019,"Clay","Florida",0.0362564415140309,9.40441578831224,0.036256441514027,9.40441578831221,"2022-02-01",742,9.28633533814652,0.0337225878974696,9.38414495937976,9.38667881299631,-0.0013641435892995,-0.0013641435892957,-0.0018824637908083,-1,-1,-1
12019,"Clay","Florida",0.0349877751858048,9.43052289920046,0.0349877751857992,9.43052289920042,"2022-02-02",743,9.29588877457856,0.0338903442339595,9.4217434515857,9.42284088253754,-0.0012686663282261,-0.0012686663282278,0.000167756336489903,-1,-1,1
12019,"Clay","Florida",0.0338049003511191,9.45604767570878,0.0338049003511198,9.45604767570878,"2022-02-03",744,9.30535180586169,0.0321472199036344,9.4427862321289,9.44444391257638,-0.0011828748346857,-0.0011828748346794,-0.0017431243303251,-1,-1,-1
12019,"Clay","Florida",0.0277685101951063,9.44156145481179,0.0277685101951057,9.44156145481179,"2022-02-04",745,9.29999824390672,0.0277595994290651,9.44149016868346,9.44149907944951,-0.0060363901560128,-0.0060363901560141,-0.0043876204745693,-1,-1,-1
12019,"Clay","Florida",0.00993301722837349,9.32664602127304,0.00993301722837181,9.32664602127302,"2022-02-05",746,9.27568660254293,0.00988454245654413,9.3262582230984,9.32630669787023,-0.0178354929667328,-0.0178354929667339,-0.017875056972521,-1,-1,-1
12019,"Clay","Florida",0.00983532201005455,9.33579747675486,0.00983532201005488,9.33579747675486,"2022-02-06",747,9.25076914633838,0.00976578847458744,9.33524120847112,9.33531074200658,-9.76952183189411e-05,-9.76952183169306e-05,-0.000118753981956691,-1,-1,-1
12019,"Clay","Florida",0.00973952983324308,9.34486646135042,0.00973952983324189,9.34486646135041,"2022-02-07",748,9.22521490977553,0.00880089777940035,9.33735740491967,9.33829603697352,-9.5792176811469e-05,-9.57921768129887e-05,-0.00096489069518709,-1,-1,-1
12019,"Clay","Florida",0.00964558562880005,9.35385443754812,0.00964558562879958,9.35385443754811,"2022-02-08",749,9.1989904907806,0.00845493963318886,9.34432926958323,9.34551991557884,-9.39442044430305e-05,-9.39442044423106e-05,-0.000345958146211489,-1,-1,-1
12019,"Clay","Florida",0.00955343643204039,9.36276282960284,0.0095534364320411,9.36276282960285,"2022-02-09",750,9.17205978819134,0.00792745382907306,9.3497549687791,9.35138095138207,-9.21491967596604e-05,-9.21491967584807e-05,-0.000527485804115801,-1,-1,-1
12019,"Clay","Florida",0.00946303128313136,9.37159302484361,0.00946303128313097,9.37159302484361,"2022-02-10",751,9.14438370288484,0.00762508212679328,9.35688943159291,9.35872738074924,-9.04051489090292e-05,-9.0405148910129e-05,-0.00030237170227978,-1,-1,-1
12019,"Clay","Florida",-0.00535356195497372,9.2625233102219,0,9.29999824390672,"2022-02-11",752,9.10863981714984,-0.00764477141340549,9.24419363455445,9.24648484401288,-0.0148165932381051,-0.00946303128313097,-0.0152698535401988,-1,-1,-1
12019,"Clay","Florida",-0.0243116413637789,9.10550511299648,0,9.27568660254293,"2022-02-12",753,9.07720073933839,-0.0241149465572785,9.10707867144849,9.10688197664198,-0.0189580794088052,0,-0.016470175143873,-1,0,-1
12019,"Clay","Florida",-0.0249174562045566,9.07634695290648,0,9.25076914633838,"2022-02-13",754,9.04474107275518,-0.0241969506140968,9.08211099763015,9.0813904920397,-0.000605814840777697,0,-8.20040568183002e-05,-1,0,-1
12019,"Clay","Florida",-0.0255542365628559,9.04633525383553,0,9.22521490977553,"2022-02-14",755,9.01119232621819,-0.0264907378650509,9.03884324341797,9.03977974472017,-0.0006367803582993,0,-0.0022937872509541,-1,0,-1
12019,"Clay","Florida",-0.0262244189949267,9.01541955781611,0,9.1989904907806,"2022-02-15",756,8.97647887383846,-0.0254553672271463,9.02157197195836,9.02080292019058,-0.000670182432070801,0,0.0010353706379046,-1,0,1
12019,"Clay","Florida",-0.0269307025892634,8.98354487006649,0,9.17205978819134,"2022-02-16",757,8.9405169283019,-0.0278591231943051,8.97611750522616,8.9770459258312,-0.0007062835943367,0,-0.0024037559671588,-1,0,-1
12019,"Clay","Florida",-0.0276760853065027,8.95065110573932,0,9.14438370288484,"2022-02-17",758,8.90321332254944,-0.0276951057415647,8.95049894225882,8.95051796269389,-0.000745382717239302,0,0.0001640174527404,-1,0,1
12019,"Clay","Florida",-0.035743885734989,8.85843261700492,0,9.10863981714984,"2022-02-18",759,8.84076626384985,-0.0351301866646351,8.86334220956776,8.86272851049739,-0.0080678004284863,0,-0.0074350809230704,-1,0,-1
12019,"Clay","Florida",-0.0314390778114593,8.85712719465817,0,9.07720073933839,"2022-02-19",760,8.78205981687078,-0.0322489782762477,8.85064799093986,8.85145789140465,0.0043048079235297,0,0.00288120838838739,1,0,1
12019,"Clay","Florida",-0.0324596665831997,8.81752340667278,0,9.04474107275518,"2022-02-20",761,8.71969078850548,-0.0329150402931282,8.81388041699336,8.81433579070328,-0.0010205887717404,0,-0.000666062016880499,-1,0,-1
12019,"Clay","Florida",-0.0335487465369869,8.77635110045928,0,9.01119232621819,"2022-02-21",762,8.65317158768381,-0.0343117266662144,8.77024725942547,8.77101023955469,-0.00108907995378719,0,-0.0013966863730862,-1,0,-1
12019,"Clay","Florida",-0.0347134523797292,8.73348470718036,0,8.97647887383846,"2022-02-22",763,8.5819102680404,-0.0349887130735595,8.73128262162971,8.73155788232354,-0.0011647058427423,0,-0.000676986407345107,-1,0,-1
12019,"Clay","Florida",-0.0359619455365711,8.6887833095459,0,8.9405169283019,"2022-02-23",764,8.50517844540942,-0.0368390111006573,8.6817667850332,8.6826438505973,-0.0012484931568419,0,-0.0018502980270978,-1,0,-1
12019,"Clay","Florida",-0.0373036057524642,8.64208808228219,0,8.90321332254944,"2022-02-24",765,8.42206585203844,-0.0389010192016071,8.62930877468904,8.63090618813819,-0.0013416602158931,0,-0.0020620081009498,-1,0,-1
12019,"Clay","Florida",-0.0624470586995953,8.40363685295269,0,8.84076626384985,"2022-02-25",766,8.32482129876878,-0.0619328132131389,8.40775081684433,8.40723657135788,-0.0251434529471311,0,-0.0230317940115318,-1,0,-1
12019,"Clay","Florida",-0.0587064469790677,8.37111468801731,0,8.78205981687078,"2022-02-26",767,8.25997565976828,-0.0551356280940262,8.39968123909764,8.3961104202126,0.0037406117205276,0,0.0067971851191127,1,0,1
12019,"Clay","Florida",-0.0623690283652949,8.28310758994842,0,8.71969078850548,"2022-02-27",768,8.19063168090354,-0.05996371112022,8.30235012790902,8.29994481066394,-0.0036625813862272,0,-0.00482808302619379,-1,0,-1
12019,"Clay","Florida",-0.0665192008216721,8.18753718193211,0,8.65317158768381,"2022-02-28",769,8.11611843160937,-0.063291467812207,8.21335904600782,8.21013131299836,-0.00415017245637721,0,-0.003327756691987,-1,0,-1
12019,"Clay","Florida",-0.0712613196434364,8.08308103053634,0,8.5819102680404,"2022-03-01",770,8.03560269291858,-0.067623350882391,8.11218478062468,8.10854681186366,-0.0047421188217643,0,-0.00433188307018401,-1,0,-1
12019,"Clay","Florida",-0.0767318226309816,7.96805568699255,0,8.50517844540942,"2022-03-02",771,7.94803199063728,-0.0718433836774872,8.0071631986205,8.00227475966701,-0.0054705029875452,0,-0.0042200327950962,-1,0,-1
12019,"Clay","Florida",-0.0831125933709789,7.84027769844159,0,8.42206585203844,"2022-03-03",772,7.85205020726589,-0.0783955491065304,7.87801405255718,7.87329700829273,-0.00638077073999729,0,-0.0065521654290432,-1,0,-1
12019,"Clay","Florida",-0.0972445532696583,7.64410942588117,0,8.32482129876878,"2022-03-04",773,7.73693073236519,-0.0901574381559559,7.70080634679079,7.69371923167709,-0.0141319598986794,0,-0.0117618890494255,-1,0,-1
12019,"Clay","Florida",-0.064845639000516,7.80605618676466,0,8.25997565976828,"2022-03-05",774,7.63909242187399,-0.0635455910460862,7.81645657040009,7.81515652244568,0.0323989142691423,0,0.0266118471098697,1,0,1
12019,"Clay","Florida",-0.0693439788647369,7.70522382885038,0,8.19063168090354,"2022-03-06",775,7.53063326369552,-0.0667492715740746,7.72598148717568,7.72338677988502,-0.00449833986422089,0,-0.0032036805279884,-1,0,-1
12019,"Clay","Florida",-0.0745132492941872,7.59452568655005,0,8.11611843160937,"2022-03-07",776,7.40896337365317,-0.0691082407901598,7.63776575458226,7.63236074607825,-0.00516927042945031,0,-0.00235896921608519,-1,0,-1
12019,"Clay","Florida",-0.0805157386907985,7.47199252208299,0,8.03560269291858,"2022-03-08",777,7.27041229459842,-0.0752255867485328,7.51431373762111,7.50902358567885,-0.0060024893966113,0,-0.006117345958373,-1,0,-1
12019,"Clay","Florida",-0.0875707022812823,7.33503707466831,0,7.94803199063728,"2022-03-09",778,7.10952926170291,-0.0834596940940067,7.36792514016653,7.36381413197923,-0.0070549635904838,0,-0.0082341073454739,-1,0,-1
12019,"Clay","Florida",-0.09598178337141,7.18017772366602,0,7.85205020726589,"2022-03-10",779,6.9177056098353,-0.0898335217810902,7.22936381638856,7.22321555479826,-0.0084110810901277,0,-0.0063738276870835,-1,0,-1
12019,"Clay","Florida",-0.115119474900677,6.93109440806045,0,7.73693073236519,"2022-03-11",780,6.67221376093936,-0.104677558901878,7.01462973605087,7.00418782005205,-0.019137691529267,0,-0.0148440371207878,-1,0,-1
12019,"Clay","Florida",-0.097838310491221,6.95422424843544,0,7.63909242187399,"2022-03-12",781,6.60123011872888,-0.0906917286082991,7.0113969034988,7.0042503216159,0.017281164409456,0,0.0139858302935789,1,0,1
12019,"Clay","Florida",-0.108459158178444,6.77141915644642,0,7.53063326369552,"2022-03-13",782,6.52482016795058,-0.102683981591232,6.81762056914413,6.8118453925569,-0.010620847687223,0,-0.0119922529829329,-1,0,-1
12019,"Clay","Florida",-0.121669890042333,6.55727414335684,0,7.40896337365317,"2022-03-14",783,6.44208510388924,-0.109178888552063,6.65720215527902,6.64471115378873,-0.013210731863889,0,-0.00649490696083099,-1,0,-1
12019,"Clay","Florida",-0.138551079054775,6.300554741215,0,7.27041229459842,"2022-03-15",784,6.35188247732555,-0.126261365555577,6.39887244920856,6.38658273570938,-0.016881189012442,0,-0.017082477003514,-1,0,-1
12019,"Clay","Florida",-0.160883032895509,5.98334803143435,0,7.10952926170291,"2022-03-16",785,6.25272930624206,-0.137242981068516,6.17246844605029,6.14882839422329,-0.022331953840734,0,-0.010981615512939,-1,0,-1
12019,"Clay","Florida",-0.191823651867602,5.57494004676209,0,6.9177056098353,"2022-03-17",786,6.14265165622092,-0.167132105441294,5.77247241817256,5.74778087174624,-0.030940618972093,0,-0.029889124372778,-1,0,-1
12019,"Clay","Florida",-0.245491848895938,4.9537708186678,0,6.67221376093936,"2022-03-18",787,5.99893656194668,-0.199993987578961,5.31775370920361,5.27225584788663,-0.053668197028336,0,-0.032861882137667,-1,0,-1
12019,"Clay","Florida",-0.0709836422104887,6.10434462325546,0,6.60123011872888,"2022-03-19",788,5.90808293816893,-0.0697062690639497,6.11456360842776,6.11328623528123,0.174508206685449,0,0.130287718515011,1,0,1
12019,"Clay","Florida",-0.0764099507782919,5.98995051250254,0,6.52482016795058,"2022-03-20",789,5.80814248998044,-0.0740690666817473,6.0086775852749,6.00633670117835,-0.0054263085678032,0,-0.00436279761779761,-1,0,-1
12019,"Clay","Florida",-0.0827350640613386,5.86293965545987,0,6.44208510388924,"2022-03-21",790,5.6970934865054,-0.0809663729448809,5.87708918439153,5.87532049327507,-0.0063251132830467,0,-0.0068973062631336,-1,0,-1
12019,"Clay","Florida",-0.0902026265637221,5.72046409137949,0,6.35188247732555,"2022-03-22",791,5.57215403217776,-0.0871365282877786,5.74499287758701,5.7419267793111,-0.00746756250238351,0,-0.00617015534289769,-1,0,-1
12019,"Clay","Florida",-0.099153171083493,5.5586571086576,0,6.25272930624206,"2022-03-23",792,5.42934562895444,-0.0954835049369261,5.58801443783014,5.58434477168358,-0.0089505445197709,0,-0.00834697664914751,-1,0,-1
12019,"Clay","Florida",-0.110077650021135,5.37210810607297,0,6.14265165622092,"2022-03-24",793,5.26269018890489,-0.104005781455647,5.42068305459689,5.41461118603139,-0.010924478937642,0,-0.00852227651872089,-1,0,-1
12019,"Clay","Florida",-0.143715094274233,4.99293090202705,0,5.99893656194668,"2022-03-25",794,5.09111746563097,-0.136443035808934,5.05110736974945,5.04383531128414,-0.033637444253098,0,-0.032437254353287,-1,0,-1
12019,"Clay","Florida",-0.0908536237777661,5.27210757172457,0,5.90808293816893,"2022-03-26",795,5.02856876196973,-0.0874626168443422,5.29923562719194,5.29584462025853,0.0528614704964669,0,0.0489804189645918,1,0,1
12019,"Clay","Florida",-0.0999404481884858,5.10855935266104,0,5.80814248998044,"2022-03-27",796,4.96184512992683,-0.0990171476220211,5.11594575719276,5.11502245662629,-0.0090868244107197,0,-0.0115545307776789,-1,0,-1
12019,"Clay","Florida",-0.11104900347502,4.91975046218026,0,5.6970934865054,"2022-03-28",797,4.89034912822175,-0.106227195310277,4.95832492749823,4.95350311933346,-0.0111085552865342,0,-0.00721004768825589,-1,0,-1
12019,"Clay","Florida",-0.12493945432766,4.69757785188414,0,5.57215403217776,"2022-03-29",798,4.81334512160838,-0.119081505189841,4.74444144498667,4.73858349584887,-0.01389045085264,0,-0.012854309879564,-1,0,-1
12019,"Clay","Florida",-0.142808403223298,4.42968680639136,0,5.42934562895444,"2022-03-30",799,4.72991307257953,-0.128948147833786,4.54056884950747,4.52670859411794,-0.017868948895638,0,-0.009866642643945,-1,0,-1
12019,"Clay","Florida",-0.166655440049583,4.09610210855781,0,5.26269018890489,"2022-03-31",800,4.6388812433304,-0.152412992572341,4.21004168837571,4.1957992408985,-0.023847036826285,0,-0.023464844738555,-1,0,-1
12019,"Clay","Florida",-0.171572723273891,3.89010840271373,0,5.09111746563097,"2022-04-01",801,4.48863636973214,-0.137723778502416,4.16089996088556,4.12705101611406,-0.00491728322430801,0,0.014689214069925,-1,0,1
12019,"Clay","Florida",-0.0625487036612427,4.59072783634103,0,5.02856876196973,"2022-04-02",802,4.39268392914787,-0.0535677880903344,4.6625751609083,4.65359424533739,0.109024019612648,0,0.0841559904120816,1,0,1
12019,"Clay","Florida",-0.0667236320428959,4.49477970562655,0,4.96184512992683,"2022-04-03",803,4.28653786749521,-0.0558507265173152,4.58176294983121,4.57089004430562,-0.0041749283816532,0,-0.0022829384269808,-1,0,-1
12019,"Clay","Florida",-0.0714960017050596,4.38987711628634,0,4.89034912822175,"2022-04-04",804,4.16777203077692,-0.0618005068746065,4.46744107492998,4.4577455800995,-0.0047723696621637,0,-0.0059497803572913,-1,0,-1
12019,"Clay","Florida",-0.0770040066133871,4.27431707531467,0,4.81334512160838,"2022-04-05",805,4.03297561584581,-0.0646850529142171,4.37286870490801,4.36054975120886,-0.00550800490832751,0,-0.00288454603961059,-1,0,-1
12019,"Clay","Florida",-0.0834320490288454,4.14588872937762,0,4.72991307257953,"2022-04-06",806,3.87713574642771,-0.0721127249181491,4.23644332226319,4.22512399815249,-0.0064280424154583,0,-0.007427672003932,-1,0,-1
12019,"Clay","Florida",-0.0910318292491324,4.00165843858647,0,4.6388812433304,"2022-04-07",807,3.69244452027843,-0.0780583873325248,4.10544597391933,4.09247253200273,-0.007599780220287,0,-0.0059456624143757,-1,0,-1
12019,"Clay","Florida",-0.150244873598258,3.43692225454433,0,4.48863636973214,"2022-04-08",808,3.58747933967221,-0.119750510948465,3.68087715574268,3.65038279309289,-0.0592130443491256,0,-0.0416921236159402,-1,0,-1
12019,"Clay","Florida",-0.0959524405842694,3.72101684505798,0,4.39268392914787,"2022-04-09",809,3.6959969218828,-0.085587991658106,3.80393243646729,3.79356798754113,0.0542924330139886,0,0.034162519290359,1,0,1
12019,"Clay","Florida",-0.106146061652695,3.54351543592634,0,4.28653786749521,"2022-04-10",810,3.79388276312392,-0.0942190217573467,3.6389317550891,3.62700471519378,-0.0101936210684256,0,-0.0086310300992407,-1,0,-1
12019,"Clay","Florida",-0.118765836718288,3.3364111737489,0,4.16777203077692,"2022-04-11",811,3.88303546855489,-0.0989057209424346,3.49529209995573,3.47543198417988,-0.012619775065593,0,-0.00468669918508791,-1,0,-1
12019,"Clay","Florida",-0.134796414931153,3.08940071132773,0,4.03297561584581,"2022-04-12",812,3.96488649498521,-0.110224794291362,3.28597367644602,3.26140205580628,-0.016030578212865,0,-0.0113190733489274,-1,0,-1
12019,"Clay","Florida",-0.155839869418101,2.786256660501,0,3.87713574642771,"2022-04-13",813,4.04054185622913,-0.120032560570795,3.07271513127945,3.03690782243215,-0.021043454486948,0,-0.009807766279433,-1,0,-1
12019,"Clay","Florida",-0.184691226149303,2.39960593723331,0,3.69244452027843,"2022-04-14",814,4.11087386417331,-0.137405772580091,2.77788956578698,2.73060411221779,-0.028851356731202,0,-0.017373212009296,-1,0,-1
12019,"Clay","Florida",-0.104965180606224,2.85272307542864,0,3.58747933967221,"2022-04-15",815,4.11087386417331,-0.073620743483737,3.10347857240853,3.07213413528605,0.079726045543079,0,0.063785029096354,1,0,1
12019,"Clay","Florida",0.108517582210577,4.45561999735684,0.108517582210595,4.45561999735696,"2022-04-16",816,4.03297561584581,0.118762074587525,4.53757593637241,4.52733144399547,0.213482762816801,0.108517582210595,0.192382818071262,1,1,1
12019,"Clay","Florida",0.0978858412411338,4.47908365181186,0.0978858412411192,4.47908365181175,"2022-04-17",817,3.94849268520954,0.0987578438224172,4.48605967246214,4.48518766988084,-0.0106317409694432,-0.0106317409694758,-0.0200042307651078,-1,-1,-1
12019,"Clay","Florida",0.0891527054309598,4.50710440657161,0.0891527054309744,4.50710440657171,"2022-04-18",818,3.85620822632175,0.10128732888753,4.60418139422416,4.5920467707676,-0.008733135810174,-0.0087331358101448,0.0025294850651128,-1,-1,1
12019,"Clay","Florida",0.0818510264303311,4.53784367999753,0.0818510264303192,4.53784367999745,"2022-04-19",819,3.75453342433537,0.0903227327998245,4.60561733095349,4.59714562458398,-0.0073016790006287,-0.00730167900065519,-0.0109645960877055,-1,-1,-1
12019,"Clay","Florida",0.0756553612438987,4.57012938493642,0.0756553612439115,4.57012938493651,"2022-04-20",820,3.64133850934494,0.0849945352891347,4.64484277729829,4.63550360325307,-0.0061956651864324,-0.0061956651864077,-0.0053281975106898,-1,-1,-1
12019,"Clay","Florida",0.0703320079441971,4.60319791978269,0.0703320079441863,4.60319791978262,"2022-04-21",821,3.51367536508885,0.0775495213031617,4.66093802665442,4.65372051329544,-0.0053233532997016,-0.00532335329972521,-0.007445013985973,-1,-1,-1
12019,"Clay","Florida",0,4.11087386417331,0,4.11087386417331,"2022-04-22",822,3.60316593583991,0.0005792404704801,4.11550778793715,4.11492854746667,-0.0703320079441971,-0.0703320079441863,-0.0769702808326816,-1,-1,-1
12019,"Clay","Florida",-0.0778982483275163,3.48768787755319,0,4.03297561584581,"2022-04-23",823,3.79388276312392,-0.0747214269465926,3.51310244860057,3.50992562721966,-0.0778982483275163,0,-0.0753006674170727,-1,0,-1
12019,"Clay","Florida",-0.0844829306362832,3.35711217075556,0,3.94849268520954,"2022-04-24",824,3.95398720452718,-0.0789191685248501,3.40162226764701,3.39605850553559,-0.00658468230876691,0,-0.0041977415782575,-1,0,-1
12019,"Clay","Florida",-0.0922844588877876,3.21021701410724,0,3.85620822632175,"2022-04-25",825,4.09196077086682,-0.0886309306247912,3.23944524021121,3.23579171194821,-0.00780152825150439,0,-0.0097117620999411,-1,0,-1
12019,"Clay","Florida",-0.101674801986376,3.04280981043074,0,3.75453342433537,"2022-04-26",826,4.21318523943662,-0.0948437627409448,3.09745812439419,3.09062708514876,-0.00939034309858841,0,-0.0062128321161536,-1,0,-1
12019,"Clay","Florida",-0.113194914990474,2.84897410441162,0,3.64133850934494,"2022-04-27",827,4.32129039948605,-0.106973492578879,2.89874548370434,2.89252406129279,-0.011520113004098,0,-0.0121297298379342,-1,0,-1
12019,"Clay","Florida",-0.127663144256087,2.62003335529624,0,3.51367536508885,"2022-04-28",828,4.4188406077966,-0.124320075487952,2.64677790544132,2.64343483667318,-0.014468229265613,0,-0.017346582909073,-1,0,-1
12019,"Clay","Florida",0.0894905707510873,4.22959993109752,0.0894905707510598,4.22959993109732,"2022-04-29",829,4.4188406077966,0.0904722964378338,4.23745373659152,4.23647201090475,0.217153715007174,0.0894905707510598,0.214792371925786,1,1,1
12019,"Clay","Florida",0.190716827284013,5.12890055411201,0.190716827284014,5.12890055411202,"2022-04-30",830,4.36763789722178,0.161195367484141,4.89272887571304,4.92225033551291,0.101226256532926,0.101226256532954,0.0707230710463072,1,1,1
12019,"Clay","Florida",0.160104441403307,5.07471829435033,0.160104441403258,5.07471829434998,"2022-05-01",831,4.31367131500961,0.137871088373494,4.89685147011188,4.91908482314164,-0.030612385880706,-0.030612385880756,-0.023324279110647,-1,-1,-1
12019,"Clay","Florida",0.137973566339646,5.05777573524435,0.137973566339647,5.05777573524436,"2022-05-02",832,4.25662536813261,0.139884926453955,5.07306661615882,5.07115525604451,-0.022130875063661,-0.022130875063611,0.00201383808046102,-1,-1,1
12019,"Clay","Florida",0.121224468569795,5.06175651942518,0.121224468569795,5.06175651942519,"2022-05-03",833,4.19612725653204,0.12304110145616,5.0762895825161,5.07447294962974,-0.016749097769851,-0.016749097769852,-0.016843824997795,-1,-1,-1
12019,"Clay","Florida",0.108105160049427,5.07802651983203,0.108105160049429,5.07802651983205,"2022-05-04",834,4.13173209429372,0.109684583009999,5.09066190351661,5.08908248055605,-0.013119308520368,-0.013119308520366,-0.013356518446161,-1,-1,-1
12019,"Clay","Florida",0.0975502083105489,5.10169206597044,0.0975502083105493,5.10169206597044,"2022-05-05",835,4.06290303638728,0.100229581125675,5.12312704849145,5.12044767567633,-0.0105549517388781,-0.0105549517388797,-0.00945500188432401,-1,-1,-1
12019,"Clay","Florida",-1.25607396694721e-15,4.41884060779659,0,4.4188406077966,"2022-05-06",836,4.53872508657994,0.00497756541619271,4.45866113112614,4.45368356570995,-0.0975502083105502,-0.0975502083105493,-0.0952520157094823,-1,-1,-1
12019,"Clay","Florida",-0.051202710574806,4.00921892319814,0,4.36763789722178,"2022-05-07",837,4.89142266563028,-0.0539226314932469,3.98745955585062,3.99017947676905,-0.0512027105748047,0,-0.0589001969094396,-1,0,-1
12019,"Clay","Florida",-0.0539665822121819,3.93590523952434,0,4.31367131500961,"2022-05-08",838,5.15163870155948,-0.0543142121627798,3.93312419991954,3.93347182987015,-0.0027638716373759,0,-0.000391580669532897,-1,0,-1
12019,"Clay","Florida",-0.0570459468769896,3.85730373999368,0,4.25662536813261,"2022-05-09",839,5.35793307622239,-0.0573422224158803,3.85493353568257,3.85522981122145,-0.0030793646648077,0,-0.0030280102531005,-1,0,-1
12019,"Clay","Florida",-0.0604981116005759,3.77264047532801,0,4.19612725653204,"2022-05-10",840,5.52886203334256,-0.0610439205342178,3.76827400385887,3.76881981279251,-0.0034521647235863,0,-0.0037016981183375,-1,0,-1
12019,"Clay","Florida",-0.0643951622383097,3.68096595862555,0,4.13173209429372,"2022-05-11",841,5.67479493778295,-0.0660877966894676,3.6674248830163,3.66911751746745,-0.0038970506377338,0,-0.00504387615524979,-1,0,-1
12019,"Clay","Florida",-0.0688290579064504,3.58109963104213,0,4.06290303638728,"2022-05-12",842,5.80211837537706,-0.0724956665937205,3.55176676154396,3.55543337023124,-0.0044338956681407,0,-0.00640786990425291,-1,0,-1
12019,"Clay","Florida",0.47582205019273,7.86947943792905,0.475822050192658,7.86947943792855,"2022-05-13",843,5.80211837537706,0.164303686718196,5.37733253013285,5.68885089360731,0.54465110809918,0.475822050192658,0.236799353311917,1,1,1
12019,"Clay","Florida",0.352697579050278,7.36030571898222,0.352697579050337,7.36030571898264,"2022-05-14",844,5.77853649657822,0.218412211939817,6.28602278209847,6.420308149209,-0.123124471142452,-0.123124471142321,0.054108525221621,-1,-1,1
12019,"Clay","Florida",0.260216035929243,6.97315095306418,0.260216035929204,6.97315095306391,"2022-05-15",845,5.75438505436481,0.194602890138102,6.4482457867351,6.5138589325262,-0.092481543121035,-0.092481543121133,-0.023809321801715,-1,-1,-1
12019,"Clay","Florida",0.206294374662909,6.80199369886276,0.206294374662909,6.80199369886276,"2022-05-16",846,5.72963585348254,0.158954536672643,6.42327499494062,6.47061483293089,-0.053921661266334,-0.053921661266295,-0.035648353465459,-1,-1,-1
12019,"Clay","Florida",0.170928957120167,6.72536473318373,0.170928957120167,6.72536473318373,"2022-05-17",847,5.70425855178969,0.151189509876733,6.56744915523626,6.58718860247969,-0.035365417542742,-0.035365417542742,-0.00776502679591001,-1,-1,-1
12019,"Clay","Florida",0.145932904440435,6.696325268866,0.14593290444039,6.69632526886568,"2022-05-18",848,5.67822043660597,0.126411537105232,6.54015433018441,6.55967569751957,-0.024996052679732,-0.024996052679777,-0.024777972771501,-1,-1,-1
12019,"Clay","Florida",0.127323437594113,6.69338243853585,0.127323437594115,6.69338243853587,"2022-05-19",849,5.65148617115748,0.107058043560753,6.53125928626898,6.55152468030233,-0.018609466846322,-0.018609466846275,-0.019353493544479,-1,-1,-1
12019,"Clay","Florida",1.25607396694701e-15,5.80211837537707,0,5.80211837537706,"2022-05-20",850,5.81455688015811,0.00134521627240464,5.8128801055563,5.81153488928389,-0.127323437594112,-0.127323437594115,-0.105712827288348,-1,-1,-1
12019,"Clay","Florida",-0.0235818787988392,5.61346334498635,0,5.77853649657822,"2022-05-21",851,5.97453635608729,-0.0347041558388332,5.52448512866639,5.53560740570639,-0.0235818787988405,0,-0.0360493721112378,-1,0,-1
12019,"Clay","Florida",-0.0241514422134257,5.58532495887083,0,5.75438505436481,"2022-05-22",852,6.11241715752564,-0.0370712834210474,5.48196622920984,5.49488607041748,-0.000569563414586499,0,-0.0023671275822142,-1,0,-1
12019,"Clay","Florida",-0.0247492008822682,5.55639144730666,0,5.72963585348254,"2022-05-23",853,6.23357003630358,-0.0383992605344266,5.4471909700894,5.46084102974155,-0.000597758668842499,0,-0.0013279771133792,-1,0,-1
12019,"Clay","Florida",-0.0253773016928464,5.52661743993976,0,5.70425855178969,"2022-05-24",854,6.34161827405645,-0.0445014084153328,5.37362458615988,5.39274869288236,-0.000628100810578201,0,-0.0061021478809062,-1,0,-1
12019,"Clay","Florida",-0.026038115183716,5.49595363031996,0,5.67822043660597,"2022-05-25",855,6.43912213875859,-0.0465034848601896,5.33223067290817,5.35269604258464,-0.000660813490869602,0,-0.0020020764448568,-1,0,-1
12019,"Clay","Florida",-0.0267342654484859,5.46434631301808,0,5.65148617115748,"2022-05-26",856,6.52795791762255,-0.0480922039604387,5.29348280492246,5.31484074343441,-0.0006961502647699,0,-0.0015887191002491,-1,0,-1
12019,"Clay","Florida",0.163070709000622,6.95605184316246,0.163070709000625,6.95605184316248,"2022-05-27",857,6.52795791762255,0.151315724925297,6.86201197055986,6.87376695463519,0.189804974449108,0.163070709000625,0.199407928885736,1,1,1
12019,"Clay","Florida",0.15997947592916,7.09439268759141,0.159979475929187,7.0943926875916,"2022-05-28",858,6.46836398835308,0.169699794136052,7.17215523324653,7.16243491503965,-0.003091233071462,-0.00309123307143802,0.018384069210755,-1,-1,1
12019,"Clay","Florida",0.137880801438372,7.07758276759424,0.13788080143835,7.0775827675941,"2022-05-29",859,6.4049923026395,0.147315787798702,7.15306265847691,7.14362767211656,-0.022098674490788,-0.022098674490837,-0.02238400633735,-1,-1,-1
12019,"Clay","Florida",0.121152878777916,7.08164018774899,0.121152878777935,7.08164018774913,"2022-05-30",860,6.33733129233011,0.128518714861501,7.14056687641765,7.13320104033409,-0.016727922660456,-0.016727922660415,-0.018797072937201,-1,-1,-1
12019,"Clay","Florida",0.108048237752889,7.09795593832667,0.10804823775287,7.09795593832654,"2022-05-31",861,6.26475788210766,0.116320254525602,7.1641320725084,7.15586005573567,-0.013104641025027,-0.013104641025065,-0.012198460335899,-1,-1,-1
12019,"Clay","Florida",0.0975038647021493,7.12164919167363,0.0975038647021362,7.12164919167354,"2022-06-01",862,6.18650252544559,0.104770022605461,7.17977845490014,7.17251229699682,-0.0105443730507397,-0.0105443730507338,-0.011550231920141,-1,-1,-1
12019,"Clay","Florida",0.0888357788639913,7.14980836967049,0.0888357788639649,7.1498083696703,"2022-06-02",863,6.10159936192611,0.0946037482291466,7.19595212459176,7.19018415522658,-0.00866808583815801,-0.0086680858381713,-0.0101662743763144,-1,-1,-1
12019,"Clay","Florida",1.25607396694681e-15,6.52795791762256,0,6.52795791762255,"2022-06-03",864,6.29526600143965,0.00195148966660311,6.54356983495537,6.54161834528877,-0.08883577886399,-0.0888357788639649,-0.0926522585625435,-1,-1,-1
12019,"Clay","Florida",-0.059593929269488,6.05120648346667,0,6.46836398835308,"2022-06-04",865,6.51767127291227,-0.0531998012390176,6.10235950771041,6.09596537967996,-0.0595939292694893,0,-0.0551512909056207,-1,0,-1
12019,"Clay","Florida",-0.0633716857135823,5.96139050264442,0,6.4049923026395,"2022-06-05",866,6.69950034016168,-0.0557640469822121,6.02225161249538,6.01464397376401,-0.0037777564440943,0,-0.0025642457431945,-1,0,-1
12019,"Clay","Florida",-0.0676610103094093,5.86370422016424,0,6.33733129233011,"2022-06-06",867,6.85329909318608,-0.0608984195697341,5.91780494608163,5.91104235534197,-0.004289324595827,0,-0.005134372587522,-1,0,-1
12019,"Clay","Florida",-0.0725734102224453,5.75674401055055,0,6.26475788210766,"2022-06-07",868,6.98656645940643,-0.0626345430593704,5.83625494785515,5.82631608069207,-0.00491239991303601,0,-0.0017361234896363,-1,0,-1
12019,"Clay","Florida",-0.0782553566620703,5.6387150288111,0,6.18650252544559,"2022-06-08",869,7.10414409298753,-0.069214078574851,5.71104525350885,5.70200397542163,-0.005681946439625,0,-0.0065795355154806,-1,0,-1
12019,"Clay","Florida",-0.0849031635194816,5.50727721728974,0,6.10159936192611,"2022-06-09",870,7.20934025660291,-0.0727077750171411,5.60484032530846,5.59264493680612,-0.0066478068574113,0,-0.0034936964422901,-1,0,-1
12019,"Clay","Florida",0.193666639513596,7.65093247803482,0.193666639513537,7.6509324780344,"2022-06-10",871,7.20934025660291,0.141471556945651,7.23337181749132,7.28556690005921,0.278569803033078,0.193666639513537,0.214179331962792,1,1,1
12019,"Clay","Florida",0.222405271472627,8.07450817322066,0.222405271472629,8.07450817322067,"2022-06-11",872,7.16538306931963,0.17263502257728,7.67634618205789,7.72611643095323,0.028738631959031,0.028738631959092,0.031163465631629,1,1,1
12019,"Clay","Florida",0.181829067249458,7.97230381090788,0.181829067249403,7.9723038109075,"2022-06-12",873,7.11940445087061,0.152147668433291,7.7348526203786,7.76453401919472,-0.040576204223169,-0.040576204223226,-0.020487354143989,-1,-1,-1
12019,"Clay","Florida",0.153798753024399,7.92989036435687,0.1537987530244,7.92989036435688,"2022-06-13",874,7.07120948525792,0.139078894091684,7.81213149289515,7.82685135182787,-0.028030314225059,-0.028030314225003,-0.013068774341607,-1,-1,-1
12019,"Clay","Florida",0.133267366220326,7.91943802294871,0.133267366220348,7.91943802294886,"2022-06-14",875,7.02057363000912,0.124632942805194,7.85036263562763,7.85899705904279,-0.020531386804073,-0.020531386804052,-0.01444595128649,-1,-1,-1
12019,"Clay","Florida",0.1175776335811,7.92718752805523,0.1175776335811,7.92718752805523,"2022-06-15",876,6.96723639009649,0.103490252494725,7.81448847936423,7.8285758604506,-0.015689732639226,-0.015689732639248,-0.021142690310469,-1,-1,-1
12019,"Clay","Florida",0.105196163615399,7.9457134019107,0.105196163615383,7.94571340191059,"2022-06-16",877,6.91089320767307,0.0951230503712736,7.86512849595772,7.87520160920182,-0.012381469965701,-0.012381469965717,-0.00836720212345141,-1,-1,-1
12019,"Clay","Florida",1.25607396694762e-15,7.20934025660292,0,7.20934025660291,"2022-06-17",878,7.00734201555373,-0.00209940106078239,7.19254504811665,7.19464444917743,-0.105196163615398,-0.105196163615383,-0.097222451432056,-1,-1,-1
12019,"Clay","Florida",-0.0439571872832677,6.85768275833676,0,7.16538306931963,"2022-06-18",879,7.14237557691356,-0.0509193546549377,6.80198541936341,6.80894758673507,-0.043957187283269,0,-0.0488199535941553,-1,0,-1
12019,"Clay","Florida",-0.0459786184490228,6.79755412172746,0,7.11940445087061,"2022-06-19",880,7.26132540796739,-0.0537911799234064,6.73505362993238,6.74286619140676,-0.00202143116575509,0,-0.0028718252684687,-1,0,-1
12019,"Clay","Florida",-0.0481949656127072,6.73384472596896,0,7.07120948525792,"2022-06-20",881,7.36761838071704,-0.0538991424558099,6.68821131122413,6.69391548806725,-0.0022163471636844,0,-0.000107962532403499,-1,0,-1
12019,"Clay","Florida",-0.0506358552487892,6.66612264326759,0,7.02057363000912,"2022-06-21",882,7.46369083377175,-0.0572714887920717,6.61303757492135,6.61967320846462,-0.002440889636082,0,-0.0033723463362618,-1,0,-1
12019,"Clay","Florida",-0.0533372399126165,6.59387571070817,0,6.96723639009649,"2022-06-22",883,7.5513369949049,-0.0653389838909291,6.49786175888169,6.50986350285999,-0.0027013846638273,0,-0.0080674950988574,-1,0,-1
12019,"Clay","Florida",-0.0563431824234136,6.51649093070917,0,6.91089320767307,"2022-06-23",884,7.63191651307125,-0.0696981518590242,6.4096511752243,6.4230061446599,-0.0030059425107971,0,-0.0043591679680951,-1,0,-1
12019,"Clay","Florida",0.0964488078806601,7.68248367071835,0.0964488078806589,7.68248367071834,"2022-06-24",885,7.63191651307125,0.0837133435282975,7.58059995589945,7.59333542025181,0.152791990304074,0.0964488078806589,0.153411495387322,1,1,1
12019,"Clay","Florida",0.135033561359878,8.08761050643271,0.135033561359837,8.08761050643242,"2022-06-25",886,7.56423847517049,0.135750791415031,8.09334834687398,8.09263111681878,0.0385847534792179,0.0385847534791781,0.0520374478867335,1,1,1
12019,"Clay","Florida",0.118949831053831,8.09397422534421,0.11894983105383,8.0939742253442,"2022-06-26",887,7.49164547360513,0.116135360639643,8.0714584620307,8.07427293244489,-0.016083730306047,-0.016083730306007,-0.019615430775388,-1,-1,-1
12019,"Clay","Florida",0.106292972749675,8.11166918996476,0.106292972749644,8.11166918996455,"2022-06-27",888,7.41336733569524,0.106364907982666,8.11224467182872,8.1121727365957,-0.012656858304156,-0.012656858304186,-0.009770452656977,-1,-1,-1
12019,"Clay","Florida",0.0960724530547113,8.13619800515473,0.0960724530547115,8.13619800515473,"2022-06-28",889,7.32843735289516,0.100924914356688,8.17501769557055,8.17016523426857,-0.0102205196949637,-0.0102205196949325,-0.005439993625978,-1,-1,-1
12019,"Clay","Florida",0.0876461611331198,8.16486012283674,0.087646161133148,8.16486012283693,"2022-06-29",890,7.23561914106675,0.0867888063676645,8.15800128471307,8.15885863947855,-0.0084262919215915,-0.00842629192156349,-0.0141361079890235,-1,-1,-1
12019,"Clay","Florida",0.0805795181663556,8.19597314023574,0.0805795181663553,8.19597314023574,"2022-06-30",891,7.13329595489607,0.082993360033651,8.21528387517411,8.21287003330681,-0.00706664296676419,-0.00706664296679271,-0.00379544633401351,-1,-1,-1
12019,"Clay","Florida",0,7.63191651307125,0,7.63191651307125,"2022-07-01",892,7.16062405419528,0.00387826226469737,7.66294261118883,7.65906434892413,-0.0805795181663556,-0.0805795181663553,-0.0791150977689536,-1,-1,-1
12019,"Clay","Florida",-0.0676780379007616,7.09049220986516,0,7.56423847517049,"2022-07-02",893,7.28442890942756,-0.062203691375873,7.13428698206427,7.12881263553938,-0.0676780379007616,0,-0.0660819536405704,-1,0,-1
12019,"Clay","Florida",-0.0725930015653449,6.98349446264772,0,7.49164547360513,"2022-07-03",894,7.39458090738592,-0.0683396810558785,7.01752102672346,7.01326770621398,-0.0049149636645833,0,-0.0061359896800055,-1,0,-1
12019,"Clay","Florida",-0.0782781379098913,6.865420370326,0,7.41336733569524,"2022-07-04",895,7.49379438604813,-0.0720448354356528,6.91528679011991,6.90905348764567,-0.0056851363445464,0,-0.0037051543797743,-1,0,-1
12019,"Clay","Florida",-0.084929982800064,6.73392747329471,0,7.32843735289516,"2022-07-05",896,7.584046913903,-0.0773596455467895,6.79449017132092,6.78691983406763,-0.0066518448901727,0,-0.0053148101111367,-1,0,-1
12019,"Clay","Florida",-0.0928182118284089,6.58589165826789,0,7.23561914106675,"2022-07-06",897,7.66682395250455,-0.0875455899204762,6.62807263353135,6.62280001162342,-0.00788822902834489,0,-0.0101859443736867,-1,0,-1
12019,"Clay","Florida",-0.102323186170698,6.41703365170118,0,7.13329595489607,"2022-07-07",898,7.743269700829,-0.0946221349971848,6.47864206108927,6.47094100991578,-0.0095049743422891,0,-0.0070765450767086,-1,0,-1
12019,"Clay","Florida",0.0273280992992148,7.35192074928979,0.0273280992992149,7.35192074928979,"2022-07-08",899,7.743269700829,0.0343168701215609,7.40783091586856,7.40084214504621,0.129651285469913,0.0273280992992149,0.128939005118746,1,1,1
12019,"Clay","Florida",0.123804855232292,8.1510628960536,0.123804855232274,8.15106289605348,"2022-07-09",900,7.67149405239273,0.119412313102001,8.11592255901129,8.12031510114157,0.0964767559330772,0.0964767559330591,0.0850954429804401,1,1,1
12019,"Clay","Florida",0.110151997958377,8.16564489309456,0.110151997958359,8.16564489309443,"2022-07-10",901,7.59416553160365,0.104237690931707,8.11833043688122,8.12424474390787,-0.013652857273915,-0.013652857273915,-0.015174622170294,-1,-1,-1
12019,"Clay","Florida",0.0992134786622326,8.18828873668376,0.0992134786622172,8.18828873668365,"2022-07-11",902,7.51035236112442,0.0984851881630695,8.18246241269048,8.18319070318962,-0.0109385192961444,-0.0109385192961418,-0.00575250276863749,-1,-1,-1
12019,"Clay","Florida",0.0902525278548506,8.21581460888695,0.0902525278548634,8.21581460888704,"2022-07-12",903,7.41886657622529,0.0933107694785378,8.24028054187643,8.23722230025277,-0.00896095080738199,-0.0089609508073538,-0.00517441868453171,-1,-1,-1
12019,"Clay","Florida",0.0827770386015366,8.2462632227153,0.0827770386015487,8.24626322271539,"2022-07-13",904,7.31816054534184,0.0835090881067479,8.25211961875698,8.25138756925178,-0.00747548925331401,-0.0074754892533147,-0.0098016813717899,-1,-1,-1
12019,"Clay","Florida",0.0764457483244824,8.27838993910038,0.0764457483244589,8.27838993910022,"2022-07-14",905,7.2061653147889,0.0770327402446966,8.28308587446212,8.28249888254188,-0.0063312902770542,-0.0063312902770898,-0.0064763478620513,-1,-1,-1
12019,"Clay","Florida",2.51214793389402e-15,7.74326970082902,0,7.743269700829,"2022-07-15",906,7.23603074839917,0.00174405085963762,7.7572221077061,7.75547805684646,-0.0764457483244799,-0.0764457483244589,-0.075288689385059,-1,-1,-1
12019,"Clay","Florida",-0.0717756484362733,7.16906451333882,0,7.67149405239273,"2022-07-16",907,7.37095006629854,-0.0676055708147583,7.20242513431093,7.19825505668942,-0.0717756484362758,0,-0.0693496216743959,-1,0,-1
12019,"Clay","Florida",-0.0773285207890766,7.05286588608011,0,7.59416553160365,"2022-07-17",908,7.48981126917527,-0.0709493484785806,7.10389926456409,7.09752009225359,-0.00555287235280329,0,-0.00334377766382229,-1,0,-1
12019,"Clay","Florida",-0.0838131704792607,6.92366016776959,0,7.51035236112442,"2022-07-18",909,7.59603348243058,-0.0804483837743764,6.95057846140864,6.94721367470379,-0.00648464969018411,0,-0.00949903529579579,-1,0,-1
12019,"Clay","Florida",-0.0914857848991253,6.77846608193141,0,7.41886657622529,"2022-07-19",910,7.69204813567017,-0.0863914672587077,6.81922062305476,6.81412630541434,-0.0076726144198646,0,-0.0059430834843313,-1,0,-1
12019,"Clay","Florida",-0.100706030883451,6.61321832915768,0,7.31816054534184,"2022-07-20",911,7.77964619498815,-0.0942469407109256,6.66489105053789,6.65843196036536,-0.00922024598432569,0,-0.0078554734522179,-1,0,-1
12019,"Clay","Florida",-0.111995230552939,6.42219870091832,0,7.2061653147889,"2022-07-21",912,7.86018505747217,-0.104039930019271,6.48584110518767,6.477885804654,-0.011289199669488,0,-0.00979298930834541,-1,0,-1
12019,"Clay","Florida",0.0298654336102835,7.44508878367116,0.0298654336102757,7.4450887836711,"2022-07-22",913,7.86018505747217,0.032403926833534,7.46539672945717,7.46285823623391,0.141860664163223,0.0298654336102757,0.136443856852805,1,1,1
12019,"Clay","Florida",0.134919317899372,8.31538529159415,0.134919317899372,8.31538529159415,"2022-07-23",914,7.79246688341721,0.119859880747562,8.19490979437966,8.20996923153147,0.105053884289089,0.105053884289096,0.087455953914028,1,1,1
12019,"Clay","Florida",0.118861202876711,8.32183968931225,0.11886120287673,8.32183968931238,"2022-07-24",915,7.71982769977724,0.106187407910892,8.22044932958567,8.23312312455151,-0.016058115022661,-0.016058115022642,-0.01367247283667,-1,-1,-1
12019,"Clay","Florida",0.106222213255303,8.33958897521769,0.106222213255303,8.3395889752177,"2022-07-25",916,7.64149585650733,0.104069998432677,8.32237125663669,8.32452347145932,-0.012638989621408,-0.012638989621427,-0.002117409478215,-1,-1,-1
12019,"Clay","Florida",0.096014653239602,8.36415070834738,0.0960146532395889,8.36415070834729,"2022-07-26",917,7.55650264367394,0.0930534591114895,8.3404611553225,8.3434223494506,-0.010207560015701,-0.0102075600157141,-0.0110165393211875,-1,-1,-1
12019,"Clay","Florida",0.087598059317988,8.39283261021407,0.0875980593179868,8.39283261021406,"2022-07-27",918,7.46360889678125,0.0840146035561843,8.36416496411965,8.36774841988144,-0.00841659392161399,-0.0084165939216021,-0.0090388555553052,-1,-1,-1
12019,"Clay","Florida",0.0805388624839997,8.42395709486016,0.0805388624840129,8.42395709486026,"2022-07-28",919,7.36119389135318,0.0804234565665305,8.42303384752039,8.42314925343788,-0.0070591968339883,-0.00705919683397389,-0.00359114698965381,-1,-1,-1
12019,"Clay","Florida",-1.25607396694741e-15,7.86018505747216,0,7.86018505747217,"2022-07-29",920,7.38407818518677,0.00155811171132063,7.87264995116273,7.87109183945141,-0.080538862484001,-0.0805388624840129,-0.0788653448552099,-1,-1,-1
12019,"Clay","Florida",-0.0677181740549656,7.31843966503245,0,7.79246688341721,"2022-07-30",921,7.50454887844104,-0.0641083361911094,7.34731836794329,7.34370853007944,-0.0677181740549643,0,-0.06566644790243,-1,0,-1
12019,"Clay","Florida",-0.0726391836399771,7.2113534142974,0,7.71982769977724,"2022-07-31",922,7.61205433133918,-0.0720775094039699,7.21584680818545,7.21528513394945,-0.0049210095850115,0,-0.0079691732128605,-1,0,-1
12019,"Clay","Florida",-0.0783318432699221,7.09317295361788,0,7.64149585650733,"2022-08-01",923,7.70911604418232,-0.0782417424789687,7.09389375994549,7.09380365915455,-0.005692659629945,0,-0.0061642330749988,-1,0,-1
12019,"Clay","Florida",-0.0849932128334177,6.96155015384002,0,7.55650264367394,"2022-08-02",924,7.79758469216992,-0.0834318311034185,6.97404120767998,6.97247982595001,-0.0066613695634956,0,-0.00519008862444979,-1,0,-1
12019,"Clay","Florida",-0.0928937468926804,6.81335266853248,0,7.46360889678125,"2022-08-03",925,7.87885881876941,-0.0919682999796351,6.82075624383686,6.8198307969238,-0.00790053405926271,0,-0.0085364688762166,-1,0,-1
12019,"Clay","Florida",-0.102415005428099,6.64428885335649,0,7.36119389135318,"2022-08-04",926,7.95402108727804,-0.106124210884564,6.61461520970474,6.61832441516123,-0.0095212585354186,0,-0.0141559109049289,-1,0,-1
12019,"Clay","Florida",0.0228842938335877,7.54426824202188,0.0228842938335863,7.54426824202187,"2022-08-05",927,7.95402108727804,0.0240404709761342,7.55351765916225,7.55236148201971,0.125299299261687,0.0228842938335863,0.130164681860698,1,1,1
12019,"Clay","Florida",0.120470693254235,8.34784373122069,0.120470693254272,8.34784373122094,"2022-08-06",928,7.88096630110897,0.119721286605535,8.34184847803105,8.34259788467978,0.0975863994206473,0.0975863994206857,0.0956808156294008,1,1,1
12019,"Clay","Florida",0.107505452898142,8.36459250162618,0.107505452898145,8.36459250162619,"2022-08-07",929,7.8021509101495,0.106032053033095,8.3528053027058,8.35427870257084,-0.012965240356093,-0.012965240356127,-0.01368923357244,-1,-1,-1
12019,"Clay","Florida",0.0970617128431328,8.38854803408424,0.0970617128431321,8.38854803408424,"2022-08-08",930,7.71658805902101,0.0999008631805484,8.41126123678357,8.40842208644616,-0.0104437400550092,-0.0104437400550129,-0.0061311898525466,-1,-1,-1
12019,"Clay","Florida",0.0884686479876072,8.41686522808318,0.0884686479876091,8.41686522808319,"2022-08-09",931,7.62301334512891,0.0872559084814224,8.4071633120337,8.40837605153988,-0.00859306485552559,-0.008593064855523,-0.012644954699126,-1,-1,-1
12019,"Clay","Florida",0.0812741265994723,8.44777770496571,0.0812741265994843,8.4477777049658,"2022-08-10",932,7.5197698724514,0.082432950957908,8.45704829983318,8.45588947547477,-0.00719452138813491,-0.00719452138812481,-0.0048229575235144,-1,-1,-1
12019,"Clay","Florida",0.0751622685086292,8.48015696683844,0.0751622685086284,8.48015696683844,"2022-08-11",933,7.40462685341415,0.0771382320279375,8.49596467499291,8.4939887114736,-0.00611185809084309,-0.0061118580908559,-0.00529471892997049,-1,-1,-1
12019,"Clay","Florida",-2.51214793389442e-15,7.95402108727802,0,7.95402108727804,"2022-08-12",934,7.38443301531557,0.00170557981335655,7.96766572578489,7.96596014597154,-0.0751622685086317,-0.0751622685086284,-0.075432652214581,-1,-1,-1
12019,"Clay","Florida",-0.0730547861690631,7.36958279792553,0,7.88096630110897,"2022-08-13",935,7.48348542832647,-0.0670194131077252,7.41786578241624,7.41183040935489,-0.0730547861690606,0,-0.0687249929210818,-1,0,-1
12019,"Clay","Florida",-0.0788153909594565,7.25044317343331,0,7.8021509101495,"2022-08-14",936,7.57360467071075,-0.0750977306544878,7.28018445587307,7.27646679556809,-0.00576060479039341,0,-0.0080783175467626,-1,0,-1
12019,"Clay","Florida",-0.085562851128487,7.11764810112161,0,7.71658805902101,"2022-08-15",937,7.65626958744722,-0.0811348747212641,7.15307191237939,7.14864393597216,-0.00674746016903049,0,-0.0060371440667763,-1,0,-1
12019,"Clay","Florida",-0.0935747138921243,6.96799034788403,0,7.62301334512891,"2022-08-16",938,7.732619707601,-0.0884800455916485,7.00874769428782,7.00365302598737,-0.0080118627636373,0,-0.0073451708703844,-1,0,-1
12019,"Clay","Florida",-0.103243472677505,6.79706556370886,0,7.5197698724514,"2022-08-17",939,7.80355171584171,-0.0977291880914792,6.84117984039708,6.83566555581105,-0.0096687587853807,0,-0.00924914249983069,-1,0,-1
12019,"Clay","Florida",-0.115143019037222,6.5986257201536,0,7.40462685341415,"2022-08-18",940,7.86978390253015,-0.11208410371753,6.62309704271116,6.62003812739144,-0.011899546359717,0,-0.0143549156260508,-1,0,-1
12019,"Clay","Florida",-0.0201938380985843,7.24307614862548,0,7.38443301531557,"2022-08-19",941,7.86978390253015,-0.0220747240957884,7.22802906064784,7.22990994664505,0.0949491809386377,0,0.0900093796217416,1,0,1
12019,"Clay","Florida",0.0990524130108854,8.17685231940267,0.0990524130109032,8.17685231940279,"2022-08-20",942,7.78773762418891,0.0930782858447667,8.1290593020737,8.13503342923984,0.11924625110947,0.0990524130109032,0.115153009940555,1,1,1
12019,"Clay","Florida",0.0901192423842487,8.20443936740049,0.0901192423842767,8.20443936740068,"2022-08-21",943,7.69835320384552,0.0847632877907091,8.16159173065214,8.16694768524571,-0.00893317062663669,-0.0089331706266265,-0.0083149980540576,-1,-1,-1
12019,"Clay","Florida",0.0826649167364823,8.2349240046026,0.082664916736471,8.23492400460252,"2022-08-22",944,7.60018791860421,0.0824295013426753,8.23304068145215,8.23327609684595,-0.00745432564776641,-0.0074543256478057,-0.00233378644803381,-1,-1,-1
12019,"Clay","Florida",0.0763501201538014,8.26707054867761,0.0763501201537773,8.26707054867744,"2022-08-23",945,7.49132672310439,0.0760262056833915,8.26447923291435,8.26480314738474,-0.0063147965826809,-0.0063147965826937,-0.0064032956592838,-1,-1,-1
12019,"Clay","Florida",0.0709320082407091,8.30007577352667,0.0709320082407086,8.30007577352666,"2022-08-24",946,7.36915053369127,0.0716997740797421,8.30621790023894,8.3054501343999,-0.0054181119130923,-0.00541811191306871,-0.0043264316036494,-1,-1,-1
12019,"Clay","Florida",0.0662321866884608,8.33340920934937,0.0662321866884401,8.33340920934923,"2022-08-25",947,7.2299422924622,0.0655950917041728,8.32831244947509,8.32894954445936,-0.0046998215522483,-0.0046998215522685,-0.0061046823755693,-1,-1,-1
12019,"Clay","Florida",0,7.86978390253015,0,7.86978390253015,"2022-08-26",948,7.16813956260258,-0.00497694383547578,7.82996835184634,7.83494529568182,-0.0662321866884608,-0.0662321866884401,-0.0705720355396486,-1,-1,-1
12019,"Clay","Florida",-0.082046278341256,7.21341367580012,0,7.78773762418891,"2022-08-27",949,7.25901559021937,-0.0788825854885071,7.23872321862209,7.23555952576936,-0.082046278341256,0,-0.0739056416530313,-1,0,-1
12019,"Clay","Florida",-0.0893844203433957,7.07266226144175,0,7.69835320384552,"2022-08-28",950,7.34231676157794,-0.0863670013061038,7.09680161374008,7.09378419470279,-0.00733814200213971,0,-0.00748441581759669,-1,0,-1
12019,"Clay","Florida",-0.098165285241274,6.9130309219153,0,7.60018791860421,"2022-08-29",951,7.41920927670843,-0.0974453990022827,6.91879001182726,6.91807012558823,-0.0087808648978783,0,-0.0110783976961789,-1,0,-1
12019,"Clay","Florida",-0.108861195499829,6.72929835460558,0,7.49132672310439,"2022-08-30",952,7.4906091627786,-0.10416118358831,6.76689844989773,6.76219843798622,-0.010695910258555,0,-0.0067157845860273,-1,0,-1
12019,"Clay","Florida",-0.122176189413116,6.51391720779946,0,7.36915053369127,"2022-08-31",953,7.5572490794778,-0.122006798925457,6.51527233170073,6.51510294121307,-0.013314993913287,0,-0.017845615337147,-1,0,-1
12019,"Clay","Florida",-0.13920824122907,6.25548460385871,0,7.2299422924622,"2022-09-01",954,7.61972421378267,-0.137121093414452,6.27218178637565,6.27009463856104,-0.017032051815954,0,-0.015114294488995,-1,0,-1
12019,"Clay","Florida",-0.0618027298596258,6.7355204535852,0,7.16813956260258,"2022-09-02",955,7.61972421378267,-0.0620260350712256,6.73373401189239,6.733957317104,0.0774055113694442,0,0.0750950583432264,1,0,1
12019,"Clay","Florida",0.090876027616787,7.89514778353688,0.0908760276167859,7.89514778353687,"2022-09-03",956,7.53384648656576,0.0918036031745812,7.90256838799923,7.90164081244144,0.152678757476413,0.0908760276167859,0.153829638245807,1,1,1
12019,"Clay","Florida",0.0833011713585559,7.92542496108783,0.0833011713585696,7.92542496108793,"2022-09-04",957,7.43989499225161,0.0825270939485941,7.91923234180812,7.9200064192181,-0.00757485625823109,-0.0075748562582163,-0.00927650922598709,-1,-1,-1
12019,"Clay","Florida",0.076892515130488,7.95745688262184,0.0768925151304876,7.95745688262184,"2022-09-05",958,7.33619258914776,0.0805637878187689,7.98682706412809,7.98315579143981,-0.0064086562280679,-0.006408656228082,-0.0019633061298252,-1,-1,-1
12019,"Clay","Florida",0.0713998860701863,7.99040836526991,0.0713998860701768,7.99040836526984,"2022-09-06",959,7.22047833539169,0.0715995071049166,7.99200533354776,7.99180571251302,-0.00549262906030171,-0.0054926290603108,-0.0089642807138523,-1,-1,-1
12019,"Clay","Florida",0.0666399166992111,8.02372849637228,0.0666399166992013,8.02372849637221,"2022-09-07",960,7.08960053188521,0.0679915803829201,8.03454180584196,8.03319014215824,-0.0047599693709752,-0.0047599693709755,-0.0036079267219965,-1,-1,-1
12019,"Clay","Florida",0.0624751343048569,8.05705015391667,0.0624751343048668,8.05705015391674,"2022-09-08",961,6.93897705278209,0.0627236512488046,8.05903828946824,8.0587897725243,-0.0041647823943542,-0.0041647823943345,-0.0052679291341155,-1,-1,-1
12019,"Clay","Florida",-2.51214793389483e-15,7.61972421378265,0,7.61972421378267,"2022-09-09",962,6.87005341179813,-0.000369309855858884,7.6167697349358,7.61713904479166,-0.0624751343048594,-0.0624751343048668,-0.0630929611046635,-1,-1,-1
12019,"Clay","Florida",-0.0858777272169287,6.93270239604725,0,7.53384648656576,"2022-09-10",963,6.96790920180188,-0.0823132289436139,6.96121838223376,6.95765388396046,-0.0858777272169262,0,-0.081943919087755,-1,0,-1
12019,"Clay","Florida",-0.0939514943141756,6.78223453205238,0,7.43989499225161,"2022-09-11",964,7.05703698169789,-0.0878886954617936,6.83073692287141,6.82467412401906,-0.0080737670972469,0,-0.00557546651817971,-1,0,-1
12019,"Clay","Florida",-0.103702403103833,6.61027576742093,0,7.33619258914776,"2022-09-12",965,7.13886699994552,-0.101483087748831,6.62803029026096,6.62581097490594,-0.0097509087896574,0,-0.0135943922870374,-1,0,-1
12019,"Clay","Florida",-0.11571425375611,6.41047855909892,0,7.22047833539169,"2022-09-13",966,7.21450441415114,-0.110786177309858,6.44990317066889,6.44497509422268,-0.012011850652277,0,-0.009303089561027,-1,0,-1
12019,"Clay","Florida",-0.130877803506479,6.17345590733985,0,7.08960053188521,"2022-09-14",967,7.2848209125686,-0.127085025783319,6.20379812912514,6.20000535140198,-0.015163549750369,0,-0.016298848473461,-1,0,-1
12019,"Clay","Florida",-0.150623479103112,5.88461269906031,0,6.93897705278209,"2022-09-15",968,7.350516171834,-0.14647680881854,5.91778606133689,5.91363939105231,-0.019745675596633,0,-0.019391783035221,-1,0,-1
12019,"Clay","Florida",-0.0689236409839695,6.38758792491034,0,6.87005341179813,"2022-09-16",969,7.350516171834,-0.0709947715549795,6.37101888034225,6.37309001091327,0.0816998381191425,0,0.0754820372635605,1,0,1
12019,"Clay","Florida",0.0978557900037286,7.65289973182799,0.0978557900037584,7.65289973182819,"2022-09-17",970,7.26792411217513,0.0884875199914256,7.57795357172953,7.58732184174186,0.166779430987698,0.0978557900037584,0.159482291546405,1,1,1
12019,"Clay","Florida",0.0891277798960056,7.68093144096993,0.0891277798960068,7.68093144096994,"2022-09-18",971,7.17789146150363,0.0823174113306015,7.62644849244669,7.6332588610121,-0.00872801010772301,-0.00872801010775159,-0.0061701086608241,-1,-1,-1
12019,"Clay","Florida",0.081830018247634,7.71167712767896,0.0818300182476328,7.71167712767895,"2022-09-19",972,7.07894366278376,0.0812302309865112,7.70687882958998,7.7074786168511,-0.00729776164837159,-0.00729776164837401,-0.00108718034409029,-1,-1,-1
12019,"Clay","Florida",0.0756374142056212,7.74396631359049,0.0756374142056195,7.74396631359048,"2022-09-20",973,6.96911912330459,0.0731375297481156,7.72396723793045,7.72646712238795,-0.0061926040420128,-0.0061926040420133,-0.0080927012383956,-1,-1,-1
12019,"Clay","Florida",0.0703164984174708,7.7770364014909,0.0703164984174602,7.77703640149083,"2022-09-21",974,6.84572788803069,0.0703146111959423,7.77702130371868,7.7770231909402,-0.0053209157881504,-0.0053209157881593,-0.0028229185521733,-1,-1,-1
12019,"Clay","Florida",0.0656952592653922,7.81038298669174,0.0656952592653948,7.81038298669176,"2022-09-22",975,6.7049394271736,0.0651506406702731,7.80602603793078,7.80657065652591,-0.0046212391520786,-0.0046212391520654,-0.00516397052566921,-1,-1,-1
12019,"Clay","Florida",1.25607396694681e-15,7.35051617183401,0,7.350516171834,"2022-09-23",976,6.626339248109,-0.00203816846046173,7.33421082415031,7.33624899261077,-0.0656952592653909,-0.0656952592653948,-0.0671888091307348,-1,-1,-1
12019,"Clay","Florida",-0.0825920596589126,6.68977969456274,0,7.26792411217513,"2022-09-24",977,6.7049394271736,-0.0801360494944914,6.70942777587807,6.70697176571369,-0.0825920596589139,0,-0.0780978810340297,-1,0,-1
12019,"Clay","Florida",-0.0900326506714764,6.5476629068033,0,7.17789146150363,"2022-09-25",978,6.7778092878517,-0.0915132575188979,6.53581805202395,6.53729865887134,-0.00744059101256379,0,-0.0113772080244065,-1,0,-1
12019,"Clay","Florida",-0.0989477987198724,6.38630907174466,0,7.07894366278376,"2022-09-26",979,6.84572788803069,-0.101254397038193,6.36785628519809,6.37016288351641,-0.00891514804839601,0,-0.0097411395192951,-1,0,-1
12019,"Clay","Florida",-0.109824539479148,6.20034734695056,0,6.96911912330459,"2022-09-27",980,6.90932547415166,-0.10944240695025,6.20340440718176,6.20302227465284,-0.0108767407592756,0,-0.008188009912057,-1,0,-1
12019,"Clay","Florida",-0.123391235273949,5.98198924111304,0,6.84572788803069,"2022-09-28",981,6.96911912330459,-0.124364456559643,5.97420347082745,5.97517669211319,-0.013566695794801,0,-0.014922049609393,-1,0,-1
12019,"Clay","Florida",-0.140788460857109,5.71942020117384,0,6.7049394271736,"2022-09-29",982,7.02553831463852,-0.144405238575192,5.69048597942915,5.69410275714725,-0.01739722558316,0,-0.020040782015549,-1,0,-1
12019,"Clay","Florida",-0.0786001790645817,6.07613799465693,0,6.626339248109,"2022-09-30",983,7.02553831463852,-0.0892224955321096,5.99115946291672,6.00178177938423,0.0621882817925273,0,0.0551827430430824,1,0,1
12019,"Clay","Florida",0.078600179064607,7.25514068062585,0.0786001790645949,7.25514068062576,"2022-10-01",984,6.93342302573072,0.0737829807803013,7.21660309435141,7.22142029263571,0.157200358129189,0.0786001790645949,0.163005476312411,1,1,1
12019,"Clay","Florida",0.0728698606781183,7.28789831259852,0.0728698606780975,7.28789831259838,"2022-10-02",985,6.83195356556586,0.0663559845926722,7.23578730391498,7.24230118000041,-0.0057303183864887,-0.0057303183864974,-0.0074269961876291,-1,-1,-1
12019,"Clay","Florida",0.0679186001789898,7.32115808928361,0.0679186001789889,7.32115808928361,"2022-10-03",986,6.71901315438526,0.0661040970982572,7.30664206463776,7.30845656771849,-0.0049512604991285,-0.0049512604991086,-0.000251887494415001,-1,-1,-1
12019,"Clay","Florida",0.0635975861209723,7.35450857699846,0.063597586120971,7.35450857699845,"2022-10-04",987,6.59167373200866,0.0619004135350518,7.3409311963111,7.34262836889702,-0.00432101405801751,-0.00432101405801791,-0.00420368356320539,-1,-1,-1
12019,"Clay","Florida",0.059793649152937,7.38767466737515,0.0597936491529376,7.38767466737516,"2022-10-05",988,6.44571981938558,0.0589282559952696,7.38075152211382,7.38161691527148,-0.0038039369680353,-0.0038039369680334,-0.0029721575397822,-1,-1,-1
12019,"Clay","Florida",0.0564191913339442,7.42047265397613,0.0564191913339274,7.42047265397601,"2022-10-06",989,6.27476202124194,0.0564139758244473,7.42043092990017,7.42043614540965,-0.0033744578189928,-0.0033744578190102,-0.0025142801708223,-1,-1,-1
12019,"Clay","Florida",1.25607396694701e-15,7.02553831463853,0,7.02553831463852,"2022-10-07",990,6.14173013872367,-0.000522565666253258,7.02135778930849,7.02188035497475,-0.0564191913339429,-0.0564191913339274,-0.0569365414907006,-1,-1,-1
12019,"Clay","Florida",-0.092115288907836,6.28861600337586,0,6.93342302573072,"2022-10-08",991,6.21002618891708,-0.0910064634267714,6.29748660722435,6.29637778174332,-0.0921152889078373,0,-0.0904838977605181,-1,0,-1
12019,"Clay","Florida",-0.101469460164859,6.12166734441184,0,6.83195356556586,"2022-10-09",992,6.27395459285734,-0.103048770537024,6.10903286143453,6.11061217180669,-0.00935417125702299,0,-0.0120423071102526,-1,0,-1
12019,"Clay","Florida",-0.112940411180632,5.92843027612084,0,6.71901315438526,"2022-10-10",993,6.33404056666721,-0.112707653764961,5.93029233544617,5.93005957803053,-0.011470951015773,0,-0.009658883227937,-1,0,-1
12019,"Clay","Florida",-0.127339422376601,5.70029777537245,0,6.59167373200866,"2022-10-11",994,6.39071993858183,-0.130978336552902,5.67118646196204,5.67482537613834,-0.014399011195969,0,-0.018270682787941,-1,0,-1
12019,"Clay","Florida",-0.145953912623103,5.42404243102386,0,6.44571981938558,"2022-10-12",995,6.44435834878726,-0.15053979152465,5.38735539981146,5.39194127871303,-0.018614490246502,0,-0.019561454971748,-1,0,-1
12019,"Clay","Florida",-0.170957798143668,5.07805743423626,0,6.27476202124194,"2022-10-13",996,6.49526555593701,-0.172770329287207,5.06355718508792,5.06536971623149,-0.025003885520565,0,-0.022230537762557,-1,0,-1
12019,"Clay","Florida",-0.13303188251829,5.21050696109564,0,6.14173013872367,"2022-10-14",997,6.49526555593701,-0.135385040403881,5.19168169801089,5.1940348558965,0.037925915625378,0,0.037385288883326,1,0,1
12019,"Clay","Florida",0.0682960501934104,6.68809854027095,0.0682960501934113,6.68809854027096,"2022-10-15",998,6.39740573234963,0.0677702972783909,6.6838925169508,6.68441826986582,0.2013279327117,0.0682960501934113,0.203155337682272,1,1,1
12019,"Clay","Florida",0.0639284039402492,6.72145342043908,0.0639284039402579,6.72145342043914,"2022-10-16",999,6.28892013138674,0.0632754643325623,6.71622990357758,6.71688284318528,-0.00436764625316119,-0.0043676462531534,-0.0044948329458286,-1,-1,-1
12019,"Clay","Florida",0.0600859738098894,6.75464238333644,0.0600859738098727,6.75464238333632,"2022-10-17",1000,6.16721695516647,0.0629140421780868,6.77726693028203,6.77443886191382,-0.00384243013035981,-0.0038424301303852,-0.000361422154475502,-1,-1,-1
12019,"Clay","Florida",0.0566793719146116,6.78747554198411,0.0566793719146208,6.78747554198418,"2022-10-18",1001,6.02862269507491,0.0587313681822824,6.80389151212547,6.80183951585781,-0.0034066018952778,-0.0034066018952519,-0.0041826739958044,-1,-1,-1
12019,"Clay","Florida",0.0536384102054237,6.81982722022522,0.0536384102054246,6.81982722022523,"2022-10-19",1002,5.86768140389712,0.0566655056130808,6.84404398348648,6.84101688807883,-0.0030409617091879,-0.0030409617091962,-0.0020658625692016,-1,-1,-1
12019,"Clay","Florida",0.0509072071497434,6.85161600598521,0.0509072071497512,6.85161600598527,"2022-10-20",1003,5.6757748496693,0.0530650104457117,6.86887843235295,6.86672062905699,-0.0027312030556803,-0.0027312030556734,-0.0036004951673691,-1,-1,-1
12019,"Clay","Florida",-1.25607396694741e-15,6.495265555937,0,6.49526555593701,"2022-10-21",1004,5.52715893897688,-0.00137820730458822,6.4842398975003,6.48561810480489,-0.0509072071497447,-0.0509072071497512,-0.0544432177502999,-1,-1,-1
12019,"Clay","Florida",-0.0978598235873925,5.71238696723788,0,6.39740573234963,"2022-10-22",1005,5.60894837198536,-0.0919961128014081,5.75929665352575,5.75343294273977,-0.0978598235873912,0,-0.0906179054968199,-1,0,-1
12019,"Clay","Florida",-0.108485600962886,5.52952092464654,0,6.28892013138674,"2022-10-23",1006,5.68455111272831,-0.105132122010445,5.55634875626607,5.55299527731362,-0.0106257773754935,0,-0.0131360092090369,-1,0,-1
12019,"Clay","Florida",-0.121703176220296,5.3152947216244,0,6.16721695516647,"2022-10-24",1007,5.75483764545649,-0.119058623442064,5.33645114385023,5.33380659107202,-0.01321757525741,0,-0.013926501431619,-1,0,-1
12019,"Clay","Florida",-0.138594260091508,5.05846287443436,0,6.02862269507491,"2022-10-25",1008,5.82050674896434,-0.134669076523471,5.0898643429787,5.08593915941061,-0.016891083871212,0,-0.015610453081407,-1,0,-1
12019,"Clay","Florida",-0.160941291177794,4.74109236565256,0,5.86768140389712,"2022-10-26",1009,5.88212788307052,-0.154953437468213,4.78899519532921,4.78300734161963,-0.022347031086286,0,-0.020284360944742,-1,0,-1
12019,"Clay","Florida",-0.191906554227881,4.33242897007413,0,5.6757748496693,"2022-10-27",1010,5.94017125272043,-0.189727358517678,4.3498625357557,4.34768334004555,-0.030965263050087,0,-0.034773921049465,-1,0,-1
12019,"Clay","Florida",-0.148615910692413,4.48684756412999,0,5.52715893897688,"2022-10-28",1011,5.94017125272043,-0.132808371381008,4.61330787862123,4.59750033930982,0.043290643535468,0,0.05691898713667,1,0,1
12019,"Clay","Florida",0.0817894330084684,6.18147440304464,0.0817894330084812,6.18147440304473,"2022-10-29",1012,5.84973638727928,0.101270360992619,6.33732182691783,6.31784089893369,0.230405343700881,0.0817894330084812,0.234078732373627,1,1,1
12019,"Clay","Florida",0.0756027407429491,6.21377029792896,0.0756027407429496,6.21377029792896,"2022-10-30",1013,5.75030249029109,0.0897950131074572,6.32730847684502,6.31311620448051,-0.00618669226551929,-0.00618669226553159,-0.0114753478851618,-1,-1,-1
12019,"Clay","Florida",0.0702865327281624,6.24684337455362,0.070286532728173,6.2468433745537,"2022-10-31",1014,5.63987867267672,0.0846531731422518,6.36177649786632,6.34740985745225,-0.0053162080147867,-0.0053162080147766,-0.0051418399652054,-1,-1,-1
12019,"Clay","Florida",0.0656691035078657,6.2801904735194,0.0656691035078563,6.28019047351934,"2022-11-01",1015,5.51573024315326,0.0772403718960207,6.37276062062466,6.36118935223649,-0.0046174292202967,-0.0046174292203167,-0.0074128012462311,-1,-1,-1
12019,"Clay","Florida",0.0616211341061664,6.31347582181368,0.0616211341061757,6.31347582181375,"2022-11-02",1016,5.37395478075366,0.0705565861211145,6.38495943793326,6.37602398591832,-0.0040479694016993,-0.0040479694016806,-0.00668378577490621,-1,-1,-1
12019,"Clay","Florida",0.0580433696499122,6.34647484026982,0.0580433696499139,6.34647484026983,"2022-11-03",1017,5.20870520785835,0.0677807531389291,6.42437390818195,6.41463652469293,-0.00357776445625421,-0.0035777644562618,-0.00277583298218539,-1,-1,-1
12019,"Clay","Florida",1.25607396694681e-15,5.94017125272044,0,5.94017125272043,"2022-11-04",1018,5.1793729424554,0.00411971076409514,5.97312893883319,5.9690092280691,-0.0580433696499109,-0.0580433696499139,-0.063661042374834,-1,-1,-1
12019,"Clay","Florida",-0.0904348654411942,5.21669232919092,0,5.84973638727928,"2022-11-05",1019,5.32370660055286,-0.0807292073597963,5.29433759384206,5.28463193576071,-0.0904348654411955,0,-0.0848489181238914,-1,0,-1
12019,"Clay","Florida",-0.099433896988169,5.05426521137391,0,5.75030249029109,"2022-11-06",1020,5.44981145954673,-0.0866920691469242,5.15619983410389,5.14345800626262,-0.0089990315469748,0,-0.0059628617871279,-1,0,-1
12019,"Clay","Florida",-0.11042381761439,4.86691194937599,0,5.63987867267672,"2022-11-07",1021,5.56177992876459,-0.0963618981273789,4.97940730527206,4.96534538578507,-0.010989920626221,0,-0.00966982898045469,-1,0,-1
12019,"Clay","Florida",-0.124148429523435,4.64669123648922,0,5.51573024315326,"2022-11-08",1022,5.66246432532547,-0.105135054722747,4.79879823489474,4.77978486009403,-0.013724611909045,0,-0.00877315659536811,-1,0,-1
12019,"Clay","Florida",-0.141775462399557,4.38152654395676,0,5.37395478075366,"2022-11-09",1023,5.75393225834167,-0.122545217819002,4.53536850060124,4.51613825602065,-0.017627032876122,0,-0.017410163096255,-1,0,-1
12019,"Clay","Florida",-0.165249572895333,4.05195819759102,0,5.20870520785835,"2022-11-10",1024,5.83773044716594,-0.133685380059157,4.3044717402804,4.27290754744425,-0.023474110495776,0,-0.011140162240155,-1,0,-1
12019,"Clay","Florida",-0.0293322654029443,4.97404708463479,0,5.1793729424554,"2022-11-11",1025,5.83773044716594,-0.031417348028645,4.95736642362919,4.95945150625488,0.135917307492389,0,0.102268032030512,1,0,1
12019,"Clay","Florida",0.144333658097455,6.33404220723504,0.144333658097454,6.33404220723504,"2022-11-12",1026,5.77321969185142,0.127889488585041,6.20248885113573,6.21893302064815,0.173665923500399,0.144333658097454,0.159306836613686,1,1,1
12019,"Clay","Florida",0.126104858993916,6.33254547250415,0.126104858993878,6.33254547250388,"2022-11-13",1027,5.70425855178969,0.115892914317931,6.25084991509631,6.26106185977224,-0.018228799103539,-0.018228799103576,-0.01199657426711,-1,-1,-1
12019,"Clay","Florida",0.111968469217872,6.34555921328969,0.111968469217856,6.34555921328958,"2022-11-14",1028,5.6301871915678,0.104900757902541,6.28901752276706,6.29608523408237,-0.014136389776044,-0.014136389776022,-0.01099215641539,-1,-1,-1
12019,"Clay","Florida",0.100684396560911,6.36725510125185,0.100684396560881,6.36725510125164,"2022-11-15",1029,5.55018719612064,0.0966078380051824,6.33464263280605,6.33871919136175,-0.011284072656961,-0.011284072656975,-0.0082929198973586,-1,-1,-1
12019,"Clay","Florida",0.0914679330162018,6.39420778945508,0.0914679330162009,6.39420778945508,"2022-11-16",1030,5.46322629486482,0.0903835010517674,6.38553233373961,6.38661676570404,-0.00921646354470919,-0.0092164635446801,-0.006224336953415,-1,-1,-1
12019,"Clay","Florida",0.08379818882424,6.42431776893562,0.083798188824268,6.42431776893582,"2022-11-17",1031,5.36797668257815,0.0802882111392872,6.39623794745597,6.39974792514095,-0.0076697441919618,-0.00766974419193291,-0.0100952899124802,-1,-1,-1
12019,"Clay","Florida",0,5.83773044716594,0,5.83773044716594,"2022-11-18",1032,5.38972383287189,0.0019358492308021,5.85321724101236,5.85128139178155,-0.08379818882424,-0.083798188824268,-0.0783523619084851,-1,-1,-1
12019,"Clay","Florida",-0.0645107553145084,5.32164440464986,0,5.77321969185142,"2022-11-19",1033,5.50242371184216,-0.0636580005201209,5.32846644300497,5.32761368821057,-0.0645107553145084,0,-0.065593849750923,-1,0,-1
12019,"Clay","Florida",-0.0689611400617434,5.22153057135748,0,5.70425855178969,"2022-11-20",1034,5.60369901609922,-0.0707648640697174,5.20710077929368,5.20890450330167,-0.00445038474723501,0,-0.0071068635495965,-1,0,-1
12019,"Clay","Florida",-0.0740713602218989,5.11168767001451,0,5.6301871915678,"2022-11-21",1035,5.69565429220566,-0.0749118818631837,5.10496349688422,5.10580401852551,-0.0051102201601555,0,-0.00414701779346631,-1,0,-1
12019,"Clay","Florida",-0.079999995447169,4.99018722799046,0,5.55018719612064,"2022-11-22",1036,5.77986129253264,-0.0799777802749984,4.99036494936781,4.99034273419565,-0.0059286352252701,0,-0.00506589841181469,-1,0,-1
12019,"Clay","Florida",-0.0869609012558115,4.85449998607414,0,5.46322629486482,"2022-11-23",1037,5.85752490789686,-0.0889518725719978,4.83857221554466,4.84056318686084,-0.0069609058086425,0,-0.0089740922969994,-1,0,-1
12019,"Clay","Florida",-0.0952496122867141,4.70122939657115,0,5.36797668257815,"2022-11-24",1038,5.9295891433899,-0.098447585326376,4.67564561225381,4.67884358529352,-0.00828871103090259,0,-0.0094957127543782,-1,0,-1
12019,"Clay","Florida",0.0217471502937436,5.54195388492809,0.0217471502937414,5.54195388492808,"2022-11-25",1039,5.9295891433899,0.0223113077973085,5.54646714495662,5.54590298745305,0.116996762580458,0.0217471502937414,0.120758893123684,1,1,1
12019,"Clay","Florida",0.112699878970291,6.2913228646342,0.112699878970273,6.29132286463407,"2022-11-26",1040,5.85343324916061,0.107966000103558,6.25345183370035,6.25818571256706,0.0909527286765474,0.0909527286765316,0.0856546923062495,1,1,1
12019,"Clay","Florida",0.101275304257039,6.31262614589849,0.101275304257056,6.31262614589861,"2022-11-27",1041,5.77099598624308,0.0962881832905231,6.27272917816634,6.27771629913288,-0.011424574713252,-0.011424574713217,-0.0116778168130349,-1,-1,-1
12019,"Clay","Florida",0.0919552761064857,6.33934122495106,0.0919552761064431,6.33934122495076,"2022-11-28",1042,5.68114726796362,0.090725586114531,6.32950370501547,6.33073339500738,-0.0093200281505533,-0.00932002815061289,-0.0055625971759921,-1,-1,-1
12019,"Clay","Florida",0.0842070003269654,6.3693102948214,0.0842070003269795,6.3693102948215,"2022-11-29",1043,5.58242161765194,0.0833241632810772,6.36224759845428,6.36313043550018,-0.00774827577952029,-0.0077482757794636,-0.00740142283345381,-1,-1,-1
12019,"Clay","Florida",0.077663615364205,6.40117021544629,0.0776636153642158,6.40117021544637,"2022-11-30",1044,5.47287073369548,0.077848964453052,6.40265300815706,6.40246765906822,-0.0065433849627604,-0.0065433849627637,-0.00547519882802519,-1,-1,-1
12019,"Clay","Florida",0.0720642354930282,6.43403879184109,0.0720642354930394,6.43403879184117,"2022-12-01",1045,5.34982492369397,0.0726154454061454,6.43844847114602,6.43789726123292,-0.0055993798711768,-0.0055993798711764,-0.00523351904690661,-1,-1,-1
12019,"Clay","Florida",0,5.9295891433899,0,5.9295891433899,"2022-12-02",1046,5.35050311971861,0.000587214347132851,5.93428685816696,5.93369964381983,-0.0720642354930282,-0.0720642354930394,-0.0720282310590125,-1,-1,-1
12019,"Clay","Florida",-0.0761558942292754,5.32034198955568,0,5.85343324916061,"2022-12-03",1047,5.47406977460652,-0.0733281156297855,5.34296421835162,5.34013643975211,-0.0761558942292754,0,-0.0739153299769184,-1,0,-1
12019,"Clay","Florida",-0.0824372629175443,5.19393514582027,0,5.77099598624308,"2022-12-04",1048,5.58403322154627,-0.0831738846791519,5.1880421717274,5.18877879348902,-0.0062813686882689,0,-0.0098457690493664,-1,0,-1
12019,"Clay","Florida",-0.0898487182794405,5.05220624000754,0,5.68114726796362,"2022-12-05",1049,5.68309374059764,-0.0860364048954345,5.0827047470796,5.07889243369558,-0.0074114553618962,0,-0.0028625202162826,-1,0,-1
12019,"Clay","Florida",-0.0987256503117001,4.89134206547004,0,5.58242161765194,"2022-12-06",1050,5.77321969185142,-0.0989023008117952,4.88992886146926,4.89010551196937,-0.00887693203225959,0,-0.0128658959163607,-1,0,-1
12019,"Clay","Florida",-0.109550883956473,4.70601454600017,0,5.47287073369548,"2022-12-07",1051,5.85589025285366,-0.106947968955928,4.72683786600452,4.72423495100398,-0.0108252336447729,0,-0.00804566814413279,-1,0,-1
12019,"Clay","Florida",-0.123045810001488,4.48850425368355,0,5.34982492369397,"2022-12-08",1052,5.93224518744801,-0.120025951708052,4.51266312003106,4.5096432617376,-0.013494926045015,0,-0.013077982752124,-1,0,-1
12019,"Clay","Florida",0.000678196024638359,5.35525049189108,0.000678196024637146,5.35525049189107,"2022-12-09",1053,5.93224518744801,0.00317908568264375,5.37525760915512,5.37275671949712,0.123724006026126,0.000678196024637146,0.123205037390696,1,1,1
12019,"Clay","Florida",0.123566654887893,6.33903635882177,0.123566654887912,6.33903635882191,"2022-12-10",1054,5.86037914021172,0.13242358159884,6.40989177250933,6.4010348457984,0.122888458863255,0.122888458863275,0.129244495916196,1,1,1
12019,"Clay","Florida",0.10996344693977,6.35377735012467,0.109963446939754,6.35377735012455,"2022-12-11",1055,5.78294567479723,0.115698315388894,6.39965629771767,6.39392142926853,-0.013603207948123,-0.013603207948158,-0.016725266209946,-1,-1,-1
12019,"Clay","Florida",0.0990605190513534,6.37651737395712,0.0990605190513696,6.37651737395723,"2022-12-12",1056,5.69900919590355,0.109113334948664,6.45693990113558,6.44688708523829,-0.0109029278884166,-0.0109029278883844,-0.00658498044023,-1,-1,-1
12019,"Clay","Florida",0.0901259512537913,6.40410135062796,0.0901259512537766,6.40410135062786,"2022-12-13",1057,5.6073764565451,0.0946136592144819,6.4400030143135,6.43551530635279,-0.00893456779756209,-0.008934567797593,-0.0144996757341821,-1,-1,-1
12019,"Clay","Florida",0.08267056100225,6.43458417986941,0.0826705610022378,6.43458417986932,"2022-12-14",1058,5.50649230216832,0.0893294249915812,6.48785509178407,6.48119622779473,-0.00745539025154131,-0.00745539025153881,-0.0052842342229007,-1,-1,-1
12019,"Clay","Florida",0.0763549345943659,6.46672972960857,0.0763549345943524,6.46672972960848,"2022-12-15",1059,5.3942766862648,0.0796736171031283,6.49327918967869,6.48996050716991,-0.00631562640788409,-0.0063156264078854,-0.0096558078884529,-1,-1,-1
12019,"Clay","Florida",0,5.93224518744801,0,5.93224518744801,"2022-12-16",1060,5.4865736588618,0.00154000182824558,5.94456520207397,5.94302520024573,-0.0763549345943659,-0.0763549345943524,-0.0781336152748827,-1,-1,-1
12019,"Clay","Florida",-0.0718660472363258,5.35731680955744,0,5.86037914021172,"2022-12-17",1061,5.6659322505251,-0.0674713640627037,5.39247427494638,5.38807959177279,-0.0718660472363258,0,-0.0690113658909493,-1,0,-1
12019,"Clay","Florida",-0.0774334654144757,5.2409114168959,0,5.78294567479723,"2022-12-18",1062,5.81796113876491,-0.0709647338853134,5.29266126912921,5.28619253760004,-0.0055674181781499,0,-0.0034933698226097,-1,0,-1
12019,"Clay","Florida",-0.0839364788937266,5.11145384364746,0,5.69900919590355,"2022-12-19",1063,5.94989822802787,-0.0780836184366107,5.15827672730434,5.15242386684727,-0.0065030134792509,0,-0.00711888455129731,-1,0,-1
12019,"Clay","Florida",-0.0916327393584542,4.96594728103593,0,5.6073764565451,"2022-12-20",1064,6.06643949027248,-0.0852679505347216,5.01686559162578,5.01050080280205,-0.0076962604647276,0,-0.0071843320981109,-1,0,-1
12019,"Clay","Florida",-0.100884154376829,4.80030322153052,0,5.50649230216832,"2022-12-21",1065,6.1708054757638,-0.0928955373921745,4.8642121574077,4.8562235404231,-0.0092514150183748,0,-0.00762758685745291,-1,0,-1
12019,"Clay","Florida",-0.112215615903502,4.60876737494029,0,5.3942766862648,"2022-12-22",1066,6.26530121273771,-0.104507336480816,4.67043361032179,4.66272533089909,-0.011331461526673,0,-0.0116117990886415,-1,0,-1
12019,"Clay","Florida",0.0922969725969888,6.13265246704073,0.0922969725970022,6.13265246704082,"2022-12-23",1067,6.26530121273771,0.0808656821818576,6.04120214371966,6.0526334341348,0.204512588500491,0.0922969725970022,0.185373018662674,1,1,1
12019,"Clay","Florida",0.179358591663326,6.92144239216839,0.179358591663299,6.9214423921682,"2022-12-24",1068,6.21117363597356,0.16085376384975,6.7734037696598,6.79190859747335,0.0870616190663372,0.0870616190662968,0.0799880816678924,1,1,1
12019,"Clay","Florida",0.15202888823978,6.88216335644337,0.152028888239804,6.88216335644354,"2022-12-25",1069,6.15394776168227,0.134444163586028,6.74148555921333,6.75907028386711,-0.027329703423546,-0.027329703423495,-0.026409600263722,-1,-1,-1
12019,"Clay","Florida",0.131937089262982,6.87345785286874,0.131937089262963,6.87345785286861,"2022-12-26",1070,6.09324724141793,0.119941516367692,6.77749326970645,6.78948884260171,-0.020091798976798,-0.020091798976841,-0.014502647218336,-1,-1,-1
12019,"Clay","Florida",0.116541262244625,6.88222832598486,0.11654126224461,6.88222832598475,"2022-12-27",1071,6.02862269507491,0.107329046613989,6.80853060093978,6.8177428165704,-0.015395827018357,-0.015395827018353,-0.012612469753703,-1,-1,-1
12019,"Clay","Florida",0.104365985491335,6.90136737420315,0.104365985491319,6.90136737420303,"2022-12-28",1072,5.95953150000497,0.095927811461751,6.83386198196649,6.84230015599606,-0.01217527675329,-0.012175276753291,-0.011401235152238,-1,-1,-1
12019,"Clay","Florida",0.0944957369739237,6.92677137155518,0.0944957369739106,6.92677137155508,"2022-12-29",1073,5.88531006554898,0.0889891731681514,6.88271886110901,6.88822542491477,-0.00987024851741129,-0.00987024851740839,-0.0069386382935996,-1,-1,-1
12019,"Clay","Florida",1.25607396694721e-15,6.26530121273772,0,6.26530121273771,"2022-12-30",1074,5.80513496891649,0.00549505196312767,6.30926162844273,6.3037665764796,-0.0944957369739224,-0.0944957369739106,-0.0834941212050237,-1,-1,-1
12019,"Clay","Florida",-0.0541275767641626,5.83228059862442,0,6.21117363597356,"2022-12-31",1075,5.80513496891649,-0.0559059438331381,5.81805366207261,5.81983202914159,-0.0541275767641639,0,-0.0614009957962658,-1,0,-1
12019,"Clay","Florida",-0.0572258742912909,5.75336664164324,0,6.15394776168227,"2023-01-01",1076,5.80513496891649,-0.0639261434030081,5.69976448874949,5.70646475786121,-0.0030982975271283,0,-0.00802019956987,-1,0,-1
12019,"Clay","Florida",-0.0607005202643588,5.66834359956741,0,6.09324724141793,"2023-01-02",1077,5.80513496891649,-0.067786063364993,5.61165925476233,5.61874479786298,-0.0034746459730679,0,-0.0038599199619849,-1,0,-1
12019,"Clay","Florida",-0.0646245463430005,5.57625087067391,0,6.02862269507491,"2023-01-03",1078,5.80513496891649,-0.0739284959950956,5.50181927345717,5.51112322310924,-0.00392402607864169,0,-0.0061424326301026,-1,0,-1
12019,"Clay","Florida",-0.0690911950699522,5.47589313451531,0,5.95953150000497,"2023-01-04",1079,5.80513496891649,-0.0756202013015611,5.42366108466242,5.43019009089404,-0.00446664872695171,0,-0.00169170530646549,-1,0,-1
12019,"Clay","Florida",-0.0742214344560037,5.36576002435696,0,5.88531006554898,"2023-01-05",1080,5.80513496891649,-0.0849906549541108,5.27960626037208,5.2903754808702,-0.00513023938605149,0,-0.00937045365254971,-1,0,-1
12019,"Clay","Florida",-0.0801750966324771,5.24390929248915,0,5.80513496891649,"2023-01-06",1081,6.04770984577243,-0.0965090529533665,5.11323764192205,5.12957159824292,-0.0059536621764734,0,-0.0115183979992557,-1,0,-1
12019,"Clay","Florida",-1.25607396694762e-15,5.80513496891648,0,5.80513496891649,"2023-01-07",1082,6.14602330692458,0.000139369597284809,5.80624992569477,5.80611055609748,0.0801750966324758,0,0.0966484225506513,1,0,1
12019,"Clay","Florida",-1.25607396694721e-15,5.80513496891648,0,5.80513496891649,"2023-01-08",1083,6.23553054666406,NA,NA,NA,4.10010455488621e-28,0,NA,1,0,NA
12019,"Clay","Florida",1.2560739669464e-15,5.8051349689165,0,5.80513496891649,"2023-01-09",1084,6.31768028356201,NA,NA,NA,2.51214793389361e-15,0,NA,1,0,NA
12019,"Clay","Florida",1.25607396694681e-15,5.8051349689165,0,5.80513496891649,"2023-01-10",1085,6.39359075395063,NA,NA,NA,4.09813240262316e-28,0,NA,1,0,NA
12019,"Clay","Florida",-1.25607396694762e-15,5.80513496891648,0,5.80513496891649,"2023-01-11",1086,6.46414316680302,NA,NA,NA,-2.51214793389443e-15,0,NA,-1,0,NA
12019,"Clay","Florida",1.25607396694681e-15,5.8051349689165,0,5.80513496891649,"2023-01-12",1087,6.53004429434433,NA,NA,NA,2.51214793389443e-15,0,NA,1,0,NA
12019,"Clay","Florida",0.242574876855903,7.74573398376375,0.242574876855942,7.74573398376402,"2023-01-13",1088,6.45833828334479,NA,NA,NA,0.242574876855902,0.242574876855942,NA,1,1,NA
12019,"Clay","Florida",0.098313461152133,6.83421753498951,0.0983134611521503,6.83421753498963,"2023-01-14",1089,6.45833828334479,NA,NA,NA,-0.14426141570377,-0.144261415703792,NA,-1,-1,NA
12019,"Clay","Florida",0.0895072397394667,6.86208122484033,0.0895072397394801,6.86208122484042,"2023-01-15",1090,6.45833828334479,NA,NA,NA,-0.00880622141266631,-0.00880622141267019,NA,-1,-1,NA
12019,"Clay","Florida",0.0821497368979562,6.8927284418477,0.0821497368979447,6.89272844184762,"2023-01-16",1091,6.45833828334479,NA,NA,NA,-0.0073575028415105,-0.0073575028415354,NA,-1,-1,NA
12019,"Clay","Florida",0.0759104703886362,6.92496404667109,0.0759104703886262,6.92496404667102,"2023-01-17",1092,6.45833828334479,NA,NA,NA,-0.00623926650932,-0.00623926650931851,NA,-1,-1,NA
12019,"Clay","Florida",0.0705524128523788,6.95801005676967,0.0705524128523898,6.95801005676975,"2023-01-18",1093,6.45833828334479,NA,NA,NA,-0.0053580575362574,-0.00535805753623639,NA,-1,-1,NA
12019,"Clay","Florida",0.0659011275412972,6.99135218713341,0.0659011275413066,6.99135218713347,"2023-01-19",1094,6.45833828334479,NA,NA,NA,-0.0046512853110816,-0.00465128531108321,NA,-1,-1,NA
12019,"Clay","Florida",-0.0717060109995479,5.95639620634796,0,6.45833828334479,"2023-01-20",1095,6.55738693716881,NA,NA,NA,-0.137607138540845,-0.0659011275413066,NA,-1,-1,NA
12019,"Clay","Florida",1.25607396694681e-15,6.4583382833448,0,6.45833828334479,"2023-01-21",1096,6.64750306827233,0.00398899920477088,6.49025027698296,6.48626127777819,0.0717060109995492,0,NA,1,0,NA
12019,"Clay","Florida",-1.25607396694681e-15,6.45833828334478,0,6.45833828334479,"2023-01-22",1097,6.73016536742112,-0.000851991294302062,6.45152235299037,6.45237434428468,-2.51214793389362e-15,0,-0.00484099049907294,-1,0,-1
12019,"Clay","Florida",8.29583424010385e-16,6.4583382833448,0,6.45833828334479,"2023-01-23",1098,6.80651325481028,0.000836332920454283,6.46502894670842,6.46419261378797,2.08565739095719e-15,0,0.00168832421475634,1,0,1
12019,"Clay","Florida",-8.29583424010876e-16,6.45833828334478,0,6.45833828334479,"2023-01-24",1099,6.87744333605848,-0.000526806415829156,6.45412383201816,6.45465063843399,-1.65916684802126e-15,0,-0.00136313933628344,-1,0,-1
12019,"Clay","Florida",-8.29583424010678e-16,6.45833828334478,0,6.45833828334479,"2023-01-25",1100,6.94367384273966,0.000554090055125413,6.46277100378579,6.46221691373067,1.98004087210474e-28,0,0.00108089647095457,1,0,1
12019,"Clay","Florida",-8.29583424010858e-16,6.45833828334478,0,6.45833828334479,"2023-01-26",1101,7.0057890192535,0.000537479928260852,6.46263812277088,6.46210064284262,-1.79958894003543e-28,0,-1.66101268645611e-05,-1,0,-1
12019,"Clay","Florida",0.0990486538240103,7.25072751393689,0.0990486538240223,7.25072751393697,"2023-01-27",1102,7.0057890192535,0.0962837566084521,7.22860833621241,7.23137323342798,0.0990486538240111,0.0990486538240223,0.0957462766801913,1,1,1
12019,"Clay","Florida",0.0901161311035523,7.2783159859972,0.090116131103521,7.27831598599698,"2023-01-28",1103,6.91954267669831,0.0876128226766611,7.2582895185821,7.26079282700896,-0.00893252272045801,-0.0089325227205013,-0.00867093393179101,-1,-1,-1
12019,"Clay","Florida",0.082662299148772,7.30880146146252,0.0826622991487822,7.30880146146259,"2023-01-29",1104,6.82514976631798,0.085507750477069,7.33156507208888,7.3287196207606,-0.00745383195478029,-0.0074538319547388,-0.00210507219959209,-1,-1,-1
12019,"Clay","Florida",0.0763478873891909,7.34094846653462,0.0763478873891659,7.34094846653444,"2023-01-30",1105,6.72090921631674,0.0775575978898163,7.35062615053965,7.34941644003899,-0.0063144117595811,-0.00631441175961631,-0.00795015258725271,-1,-1,-1
12019,"Clay","Florida",0.0709300812481908,7.37395390479581,0.0709300812481972,7.37395390479586,"2023-01-31",1106,6.60452437614073,0.068767301797568,7.35665166919082,7.35881444864146,-0.00541780614100011,-0.00541780614096869,-0.0087902960922483,-1,-1,-1
12019,"Clay","Florida",0.0662305066812034,7.40728738950809,0.0662305066811824,7.40728738950794,"2023-02-01",1107,6.47278779561183,0.0660319742321789,7.40569912991591,7.40589766236491,-0.0046995745669874,-0.00469957456701481,-0.00273532756538911,-1,-1,-1
12019,"Clay","Florida",0.0621151765138401,7.44059525485038,0.0621151765138421,7.4405952548504,"2023-02-02",1108,6.32102519855514,0.0615847561750402,7.43635189213998,7.43688231247878,-0.0041153301673633,-0.00411533016734029,-0.00444721805713869,-1,-1,-1
12019,"Clay","Florida",0,7.0057890192535,0,7.0057890192535,"2023-02-03",1109,6.26774255397469,8.20506080252353e-05,7.0064454241177,7.00636337350968,-0.0621151765138401,-0.0621151765138421,-0.061502705567015,-1,-1,-1
12019,"Clay","Florida",-0.0862463425551799,6.31581827881205,0,6.91954267669831,"2023-02-04",1110,6.37939588069727,-0.0831688935135118,6.34043787114541,6.33736042210373,-0.0862463425551799,0,-0.083250944121537,-1,0,-1
12019,"Clay","Florida",-0.0943929103803469,6.16439939365555,0,6.82514976631798,"2023-02-05",1111,6.47982543187209,-0.0914092028263018,6.1882690540879,6.18528534653387,-0.008146567825167,0,-0.00824030931279,-1,0,-1
12019,"Clay","Florida",-0.104240550001219,5.9912253663082,0,6.72090921631674,"2023-02-06",1112,6.57108302235826,-0.101906265992204,6.00989963838035,6.00756535437131,-0.0098476396208721,0,-0.0104970631659022,-1,0,-1
12019,"Clay","Florida",-0.116384840175992,5.78983049490878,0,6.60452437614073,"2023-02-07",1113,6.6547046505,-0.114997701389808,5.80092760519828,5.79954046641208,-0.012144290174773,0,-0.013091435397604,-1,0,-1
12019,"Clay","Florida",-0.13173658052892,5.55063173190939,0,6.47278779561183,"2023-02-08",1114,6.73187010700887,-0.134524424006828,5.5283289840861,5.53111682756403,-0.015351740352928,0,-0.01952672261702,-1,0,-1
12019,"Clay","Florida",-0.151762597056706,5.2586870191582,0,6.32102519855514,"2023-02-09",1115,6.80350525760834,-0.154540749508737,5.23646179954193,5.23923995199398,-0.020026016527786,0,-0.020016325501909,-1,0,-1
12019,"Clay","Florida",-0.0532826445804486,5.89476404191155,0,6.26774255397469,"2023-02-10",1116,6.80350525760834,-0.0701955062883499,5.75946114824834,5.77637400995624,0.0984799524762574,0,0.0843452432203871,1,0,1
12019,"Clay","Florida",0.111653326722567,7.16096916775524,0.111653326722585,7.16096916775536,"2023-02-11",1117,6.72691833389237,0.101981915691412,7.08359787950599,7.09326929053716,0.164935971303016,0.111653326722585,0.172177421979762,1,1,1
12019,"Clay","Florida",0.100429551174866,7.18283229009615,0.10042955117482,7.18283229009583,"2023-02-12",1118,6.64397572775437,0.0941953213727058,7.13295845167892,7.13919268148103,-0.011223775547701,-0.011223775547765,-0.00778659431870621,-1,-1,-1
12019,"Clay","Florida",0.0912575904861806,7.20988615576152,0.0912575904861681,7.20988615576143,"2023-02-13",1119,6.55352632077167,0.0880314335454866,7.18407690023598,7.18730305717667,-0.00917196068868541,-0.00917196068865189,-0.00616388782721919,-1,-1,-1
12019,"Clay","Florida",0.0836216281417532,7.24005604749227,0.0836216281417386,7.24005604749217,"2023-02-14",1120,6.45407484145538,0.0803696538938436,7.21404025350901,7.21729222775691,-0.0076359623444274,-0.00763596234442951,-0.00766177965164301,-1,-1,-1
12019,"Clay","Florida",0.0771654565088643,7.27202830257092,0.0771654565088769,7.27202830257101,"2023-02-15",1121,6.34362933556883,0.0738402942835943,7.24542700476875,7.24875216699403,-0.00645617163288889,-0.00645617163286169,-0.00652935961024929,-1,-1,-1
12019,"Clay","Florida",0.0716351505994314,7.30495131180436,0.071635150599465,7.30495131180459,"2023-02-16",1122,6.21945348341867,0.068468474001043,7.27961789901721,7.28278457561564,-0.0055303059094329,-0.00553030590941191,-0.0053718202825513,-1,-1,-1
12019,"Clay","Florida",0,6.80350525760834,0,6.80350525760834,"2023-02-17",1123,6.18503215317657,-0.000269697537217309,6.8013476773106,6.80161737484782,-0.0716351505994314,-0.071635150599465,-0.0687381715382603,-1,-1,-1
12019,"Clay","Florida",-0.0765869237159504,6.19080986788072,0,6.72691833389237,"2023-02-18",1124,6.28199968854217,-0.0768375159926254,6.18880512966734,6.18905572194399,-0.0765869237159504,0,-0.0765678184554081,-1,0,-1
12019,"Clay","Florida",-0.0829426061379943,6.06337748478841,0,6.64397572775437,"2023-02-19",1125,6.37039009998153,-0.0833245124655349,6.06032223416809,6.06070414049563,-0.0063556824220439,0,-0.00648699647290951,-1,0,-1
12019,"Clay","Florida",-0.0904494069827426,5.92038047189247,0,6.55352632077167,"2023-02-20",1126,6.45159819941495,-0.0909682525894344,5.91622970703889,5.91674855264563,-0.00750680084474831,0,-0.0076437401238995,-1,0,-1
12019,"Clay","Florida",-0.0994514793162997,5.75791448624129,0,6.45407484145538,"2023-02-21",1127,6.52670399896296,-0.102011515260042,5.73743419869134,5.73999423463509,-0.0090020723335571,0,-0.0110432626706076,-1,0,-1
12019,"Clay","Florida",-0.110445505886535,5.57051079436308,0,6.34362933556883,"2023-02-22",1128,6.59656084954519,-0.114289934687515,5.53975536395526,5.54359979275623,-0.0109940265702353,0,-0.012278419427473,-1,0,-1
12019,"Clay","Florida",-0.124175852150179,5.35022251836742,0,6.21945348341867,"2023-02-23",1129,6.66185474054531,-0.134689710647516,5.2661116503887,5.27662550888606,-0.013730346263644,0,-0.020399775960001,-1,0,-1
12019,"Clay","Florida",-0.0344213302421101,5.94408284148179,0,6.18503215317657,"2023-02-24",1130,6.66185474054531,-0.0403253153415225,5.89685096068649,5.90275494578591,0.0897545219080689,0,0.0943643953059935,1,0,1
12019,"Clay","Florida",0.0969675353655885,6.96077243610129,0.0969675353656045,6.9607724361014,"2023-02-25",1131,6.57885430785724,0.0995715358411417,6.9816044399057,6.97900043943016,0.131388865607699,0.0969675353656045,0.139896851182664,1,1,1
12019,"Clay","Florida",0.08839041143935,6.98912298005698,0.0883904114393639,6.98912298005708,"2023-02-26",1132,6.48833612154,0.0916326498897314,7.01506088766002,7.01181864920965,-0.00857712392623849,-0.0085771239262406,-0.0079388859514103,-1,-1,-1
12019,"Clay","Florida",0.0812080994334225,7.0200548954489,0.081208099433411,7.02005489544882,"2023-02-27",1133,6.3888014727656,0.0846010623705944,7.04719859894629,7.04380563600911,-0.0071823120059275,-0.0071823120059529,-0.007031587519137,-1,-1,-1
12019,"Clay","Florida",0.075105799548023,7.05244459579912,0.0751057995480116,7.05244459579904,"2023-02-28",1134,6.27825336358255,0.0787051529859676,7.08123942330269,7.07764006986473,-0.0061022998853995,-0.0061022998853994,-0.00589590938462679,-1,-1,-1
12019,"Clay","Florida",0.0698568505822484,7.08555880362093,0.0698568505822372,7.08555880362085,"2023-03-01",1135,6.15394776168227,0.0725710573071245,7.10727245741996,7.10455825069506,-0.0052489489657746,-0.00524894896577439,-0.0061340956788431,-1,-1,-1
12019,"Clay","Florida",0.0652938910001266,7.1189119775462,0.0652938910001177,7.11891197754614,"2023-03-02",1136,6.0119672094345,0.068249776067756,7.14255905808724,7.1396031730196,-0.0045629595821218,-0.0045629595821195,-0.00432128123936851,-1,-1,-1
12019,"Clay","Florida",0,6.66185474054531,0,6.66185474054531,"2023-03-03",1137,6.05309706418864,-0.00168543275867854,6.64837127847588,6.65005671123456,-0.0652938910001266,-0.0652938910001177,-0.0699352088264345,-1,-1,-1
12019,"Clay","Florida",-0.0830004326880835,5.99785127904066,0,6.57885430785724,"2023-03-04",1138,6.22427550382433,-0.0792312564968553,6.02800468857047,6.02423551237925,-0.0830004326880835,0,-0.0775458237381768,-1,0,-1
12019,"Clay","Florida",-0.0905181863172562,5.85470881731921,0,6.48833612154,"2023-03-05",1139,6.37039009998153,-0.0846712039442854,5.90148467630296,5.89563769393,-0.00751775362917269,0,-0.00543994744743009,-1,0,-1
12019,"Clay","Florida",-0.0995346487743766,5.69205893134497,0,6.3888014727656,"2023-03-06",1140,6.49785176427504,-0.0932253310113821,5.74253347344894,5.73622415568593,-0.0090164624571204,0,-0.0085541270670967,-1,0,-1
12019,"Clay","Florida",-0.110548109183108,5.50441659930079,0,6.27825336358255,"2023-03-07",1141,6.61088829695328,-0.104243550982185,5.55485306490812,5.54854850670726,-0.0110134604087314,0,-0.0110182199708029,-1,0,-1
12019,"Clay","Florida",-0.124305601900252,5.28380854838051,0,6.15394776168227,"2023-03-08",1142,6.71243532211681,-0.117216677396876,5.34051994440754,5.33343101990414,-0.013757492717144,0,-0.012973126414691,-1,0,-1
12019,"Clay","Florida",-0.141980552247844,5.01810334369959,0,6.0119672094345,"2023-03-09",1143,6.80461452006262,-0.134271006184838,5.07977971220357,5.07207016614064,-0.017674950347592,0,-0.017054328787962,-1,0,-1
12019,"Clay","Florida",0.0411298547541347,6.34100604746758,0.0411298547541419,6.34100604746763,"2023-03-10",1144,6.80461452006262,0.0466205239311888,6.38493140088401,6.37944073170696,0.183110407001979,0.0411298547541419,0.180891530116027,1,1,1
12019,"Clay","Florida",0.171178439635769,7.42252458127472,0.171178439635688,7.42252458127415,"2023-03-11",1145,6.74825699282828,0.16122864127893,7.34292619442008,7.35287599277684,0.130048584881634,0.130048584881546,0.114608117347741,1,1,1
12019,"Clay","Florida",0.146114596157226,7.39319227308211,0.146114596157205,7.39319227308197,"2023-03-12",1146,6.68853260241116,0.138921872267863,7.33565048196723,7.34284320585657,-0.025063843478543,-0.025063843478483,-0.022306769011067,-1,-1,-1
12019,"Clay","Florida",0.127461664293566,7.39008341433001,0.127461664293508,7.39008341432959,"2023-03-13",1147,6.62501336478189,0.123551949943311,7.35880569952802,7.36271541387821,-0.01865293186366,-0.018652931863697,-0.015369922324552,-1,-1,-1
12019,"Clay","Florida",0.113036532678226,7.40214402570086,0.113036532678242,7.40214402570098,"2023-03-14",1148,6.55718411798142,0.11064504649336,7.38301213622192,7.3854036224068,-0.01442513161534,-0.014425131615266,-0.012906903449951,-1,-1,-1
12019,"Clay","Florida",0.101547025163538,7.42326449826158,0.101547025163525,7.42326449826148,"2023-03-15",1149,6.48441710933926,0.0975248528365184,7.39108711964543,7.39510929197244,-0.011489507514688,-0.011489507514717,-0.0131201936568416,-1,-1,-1
12019,"Clay","Florida",0.0921791979458024,7.44986890568324,0.092179197945816,7.44986890568334,"2023-03-16",1150,6.40593658977293,0.0896668691553209,7.42977027535938,7.43228260414987,-0.0093678272177356,-0.009367827217709,-0.0078579836811975,-1,-1,-1
12019,"Clay","Florida",2.51214793389362e-15,6.80461452006264,0,6.80461452006262,"2023-03-17",1151,6.33556070883985,0.000936426832365138,6.81210593472154,6.81116950788918,-0.0921791979457999,-0.092179197945816,-0.0887304423229558,-1,-1,-1
12019,"Clay","Florida",-0.0563575272343508,6.35375430218783,0,6.74825699282828,"2023-03-18",1152,6.35013749370939,-0.0544315085157898,6.3691624519363,6.36723643321775,-0.0563575272343533,0,-0.0553679353481549,-1,0,-1
12019,"Clay","Florida",-0.0597243904171284,6.27046186949127,0,6.68853260241116,"2023-03-19",1153,6.36450484513298,-0.0573033488545872,6.28983020199158,6.28740916042905,-0.0033668631827776,0,-0.00287184033879739,-1,0,-1
12019,"Clay","Florida",-0.0635192376292822,6.18037870137692,0,6.62501336478189,"2023-03-20",1154,6.37866869608154,-0.0610552726640683,6.20009042109861,6.19762645613341,-0.0037948472121538,0,-0.0037519238094811,-1,0,-1
12019,"Clay","Florida",-0.0678292468004584,6.08237939037821,0,6.55718411798142,"2023-03-21",1155,6.39263473093327,-0.0655353463756161,6.10073059377696,6.09843669335211,-0.0043100091711762,0,-0.0044800737115478,-1,0,-1
12019,"Clay","Florida",-0.0727670086421726,5.97504804884405,0,6.48441710933926,"2023-03-22",1156,6.40640839917069,-0.0706999563157743,5.99158446745523,5.98951741512884,-0.0049377618417142,0,-0.0051646099401582,-1,0,-1
12019,"Clay","Florida",-0.0784805195663467,5.8565729528085,0,6.40593658977293,"2023-03-23",1157,6.41999492814714,-0.077262094947681,5.86632034975781,5.86510192513916,-0.0057135109241741,0,-0.0065621386319067,-1,0,-1
12019,"Clay","Florida",-0.0703758809330785,5.8429295423083,0,6.33556070883985,"2023-03-24",1158,NA,-0.0667757752577681,5.87173038771078,5.86813028203547,0.0081046386332682,0,0.0104863196899129,1,0,1
12019,"Clay","Florida",0.0145767848695321,6.45217498779611,0.0145767848695346,6.45217498779613,"2023-03-25",1159,NA,0.0190020735623221,6.48757729733843,6.48315200864564,0.0849526658026106,0.0145767848695346,0.0857778488200902,1,1,1
12019,"Clay","Florida",0.0143673514235965,6.46507630509816,0.0143673514235907,6.46507630509811,"2023-03-26",1160,NA,0.0197199278153904,6.50789691623251,6.50254433984071,-0.000209433445935599,-0.0002094334459439,0.000717854253068299,-1,-1,1
12019,"Clay","Florida",0.0141638509485597,6.47781565272145,0.0141638509485578,6.47781565272144,"2023-03-27",1161,NA,0.0165678409860982,6.49704757302177,6.49464358298423,-0.0002035004750368,-0.000203500475032899,-0.0031520868292922,-1,-1,-1
12019,"Clay","Florida",0.0139660348517302,6.49039697489538,0.0139660348517285,6.49039697489537,"2023-03-28",1162,NA,0.0174201225338468,6.51802967635231,6.5145755886702,-0.000197816096829499,-0.0001978160968293,0.0008522815477486,-1,-1,1
12019,"Clay","Florida",0.0137736682374256,6.50282407683267,0.0137736682374259,6.50282407683267,"2023-03-29",1163,NA,0.0159695845771094,6.52039140755014,6.51819549121046,-0.000192366614304601,-0.000192366614302601,-0.0014505379567374,-1,-1,-1
12019,"Clay","Florida",0.0135865289764507,6.5151006309823,0.0135865289764512,6.5151006309823,"2023-03-30",1164,NA,0.016357411543809,6.53726769152116,6.5344968089538,-0.000187139260974899,-0.0001871392609747,0.0003878269666996,-1,-1,1
