"fips","county","state","r.lm","predicted.lm","r.slm","predicted.slm","date.y","days_from_start.y","log_rolled_cases.y","tau.hat","predicted.grf.future.0","predicted.grf.future.last","D.r.lm","D.r.slm","D.tau.hat","B.D.r.lm","B.D.r.slm","B.D.tau.hat"
13001,"Appling","Georgia",0.176091007043313,4.54422227227566,0.176091007043317,4.54422227227569,"2020-04-30",100,4.00992722040952,0.140926115858552,4.26290314279757,4.29806803398233,NA,NA,NA,NA,NA,NA
13001,"Appling","Georgia",0.154150679827258,4.54479066159053,0.154150679827259,4.54479066159054,"2020-05-01",101,4.04805127825126,0.127489654235192,4.331502456854,4.35816348244607,-0.021940327216055,-0.021940327216058,-0.01343646162336,-1,-1,-1
13001,"Appling","Georgia",0.121743436872479,4.43968339777956,0.121743436872479,4.43968339777956,"2020-05-02",102,4.08236837117539,0.108835405060912,4.33641914328703,4.3493271750986,-0.032407242954779,-0.03240724295478,-0.01865424917428,-1,-1,-1
13001,"Appling","Georgia",0.115584749433691,4.51215733514173,0.115584749433687,4.5121573351417,"2020-05-03",103,4.11087386417331,0.104406230266906,4.42272918180746,4.43390770097424,-0.006158687438788,-0.006158687438792,-0.00442917479400599,-1,-1,-1
13001,"Appling","Georgia",0.113077144618972,4.60768124605767,0.11307714461897,4.60768124605765,"2020-05-04",104,4.13173209429372,0.0958006714687574,4.46946946085595,4.48674593400616,-0.002507604814719,-0.002507604814717,-0.0086055587981486,-1,-1,-1
13001,"Appling","Georgia",0.118481603620521,4.76399406268903,0.118481603620523,4.76399406268905,"2020-05-05",105,4.14313472639153,0.102620701988289,4.63710684963117,4.65296775126341,0.005404459001549,0.00540445900155299,0.0068200305195316,1,1,1
13001,"Appling","Georgia",0.0356690762067348,4.21997544699927,0.0356690762067355,4.21997544699927,"2020-05-06",106,4.15664844555826,0.0399235155197801,4.25401096150363,4.24975652219058,-0.0828125274137862,-0.0828125274137875,-0.0626971864685089,-1,-1,-1
13001,"Appling","Georgia",0.0396353068573947,4.28737436841128,0.0396353068573947,4.28737436841128,"2020-05-07",107,4.18095903505887,0.039102595731632,4.28311267940518,4.28364539053094,0.0039662306506599,0.0039662306506592,-0.000820919788148099,1,1,-1
13001,"Appling","Georgia",0.0381240578417394,4.31491968314343,0.0381240578417392,4.31491968314343,"2020-05-08",108,4.19612725653204,0.0359751205687054,4.29772818495916,4.2998771222322,-0.0015112490156553,-0.0015112490156555,-0.0031274751629266,-1,-1,-1
13001,"Appling","Georgia",0.0343170929241304,4.3225880216443,0.0343170929241294,4.32258802164429,"2020-05-09",109,4.21950770517611,0.0329633214881166,4.31175785015619,4.31311162159221,-0.00380696491760901,-0.0038069649176098,-0.0030117990805888,-1,-1,-1
13001,"Appling","Georgia",0.0285054929979257,4.31041231515879,0.028505492997926,4.31041231515879,"2020-05-10",110,4.24029847484518,0.0282056508562013,4.308013578025,4.30831342016672,-0.0058115999262047,-0.0058115999262034,-0.0047576706319153,-1,-1,-1
13001,"Appling","Georgia",0.0208582301204099,4.27773970513659,0.0208582301204094,4.27773970513659,"2020-05-11",111,4.25864761351338,0.0241639198127389,4.30418522267522,4.30087953298289,-0.0076472628775158,-0.0076472628775166,-0.0040417310434624,-1,-1,-1
13001,"Appling","Georgia",0.0114026320978113,4.22295315107621,0.0114026320978118,4.22295315107622,"2020-05-12",112,4.28062652023215,0.0156576196550591,4.25699305153419,4.25273806397694,-0.0094555980225986,-0.0094555980225976,-0.0085063001576798,-1,-1,-1
13001,"Appling","Georgia",0.0135137191667237,4.25124447972532,0.0135137191667232,4.25124447972532,"2020-05-13",113,4.30599373411057,0.020431966036978,4.30659045468735,4.29967220781711,0.0021110870689124,0.0021110870689114,0.0047743463819189,1,1,1
13001,"Appling","Georgia",0.0243105895006165,4.35113316156319,0.0243105895006153,4.35113316156318,"2020-05-14",114,4.28062652023215,0.0215823878227005,4.32930754813986,4.33203574981777,0.0107968703338928,0.0107968703338921,0.0011504217857225,1,1,1
13001,"Appling","Georgia",0.0151682214731723,4.30230480684425,0.0151682214731714,4.30230480684424,"2020-05-15",115,4.25459902498738,0.0162242625629278,4.31075313556229,4.30969709447253,-0.0091423680274442,-0.0091423680274439,-0.0053581252597727,-1,-1,-1
13001,"Appling","Georgia",0.0233804486440645,4.38317084568456,0.0233804486440645,4.38317084568456,"2020-05-16",116,4.21529717263976,0.021840495464483,4.3708512202479,4.37239117342749,0.0082122271708922,0.0082122271708931,0.0056162329015552,1,1,1
13001,"Appling","Georgia",0.0207907696690735,4.38583386252869,0.0207907696690732,4.38583386252869,"2020-05-17",117,4.17438726989564,0.0197060222604789,4.37715588325994,4.37824063066853,-0.002589678974991,-0.0025896789749913,-0.0021344732040041,-1,-1,-1
13001,"Appling","Georgia",0.0183491386681977,4.38709158419076,0.0183491386681967,4.38709158419075,"2020-05-18",118,4.13402304604028,0.0192534179919369,4.39432581878068,4.39342153945694,-0.0024416310008758,-0.0024416310008765,-0.000452604268542,-1,-1,-1
13001,"Appling","Georgia",0.0219789067187743,4.43447886726357,0.0219789067187754,4.43447886726358,"2020-05-19",119,4.08236837117539,0.0199658297208705,4.41837425128034,4.42038732827824,0.0036297680505766,0.0036297680505787,0.000712411728933601,1,1,1
13001,"Appling","Georgia",0.0253672138784219,4.48356423125953,0.0253672138784227,4.48356423125953,"2020-05-20",120,4.01251454397447,0.0238085819065713,4.47109517548472,4.47265380745657,0.0033883071596476,0.0033883071596473,0.0038427521857008,1,1,1
13001,"Appling","Georgia",-0.0253672138784209,4.10305602308321,0,4.28062652023215,"2020-05-21",121,3.99162605602711,-0.0211703436432013,4.13663098496496,4.13243411472974,-0.0507344277568428,-0.0253672138784227,-0.0449789255497726,-1,-1,-1
13001,"Appling","Georgia",-0.026027495244775,4.07240655827395,0,4.25459902498738,"2020-05-22",122,3.97029191355212,-0.0220832491770339,4.10396052681588,4.10001628074814,-0.000660281366354099,0,-0.000912905533832602,-1,0,-1
13001,"Appling","Georgia",-0.0393018523476159,3.94018420620645,0,4.21529717263976,"2020-05-23",123,3.96217278911362,-0.0283991307016559,4.02740597937413,4.01650325772817,-0.0132743571028409,0,-0.006315881524622,-1,0,-1
13001,"Appling","Georgia",-0.0409099027441288,3.88801795068674,0,4.17438726989564,"2020-05-24",124,3.97834564835922,-0.0291574104432561,3.98203788909371,3.97028539679285,-0.0016080503965129,0,-0.000758279741600199,-1,0,-1
13001,"Appling","Georgia",-0.0403642238553615,3.85147347905275,0,4.13402304604028,"2020-05-25",125,3.99688922607139,-0.0334107957224418,3.90710090411611,3.90014747598319,0.000545678888767297,0,-0.0042533852791857,1,0,-1
13001,"Appling","Georgia",-0.0516546748648894,3.72078564712116,0,4.08236837117539,"2020-05-26",126,4.02535169073515,-0.0410560713088606,3.8055744755694,3.79497587201337,-0.0112904510095279,0,-0.0076452755864188,-1,0,-1
13001,"Appling","Georgia",-0.0698538272009154,3.52353775356806,0,4.01251454397447,"2020-05-27",127,4.06535702534885,-0.0481605593102285,3.69708389669356,3.67539062880287,-0.018199152336026,0,-0.0071044880013679,-1,0,-1
13001,"Appling","Georgia",-0.0208884879473565,3.84540664039562,0,3.99162605602711,"2020-05-28",128,4.1061790198691,-0.0228719672779393,3.82953880575096,3.83152228508153,0.0489653392535589,0,0.0252885920322892,1,0,1
13001,"Appling","Georgia",-0.0213341424749922,3.82095291622718,0,3.97029191355212,"2020-05-29",129,4.14539973302238,-0.022315550768135,3.81310164988203,3.81408305817518,-0.000445654527635699,0,0.0005564165098043,-1,0,1
13001,"Appling","Georgia",-0.00811912443850334,3.90533891804409,0,3.96217278911362,"2020-05-30",130,4.17877324183889,-0.0142883358432358,3.85598522680623,3.86215443821097,0.0132150180364889,0,0.0080272149248992,1,0,1
13001,"Appling","Georgia",0.0161728592455995,4.09155566307841,0.0161728592456001,4.09155566307842,"2020-05-31",131,4.19397440317094,0.0175026095437922,4.10219366546396,4.10086391516577,0.0242919836841028,0.0161728592456001,0.031790945387028,1,1,1
13001,"Appling","Georgia",0.0185435777121683,4.12669427005657,0.018543577712169,4.12669427005657,"2020-06-01",132,4.20682254564879,0.0207303868648396,4.14418874327794,4.14200193412527,0.0023707184665688,0.0023707184665689,0.0032277773210474,1,1,1
13001,"Appling","Georgia",0.0284624646637631,4.22458894338149,0.0284624646637623,4.22458894338149,"2020-06-02",133,4.21529717263976,0.0232599451134219,4.18296878697877,4.1881713065291,0.0099188869515948,0.0099188869515933,0.0025295582485823,1,1,1
13001,"Appling","Georgia",0.0400053346137008,4.34539436764475,0.0400053346136993,4.34539436764474,"2020-06-03",134,4.23203396499529,0.0374528326607348,4.32497435202103,4.32752685397399,0.0115428699499377,0.011542869949937,0.0141928875473129,1,1,1
13001,"Appling","Georgia",0.0408219945202549,4.39193298151089,0.0408219945202548,4.39193298151089,"2020-06-04",135,4.23823874188217,0.0374825176226689,4.3652171663302,4.36855664322778,0.0008166599065541,0.000816659906555495,2.96849619341039e-05,1,1,1
13001,"Appling","Georgia",0.039220713153281,4.41994472509535,0.0392207131532807,4.41994472509535,"2020-06-05",136,4.24645234041956,0.0354405105979313,4.38970310465255,4.3934833072079,-0.0016012813669739,-0.0016012813669741,-0.0020420070247376,-1,-1,-1
13001,"Appling","Georgia",0.0333735088165074,4.41238780355444,0.0333735088165072,4.41238780355444,"2020-06-06",137,4.26669594669621,0.0332873398467334,4.41169845179625,4.41178462076602,-0.0058472043367736,-0.0058472043367735,-0.00215317075119791,-1,-1,-1
13001,"Appling","Georgia",0.0152011613320512,4.3003825324953,0.0152011613320502,4.30038253249529,"2020-06-07",138,4.28653786749521,0.0159773036485114,4.30659167102698,4.30581552871052,-0.0181723474844562,-0.018172347484457,-0.017310036198222,-1,-1,-1
13001,"Appling","Georgia",0.0128481424778479,4.29675954299373,0.0128481424778482,4.29675954299373,"2020-06-08",139,4.31175743882733,0.0160058952931935,4.32202156551649,4.31886381270114,-0.0023530188542033,-0.002353018854202,2.85916446821008e-05,-1,-1,1
13001,"Appling","Georgia",0.00847462699097249,4.27461956157657,0.00847462699097257,4.27461956157657,"2020-06-09",140,4.34565899050301,0.0116366002959842,4.29991534801666,4.29675337471165,-0.00437351548687541,-0.00437351548687563,-0.0043692949972093,-1,-1,-1
13001,"Appling","Georgia",0.0167367923555247,4.34919151148396,0.0167367923555251,4.34919151148396,"2020-06-10",141,4.36763789722178,0.0195324424923189,4.37155671257831,4.36876106244152,0.00826216536455221,0.00826216536455253,0.0078958421963347,1,1,1
13001,"Appling","Georgia",0.0062047768868814,4.28167218009034,0.00620477688688226,4.28167218009035,"2020-06-11",142,4.38914410244275,0.0125761652218369,4.33264328676999,4.32627189843503,-0.0105320154686433,-0.0105320154686428,-0.006956277270482,-1,-1,-1
13001,"Appling","Georgia",0.00821359853738946,4.30394753018129,0.0082135985373899,4.30394753018129,"2020-06-12",143,4.40497556765943,0.0113490823180078,4.32903140042623,4.32589591664561,0.00200882165050806,0.00200882165050764,-0.0012270829038291,1,1,-1
13001,"Appling","Georgia",0.0202436062766452,4.40840119063272,0.0202436062766456,4.40840119063272,"2020-06-13",144,4.41539232851768,0.0220862076928517,4.42314200196237,4.42129940054617,0.0120300077392557,0.0120300077392557,0.0107371253748439,1,1,1
13001,"Appling","Georgia",0.019841920799004,4.42543131308824,0.0198419207990037,4.42543131308824,"2020-06-14",145,4.42227703729518,0.0195983481704886,4.42348273206012,4.42372630468863,-0.0004016854776412,-0.000401685477641901,-0.0024878595223631,-1,-1,-1
13001,"Appling","Georgia",0.0252195713321164,4.48829443815214,0.0252195713321166,4.48829443815214,"2020-06-15",146,4.40671924726425,0.0235266867528854,4.47475136151829,4.47644424609753,0.0053776505331124,0.0053776505331129,0.0039283385823968,1,1,1
13001,"Appling","Georgia",0.033901551675681,4.58296985223277,0.0339015516756804,4.58296985223277,"2020-06-16",147,4.38381075646738,0.0326528385030796,4.57298014685197,4.57422886002457,0.0086819803435646,0.0086819803435638,0.0091261517501942,1,1,1
13001,"Appling","Georgia",0.0219789067187777,4.52149024425323,0.0219789067187763,4.52149024425322,"2020-06-17",148,4.35487564560793,0.0212847168649901,4.51593672542293,4.51663091527671,-0.0119226449569033,-0.0119226449569041,-0.0113681216380895,-1,-1,-1
13001,"Appling","Georgia",0.0215062052209636,4.53968753898949,0.0215062052209634,4.53968753898949,"2020-06-18",149,4.31748811353631,0.0233919782760859,4.55477372343047,4.55288795037535,-0.000472701497814101,-0.000472701497812898,0.0021072614110958,-1,-1,1
13001,"Appling","Georgia",0.0158314652166797,4.51579582417618,0.0158314652166807,4.51579582417619,"2020-06-19",150,4.28850057666306,0.0177924485608117,4.53148369092924,4.52952270758511,-0.0056747400042839,-0.0056747400042827,-0.0055995297152742,-1,-1,-1
13001,"Appling","Georgia",0.0104167608582546,4.48830965452546,0.0104167608582548,4.48830965452547,"2020-06-20",151,4.24235397402728,0.0127222017785802,4.50675318188807,4.50444774096774,-0.0054147043584251,-0.0054147043584259,-0.0050702467822315,-1,-1,-1
13001,"Appling","Georgia",0.00688470877749912,4.47046999873767,0.00688470877749836,4.47046999873767,"2020-06-21",152,4.20041910861358,0.0113565112708595,4.50624441868456,4.5017726161912,-0.00353205208075548,-0.00353205208075644,-0.0013656905077207,-1,-1,-1
13001,"Appling","Georgia",-0.0155577900309274,4.29781471704776,0,4.40671924726425,"2020-06-22",153,4.17658266045907,-0.0141076753930923,4.30941563415044,4.3079655195126,-0.0224424988084265,-0.00688470877749836,-0.0254641866639518,-1,-1,-1
13001,"Appling","Georgia",-0.0229084907968701,4.22345132088929,0,4.38381075646738,"2020-06-23",154,4.15216413311093,-0.0191724423319834,4.25333970860838,4.2496036601435,-0.0073507007659427,0,-0.0050647669388911,-1,0,-1
13001,"Appling","Georgia",-0.0289351108594494,4.15232986959179,0,4.35487564560793,"2020-06-24",155,4.14313472639153,-0.0237690884661781,4.19365804873796,4.18849202634468,-0.0060266200625793,0,-0.0045966461341947,-1,0,-1
13001,"Appling","Georgia",-0.0373875320716218,4.05577538903496,0,4.31748811353631,"2020-06-25",156,4.13173209429372,-0.0297361077634122,4.11698678350063,4.10933535919242,-0.0084524212121724,0,-0.0059670192972341,-1,0,-1
13001,"Appling","Georgia",-0.0289875368732499,4.08558781855031,0,4.28850057666306,"2020-06-26",157,4.13858926401986,-0.0244291368256775,4.12205501893089,4.11749661888332,0.0083999951983719,0,0.0053069709377347,1,0,1
13001,"Appling","Georgia",-0.0461466026357814,3.91932775557681,0,4.24235397402728,"2020-06-27",158,4.15440880296475,-0.0355328618739776,4.00423768167124,3.99362394090944,-0.0171590657625315,0,-0.0111037250483001,-1,0,-1
13001,"Appling","Georgia",-0.0419348654136926,3.90687505071774,0,4.20041910861358,"2020-06-28",159,4.17218704898604,-0.0359384973457703,3.95484599526112,3.94884962719319,0.0042117372220888,0,-0.000405635471792704,1,0,-1
13001,"Appling","Georgia",-0.0238364481545139,4.00972752337747,0,4.17658266045907,"2020-06-29",160,4.19397440317094,-0.0221171607580331,4.02348182254931,4.02176253515284,0.0180984172591787,0,0.0138213365877372,1,0,1
13001,"Appling","Georgia",-0.0244185273481427,3.98123444167393,0,4.15216413311093,"2020-06-30",161,4.20894794496111,-0.0239685599595136,3.98483418078296,3.98438421339434,-0.0005820791936288,0,-0.0018513992014805,-1,0,-1
13001,"Appling","Georgia",-0.0090294067193936,4.07992887935578,0,4.14313472639153,"2020-07-01",162,4.20255814686233,-0.0124780459386938,4.05233976560138,4.05578840482067,0.0153891206287491,0,0.0114905140208198,1,0,1
13001,"Appling","Georgia",-0.011402632097814,4.05191366960902,0,4.13173209429372,"2020-07-02",163,4.21740465497933,-0.0159990606123279,4.01514224149291,4.01973867000742,-0.0023732253784204,0,-0.0035210146736341,-1,0,-1
13001,"Appling","Georgia",0.00685716972613754,4.18658945210282,0.00685716972613726,4.18658945210282,"2020-07-03",164,4.22787595484662,0.0121937290143073,4.22928192640818,4.22394536712001,0.0182598018239515,0.00685716972613726,0.0281927896266352,1,1,1
13001,"Appling","Georgia",0.0158195389448927,4.265145575579,0.0158195389448927,4.265145575579,"2020-07-04",165,4.26669594669621,0.0187785061445589,4.28881731317633,4.28585834597666,0.00896236921875516,0.00896236921875544,0.0065847771302516,1,1,1
13001,"Appling","Georgia",0.0177782460212861,4.29663477113504,0.017778246021285,4.29663477113503,"2020-07-05",166,4.30019661642625,0.0199964985137829,4.31438079107501,4.31216253858252,0.0019587070763934,0.0019587070763923,0.001217992369224,1,1,1
13001,"Appling","Georgia",0.0217873541849056,4.34648588246528,0.0217873541849061,4.34648588246528,"2020-07-06",167,4.34380542185368,0.0225763734231715,4.35279803637141,4.35200901713314,0.0040091081636195,0.0040091081636211,0.0025798749093886,1,1,1
13001,"Appling","Georgia",0.0149735417901641,4.31376273749225,0.0149735417901633,4.31376273749225,"2020-07-07",168,4.39621126966584,0.018367551047094,4.34091481154769,4.33752080229077,-0.0068138123947415,-0.0068138123947428,-0.0042088223760775,-1,-1,-1
13001,"Appling","Georgia",-0.00638979809876978,4.15782956017095,0,4.20255814686233,"2020-07-08",169,4.46426473291085,-0.0090202126621549,4.13678624366387,4.13941665822725,-0.0213633398889339,-0.0149735417901633,-0.0273877637092489,-1,-1,-1
13001,"Appling","Georgia",0.0148465081169938,4.32133021179829,0.0148465081169942,4.32133021179829,"2020-07-09",170,4.52488935472729,0.0193911477516517,4.35768732887554,4.35314268924089,0.0212363062157636,0.0148465081169942,0.0284113604138066,1,1,1
13001,"Appling","Georgia",0.0104712998672942,4.30117505391768,0.0104712998672953,4.30117505391769,"2020-07-10",171,4.5776521570942,0.0160189203406657,4.34555601770465,4.34000839723128,-0.0043752082496996,-0.0043752082496989,-0.003372227410986,-1,-1,-1
13001,"Appling","Georgia",0.0388199918495818,4.53843588964328,0.0388199918495813,4.53843588964327,"2020-07-11",172,4.63472898822964,0.0406902418714566,4.55339788981827,4.55152763979641,0.0283486919822876,0.028348691982286,0.0246713215307909,1,1,1
13001,"Appling","Georgia",0.0335006697300427,4.53470130453655,0.033500669730044,4.53470130453656,"2020-07-12",173,4.69003640663133,0.0355762325480052,4.55130580708025,4.54923024426229,-0.0053193221195391,-0.0053193221195373,-0.0051140093234514,-1,-1,-1
13001,"Appling","Georgia",0.0436088054274347,4.64906705984573,0.0436088054274348,4.64906705984573,"2020-07-13",174,4.73870157861261,0.0437899491868959,4.65051620992142,4.65033506616195,0.010108135697392,0.0101081356973908,0.0082137166388907,1,1,1
13001,"Appling","Georgia",0.052405847812154,4.76305220435092,0.0524058478121532,4.76305220435091,"2020-07-14",175,4.801676377774,0.0501205467729777,4.7447697960375,4.74705509707668,0.0087970423847193,0.00879704238471839,0.00633059758608179,1,1,1
13001,"Appling","Georgia",0.0680534632450179,4.94063897562598,0.0680534632450174,4.94063897562598,"2020-07-15",176,4.85870437100731,0.0634552732654222,4.90385345578922,4.90845164576881,0.0156476154328639,0.0156476154328642,0.0133347264924445,1,1,1
13001,"Appling","Georgia",0.0606246218164333,4.94926170744232,0.0606246218164337,4.94926170744232,"2020-07-16",177,4.91998092582813,0.0575988577156917,4.92505559463638,4.92808135873713,-0.0074288414285846,-0.0074288414285837,-0.00585641554973051,-1,-1,-1
13001,"Appling","Georgia",0.0527628023669125,4.94699177366259,0.0527628023669111,4.94699177366258,"2020-07-17",178,4.98360662170834,0.0523283916227569,4.94351648770935,4.9439508984535,-0.0078618194495208,-0.0078618194495226,-0.0052704660929348,-1,-1,-1
13001,"Appling","Georgia",0.0570768311354362,5.03426680617769,0.0570768311354364,5.03426680617769,"2020-07-18",179,5.02575845567047,0.0536618373787929,5.00694685612454,5.01036184988119,0.0043140287685237,0.0043140287685253,0.001333445756036,1,1,1
13001,"Appling","Georgia",0.0553074184017008,5.07718833544324,0.0553074184016982,5.07718833544322,"2020-07-19",180,5.06530383829505,0.0548400390570832,5.07344930068631,5.07391668003091,-0.0017694127337354,-0.0017694127337382,0.0011782016782903,-1,-1,1
13001,"Appling","Georgia",0.0486651719812755,5.07935778248154,0.0486651719812778,5.07935778248156,"2020-07-20",181,5.1102651350451,0.0512303686289841,5.0998793556632,5.0973141590155,-0.0066422464204253,-0.0066422464204204,-0.0036096704280991,-1,-1,-1
13001,"Appling","Georgia",0.0629747991613956,5.24249997190377,0.0629747991613927,5.24249997190375,"2020-07-21",182,5.14666356691937,0.0605991333649749,5.22349464553241,5.22587031132882,0.0143096271801201,0.0143096271801149,0.0093687647359908,1,1,1
13001,"Appling","Georgia",0.0570279932333091,5.25790032364047,0.0570279932333069,5.25790032364046,"2020-07-22",183,5.18258579662472,0.0549012679306427,5.24088652121914,5.24301324652181,-0.0059468059280865,-0.0059468059280858,-0.0056978654343322,-1,-1,-1
13001,"Appling","Georgia",0.0612765548208131,5.34891680957382,0.0612765548208136,5.34891680957382,"2020-07-23",184,5.2164873483004,0.0597455837939394,5.33666904135882,5.33820001238571,0.004248561587504,0.0042485615875067,0.0048443158632967,1,1,1
13001,"Appling","Georgia",0.0636256958802089,5.4289864928698,0.0636256958802113,5.42898649286982,"2020-07-24",185,5.2447658852769,0.0610462760285615,5.40835113405662,5.41093055390827,0.0023491410593958,0.0023491410593977,0.0013006922346221,1,1,1
13001,"Appling","Georgia",0.0421518339621377,5.32082129340544,0.0421518339621381,5.32082129340544,"2020-07-25",186,5.27592567623314,0.0411242844761638,5.31260089751765,5.31362844700362,-0.0214738619180712,-0.0214738619180732,-0.0199219915523977,-1,-1,-1
13001,"Appling","Georgia",0.0395453826245774,5.34212151666709,0.0395453826245769,5.34212151666709,"2020-07-26",187,5.30188243271253,0.0367487543218772,5.31974849024549,5.32254511854819,-0.0026064513375603,-0.0026064513375612,-0.0043755301542866,-1,-1,-1
13001,"Appling","Georgia",0.0449612967500481,5.42499421229544,0.0449612967500475,5.42499421229543,"2020-07-27",188,5.33340868635931,0.0447821892641153,5.42356135240797,5.42374045989391,0.0054159141254707,0.0054159141254706,0.0080334349422381,1,1,1
13001,"Appling","Georgia",0.0363984318742674,5.40145259003924,0.0363984318742681,5.40145259003924,"2020-07-28",189,5.35927806633773,0.0359986509964336,5.39825434301657,5.39865412389441,-0.00856286487578069,-0.0085628648757794,-0.0087835382676817,-1,-1,-1
13001,"Appling","Georgia",0.0359222297053571,5.43404140456222,0.0359222297053554,5.43404140456221,"2020-07-29",190,5.3838395399862,0.0347471213915894,5.42464053805209,5.42581564636585,-0.000476202168910304,-0.000476202168912698,-0.0012515296048442,-1,-1,-1
13001,"Appling","Georgia",0.0339015516756797,5.45379821003016,0.0339015516756804,5.45379821003017,"2020-07-30",191,5.40267738187228,0.033961412238592,5.45427709453346,5.45421723397054,-0.0020206780296774,-0.002020678029675,-0.000785709152997402,-1,-1,-1
13001,"Appling","Georgia",0.0282785369764935,5.44271564411235,0.0282785369764937,5.44271564411235,"2020-07-31",192,5.4236905714711,0.0289237414584981,5.44787727996838,5.44723207548639,-0.0056230146991862,-0.0056230146991867,-0.0050376707800939,-1,-1,-1
13001,"Appling","Georgia",0.0311597909562407,5.49404421292682,0.0311597909562416,5.49404421292683,"2020-08-01",193,5.45897742656081,0.0295363244542756,5.48105648091111,5.48267994741307,0.0028812539797472,0.0028812539797479,0.000612582995777499,1,1,1
13001,"Appling","Georgia",0.0259567564793977,5.48357972806832,0.0259567564793963,5.48357972806831,"2020-08-02",194,5.48775639111086,0.0258829785399039,5.48298950455237,5.48306328249186,-0.005203034476843,-0.0052030344768453,-0.0036533459143717,-1,-1,-1
13001,"Appling","Georgia",0.031526253646771,5.5540924618867,0.0315262536467715,5.55409246188671,"2020-08-03",195,5.50591208747262,0.0309665472141436,5.54961481042568,5.55017451685832,0.0055694971673733,0.0055694971673752,0.0050835686742397,1,1,1
13001,"Appling","Georgia",0.0258693799784209,5.54036372618667,0.0258693799784204,5.54036372618667,"2020-08-04",196,5.51802645541361,0.0251326728838519,5.53447006943013,5.53520677652469,-0.0056568736683501,-0.0056568736683511,-0.0058338743302917,-1,-1,-1
13001,"Appling","Georgia",0.0245614736484752,5.55576985552553,0.0245614736484736,5.55576985552552,"2020-08-05",197,5.52431398684465,0.024840406255174,5.55800131637912,5.55772238377242,-0.0013079063299457,-0.0013079063299468,-0.000292266628677901,-1,-1,-1
13001,"Appling","Georgia",0.0188378418860808,5.53454227507484,0.0188378418860795,5.53454227507484,"2020-08-06",198,5.52942908751142,0.0188536952237969,5.53466910177658,5.53465324843886,-0.0057236317623944,-0.0057236317623941,-0.0059867110313771,-1,-1,-1
13001,"Appling","Georgia",0.0210131895988187,5.57078289866283,0.0210131895988175,5.57078289866282,"2020-08-07",199,5.52942908751142,0.0197480294603983,5.56066161755547,5.56192677769389,0.0021753477127379,0.002175347712738,0.000894334236601398,1,1,1
13001,"Appling","Georgia",0.0352868550897152,5.70598541218882,0.0352868550897156,5.70598541218882,"2020-08-08",200,5.51458015677002,0.033832773611255,5.69435276036114,5.69580684183959,0.0142736654908965,0.0142736654908981,0.0140847441508567,1,1,1
13001,"Appling","Georgia",0.0287789645500434,5.68920914296116,0.0287789645500443,5.68920914296117,"2020-08-09",201,5.51802645541361,0.028342748419348,5.68571941391559,5.6861556300463,-0.0065078905396718,-0.0065078905396713,-0.005490025191907,-1,-1,-1
13001,"Appling","Georgia",0.0181556963617581,5.63300196200492,0.0181556963617586,5.63300196200493,"2020-08-10",202,5.51917258734423,0.0177069828472539,5.62941225388889,5.6298609674034,-0.0106232681882853,-0.0106232681882857,-0.0106357655720941,-1,-1,-1
13001,"Appling","Georgia",0.0121143679409949,5.60282703100057,0.0121143679409954,5.60282703100058,"2020-08-11",203,5.51917258734423,0.0127800560149254,5.60815253559202,5.60748684751809,-0.0060413284207632,-0.0060413284207632,-0.0049269268323285,-1,-1,-1
13001,"Appling","Georgia",0.00628753143104414,5.56832670686196,0.00628753143104355,5.56832670686196,"2020-08-12",204,5.53451815701889,0.00917235973039402,5.59140533325676,5.58852050495741,-0.00582683650995076,-0.00582683650995185,-0.00360769628453138,-1,-1,-1
13001,"Appling","Georgia",0.0051151006667702,5.56523479217881,0.00511510066676912,5.56523479217881,"2020-08-13",205,5.55406639189681,0.00813055066967734,5.58935839220207,5.58634294219916,-0.00117243076427394,-0.00117243076427443,-0.00104180906071668,-1,-1,-1
13001,"Appling","Georgia",0,5.52942908751142,0,5.52942908751142,"2020-08-14",206,5.58564223235198,-0.00403595820063015,5.49714142190638,5.50117738010701,-0.0051151006667702,-0.00511510066676912,-0.0121665088703075,-1,-1,-1
13001,"Appling","Georgia",-0.0148489307414003,5.41063764158022,0,5.51458015677002,"2020-08-15",207,5.61729044330276,-0.0139574983295552,5.41776910087498,5.41687766846313,-0.0148489307414003,0,-0.00992154012892505,-1,0,-1
13001,"Appling","Georgia",0.00344629864358694,5.54215054591872,0.00344629864358748,5.54215054591872,"2020-08-16",208,5.63937092958381,0.00656744320825675,5.56711970243607,5.56399855787141,0.0182952293849872,0.00344629864358748,0.0205249415378119,1,1,1
13001,"Appling","Georgia",0.00114613193062095,5.52719551085858,0.00114613193062141,5.52719551085858,"2020-08-17",209,5.66543756834831,0.00558533050451372,5.56270909944972,5.55826990087583,-0.00230016671296599,-0.00230016671296607,-0.000982112703743029,-1,-1,-1
13001,"Appling","Georgia",1.25607396694696e-15,5.51917258734424,0,5.51917258734423,"2020-08-18",210,5.68697535633982,0.00548015223635018,5.56301380523503,5.55753365299868,-0.00114613193061969,-0.00114613193062141,-0.00010517826816354,-1,-1,-1
13001,"Appling","Georgia",0.0153455696746595,5.64193714474151,0.0153455696746612,5.64193714474152,"2020-08-19",211,5.69661398517759,0.0135685579491033,5.62772105093706,5.62949806266261,0.0153455696746582,0.0153455696746612,0.00808840571275312,1,1,1
13001,"Appling","Georgia",0.0195482348779134,5.6909040360422,0.0195482348779139,5.6909040360422,"2020-08-20",212,5.70568542480229,0.0171863315119936,5.67200880911484,5.67437071248077,0.0042026652032539,0.0042026652032527,0.0036177735628903,1,1,1
13001,"Appling","Georgia",0.0315758404551698,5.80667311553817,0.0315758404551705,5.80667311553817,"2020-08-21",213,5.7037824746562,0.0272313730745621,5.77191737649331,5.77626184387392,0.0120276055772564,0.0120276055772566,0.0100450415625685,1,1,1
13001,"Appling","Georgia",0.0316482109507782,5.8388279199582,0.0316482109507792,5.83882791995821,"2020-08-22",214,5.70092124237517,0.0266728569845396,5.7990250882283,5.80400044219454,7.23704956084037e-05,7.23704956087021e-05,-0.000558516090022498,1,1,-1
13001,"Appling","Georgia",0.0220804862810545,5.79393433355119,0.0220804862810544,5.79393433355119,"2020-08-23",215,5.68552151552159,0.0199921284670463,5.77722747103913,5.77931582885313,-0.0095677246697237,-0.0095677246697248,-0.0066807285174933,-1,-1,-1
13001,"Appling","Georgia",0.0260666387644979,5.84790403969979,0.0260666387644974,5.84790403969979,"2020-08-24",216,5.65898433175631,0.0229482405653043,5.82295685410624,5.82607525230544,0.0039861524834434,0.003986152483443,0.002956112098258,1,1,1
13001,"Appling","Georgia",0.021537787991511,5.8377398722804,0.0215377879915115,5.8377398722804,"2020-08-25",217,5.6378461516518,0.0190208303940066,5.81760421150036,5.82012116909787,-0.0045288507729869,-0.0045288507729859,-0.0039274101712977,-1,-1,-1
13001,"Appling","Georgia",0.00963862883776809,5.76408438704197,0.00963862883776923,5.76408438704197,"2020-08-26",218,5.62195245640857,0.010436663829139,5.77046866697293,5.76967063198156,-0.0118991591537429,-0.0118991591537423,-0.0085841665648676,-1,-1,-1
13001,"Appling","Georgia",0.00907143962469813,5.76918550217518,0.00907143962469892,5.76918550217518,"2020-08-27",219,5.59947960055651,0.0103470292497207,5.77939021917536,5.77811462955033,-0.00056718921306996,-0.000567189213070311,-8.96345794182997e-05,-1,-1,-1
13001,"Appling","Georgia",-0.00190295014608619,5.6904618236336,0,5.7037824746562,"2020-08-28",220,5.58134577031847,-0.00623014419974127,5.65584427120436,5.66017146525801,-0.0109743897707843,-0.00907143962469892,-0.016577173449462,-1,-1,-1
13001,"Appling","Georgia",-0.00286123228103467,5.68089261640793,0,5.70092124237517,"2020-08-29",221,5.55682806169954,-0.00711401613527181,5.64687034557403,5.65112312942827,-0.00095828213494848,0,-0.00088387193553054,-1,0,-1
13001,"Appling","Georgia",-0.0153997268535721,5.57772342754659,0,5.68552151552159,"2020-08-30",222,5.53958145897544,-0.0155490757307403,5.57652863652925,5.57667798540641,-0.0125384945725374,0,-0.00843505959546849,-1,0,-1
13001,"Appling","Georgia",-0.0265371837652877,5.47322404539929,0,5.65898433175631,"2020-08-31",223,5.51458015677002,-0.0230058129325737,5.501475012061,5.49794364122829,-0.0111374569117156,0,-0.0074567372018334,-1,0,-1
13001,"Appling","Georgia",-0.0211381801045058,5.48987889092026,0,5.6378461516518,"2020-09-01",224,5.49129621781598,-0.0203070825091259,5.4965276716833,5.49569657408792,0.0053990036607819,0,0.0026987304234478,1,0,1
13001,"Appling","Georgia",-0.0158936952432335,5.51069658970593,0,5.62195245640857,"2020-09-02",225,5.46080058112233,-0.0154344530635597,5.51437052714332,5.51391128496365,0.0052444848612723,0,0.0048726294455662,1,0,1
13001,"Appling","Georgia",-0.0224728558520571,5.44216960959211,0,5.59947960055651,"2020-09-03",226,5.4180033523505,-0.0210483097849818,5.45356597812872,5.45214143206164,-0.0065791606088236,0,-0.0056138567214221,-1,0,-1
13001,"Appling","Georgia",-0.0181338302380407,5.45440895865218,0,5.58134577031847,"2020-09-04",227,5.36930824069766,-0.0173642906396421,5.46056527543937,5.45979573584098,0.0043390256140164,0,0.0036840191453397,1,0,1
13001,"Appling","Georgia",-0.0245177086189311,5.38520410136702,0,5.55682806169954,"2020-09-05",228,5.30968112519835,-0.0237612489487077,5.39125577872881,5.39049931905859,-0.0063838783808904,0,-0.0063969583090656,-1,0,-1
13001,"Appling","Georgia",-0.0172466027240955,5.41885523990677,0,5.53958145897544,"2020-09-06",229,5.24627190965793,-0.0164724846011004,5.42504818489074,5.42427406676774,0.0072711058948356,0,0.0072887643476073,1,0,1
13001,"Appling","Georgia",-0.0250013022054207,5.33957104133208,0,5.51458015677002,"2020-09-07",230,5.18977719797283,-0.0233462369813949,5.35281156312428,5.35115649790026,-0.0077546994813252,0,-0.0068737523802945,-1,0,-1
13001,"Appling","Georgia",-0.023283938954041,5.32830864513769,0,5.49129621781598,"2020-09-08",231,5.12311327752295,-0.0217910510650404,5.3402517482497,5.3387588603607,0.0017173632513797,0,0.0015551859163545,1,0,1
13001,"Appling","Georgia",-0.0304956366936563,5.24733112426673,0,5.46080058112233,"2020-09-09",232,5.04985600724954,-0.0273750563549316,5.27229576697653,5.26917518663781,-0.0072116977396153,0,-0.0055840052898912,-1,0,-1
13001,"Appling","Georgia",-0.0427972287718232,5.11842275094774,0,5.4180033523505,"2020-09-10",233,4.99431232006433,-0.0365787105154055,5.16817089699909,5.16195237874266,-0.0123015920781669,0,-0.0092036541604739,-1,0,-1
13001,"Appling","Georgia",-0.048695111652838,5.0284424591278,0,5.36930824069766,"2020-09-11",234,4.92414326274281,-0.0414585567891132,5.08633489803759,5.07909834317387,-0.0058978828810148,0,-0.0048798462737077,-1,0,-1
13001,"Appling","Georgia",-0.0596271154993072,4.8922913167032,0,5.30968112519835,"2020-09-12",235,4.87192042239884,-0.0486122169649542,4.98041050497803,4.96939560644367,-0.0109320038464692,0,-0.007153660175841,-1,0,-1
13001,"Appling","Georgia",-0.0634092155404203,4.80240740087499,0,5.24627190965793,"2020-09-13",236,4.82143297621008,-0.0529408919106248,4.88615398991335,4.87568566628356,-0.0037821000411131,0,-0.0043286749456706,-1,0,-1
13001,"Appling","Georgia",-0.0564947116851034,4.7943142161771,0,5.18977719797283,"2020-09-14",237,4.78032325330343,-0.0478569209297576,4.86341654221987,4.85477875146453,0.0069145038553169,0,0.0050839709808672,1,0,1
13001,"Appling","Georgia",-0.0666639204498805,4.65646583437378,0,5.12311327752295,"2020-09-15",238,4.7548209604925,-0.0522205803099158,4.7720125554935,4.75756921535354,-0.0101692087647771,0,-0.0043636593801582,-1,0,-1
13001,"Appling","Georgia",-0.0732572702734155,4.53705511533563,0,5.04985600724954,"2020-09-16",239,4.7349445297349,-0.0575636156853249,4.66260435204035,4.64691069745227,-0.006593349823535,0,-0.0053430353754091,-1,0,-1
13001,"Appling","Georgia",-0.0555436871852115,4.60550650976785,0,4.99431232006433,"2020-09-17",240,4.71849887129509,-0.0498530079304896,4.65103194380562,4.6453412645509,0.017713583088204,0,0.0077106077548353,1,0,1
13001,"Appling","Georgia",-0.0701690573215091,4.43295986149225,0,4.92414326274281,"2020-09-18",241,4.72485617179056,-0.0586866197532327,4.52481936203847,4.51333692447018,-0.0146253701362976,0,-0.0088336118227431,-1,0,-1
13001,"Appling","Georgia",-0.0522228403439691,4.50636053999106,0,4.87192042239884,"2020-09-19",242,4.72991307257953,-0.0472128069249834,4.54644080734294,4.54143077392396,0.01794621697754,0,0.0114738128282493,1,0,1
13001,"Appling","Georgia",-0.0504874461887634,4.46802085288873,0,4.82143297621008,"2020-09-20",243,4.74988876800318,-0.0468745967758192,4.49692364819229,4.49331079877935,0.0017353941552057,0,0.0003382101491642,1,0,1
13001,"Appling","Georgia",-0.0411097229066462,4.49255519295691,0,4.78032325330343,"2020-09-21",244,4.77189454596838,-0.0387619542397658,4.51133734229195,4.50898957362507,0.0093777232821172,0,0.0081126425360534,1,0,1
13001,"Appling","Georgia",-0.0255022928109338,4.57630491081596,0,4.7548209604925,"2020-09-22",245,4.78749174278205,-0.0267798693930711,4.56608429815886,4.567361874741,0.0156074300957124,0,0.0119820848466947,1,0,1
13001,"Appling","Georgia",-0.0198764307575945,4.59580951443174,0,4.7349445297349,"2020-09-23",246,4.801676377774,-0.0210091569185923,4.58674770514376,4.58788043130475,0.0056258620533393,0,0.0057707124744788,1,0,1
13001,"Appling","Georgia",-0.0164456584398081,4.60337926221644,0,4.71849887129509,"2020-09-24",247,4.80636022708643,-0.0199638157384237,4.57523400382751,4.57875216112612,0.0034307723177864,0,0.0010453411801686,1,0,1
13001,"Appling","Georgia",0.0063573004954705,4.76935727525886,0.00635730049546979,4.76935727525885,"2020-09-25",248,4.79814903725603,0.00479480162454553,4.75685728429145,4.75841978316238,0.0228029589352786,0.00635730049546979,0.0247586173629692,1,1,1
13001,"Appling","Georgia",0.00505690078896835,4.76531137810231,0.00505690078896848,4.76531137810231,"2020-09-26",249,4.77671964580014,0.00473404791796045,4.76272855513424,4.76305140800525,-0.00130039970650215,-0.00130039970650131,-6.07537065850806e-05,-1,-1,-1
13001,"Appling","Georgia",0.0199756954236504,4.88971863596873,0.0199756954236499,4.88971863596873,"2020-09-27",250,4.74493212836325,0.0164053221531148,4.86115564980445,4.86472602307498,0.0149187946346821,0.0149187946346814,0.0116712742351543,1,1,1
13001,"Appling","Georgia",0.0220057779651957,4.92593499172475,0.0220057779651945,4.92593499172474,"2020-09-28",251,4.71210089681543,0.0176047744721973,4.89072696378076,4.89512796727376,0.0020300825415453,0.0020300825415446,0.0011994523190825,1,1,1
13001,"Appling","Georgia",0.0155971968136688,4.89667212047773,0.015597196813669,4.89667212047773,"2020-09-29",252,4.68477323658706,0.0128792116505601,4.87492823917286,4.87764622433597,-0.0064085811515269,-0.0064085811515255,-0.0047255628216372,-1,-1,-1
13001,"Appling","Georgia",0.0141846349919582,4.90096882271771,0.0141846349919588,4.90096882271772,"2020-09-30",253,4.65803367554516,0.0119631184067732,4.88319669003624,4.88541820662141,-0.0014125618217106,-0.0014125618217102,-0.0009160932437869,-1,-1,-1
13001,"Appling","Georgia",0.00468384931242365,4.83914717227339,0.00468384931242216,4.83914717227338,"2020-10-01",254,4.63749907310345,0.0059781719512343,4.84950175338387,4.84820743074507,-0.00950078567953455,-0.00950078567953664,-0.0059849464555389,-1,-1,-1
13001,"Appling","Georgia",-0.00821118983039561,4.74067070844326,0,4.79814903725603,"2020-10-02",255,4.62497281328427,-0.0123538710056026,4.70752925904161,4.71167194021681,-0.0128950391428193,-0.00468384931242216,-0.0183320429568369,-1,-1,-1
13001,"Appling","Georgia",-0.0214293914558925,4.62671390560889,0,4.77671964580014,"2020-10-03",256,4.63195120866574,-0.0201482555141482,4.63696299314284,4.6356818572011,-0.0132182016254969,0,-0.0077943845085456,-1,0,-1
13001,"Appling","Georgia",-0.0317875174368894,4.52241950630502,0,4.74493212836325,"2020-10-04",257,4.64163986576949,-0.0285883993687987,4.54801245084975,4.54481333278166,-0.0103581259809969,0,-0.0084401438546505,-1,0,-1
13001,"Appling","Georgia",-0.0328312315478166,4.48228227598072,0,4.71210089681543,"2020-10-05",258,4.74865190946578,-0.0283620037472613,4.51803609838516,4.5135668705846,-0.0010437141109272,0,0.000226395621537399,-1,0,1
13001,"Appling","Georgia",-0.0273276602283789,4.4934796149884,0,4.68477323658706,"2020-10-06",259,4.84080680154977,-0.0262857321686189,4.50181503946648,4.50077311140673,0.0055035713194377,0,0.0020762715786424,1,0,1
13001,"Appling","Georgia",-0.0267395610419035,4.47085674825183,0,4.65803367554516,"2020-10-07",260,4.93344565540513,-0.0247476886744011,4.48679172719185,4.48479985482435,0.000588099186475399,0,0.0015380434942178,1,0,1
13001,"Appling","Georgia",-0.0205346024417051,4.49375685601151,0,4.63749907310345,"2020-10-08",261,5.02388052084628,-0.0203535688392346,4.49520512483128,4.49502409122881,0.0062049586001984,0,0.0043941198351665,1,0,1
13001,"Appling","Georgia",-0.012526259819175,4.53728899455005,0,4.62497281328427,"2020-10-09",262,5.10160707230198,-0.0143384452711175,4.52279151093451,4.52460369638645,0.0080083426225301,0,0.0060151235681171,1,0,1
13001,"Appling","Georgia",0.00697839538146564,4.680799976336,0.0069783953814655,4.68079997633599,"2020-10-10",263,5.16478597392351,0.00772053988152331,4.68673713233646,4.6859949878364,0.0195046552006406,0.0069783953814655,0.0220589851526408,1,1,1
13001,"Appling","Georgia",0.00968865710374872,4.70946046549573,0.00968865710374978,4.70946046549573,"2020-10-11",264,5.22343986761529,0.00934013810338463,4.70667231349282,4.70702083249318,0.00271026172228308,0.00271026172228428,0.00161959822186132,1,1,1
13001,"Appling","Georgia",0.107012043696292,5.49773621533982,0.107012043696292,5.49773621533982,"2020-10-12",265,5.21881022971655,0.116442677449701,5.5731812853671,5.56375065161369,0.0973233865925433,0.0973233865925422,0.107102539346316,1,1,1
13001,"Appling","Georgia",0.0921548920839991,5.48589104613776,0.0921548920839932,5.48589104613772,"2020-10-13",266,5.21104621556032,0.0985130311230345,5.53675615845006,5.53039801941101,-0.0148571516122929,-0.0148571516122988,-0.0179296463266665,-1,-1,-1
13001,"Appling","Georgia",0.0926388538553544,5.58191763239261,0.0926388538553553,5.58191763239261,"2020-10-14",267,5.19770745364881,0.0987999825461596,5.63120666191905,5.62504553322825,0.000483961771355304,0.00048396177136209,0.000286951423125098,1,1,1
13001,"Appling","Georgia",0.0904348654411554,5.65692457893436,0.09043486544115,5.65692457893433,"2020-10-15",268,5.18338739987406,0.0938243873628292,5.68404075430776,5.68065123238608,-0.00220398841419901,-0.0022039884142053,-0.00497559518333039,-1,-1,-1
13001,"Appling","Georgia",0.0777265514557102,5.64569293249195,0.0777265514557044,5.64569293249191,"2020-10-16",269,5.17453422333718,0.079705332714685,5.66152318256376,5.65954440130477,-0.0127083139854452,-0.0127083139854456,-0.0141190546481442,-1,-1,-1
13001,"Appling","Georgia",0.0631789016215379,5.60703828527428,0.0631789016215336,5.60703828527425,"2020-10-17",270,5.17453422333718,0.0675070308121808,5.64166331879943,5.63733518960878,-0.0145476498341723,-0.0145476498341708,-0.0121983019025042,-1,-1,-1
13001,"Appling","Georgia",0.0586538936917751,5.63401712345771,0.0586538936917744,5.63401712345771,"2020-10-18",271,5.17695650954377,0.0661325697311374,5.69384653177261,5.68636785573325,-0.0045250079297628,-0.0045250079297592,-0.0013744610810434,-1,-1,-1
13001,"Appling","Georgia",-0.00462963789874519,5.18640276442533,0,5.21881022971655,"2020-10-19",272,5.18338739987406,-0.00426612538616357,5.18931086452598,5.1889473520134,-0.0632835315905203,-0.0586538936917744,-0.070398695117301,-1,-1,-1
13001,"Appling","Georgia",-0.00776401415622578,5.15669811646674,0,5.21104621556032,"2020-10-20",273,5.19057305953494,-0.00969113234010057,5.14128117099575,5.14320828917962,-0.00313437625748059,0,-0.005425006953937,-1,0,-1
13001,"Appling","Georgia",-0.013338761911514,5.10433612026821,0,5.19770745364881,"2020-10-21",274,5.19849703126583,-0.0120687717601838,5.11449604147885,5.11322605132752,-0.00557474775528822,0,-0.00237763942008323,-1,0,-1
13001,"Appling","Georgia",-0.0143200537747495,5.08314702345081,0,5.18338739987406,"2020-10-22",275,5.20479130853721,-0.0126644368807774,5.09639195860259,5.09473634170862,-0.000981291863235499,0,-0.0005956651205936,-1,0,-1
13001,"Appling","Georgia",-0.00885317653688355,5.11256198757899,0,5.17453422333718,"2020-10-23",276,5.21182533519459,-0.00956337827736042,5.10688037365518,5.10759057539566,0.00546687723786595,0,0.00310105860341698,1,0,1
13001,"Appling","Georgia",1.25607396694701e-15,5.17453422333718,0,5.17453422333718,"2020-10-24",277,5.21338175574225,0.00569544649213908,5.22009779527429,5.21440234878215,0.00885317653688481,0,0.0152588247694995,1,0,1
13001,"Appling","Georgia",0.00242228620659235,5.19391251298991,0.00242228620659279,5.19391251298992,"2020-10-25",278,5.21338175574225,0.00606555205459068,5.22305863977391,5.21941537392591,0.00242228620659109,0.00242228620659279,0.0003701055624516,1,1,1
13001,"Appling","Georgia",0.00643089033029016,5.22840363218609,0.00643089033028943,5.22840363218608,"2020-10-26",279,5.21415905854081,0.00721548703272772,5.23468040580559,5.23389580910315,0.00400860412369781,0.00400860412369664,0.00114993497813704,1,1,1
13001,"Appling","Georgia",0.00718565966087789,5.24087267716108,0.00718565966087858,5.24087267716109,"2020-10-27",280,5.15163870155948,0.00817880693895605,5.24881785538571,5.24782470810763,0.000754769330587731,0.00075476933058915,0.00096331990622833,1,1,1
13001,"Appling","Georgia",0.00792397173088995,5.25396483338206,0.00792397173088943,5.25396483338205,"2020-10-28",281,5.08317741509435,0.00744528692955562,5.25013535497138,5.25061403977272,0.000738312070012059,0.000738312070010851,-0.000733520009400431,1,1,-1
13001,"Appling","Georgia",0.00629427727138627,5.24885124943692,0.00629427727138676,5.24885124943692,"2020-10-29",282,5.00968245934098,0.00742250495358918,5.25787707089454,5.25674884321233,-0.00162969445950368,-0.00162969445950267,-2.278197596644e-05,-1,-1,-1
13001,"Appling","Georgia",0.00703402665737728,5.26106352179623,0.00703402665737762,5.26106352179623,"2020-10-30",283,4.91893762891555,0.00747009431579054,5.26455206306353,5.26411599540512,0.00073974938599101,0.00073974938599086,4.75893622013598e-05,1,1,1
13001,"Appling","Georgia",0.00155642054766197,5.22427669957589,0.00155642054766236,5.22427669957589,"2020-10-31",284,4.82373182779719,0.00413718606674779,5.24492282372857,5.24234205820949,-0.00547760610971531,-0.00547760610971526,-0.00333290824904275,-1,-1,-1
13001,"Appling","Georgia",1.25607396694701e-15,5.21338175574226,0,5.21338175574225,"2020-11-01",285,4.71338377062832,0.00442931267193054,5.24881625711769,5.24438694444576,-0.00155642054766071,-0.00155642054766236,0.00029212660518275,-1,-1,1
13001,"Appling","Georgia",0.000777302798563207,5.21960017813076,0.000777302798561585,5.21960017813075,"2020-11-02",286,4.58058471051548,0.00414437324131261,5.24653674167275,5.24316967123,0.000777302798561951,0.000777302798561585,-0.00028493943061793,1,1,-1
13001,"Appling","Georgia",-0.062520356981332,4.71399620269016,0,5.15163870155948,"2020-11-03",287,4.55387689160054,-0.0570176576663246,4.75801779721021,4.75251509789521,-0.0632976597798952,-0.000777302798561585,-0.0611620309076372,-1,-1,-1
13001,"Appling","Georgia",-0.0684612864651316,4.60394840983843,0,5.08317741509435,"2020-11-04",288,4.53413441287134,-0.0637013541788559,4.64202786812863,4.63726793584236,-0.0059409294837996,0,-0.0066836965125313,-1,0,-1
13001,"Appling","Georgia",-0.0734949557533546,4.4952177690675,0,5.00968245934098,"2020-11-05",289,4.51711930786536,-0.0692570655439961,4.52912089074238,4.52488300053301,-0.00503366928822301,0,-0.0055557113651402,-1,0,-1
13001,"Appling","Georgia",-0.090744830425444,4.28372381593744,0,4.91893762891555,"2020-11-06",290,4.49980967033027,-0.0798821692907354,4.3706251050151,4.3597624438804,-0.0172498746720894,0,-0.0106251037467393,-1,0,-1
13001,"Appling","Georgia",-0.0952058011183607,4.15729121996866,0,4.82373182779719,"2020-11-07",291,4.48219512362928,-0.0854151114282883,4.23561673748924,4.22582604779917,-0.0044609706929167,0,-0.0055329421375529,-1,0,-1
13001,"Appling","Georgia",-0.110348057168864,3.94094737044627,0,4.71338377062832,"2020-11-08",292,4.47082213345701,-0.103667805234831,3.99438938591854,3.9877091339845,-0.0151422560505033,0,-0.0182526938065427,-1,0,-1
13001,"Appling","Georgia",-0.132799060112831,3.65099128972566,0,4.58058471051548,"2020-11-09",293,4.46590811865458,-0.113765399134363,3.80326057755341,3.78422691657494,-0.022451002943967,0,-0.010097593899532,-1,0,-1
13001,"Appling","Georgia",-0.0267078189149335,4.36692215919601,0,4.55387689160054,"2020-11-10",294,4.4576640488795,-0.0245231877116443,4.38439920882233,4.38221457761903,0.106091241197897,0,0.0892422114227187,1,0,1
13001,"Appling","Georgia",-0.019742478729204,4.39593706176691,0,4.53413441287134,"2020-11-11",295,4.44265125649032,-0.0168278463017626,4.41925412118644,4.416339488759,0.0069653401857295,0,0.0076953414098817,1,0,1
13001,"Appling","Georgia",-0.0170151050059807,4.39801357282349,0,4.51711930786536,"2020-11-12",296,4.42056029867612,-0.0142264787689734,4.42032258271955,4.41753395648255,0.0027273737232233,0,0.0026013675327892,1,0,1
13001,"Appling","Georgia",-0.017309637535095,4.3786422075846,0,4.49980967033027,"2020-11-13",297,4.40497556765943,-0.015395344738345,4.3939565499586,4.39204225716186,-0.000294532529114298,0,-0.0011688659693716,-1,0,-1
13001,"Appling","Georgia",-0.0176145467009844,4.35889329672239,0,4.48219512362928,"2020-11-14",298,4.36763789722178,-0.017027638981254,4.36358855848024,4.3630016507605,-0.000304909165889402,0,-0.001632294242909,-1,0,-1
13001,"Appling","Georgia",-0.0113729901722697,4.39121120225112,0,4.47082213345701,"2020-11-15",299,4.33261127511053,-0.0129243375347713,4.37880042335111,4.38035177071361,0.0062415565287147,0,0.0041033014464827,1,0,1
13001,"Appling","Georgia",-0.00491401480243017,4.43151001503757,0,4.46590811865458,"2020-11-16",300,4.30019661642625,-0.012249165065134,4.37282881293594,4.38016396319864,0.00645897536983953,0,0.000675172469637299,1,0,1
13001,"Appling","Georgia",-0.00824406977508112,4.39995556045393,0,4.4576640488795,"2020-11-17",301,4.26869794936688,-0.00984525830296608,4.38714605223085,4.38874724075874,-0.00333005497265095,0,0.00240390676216792,-1,0,1
13001,"Appling","Georgia",-0.0150127923891866,4.33756170976601,0,4.44265125649032,"2020-11-18",302,4.24029847484518,-0.0143191414754817,4.34311091707565,4.34241726616195,-0.00676872261410548,0,-0.00447388317251562,-1,0,-1
13001,"Appling","Georgia",-0.0220909578141944,4.26592359397676,0,4.42056029867612,"2020-11-19",303,4.20894794496111,-0.018740153806365,4.2927300260394,4.28937922203157,-0.0070781654250078,0,-0.0044210123308833,-1,0,-1
13001,"Appling","Georgia",-0.0155847310166946,4.29588245054256,0,4.40497556765943,"2020-11-20",304,4.16998197642772,-0.0167815836786197,4.28630762924716,4.28750448190909,0.0065062267974998,0,0.0019585701277453,1,0,1
13001,"Appling","Georgia",-0.037337670437643,4.10627420415828,0,4.36763789722178,"2020-11-21",305,4.15664844555826,-0.0325854186507226,4.14429221845365,4.13953996666672,-0.0217529394209484,0,-0.0158038349721029,-1,0,-1
13001,"Appling","Georgia",-0.0350266221112508,4.08742492033177,0,4.33261127511053,"2020-11-22",306,4.13858926401986,-0.0285358854011269,4.13935081401276,4.13286007730264,0.0023110483263922,0,0.0040495332495957,1,0,1
13001,"Appling","Georgia",-0.0324146586842846,4.07329400563626,0,4.30019661642625,"2020-11-23",307,4.11787505963229,-0.0268584900697173,4.11774335455279,4.11218718593823,0.0026119634269662,0,0.0016773953314096,1,0,1
13001,"Appling","Georgia",-0.0314986670593715,4.04820727995128,0,4.26869794936688,"2020-11-24",308,4.10146202999096,-0.0272315949900547,4.08234385650581,4.0780767844365,0.000915991624913098,0,-0.000373104920337399,1,0,-1
13001,"Appling","Georgia",-0.0283994745216962,4.04150215319331,0,4.24029847484518,"2020-11-25",309,4.07995582477,-0.0255138751580082,4.06458694810281,4.06170134873912,0.0030991925376753,0,0.0017177198320465,1,0,1
13001,"Appling","Georgia",-0.0313505298840746,3.98949423577258,0,4.20894794496111,"2020-11-26",310,4.06535702534885,-0.0286168054843446,4.01136403097042,4.0086303065707,-0.0029510553623784,0,-0.0031029303263364,-1,0,-1
13001,"Appling","Georgia",-0.0389659685333837,3.89722019669404,0,4.16998197642772,"2020-11-27",311,4.05797691805123,-0.0366765792930044,3.91553531061707,3.91324592137669,-0.0076154386493091,0,-0.0080597738086598,-1,0,-1
13001,"Appling","Georgia",-0.013333530869466,4.06331372947199,0,4.15664844555826,"2020-11-28",312,4.04054185622913,-0.0161811320399379,4.04053292010822,4.04338052127869,0.0256324376639177,0,0.0204954472530665,1,0,1
13001,"Appling","Georgia",-0.0180591815383972,4.01217499325108,0,4.13858926401986,"2020-11-29",313,4.02023659006838,-0.0201768258990335,3.99523383836599,3.99735148272663,-0.0047256506689312,0,-0.0039956938590956,-1,0,-1
13001,"Appling","Georgia",-0.0207142043875623,3.97287562891936,0,4.11787505963229,"2020-11-30",314,3.99426110366512,-0.0200022340096567,3.97857139194261,3.97785942156469,-0.0026550228491651,0,0.0001745918893768,-1,0,1
13001,"Appling","Georgia",-0.0164130296413286,3.98657082250166,0,4.10146202999096,"2020-12-01",315,3.9756682705885,-0.0170401568668724,3.98155380469731,3.98218093192285,0.0043011747462337,0,0.0029620771427843,1,0,1
13001,"Appling","Georgia",-0.021506205220961,3.92941238822327,0,4.07995582477,"2020-12-02",316,3.97298370521783,-0.0181486131232837,3.95627312500469,3.95291553290701,-0.0050931755796324,0,-0.0011084562564113,-1,0,-1
13001,"Appling","Georgia",-0.01459879942115,3.9631654294008,0,4.06535702534885,"2020-12-03",317,3.97298370521783,-0.0165753468097719,3.94735305029183,3.94932959768045,0.006907405799811,0,0.0015732663135118,1,0,1
13001,"Appling","Georgia",-0.00738010729762087,4.00631616696788,0,4.05797691805123,"2020-12-04",318,3.99688922607139,-0.0144079025596077,3.95009380487199,3.95712160013398,0.00721869212352913,0,0.0021674442501642,1,0,1
13001,"Appling","Georgia",-0.0174350618221019,3.91849642347441,0,4.04054185622913,"2020-12-05",319,4.02023659006838,-0.0189853490687543,3.9060941255012,3.90764441274785,-0.010054954524481,0,-0.0045774465091466,-1,0,-1
13001,"Appling","Georgia",-0.0203052661607481,3.87809972694314,0,4.02023659006838,"2020-12-06",320,4.06535702534885,-0.0198601547687718,3.88166061807896,3.88121550668698,-0.0028702043386462,0,-0.000874805700017502,-1,0,-1
13001,"Appling","Georgia",-0.0259754864032589,3.81243269884231,0,3.99426110366512,"2020-12-07",321,4.11321304652648,-0.0252307142244993,3.81839087627239,3.81764610409362,-0.0056702202425108,0,-0.0053705594557275,-1,0,-1
13001,"Appling","Georgia",-0.0185928330766143,3.8455184390522,0,3.9756682705885,"2020-12-08",322,4.16777203077692,-0.0193848213323707,3.83918253300615,3.83997452126191,0.0073826533266446,0,0.0058458928921286,1,0,1
13001,"Appling","Georgia",-0.00268456537067084,3.95419174762314,0,3.97298370521783,"2020-12-09",323,4.20469261939097,-0.010708076954764,3.89000365495039,3.89802716653448,0.0159082677059435,0,0.0086767443776067,1,0,1
13001,"Appling","Georgia",6.28036983473454e-16,3.97298370521784,0,3.97298370521783,"2020-12-10",324,4.25864761351338,0.0045468337147983,4.00935837493622,4.00481154122142,0.00268456537067147,0,0.0152549106695623,1,0,1
13001,"Appling","Georgia",0.0239055208535551,4.16422787204627,0.023905520853555,4.16422787204627,"2020-12-11",325,4.31748811353631,0.021846798774864,4.14775809541674,4.14981681749544,0.0239055208535545,0.023905520853555,0.0172999650600657,1,1,1
13001,"Appling","Georgia",0.0233473639969921,4.18366813804732,0.0233473639969914,4.18366813804732,"2020-12-12",326,4.38559170083838,0.0238069017462161,4.18734444004112,4.18688490229189,-0.000558156856563002,-0.000558156856563602,0.0019601029713521,-1,-1,1
13001,"Appling","Georgia",0.0451204352804732,4.38120007231216,0.0451204352804702,4.38120007231214,"2020-12-13",327,4.45268478547989,0.0443772737598517,4.37525478014719,4.37599794166781,0.0217730712834811,0.0217730712834788,0.0205703720136356,1,1,1
13001,"Appling","Georgia",0.0478560211776351,4.44820519476993,0.0478560211776342,4.44820519476992,"2020-12-14",328,4.52643614544559,0.0459633595405551,4.43306390167329,4.43495656331037,0.0027355858971619,0.00273558589716399,0.00158608578070341,1,1,1
13001,"Appling","Georgia",0.0545589842504351,4.54968492052996,0.054558984250435,4.54968492052996,"2020-12-15",329,4.58933112195835,0.0525188170487372,4.53336358291638,4.53540375011808,0.0067029630728,0.0067029630728008,0.00655545750818209,1,1,1
13001,"Appling","Georgia",0.0369205886140473,4.4631367396893,0.0369205886140476,4.4631367396893,"2020-12-16",330,4.68080760019371,0.038125951982227,4.47277964663474,4.47157428326656,-0.0176383956363878,-0.0176383956363874,-0.0143928650665102,-1,-1,-1
13001,"Appling","Georgia",0.0539549941224112,4.63633257237026,0.0539549941224111,4.63633257237025,"2020-12-17",331,4.77551555173533,0.0518741136772826,4.61968552880923,4.62176640925436,0.0170344055083639,0.0170344055083635,0.0137481616950556,1,1,1
13001,"Appling","Georgia",0.0588405000229369,4.72937161369687,0.0588405000229333,4.72937161369684,"2020-12-18",332,4.856484614269,0.0558861221319448,4.70573659056894,4.70869096845992,0.0048855059005257,0.0048855059005222,0.0040120084546622,1,1,1
13001,"Appling","Georgia",0.068103587302063,4.86231681195282,0.0681035873020681,4.86231681195286,"2020-12-19",333,4.94571574799694,0.0617407130619884,4.81141381803222,4.8177766922723,0.00926308727912611,0.0092630872791348,0.0058545909300436,1,1,1
13001,"Appling","Georgia",0.0670930846415154,4.9223363779705,0.0670930846415168,4.92233637797051,"2020-12-20",334,5.03323512601349,0.0626921735846201,4.88712908951534,4.89153000057223,-0.00101050266054761,-0.0010105026605513,0.000951460522631703,-1,-1,1
13001,"Appling","Georgia",0.0737513599656966,5.04269566520546,0.0737513599656916,5.04269566520543,"2020-12-21",335,5.11799381241676,0.0673290185904123,4.99131693420319,4.99773927557848,0.0066582753241812,0.0066582753241748,0.0046368450057922,1,1,1
13001,"Appling","Georgia",0.0628949765127546,5.02959595754763,0.0628949765127587,5.02959595754766,"2020-12-22",336,5.18818357213755,0.0597034201384879,5.00406350655349,5.00725506292777,-0.010856383452942,-0.0108563834529329,-0.0076255984519244,-1,-1,-1
13001,"Appling","Georgia",0.091476478235373,5.32114294784132,0.0914764782353679,5.32114294784129,"2020-12-23",337,5.2447658852769,0.077231251166486,5.20718113129024,5.22142635835911,0.0285815017226184,0.0285815017226092,0.0175278310279981,1,1,1
13001,"Appling","Georgia",0.0947079515416147,5.43847121252664,0.0947079515416211,5.43847121252668,"2020-12-24",338,5.30188243271253,0.0747214042619507,5.27857883428931,5.29856538156898,0.0032314733062417,0.00323147330625319,-0.0025098469045353,1,1,-1
13001,"Appling","Georgia",0.0809690625336717,5.4232680520047,0.0809690625336668,5.42326805200467,"2020-12-25",339,5.35456266521249,0.0754175889587588,5.3788562634054,5.38440773698031,-0.013738889007943,-0.0137388890079543,0.0006961846968081,-1,-1,1
13001,"Appling","Georgia",0.0892311337279438,5.57033368409255,0.0892311337279423,5.57033368409254,"2020-12-26",340,5.39297798478357,0.0746362713153439,5.45357478479175,5.46816964720435,0.00826207119427211,0.00826207119427549,-0.000781317643414908,1,1,-1
13001,"Appling","Georgia",0.0875193780165558,5.64587077212938,0.0875193780165509,5.64587077212935,"2020-12-27",341,5.42557914615896,0.0783831980010817,5.57278133200559,5.58191751202106,-0.00171175571138801,-0.0017117557113914,0.00374692668573781,-1,-1,1
13001,"Appling","Georgia",0.084758686403267,5.71130461723962,0.0847586864032612,5.71130461723958,"2020-12-28",342,5.44612141845928,0.0737213337940217,5.62300579636566,5.63404314897491,-0.00276069161328879,-0.00276069161328969,-0.00466186420706001,-1,-1,-1
13001,"Appling","Georgia",0.0701897597207914,5.67951189018309,0.0701897597207966,5.67951189018313,"2020-12-29",343,5.48361069373115,0.0659851240274993,5.64587480463675,5.65007944033005,-0.0145689266824756,-0.0145689266824646,-0.0077362097665224,-1,-1,-1
13001,"Appling","Georgia",0.0565823131393409,5.64084207725228,0.0565823131393444,5.64084207725231,"2020-12-30",344,5.52203218323054,0.0550560992421888,5.62863236607506,5.63015857997222,-0.0136074465814505,-0.0136074465814522,-0.0109290247853105,-1,-1,-1
13001,"Appling","Georgia",0.0571165474356388,5.70169826476201,0.0571165474356379,5.701698264762,"2020-12-31",345,5.55406639189681,0.0571417744397084,5.70190008079457,5.70187485379049,0.000534234296297897,0.000534234296293498,0.0020856751975196,1,1,1
13001,"Appling","Georgia",0.0526802324999568,5.72332429271219,0.0526802324999531,5.72332429271216,"2021-01-01",346,5.58671346973347,0.0530311626054952,5.72613173355649,5.72578080345096,-0.004436314935682,-0.0044363149356848,-0.0041106118342132,-1,-1,-1
13001,"Appling","Georgia",0.0384153195710817,5.66188522178114,0.0384153195710795,5.66188522178112,"2021-01-02",347,5.62659283596507,0.038827430814258,5.66518211172655,5.66477000048338,-0.0142649129288751,-0.0142649129288736,-0.0142037317912372,-1,-1,-1
13001,"Appling","Georgia",0.0326011613753969,5.65378727578674,0.0326011613753963,5.65378727578674,"2021-01-03",348,5.66494264133994,0.034514898042462,5.66909716912327,5.66718343245619,-0.0058141581956848,-0.0058141581956832,-0.004312532771796,-1,-1,-1
13001,"Appling","Georgia",0.0205422723003147,5.58991732456148,0.0205422723003155,5.58991732456149,"2021-01-04",349,5.70473440238158,0.0227614360862026,5.60767063484858,5.6054514710627,-0.0120588890750822,-0.0120588890750808,-0.0117534619562594,-1,-1,-1
13001,"Appling","Georgia",0.0374892752718718,5.74603562063425,0.0374892752718718,5.74603562063425,"2021-01-05",350,5.73426549138128,0.0357223250308577,5.73190001870614,5.73366696894715,0.0169470029715571,0.0169470029715563,0.0129608889446551,1,1,1
13001,"Appling","Georgia",0.0384214894993863,5.79098260972624,0.0384214894993873,5.79098260972625,"2021-01-06",351,5.75709753342392,0.0371580511705311,5.7808751030954,5.78213854142426,0.000932214227514501,0.0009322142275155,0.0014357261396734,1,1,1
13001,"Appling","Georgia",0.0320342086662693,5.77830585256069,0.0320342086662695,5.77830585256069,"2021-01-07",352,5.76250051820205,0.0322370244093958,5.77992837850571,5.77972556276258,-0.006387280833117,-0.0063872808331178,-0.0049210267611353,-1,-1,-1
13001,"Appling","Georgia",0.0326470778366655,5.81524301459013,0.0326470778366676,5.81524301459015,"2021-01-08",353,5.76698081243482,0.0344009228451323,5.82927377465787,5.8275199296494,0.000612869170396199,0.0006128691703981,0.0021638984357365,1,1,1
13001,"Appling","Georgia",0.0398793662315959,5.90574839958624,0.039879366231597,5.90574839958625,"2021-01-09",354,5.77099598624308,0.0366770873323205,5.88013016839203,5.88333244729131,0.0072322883949304,0.0072322883949294,0.0022761644871882,1,1,1
13001,"Appling","Georgia",0.0383498053748657,5.933391278964,0.0383498053748665,5.933391278964,"2021-01-10",355,5.76965938546489,0.0368669928333756,5.92152877863207,5.92301159117357,-0.0015295608567302,-0.0015295608567305,0.000189905501055097,-1,-1,1
13001,"Appling","Georgia",0.0397917610416462,5.98327672967311,0.0397917610416441,5.98327672967309,"2021-01-11",356,5.76832099579377,0.0380424412379717,5.96928217124371,5.97103149104738,0.0014419556667805,0.0014419556667776,0.0011754484045961,1,1,1
13001,"Appling","Georgia",0.0295310889996913,5.94098311437912,0.0295310889996934,5.94098311437913,"2021-01-12",357,5.75483764545649,0.0298099903006878,5.94321432478708,5.9429354234861,-0.0102606720419549,-0.0102606720419507,-0.0082324509372839,-1,-1,-1
13001,"Appling","Georgia",0.0228320420426468,5.91692182772245,0.0228320420426451,5.91692182772244,"2021-01-13",358,5.74437587162145,0.0243231483319745,5.92885067803708,5.92735957174774,-0.0066990469570445,-0.0066990469570483,-0.0054868419687133,-1,-1,-1
13001,"Appling","Georgia",0.00540298477813264,5.80032141164898,0.00540298477813295,5.80032141164898,"2021-01-14",359,5.74391851968117,0.00837295884123993,5.82408120415384,5.82111123009073,-0.0174290572645142,-0.0174290572645121,-0.0159501894907346,-1,-1,-1
13001,"Appling","Georgia",0.00448029423276163,5.79834287206415,0.00448029423276353,5.79834287206416,"2021-01-15",360,5.73334127689775,0.00969617294417351,5.84006990175544,5.83485402304403,-0.00092269054537101,-0.00092269054536942,0.00132321410293358,-1,-1,1
13001,"Appling","Georgia",0.00401517380825933,5.79910220290089,0.00401517380825833,5.79910220290088,"2021-01-16",361,5.71984328280639,0.0084967296234006,5.83495464942203,5.83047309360688,-0.000465120424502301,-0.0004651204245052,-0.00119944332077291,-1,-1,-1
13001,"Appling","Georgia",-0.00133660077818283,5.76030318001761,0,5.76965938546489,"2021-01-17",362,5.70995386856074,0.00219216735354976,5.78853332507148,5.78500455693974,-0.00535177458644216,-0.00401517380825833,-0.00630456226985084,-1,-1,-1
13001,"Appling","Georgia",-0.0013383896711183,5.75895226809594,0,5.76832099579377,"2021-01-18",363,5.69805179994721,-0.00019576127942034,5.76809329522953,5.76695066683783,-1.78889293546989e-06,0,-0.0023879286329701,-1,0,-1
13001,"Appling","Georgia",-0.0134833503372838,5.6604541930955,0,5.75483764545649,"2021-01-19",364,5.69757275802189,-0.00839228388025804,5.70118272475171,5.69609165829468,-0.0121449606661655,0,-0.0081965226008377,-1,0,-1
13001,"Appling","Georgia",-0.0104617738350303,5.67114345477624,0,5.74437587162145,"2021-01-20",365,5.68455111272831,-0.00824098106181176,5.688909796962,5.68668900418877,0.0030215765022535,0,0.00015130281844628,1,0,1
13001,"Appling","Georgia",-0.000457351940285491,5.74071705609917,0,5.74391851968117,"2021-01-21",366,5.66444746925752,-0.00198840546052249,5.72846862793727,5.72999968145751,0.0100044218947448,0,0.00625257560128927,1,0,1
13001,"Appling","Georgia",-0.0105772427834276,5.65930057741375,0,5.73334127689775,"2021-01-22",367,5.6534911843605,-0.00665463197657547,5.69068146386857,5.68675885306172,-0.0101198908431421,0,-0.00466622651605298,-1,0,-1
13001,"Appling","Georgia",-0.01349799409136,5.62535732416687,0,5.71984328280639,"2021-01-23",368,5.63121178182137,-0.0103615594152884,5.65044880157544,5.64731236689937,-0.0029207513079324,0,-0.00370692743871293,-1,0,-1
13001,"Appling","Georgia",-0.0098894142456395,5.64072796884127,0,5.70995386856074,"2021-01-24",369,5.59524230608099,-0.00816454467112039,5.65452692543743,5.6528020558629,0.0036085798457205,0,0.00219701474416801,1,0,1
13001,"Appling","Georgia",-0.0119020686135319,5.61473731965249,0,5.69805179994721,"2021-01-25",370,5.55461933633998,-0.0101108797151839,5.62906683083927,5.62727564194092,-0.0020126543678924,0,-0.00194633504406351,-1,0,-1
13001,"Appling","Georgia",-0.00047904192532666,5.6942194645446,0,5.69757275802189,"2021-01-26",371,5.50938833662798,-0.00287136432979475,5.67508088530885,5.67747320771333,0.0114230266882052,0,0.00723951538538915,1,0,1
13001,"Appling","Georgia",-0.0130216452935724,5.59339959567331,0,5.68455111272831,"2021-01-27",372,5.47046833013762,-0.0101372881187792,5.61647445307166,5.61359009589686,-0.0125426033682457,0,-0.00726592378898445,-1,0,-1
13001,"Appling","Georgia",-0.0201036434707926,5.52372196496197,0,5.66444746925752,"2021-01-28",373,5.44056069977458,-0.0153482847948218,5.56176483436974,5.55700947569377,-0.0070819981772202,0,-0.0052109966760426,-1,0,-1
13001,"Appling","Georgia",-0.01095628489702,5.57679719008136,0,5.6534911843605,"2021-01-29",374,5.41673512136251,-0.00980746691695817,5.58598773392185,5.58483891594179,0.0091473585737726,0,0.00554081787786363,1,0,1
13001,"Appling","Georgia",-0.0222794025391317,5.47525596404744,0,5.63121178182137,"2021-01-30",375,5.39622158152941,-0.0187000176653375,5.5038910430378,5.50031165816401,-0.0113231176421117,0,-0.00889255074837933,-1,0,-1
13001,"Appling","Georgia",-0.0359694757403741,5.34345597589838,0,5.59524230608099,"2021-01-31",376,5.38187038936632,-0.0258691635859698,5.42425847313361,5.4141581609792,-0.0136900732012424,0,-0.0071691459206323,-1,0,-1
13001,"Appling","Georgia",-0.0406229697410057,5.27025854815294,0,5.55461933633998,"2021-02-01",377,5.36062124988419,-0.0289350118390127,5.36376221136889,5.35207425346689,-0.0046534940006316,0,-0.0030658482530429,-1,0,-1
13001,"Appling","Georgia",-0.0452309997119951,5.19277133864401,0,5.50938833662798,"2021-02-02",378,5.33753807970132,-0.0337034730765035,5.28499155172795,5.27346402509246,-0.0046080299709894,0,-0.0047684612374908,-1,0,-1
13001,"Appling","Georgia",-0.0389200064903626,5.19802828470508,0,5.47046833013762,"2021-02-03",379,5.32718244694421,-0.0319230962768169,5.25400356641345,5.2470066561999,0.0063109932216325,0,0.0017803767996866,1,0,1
13001,"Appling","Georgia",-0.0299076303630294,5.23120728723338,0,5.44056069977458,"2021-02-04",380,5.31951957419864,-0.028707278783477,5.2408100998698,5.23960974829024,0.0090123761273332,0,0.0032158174933399,1,0,1
13001,"Appling","Georgia",-0.0238255784120742,5.24995607247799,0,5.41673512136251,"2021-02-05",381,5.30472536284337,-0.0232548613428811,5.25452180903153,5.25395109196234,0.0060820519509552,0,0.0054524174405959,1,0,1
13001,"Appling","Georgia",-0.0205135398331031,5.25262680269769,0,5.39622158152941,"2021-02-06",382,5.2853768552723,-0.0214195626566266,5.2453786201095,5.24628464293302,0.0033120385789711,0,0.0018352986862545,1,0,1
13001,"Appling","Georgia",-0.0143511921630908,5.28141204422468,0,5.38187038936632,"2021-02-07",383,5.27006485359615,-0.0165016341421816,5.26420850839196,5.26635895037105,0.0061623476700123,0,0.004917928514445,1,0,1
13001,"Appling","Georgia",-0.0212491394821203,5.21187727350935,0,5.36062124988419,"2021-02-08",384,5.25451474388964,-0.0216357169415375,5.20878465383402,5.20917123129343,-0.0068979473190295,0,-0.0051340827993559,-1,0,-1
13001,"Appling","Georgia",-0.0230831701828709,5.17595588842122,0,5.33753807970132,"2021-02-09",385,5.25152520504128,-0.0223144803070573,5.18210540742773,5.18133671755192,-0.0018340307007506,0,-0.000678763365519801,-1,0,-1
13001,"Appling","Georgia",-0.010355632757111,5.25469301764443,0,5.32718244694421,"2021-02-10",386,5.25749537202778,-0.0143266323680355,5.22292502075704,5.22689602036796,0.0127275374257599,0,0.0079878479390218,1,0,1
13001,"Appling","Georgia",-0.00766287274556921,5.26587946497965,0,5.31951957419864,"2021-02-11",387,5.25302109163286,-0.0131811003222673,5.22173364436607,5.22725187194277,0.00269276001154179,0,0.0011455320457682,1,0,1
13001,"Appling","Georgia",-0.0147942113552739,5.20116588335645,0,5.30472536284337,"2021-02-12",388,5.2447658852769,-0.0180042453269864,5.17548561158275,5.17869564555447,-0.00713133860970469,0,-0.0048231450047191,-1,0,-1
13001,"Appling","Georgia",-0.0193485075710659,5.14993730227484,0,5.2853768552723,"2021-02-13",389,5.24702407216049,-0.0207861723310865,5.13843598419468,5.1398736489547,-0.004554296215792,0,-0.0027819270041001,-1,0,-1
13001,"Appling","Georgia",-0.0153120016761522,5.16288084186309,0,5.27006485359615,"2021-02-14",390,5.25152520504128,-0.0177554808540543,5.14333300843987,5.14577648761777,0.0040365058949137,0,0.0030306914770322,1,0,1
13001,"Appling","Georgia",-0.0155501097065063,5.1456639759441,0,5.25451474388964,"2021-02-15",391,5.26638431944503,-0.0181663733083929,5.12473386712901,5.12735013073089,-0.0002381080303541,0,-0.000410892454338601,-1,0,-1
13001,"Appling","Georgia",-0.00298953884836161,5.23059843310275,0,5.25152520504128,"2021-02-16",392,5.2722666893481,-0.0113387601276849,5.16380466286816,5.17215388414749,0.0125605708581447,0,0.006827613180708,1,0,1
13001,"Appling","Georgia",0.00597016698650263,5.2992865409333,0.00597016698650332,5.2992865409333,"2021-02-17",393,5.25972502735505,0.00146592938822957,5.26325264014712,5.26775687774539,0.00895970583486424,0.00597016698650332,0.0128046895159145,1,1,1
13001,"Appling","Georgia",-0.00447428039492182,5.22170112886841,0,5.25302109163286,"2021-02-18",394,5.24551918098107,-0.00966517110224911,5.18017400320979,5.18536489391712,-0.0104444473814245,-0.00597016698650332,-0.0111311004904787,-1,-1,-1
13001,"Appling","Georgia",-0.00825520635596297,5.18697944078516,0,5.2447658852769,"2021-02-19",395,5.23492104998924,-0.0127543840206978,5.15098601946728,5.15548519713202,-0.00378092596104115,0,-0.00308921291844869,-1,0,-1
13001,"Appling","Georgia",0.00225818688358818,5.2628313803456,0.00225818688358981,5.26283138034561,"2021-02-20",396,5.21493575760899,-0.00196791199056906,5.22902258935235,5.23324868822651,0.0105133932395512,0.00225818688358981,0.0107864720301287,1,1,1
13001,"Appling","Georgia",0.00450113288079296,5.28303313520683,0.00450113288079201,5.28303313520682,"2021-02-21",397,5.18498868124104,0.00223469798070032,5.26490165600609,5.26716809090618,0.00224294599720478,0.0022429459972022,0.00420260997126938,1,1,1
13001,"Appling","Georgia",0.0148591144037488,5.37039812027127,0.0148591144037509,5.37039812027129,"2021-02-22",398,5.14666356691937,0.00714154004719974,5.30865752541888,5.31637509977543,0.0103579815229558,0.0103579815229589,0.00490684206649942,1,1,1
13001,"Appling","Georgia",0.00588236990306646,5.31344327866956,0.00588236990306612,5.31344327866956,"2021-02-23",399,5.11542421785513,0.00264623032795354,5.28755416206866,5.29079030164377,-0.00897674450068234,-0.00897674450068478,-0.0044953097192462,-1,-1,-1
13001,"Appling","Georgia",-0.0125416619930494,5.1719333934037,0,5.25972502735505,"2021-02-24",400,5.0955015147395,-0.0148431026059439,5.15352186850055,5.15582330911344,-0.0184240318961159,-0.00588236990306612,-0.0174893329338974,-1,-1,-1
13001,"Appling","Georgia",-0.0142058463739833,5.14607825636318,0,5.24551918098107,"2021-02-25",401,5.09023834469522,-0.0157461450316269,5.13375586710204,5.13529616575968,-0.0016641843809339,0,-0.000903042425682999,-1,0,-1
13001,"Appling","Georgia",-0.0105981309918225,5.16073413304649,0,5.23492104998924,"2021-02-26",402,5.07338650465973,-0.0161424289568156,5.11637974932655,5.12192404729153,0.0036077153821608,0,-0.000396283925188701,1,0,-1
13001,"Appling","Georgia",-0.0199852923802552,5.0750387109472,0,5.21493575760899,"2021-02-27",403,5.05351231845265,-0.0230984460315533,5.05013348173681,5.05324663538812,-0.0093871613884327,0,-0.0069560170747377,-1,0,-1
13001,"Appling","Georgia",-0.0299470763679466,4.97535914666541,0,5.18498868124104,"2021-02-28",404,5.04526673806589,-0.0295286595151219,4.97870648148802,4.97828806463519,-0.0099617839876914,0,-0.0064302134835686,-1,0,-1
13001,"Appling","Georgia",-0.0383251143216645,4.87838776666772,0,5.14666356691937,"2021-03-01",405,5.04526673806589,-0.0386469441961332,4.87581312767197,4.87613495754644,-0.0083780379537179,0,-0.0091182846810113,-1,0,-1
13001,"Appling","Georgia",-0.0312393490642425,4.89674877440543,0,5.11542421785513,"2021-03-02",406,5.04250303294428,-0.0302884843061019,4.90435569247055,4.90340482771242,0.007085765257422,0,0.0083584598900313,1,0,1
13001,"Appling","Georgia",-0.0199227031156331,4.95604259293006,0,5.0955015147395,"2021-03-03",407,5.014437580046,-0.0226850863121353,4.93394352735805,4.93670591055455,0.0113166459486094,0,0.0076033979939666,1,0,1
13001,"Appling","Georgia",-0.00526317004427329,5.05339615438531,0,5.09023834469522,"2021-03-04",408,4.95582705760126,-0.0134736078250214,4.98771265213933,4.99592308992007,0.0146595330713598,0,0.0092114784871139,1,0,1
13001,"Appling","Georgia",-0.0168518400354889,4.95542362441131,0,5.07338650465973,"2021-03-05",409,4.89996972620873,-0.0197372045616376,4.93234070820212,4.93522607272827,-0.0115886699912156,0,-0.0062635967366162,-1,0,-1
13001,"Appling","Georgia",-0.0198741862070863,4.91439301500305,0,5.05351231845265,"2021-03-06",410,4.8497956261182,-0.0206375200169307,4.90828634452429,4.90904967833414,-0.0030223461715974,0,-0.000900315455293101,-1,0,-1
13001,"Appling","Georgia",-0.00824558038675558,4.98754767535861,0,5.04526673806589,"2021-03-07",411,4.77671964580014,-0.0131104044690817,4.9486290827,4.95349390678232,0.0116286058203307,0,0.007527115547849,1,0,1
13001,"Appling","Georgia",1.25607396694691e-15,5.0452667380659,0,5.04526673806589,"2021-03-08",412,4.70048036579242,0.00262345454507997,5.06625437442653,5.06363091988145,0.00824558038675684,0,0.0157338590141617,1,0,1
13001,"Appling","Georgia",-0.00276370512161676,5.02315709709296,0,5.04250303294428,"2021-03-09",413,4.62076228074793,-0.00985205478768316,4.96645029976442,4.9735386494305,-0.00276370512161802,0,-0.0124755093327631,-1,0,-1
13001,"Appling","Georgia",-0.0280654528982859,4.817979409758,0,5.014437580046,"2021-03-10",414,4.55237200042112,-0.0263159748218336,4.83197523436961,4.83022575629316,-0.0253017477766691,0,-0.0164639200341504,-1,0,-1
13001,"Appling","Georgia",-0.0586105224447297,4.54555340048815,0,4.95582705760126,"2021-03-11",415,4.50928841428481,-0.0521193030431235,4.59748315570101,4.5909919362994,-0.0305450695464438,0,-0.0258033282212899,-1,0,-1
13001,"Appling","Georgia",-0.0558573313925252,4.50896840646106,0,4.89996972620873,"2021-03-12",416,4.46590811865458,-0.0527768733723621,4.53361207062236,4.5305316126022,0.0027531910522045,0,-0.000657570329238605,1,0,-1
13001,"Appling","Georgia",-0.0501741000905346,4.49857692548446,0,4.8497956261182,"2021-03-13",417,4.42056029867612,-0.0471952309792805,4.52240787837449,4.51942900926324,0.0056832313019906,0,0.0055816423930816,1,0,1
13001,"Appling","Georgia",-0.0730759803180526,4.26518778357377,0,4.77671964580014,"2021-03-14",418,4.39972621177328,-0.0618786690921274,4.35476627338118,4.34356896215525,-0.022901880227518,0,-0.0146834381128469,-1,0,-1
13001,"Appling","Georgia",-0.076239280007713,4.16680540573843,0,4.70048036579242,"2021-03-15",419,4.38202663467388,-0.0625683655208057,4.27617272163369,4.26250180714678,-0.00316329968966041,0,-0.000689696428678305,-1,0,-1
13001,"Appling","Georgia",-0.079718085044497,4.06273568543645,0,4.62076228074793,"2021-03-16",420,4.35853865336667,-0.0674055376755734,4.16123606438783,4.14892351701892,-0.00347880503678399,0,-0.0048371721547677,-1,0,-1
13001,"Appling","Georgia",-0.0683902803268163,4.07364003813341,0,4.55237200042112,"2021-03-17",421,4.33822401201549,-0.0603019196712746,4.13834692337773,4.1302585627222,0.0113278047176807,0,0.0071036180042988,1,0,1
13001,"Appling","Georgia",-0.043083586136306,4.20770331133067,0,4.50928841428481,"2021-03-18",422,4.25459902498738,-0.0418684001744714,4.21742479902535,4.21620961306351,0.0253066941905103,0,0.0184335194968032,1,0,1
13001,"Appling","Georgia",-0.0433802956302302,4.16224604924297,0,4.46590811865458,"2021-03-19",423,4.13858926401986,-0.0437694982523672,4.15913242826587,4.15952163088801,-0.000296709493924199,0,-0.0019010980778958,-1,0,-1
13001,"Appling","Georgia",-0.0453478199784559,4.10312555882693,0,4.42056029867612,"2021-03-20",424,4.02789946281395,-0.0439721947664901,4.11413056052266,4.11275493531069,-0.0019675243482257,0,-0.000202696514122899,-1,0,-1
13001,"Appling","Georgia",-0.0208340869028394,4.25388760345341,0,4.39972621177328,"2021-03-21",425,3.90916177314711,-0.0231956463541677,4.23499512784278,4.23735668729411,0.0245137330756165,0,0.0207765484123224,1,0,1
13001,"Appling","Georgia",-0.0176995770994031,4.25812959497806,0,4.38202663467388,"2021-03-22",426,3.77767495289707,-0.0207486008196849,4.2337374052158,4.23678642893609,0.0031345098034363,0,0.0024470455344828,1,0,1
13001,"Appling","Georgia",-0.0234879813072079,4.19412278421621,0,4.35853865336667,"2021-03-23",427,3.59535339610311,-0.0239498139308631,4.19042812322698,4.19088995585063,-0.0057884042078048,0,-0.0032012131111782,-1,0,-1
13001,"Appling","Georgia",-0.0203146413511789,4.19602152255724,0,4.33822401201549,"2021-03-24",428,3.391627930646,-0.0230760321312579,4.17393039631661,4.17669178709668,0.003173339956029,0,0.000873781799605199,1,0,1
13001,"Appling","Georgia",-0.0836249870281128,3.66922411579059,0,4.25459902498738,"2021-03-25",429,3.34235688163922,-0.0722591419208257,3.76015087664888,3.7487850315416,-0.0633103456769339,0,-0.0491831097895678,-1,0,-1
13001,"Appling","Georgia",-0.116009760967508,3.3265209372473,0,4.13858926401986,"2021-03-26",430,3.36235754834589,-0.0871656702149723,3.5572736632676,3.52842957251505,-0.0323847739393952,0,-0.0149065282941466,-1,0,-1
13001,"Appling","Georgia",-0.110689801205921,3.2530708543725,0,4.02789946281395,"2021-03-27",431,3.38196601973427,-0.092651232746646,3.39737940204669,3.37934083358743,0.00531995976158699,0,-0.00548556253167369,1,0,-1
13001,"Appling","Georgia",-0.118737689666821,3.07799794547937,0,3.90916177314711,"2021-03-28",432,3.42006586596654,-0.0891311152623264,3.31485054071534,3.28524396631083,-0.00804788846089999,0,0.0035201174843196,-1,0,1
13001,"Appling","Georgia",-0.131486820250057,2.85726721114667,0,3.77767495289707,"2021-03-29",433,3.45225255246244,-0.103566458722264,3.080630103369,3.05270974184122,-0.012749130583236,0,-0.0144353434599376,-1,0,-1
13001,"Appling","Georgia",-0.182321556793939,2.31910249854554,0,3.59535339610311,"2021-03-30",434,3.50941096630239,-0.120876012399161,2.81066685370378,2.74922130930898,-0.050834736543882,0,-0.017309553676897,-1,0,-1
13001,"Appling","Georgia",-0.203725465457122,1.96554967244615,0,3.391627930646,"2021-03-31",435,3.5179216559703,-0.125879731801691,2.58831554168958,2.51046980803416,-0.021403908663183,0,-0.00500371940253001,-1,0,-1
13001,"Appling","Georgia",-0.0492710490067816,2.99745953859175,0,3.34235688163922,"2021-04-01",436,3.51367536508885,-0.0502809419881062,2.98938039474115,2.99039028772248,0.15445441645034,0,0.0755987898135848,1,0,1
13001,"Appling","Georgia",0.0200006667066719,3.5023622152926,0.0200006667066708,3.50236221529259,"2021-04-02",437,3.49216915986788,0.0176565660898316,3.48360941035787,3.48595351097471,0.0692717157134535,0.0200006667066708,0.0679375080779378,1,1,1
13001,"Appling","Georgia",0.0196084713883737,3.51922531945288,0.019608471388374,3.51922531945288,"2021-04-03",438,3.48343547989913,0.0202703388549605,3.52452025918557,3.52385839171899,-0.000392195318298198,-0.0003921953182968,0.0026137727651289,-1,-1,1
13001,"Appling","Georgia",0.0380998462322682,3.68676478959242,0.0380998462322721,3.68676478959244,"2021-04-04",439,3.45676723281697,0.0339404281509331,3.65348944494173,3.65764886302307,0.0184913748438945,0.0184913748438981,0.0136700892959726,1,1,1
13001,"Appling","Georgia",0.0321866864959012,3.67755935793375,0.0321866864959013,3.67755935793375,"2021-04-05",440,3.43398720448515,0.0270029041280088,3.63608909899061,3.6412728813585,-0.005913159736367,-0.0059131597363708,-0.0069375240229243,-1,-1,-1
13001,"Appling","Georgia",0.0571584138399507,3.90951986318204,0.057158413839947,3.90951986318202,"2021-04-06",441,3.40594798442075,0.0527886788929804,3.87456198360628,3.87893171855325,0.0249717273440495,0.0249717273440457,0.0257857747649716,1,1,1
13001,"Appling","Georgia",0.00851068966790836,3.57749648364565,0.0085106896679088,3.57749648364566,"2021-04-07",442,3.36729582998647,0.00936148924736994,3.58430288028135,3.58345208070189,-0.0486477241720423,-0.0486477241720382,-0.0434271896456105,-1,-1,-1
13001,"Appling","Georgia",-0.00424629088144867,3.48395132891871,0,3.51367536508885,"2021-04-08",443,3.30111392310517,-0.00935284285944683,3.44309891309473,3.44820546507272,-0.012756980549357,-0.0085106896679088,-0.0187143321068168,-1,-1,-1
13001,"Appling","Georgia",-0.0215062052209632,3.34162572332114,0,3.49216915986788,"2021-04-09",444,3.31158522297247,-0.0229974459173585,3.32969579774998,3.33118703844637,-0.0172599143395145,0,-0.0136446030579117,-1,0,-1
13001,"Appling","Georgia",-0.00873367996875362,3.42229972011785,0,3.48343547989913,"2021-04-10",445,3.32708940950844,-0.0120267483727149,3.39595517288616,3.39924824129013,0.0127725252522096,0,0.0109706975446436,1,0,1
13001,"Appling","Georgia",-0.0266682470821614,3.27008950324184,0,3.45676723281697,"2021-04-11",446,3.34739467566918,-0.0275825515026111,3.26277506787824,3.26368937229869,-0.0179345671134078,0,-0.0155558031298962,-1,0,-1
13001,"Appling","Georgia",-0.0227800283318212,3.2745270061624,0,3.43398720448515,"2021-04-12",447,3.3722098447889,-0.0231963215104596,3.27119666073329,3.27161295391193,0.0038882187503402,0,0.0043862299921515,1,0,1
13001,"Appling","Georgia",-0.0280392200643968,3.20967344396997,0,3.40594798442075,"2021-04-13",448,3.42006586596654,-0.0278329380263995,3.21132370027395,3.21111741823595,-0.0052591917325756,0,-0.0046366165159399,-1,0,-1
13001,"Appling","Georgia",-0.0386521544342735,3.09673074894656,0,3.36729582998647,"2021-04-14",449,3.50512830451039,-0.0356869975336223,3.12045200415177,3.11748684725111,-0.0106129343698767,0,-0.0078540595072228,-1,0,-1
13001,"Appling","Georgia",-0.0661819068813125,2.83784057493598,0,3.30111392310517,"2021-04-15",450,3.5715427474094,-0.0534314765505696,2.93984401758191,2.92709358725118,-0.027529752447039,0,-0.0177444790169473,-1,0,-1
13001,"Appling","Georgia",0.010471299867295,3.38488432204353,0.0104712998672958,3.38488432204354,"2021-04-16",451,3.5715427474094,0.0101732436190855,3.38249987205785,3.38279792830607,0.0766532067486075,0.0104712998672958,0.0636047201696551,1,1,1
13001,"Appling","Georgia",0.0155041865359669,3.4356187152602,0.015504186535968,3.43561871526021,"2021-04-17",452,3.55534806148941,0.0167049929378442,3.44522516647522,3.44402436007335,0.0050328866686719,0.0050328866686722,0.0065317493187587,1,1,1
13001,"Appling","Georgia",0.0203052661607416,3.48953153879437,0.0203052661607428,3.48953153879438,"2021-04-18",453,3.54715129428523,0.0206914167437805,3.49262074345868,3.49223459287564,0.0048010796247747,0.0048010796247748,0.0039864238059363,1,1,1
13001,"Appling","Georgia",0.0248151691197245,3.54591602862697,0.0248151691197238,3.54591602862697,"2021-04-19",454,3.52214999207982,0.0255683121356378,3.55194117275428,3.55118802973836,0.0045099029589829,0.004509902958981,0.0048768953918573,1,1,1
13001,"Appling","Georgia",0.0478560211776338,3.75505801420998,0.0478560211776373,3.75505801421,"2021-04-20",455,3.49216915986788,0.0390560388572874,3.6846581556472,3.69345813796755,0.0230408520579093,0.0230408520579135,0.0134877267216496,1,1,1
13001,"Appling","Georgia",0.0850624385438343,4.10056537431723,0.0850624385438485,4.10056537431733,"2021-04-21",456,3.44316158076119,0.051749453139704,3.83406149108417,3.86737447648832,0.0372064173662005,0.0372064173662112,0.0126934142824166,1,1,1
13001,"Appling","Georgia",0.0664144428990118,4.03644384770248,0.0664144428990077,4.03644384770245,"2021-04-22",457,3.42472787907235,0.052952858353758,3.92875117134045,3.94221275588571,-0.0186479956448225,-0.0186479956448408,0.001203405214054,-1,-1,1
13001,"Appling","Georgia",6.28036983473404e-16,3.5715427474094,0,3.5715427474094,"2021-04-23",458,3.42006586596654,0.006891708598207,3.62667641619506,3.61978470759685,-0.0664144428990112,-0.0664144428990077,-0.046061149755551,-1,-1,-1
13001,"Appling","Georgia",-0.0161946859199808,3.44198526004955,0,3.55534806148941,"2021-04-24",459,3.43398720448515,-0.0171902368108642,3.43402085292249,3.43501640381336,-0.0161946859199814,0,-0.0240819454090712,-1,0,-1
13001,"Appling","Georgia",-0.00819676720418078,3.48977392385597,0,3.54715129428523,"2021-04-25",460,3.43858491373377,-0.0135183141392694,3.44720154837525,3.45252309531034,0.00799791871580002,0,0.0036719226715948,1,0,1
13001,"Appling","Georgia",-0.0250013022054153,3.34714087664191,0,3.52214999207982,"2021-04-26",461,3.47019025314911,-0.0236977828685544,3.35756903133679,3.35626551199994,-0.0168045350012345,0,-0.010179468729285,-1,0,-1
13001,"Appling","Georgia",-0.0299808322119325,3.28230333438436,0,3.49216915986788,"2021-04-27",462,3.47903986842609,-0.0288289814611574,3.29151814039056,3.29036628963978,-0.0049795300065172,0,-0.005131198592603,-1,0,-1
13001,"Appling","Georgia",-0.0490075791066987,3.1001085270143,0,3.44316158076119,"2021-04-28",463,3.48781185449893,-0.0411313683904813,3.16311821274403,3.15524200202782,-0.0190267468947662,0,-0.0123023869293239,-1,0,-1
13001,"Appling","Georgia",-0.0184337016888408,3.29569196725046,0,3.42472787907235,"2021-04-29",464,3.5179216559703,-0.0197120173047836,3.28546544232292,3.28674375793886,0.0305738774178579,0,0.0214193510856977,1,0,1
13001,"Appling","Georgia",-0.00466201310580829,3.38743177422588,0,3.42006586596654,"2021-04-30",465,3.55534806148941,-0.0104594889128369,3.34105196776965,3.34684944357668,0.0137716885830325,0,0.0092525283919467,1,0,1
13001,"Appling","Georgia",0.013921338518607,3.5314365741154,0.0139213385186072,3.5314365741154,"2021-05-01",466,3.58747933967221,0.0155176786051769,3.54420729480796,3.54261095472139,0.0185833516244153,0.0139213385186072,0.0259771675180138,1,1,1
13001,"Appling","Georgia",0.00459770924862749,3.47076887847417,0.00459770924862823,3.47076887847417,"2021-05-02",467,3.60704943586631,0.00907208941994142,3.50656391984468,3.50208953967336,-0.00932362926997951,-0.00932362926997897,-0.00644558918523548,-1,-1,-1
13001,"Appling","Georgia",0.0316053394153271,3.6914276290564,0.0316053394153313,3.69142762905642,"2021-05-03",468,3.62243435470578,0.0296504107270371,3.67578819955007,3.67774312823837,0.0270076301666996,0.0270076301667031,0.0205783213070957,1,1,1
13001,"Appling","Georgia",0.00884961527698313,3.54098717536497,0.0088496152769828,3.54098717536497,"2021-05-04",469,3.63758615972639,0.0128802920769453,3.57323258976467,3.56920191296471,-0.022755724138344,-0.0227557241383485,-0.0167701186500918,-1,-1,-1
13001,"Appling","Georgia",0.00877198607283783,3.54921575700879,0.00877198607283747,3.54921575700879,"2021-05-05",470,3.63381967693091,0.0115611601713894,3.57152914979721,3.56873997569866,-7.76292041453006e-05,-7.762920414533e-05,-0.0013191319055559,-1,-1,-1
13001,"Appling","Georgia",0.0301098014713686,3.72869026626988,0.0301098014713701,3.72869026626989,"2021-05-06",471,3.60704943586631,0.0298330317650933,3.72647610861968,3.72675287832595,0.0213378153985308,0.0213378153985326,0.0182718715937039,1,1,1
13001,"Appling","Georgia",0.037426405519115,3.81733290012322,0.0374264055191174,3.81733290012324,"2021-05-07",472,3.60316593583991,0.0353623305695805,3.80082030052694,3.80288437547647,0.0073166040477464,0.0073166040477473,0.0055292988044872,1,1,1
13001,"Appling","Georgia",0.032131278182794,3.81239828695176,0.0321312781827925,3.81239828695175,"2021-05-08",473,3.58747933967221,0.0323647067353867,3.8142657153725,3.81403228681992,-0.005295127336321,-0.0052951273363249,-0.0029976238341938,-1,-1,-1
13001,"Appling","Georgia",0.0195700961941003,3.74404010922501,0.0195700961940992,3.744040109225,"2021-05-09",474,3.57954279007647,0.0216307428218565,3.76052528224706,3.75846463561931,-0.0125611819886937,-0.0125611819886933,-0.0107339639135302,-1,-1,-1
13001,"Appling","Georgia",0.0153849188394774,3.73012878658212,0.0153849188394775,3.73012878658212,"2021-05-10",475,3.55942138687705,0.0172696065883319,3.74520628857297,3.7433216008241,-0.0041851773546229,-0.0041851773546217,-0.0043611362335246,-1,-1,-1
13001,"Appling","Georgia",0.0151518050206035,3.74364879487061,0.015151805020603,3.74364879487061,"2021-05-11",476,3.54302757710137,0.0162766523863274,3.7526475737964,3.75152272643068,-0.000233113818873899,-0.000233113818874501,-0.000992954202004501,-1,-1,-1
13001,"Appling","Georgia",-0.00376648279547443,3.60745429736259,0,3.63381967693091,"2021-05-12",477,3.5305534028762,-0.00786643210902465,3.57465470285419,3.57875465216774,-0.0189182878160779,-0.015151805020603,-0.024143084495352,-1,-1,-1
13001,"Appling","Georgia",-0.0267702410646068,3.41965774841406,0,3.60704943586631,"2021-05-13",478,3.5305534028762,-0.0263966086877224,3.42264680742913,3.42227317505225,-0.0230037582691324,0,-0.0185301765786977,-1,0,-1
13001,"Appling","Georgia",-0.00388350002639827,3.57598143565512,0,3.60316593583991,"2021-05-14",479,3.48781185449893,-0.00848215969098535,3.53919215833843,3.54379081800301,0.0228867410382085,0,0.017914448996737,1,0,1
13001,"Appling","Georgia",-0.0156865961677002,3.4776731664983,0,3.58747933967221,"2021-05-15",480,3.42936825862885,-0.0174406225645477,3.46364095532353,3.46539498172038,-0.0118030961413019,0,-0.00895846287356235,-1,0,-1
13001,"Appling","Georgia",-0.00793654959573562,3.52398694290632,0,3.57954279007647,"2021-05-16",481,3.35739475900376,-0.0114627758573995,3.49577713281301,3.49930335907467,0.00775004657196458,0,0.0059778467071482,1,0,1
13001,"Appling","Georgia",-0.0201214031994237,3.41857156448108,0,3.55942138687705,"2021-05-17",482,3.29583686600433,-0.0211376936124724,3.41044124117669,3.41145753158974,-0.0121848536036881,0,-0.0096749177550729,-1,0,-1
13001,"Appling","Georgia",-0.0163938097756762,3.42827090867164,0,3.54302757710137,"2021-05-18",483,3.19575340744735,-0.0174361964826903,3.41993181501553,3.42097420172254,0.0037275934237475,0,0.0037014971297821,1,0,1
13001,"Appling","Georgia",-0.0124741742251783,3.44323418329995,0,3.5305534028762,"2021-05-19",484,3.10394585819422,-0.0140197817204268,3.43086932333796,3.43241493083321,0.0039196355504979,0,0.0034164147622635,1,0,1
13001,"Appling","Georgia",0.113835142648819,3.91353088251339,0.113835142648802,3.91353088251327,"2021-07-10",536,3.42472787907235,0.0742413803474897,3.59678078410277,3.63637454640408,0.126309316873997,0.113835142648802,0.0882611620679165,1,1,1
13001,"Appling","Georgia",0.102190940896546,3.93421241114402,0.102190940896546,3.93421241114402,"2021-07-11",537,3.38680864421006,0.0750559645884904,3.71713260067957,3.74426757698763,-0.011644201752273,-0.011644201752256,0.000814584241000699,-1,-1,1
13001,"Appling","Georgia",0.0927093981042514,3.96055100970223,0.0927093981042666,3.96055100970233,"2021-07-12",538,3.36235754834589,0.0703737655408787,3.78186594919523,3.80420158175862,-0.0094815427922946,-0.0094815427922794,-0.0046821990476117,-1,-1,-1
13001,"Appling","Georgia",0.0943627614482845,4.06648731455874,0.0943627614482847,4.06648731455874,"2021-07-13",539,3.34235688163922,0.0692454564407037,3.8655488744981,3.89066617950568,0.0016533633440331,0.00165336334401811,-0.00112830910017499,1,1,-1
13001,"Appling","Georgia",0.0730918840053254,3.99068305646337,0.0730918840053367,3.99068305646345,"2021-07-14",540,3.36235754834589,0.0657209601428441,3.9317156655635,3.939086589426,-0.0212708774429591,-0.021270877442948,-0.0035244962978596,-1,-1,-1
13001,"Appling","Georgia",0.00439561147303888,3.5142047602104,0.00439561147303991,3.51420476021041,"2021-07-15",541,3.36729582998647,0.0118397519638581,3.57375788413696,3.56631374364614,-0.0686962725322865,-0.0686962725322968,-0.053881208178986,-1,-1,-1
13001,"Appling","Georgia",-0.0266682470821663,3.2700895032418,0,3.45676723281697,"2021-07-16",542,3.40594798442075,-0.0232901374637355,3.29711438018925,3.29373627057082,-0.0310638585552052,-0.00439561147303991,-0.0351298894275936,-1,-1,-1
13001,"Appling","Georgia",-0.0320393537446165,3.20045240286003,0,3.42472787907235,"2021-07-17",543,3.44771739729705,-0.0246517736175332,3.2595530438767,3.25216546374962,-0.0053711066624502,0,-0.0013616361537977,-1,0,-1
13001,"Appling","Georgia",-0.0379192348622919,3.12137400017401,0,3.38680864421006,"2021-07-18",544,3.43858491373377,-0.0288835684515239,3.19365933146016,3.18462366504939,-0.0058798811176754,0,-0.0042317948339907,-1,0,-1
13001,"Appling","Georgia",-0.0244510958641629,3.19119987729675,0,3.36235754834589,"2021-07-19",545,3.42936825862885,-0.0165816898646656,3.25415512529273,3.24628571929323,0.013468138998129,0,0.0123018785868583,1,0,1
13001,"Appling","Georgia",-0.0200006667066687,3.20235221469254,0,3.34235688163922,"2021-07-20",546,3.4106761256167,-0.0158269197097487,3.2357421906679,3.23156844367098,0.0044504291574942,0,0.000754770154916901,1,0,1
13001,"Appling","Georgia",0.0200006667066687,3.50236221529257,0.0200006667066708,3.50236221529259,"2021-07-21",547,3.42006586596654,0.0267132599150896,3.55606296095994,3.54935036775152,0.0400013334133374,0.0200006667066708,0.0425401796248383,1,1,1
13001,"Appling","Georgia",0.00493828164058006,3.40186380147053,0.00493828164058119,3.40186380147054,"2021-07-22",548,3.42936825862885,0.0170265500506017,3.4985699487507,3.48648168034068,-0.0150623850660886,-0.0150623850660896,-0.0096867098644879,-1,-1,-1
13001,"Appling","Georgia",0.038652154434271,3.67651306546065,0.0386521544342777,3.6765130654607,"2021-07-23",549,3.45225255246244,0.0445679410606083,3.72383935847134,3.71792357184501,0.0337138727936909,0.0337138727936965,0.0275413910100066,1,1,1
13001,"Appling","Georgia",0.0417694128762889,3.74010328743107,0.0417694128762953,3.74010328743111,"2021-07-24",550,3.47462485021697,0.0469248597691479,3.78134686257393,3.77619141568108,0.0031172584420179,0.0031172584420176,0.00235691870853959,1,1,1
13001,"Appling","Georgia",-0.00913248356326988,3.37465752879089,0,3.43858491373377,"2021-07-25",551,3.54715129428523,-0.00682353376757652,3.39312912715644,3.39082017736073,-0.0509018964395588,-0.0417694128762953,-0.0537483935367244,-1,-1,-1
13001,"Appling","Georgia",-0.00921665510491971,3.36485167289442,0,3.42936825862885,"2021-07-26",552,3.65251180994306,0.00422646160346291,3.47239660656147,3.45895348985309,-8.41715416498301e-05,0,0.0110499953710394,-1,0,1
13001,"Appling","Georgia",-0.0186921330121523,3.27983119453163,0,3.4106761256167,"2021-07-27",553,3.78743112784243,-0.0075498564223833,3.36896940724978,3.35782713066002,-0.00947547790723259,0,-0.0117763180258462,-1,0,-1
13001,"Appling","Georgia",0.00938974034983968,3.48579404841542,0.0093897403498393,3.48579404841541,"2021-07-28",554,3.90052862600241,0.0235034781274351,3.59870395063618,3.58459021285859,0.028081873361992,0.0093897403498393,0.0310533345498184,1,1,1
13001,"Appling","Georgia",0.00930239266231441,3.49448500726505,0.00930239266231414,3.49448500726505,"2021-07-29",555,4.03802613163188,0.0189495113753991,3.57166195696973,3.56201483825664,-8.73476875252709e-05,-8.73476875251598e-05,-0.004553966752036,-1,-1,-1
13001,"Appling","Georgia",0.0228842938335864,3.61244260929755,0.0228842938335871,3.61244260929755,"2021-07-30",556,4.16777203077692,0.0332188269834752,3.69511887449665,3.68478434134677,0.013581901171272,0.013581901171273,0.0142693156080761,1,1,1
13001,"Appling","Georgia",0.022372297754535,3.63123093449872,0.0223722977545324,3.6312309344987,"2021-07-31",557,4.28260085453587,0.029675945924002,3.68966011985446,3.68235647168498,-0.000511996079051402,-0.000511996079054697,-0.0035428810594732,-1,-1,-1
13001,"Appling","Georgia",0.0725264440682616,4.05483640276307,0.072526444068262,4.05483640276307,"2021-08-01",558,4.38559170083838,0.0743980011856778,4.06980885970239,4.06793730258497,0.0501541463137266,0.0501541463137296,0.0447220552616758,1,1,1
13001,"Appling","Georgia",0.105360515657843,4.39003541954796,0.105360515657827,4.39003541954785,"2021-08-02",559,4.48057830840238,0.0986719568489324,4.33652694907669,4.34321550788559,0.0328340715895814,0.032834071589565,0.0242739556632546,1,1,1
13001,"Appling","Georgia",0.134919317899368,4.73186635313801,0.134919317899369,4.73186635313801,"2021-08-03",560,4.56583518058941,0.121207821800356,4.62217438434591,4.63588588044492,0.029558802241525,0.029558802241542,0.0225358649514236,1,1,1
13001,"Appling","Georgia",0.113097498159961,4.69221111312214,0.113097498159979,4.69221111312227,"2021-08-04",561,4.64713438508712,0.108427775250006,4.65485332984248,4.65952305275245,-0.021821819739407,-0.02182181973939,-0.01278004655035,-1,-1,-1
13001,"Appling","Georgia",0.137497505629466,5.00050867103814,0.137497505629467,5.00050867103815,"2021-08-05",562,4.70824237112791,0.126505559724771,4.91257310380058,4.92356504970528,0.024400007469505,0.024400007469488,0.018077784474765,1,1,1
13001,"Appling","Georgia",0.129745899145039,5.07599332479219,0.129745899145041,5.0759933247922,"2021-08-06",563,4.77068462446567,0.122382691337805,5.01708766233432,5.02445087014156,-0.00775160648442699,-0.00775160648442599,-0.00412286838696602,-1,-1,-1
13001,"Appling","Georgia",0.114828823758948,5.08640262084851,0.114828823758951,5.08640262084853,"2021-08-07",564,4.82945594188108,0.114390805774513,5.08289847697302,5.08333649495746,-0.014917075386091,-0.01491707538609,-0.007991885563292,-1,-1,-1
13001,"Appling","Georgia",0.102990846302509,5.10652762495594,0.102990846302509,5.10652762495594,"2021-08-08",565,4.88496408559086,0.101447690274049,5.09418237672827,5.09572553275673,-0.011837977456439,-0.011837977456442,-0.012943115500464,-1,-1,-1
13001,"Appling","Georgia",0.094986607564,5.14548456135038,0.0949866075639996,5.14548456135037,"2021-08-09",566,4.94977254869255,0.096504268869304,5.15762585179281,5.15610819048751,-0.008004238738509,-0.0080042387385094,-0.004943421404745,-1,-1,-1
13001,"Appling","Georgia",0.0852568721870357,5.16263328589866,0.0852568721870366,5.16263328589867,"2021-08-10",567,5.00872871582568,0.0870772963841773,5.1771966794758,5.17537625527865,-0.0097297353769643,-0.00972973537696299,-0.00942697248512669,-1,-1,-1
13001,"Appling","Georgia",0.0812992044977039,5.21622881657105,0.0812992044977063,5.21622881657107,"2021-08-11",568,5.06620514525107,0.081748621802064,5.21982415500592,5.21937473770157,-0.0039576676893318,-0.0039576676893303,-0.00532867458211329,-1,-1,-1
13001,"Appling","Georgia",0.0611079860407846,5.1359982734134,0.0611079860407857,5.13599827341341,"2021-08-12",569,5.11713801433286,0.0639720698818968,5.15891094414229,5.15604686030119,-0.0201912184569193,-0.0201912184569206,-0.0177765519201672,-1,-1,-1
13001,"Appling","Georgia",0.0624422533377566,5.20778039782996,0.0624422533377587,5.20778039782998,"2021-08-13",570,5.16560196744084,0.0629691915246904,5.21199590332543,5.2114689651385,0.001334267296972,0.001334267296973,-0.0010028783572064,1,1,-1
13001,"Appling","Georgia",0.0587713174154038,5.2408551637889,0.0587713174154123,5.24085516378896,"2021-08-14",571,5.20948615284142,0.0619283183607263,5.26611117135148,5.26295417040616,-0.0036709359223528,-0.0036709359223464,-0.0010408731639641,-1,-1,-1
13001,"Appling","Georgia",0.0555081437097795,5.27352109155932,0.0555081437097869,5.27352109155937,"2021-08-15",572,5.25152520504128,0.0572802757834479,5.28769814814866,5.285926016075,-0.0032631737056243,-0.0032631737056254,-0.0046480425772784,-1,-1,-1
13001,"Appling","Georgia",0.0648084631016902,5.40343179040438,0.0648084631016896,5.40343179040438,"2021-08-16",573,5.30401538766267,0.0658883212287991,5.41207065542125,5.41099079729414,0.00930031939191069,0.0093003193919027,0.0086080454453512,1,1,1
13001,"Appling","Georgia",0.0589561671331298,5.42142188575758,0.0589561671331218,5.42142188575753,"2021-08-17",574,5.34914626740732,0.0602347428281734,5.43165049131794,5.43037191562289,-0.00585229596856039,-0.0058522959685678,-0.00565357840062571,-1,-1,-1
13001,"Appling","Georgia",0.0574764294254016,5.46854015122888,0.0574764294253933,5.46854015122882,"2021-08-18",575,5.38972383287189,0.058077714754315,5.4733504338602,5.47274914853127,-0.0014797377077282,-0.0014797377077285,-0.0021570280738584,-1,-1,-1
13001,"Appling","Georgia",0.0509328690817828,5.47366809790534,0.050932869081791,5.4736680979054,"2021-08-19",576,5.44303594856312,0.0510062406719683,5.47425507062682,5.47418169903664,-0.0065435603436188,-0.0065435603436023,-0.0070714740823467,-1,-1,-1
13001,"Appling","Georgia",0.0484639531079811,5.50484963919671,0.0484639531079827,5.50484963919672,"2021-08-20",577,5.49423653160737,0.0482108511718667,5.50282482370779,5.50307792564391,-0.0024689159738017,-0.0024689159738083,-0.0027953895001016,-1,-1,-1
13001,"Appling","Georgia",0.043884185400585,5.51667545064552,0.0438841854005787,5.51667545064547,"2021-08-21",578,5.54070316408464,0.0460295046164044,5.53383800437208,5.53169268515625,-0.0045797677073961,-0.004579767707404,-0.0021813465554623,-1,-1,-1
13001,"Appling","Georgia",0.0420390521998552,5.54579857044026,0.0420390521998568,5.54579857044028,"2021-08-22",579,5.5851061830226,0.0434046129918539,5.55672305677625,5.55535749598426,-0.0018451332007298,-0.0018451332007219,-0.0026248916245505,-1,-1,-1
13001,"Appling","Georgia",0.0524901826213882,5.67144666601239,0.0524901826213959,5.67144666601245,"2021-08-23",580,5.63478960316925,0.0524855415168202,5.67140953717584,5.67141417828041,0.010451130421533,0.0104511304215391,0.0090809285249663,1,1,1
13001,"Appling","Georgia",0.0451308797446423,5.66506242561981,0.045130879744641,5.6650624256198,"2021-08-24",581,5.68357976733868,0.0454777970964613,5.66783776443436,5.66749084708255,-0.0073593028767459,-0.0073593028767549,-0.0070077444203589,-1,-1,-1
13001,"Appling","Georgia",0.0405775654645775,5.67376679112393,0.0405775654645728,5.6737667911239,"2021-08-25",582,5.73009978297357,0.0420569559656226,5.6856019151323,5.68412252463125,-0.0045533142800648,-0.0045533142800682,-0.00342084113083869,-1,-1,-1
13001,"Appling","Georgia",0.0533121156912352,5.81622075840177,0.0533121156912353,5.81622075840177,"2021-08-26",583,5.77321969185142,0.0517674632506358,5.80386353887698,5.80540819131757,0.0127345502266577,0.0127345502266625,0.0097105072850132,1,1,1
13001,"Appling","Georgia",0.0512005830442516,5.85264061291713,0.0512005830442508,5.85264061291713,"2021-08-27",584,5.8217771281316,0.0490822683165813,5.83569409509577,5.83781240982344,-0.0021115326469836,-0.0021115326469845,-0.0026851949340545,-1,-1,-1
13001,"Appling","Georgia",0.0464666324772751,5.86596959142557,0.0464666324772676,5.86596959142551,"2021-08-28",585,5.8664680569333,0.0445304222577389,5.85047990966928,5.85241611988881,-0.0047339505669765,-0.0047339505669832,-0.0045518460588424,-1,-1,-1
13001,"Appling","Georgia",0.0444030189379597,5.89592731558832,0.0444030189379596,5.89592731558832,"2021-08-29",586,5.90924685682603,0.0431257810171474,5.88570941222182,5.88698665014263,-0.0020636135393154,-0.002063613539308,-0.0014046412405915,-1,-1,-1
13001,"Appling","Georgia",0.0496834201466487,5.98257354419579,0.0496834201466481,5.98257354419579,"2021-08-30",587,5.95620739722113,0.0480128604000623,5.9692090662231,5.97087962596969,0.005280401208689,0.0052804012086885,0.0048870793829149,1,1,1
13001,"Appling","Georgia",0.0487901641694304,6.02511091652469,0.0487901641694322,6.02511091652471,"2021-08-31",588,5.99964527919817,0.0471342413136049,6.01186353367809,6.01351945653391,-0.000893255977218302,-0.000893255977215901,-0.000878619086457401,-1,-1,-1
13001,"Appling","Georgia",0.0465200156348907,6.05573989241781,0.0465200156348926,6.05573989241782,"2021-09-01",589,6.04365030027855,0.0451947724570772,6.0451379469953,6.04646319017311,-0.0022701485345397,-0.0022701485345396,-0.0019394688565277,-1,-1,-1
13001,"Appling","Georgia",0.043119908877845,6.07505905399634,0.0431199088778467,6.07505905399635,"2021-09-02",590,6.081892699315,0.0422252519639284,6.067901798685,6.06879645559892,-0.0034001067570457,-0.00340010675704591,-0.0029695204931488,-1,-1,-1
13001,"Appling","Georgia",0.0485574362801687,6.16167918209278,0.0485574362801753,6.16167918209282,"2021-09-03",591,6.11904074269383,0.0460482062139292,6.14160534156285,6.14411457162911,0.00543752740232371,0.00543752740232861,0.0038229542500008,1,1,1
13001,"Appling","Georgia",0.0446909288016941,6.17930455854516,0.0446909288017006,6.1793045585452,"2021-09-04",592,6.1542512978813,0.0437666788614994,6.1719105590236,6.1728348089638,-0.00386650747847461,-0.0038665074784747,-0.0022815273524298,-1,-1,-1
13001,"Appling","Georgia",0.0427787998927257,6.20869845607511,0.0427787998927336,6.20869845607517,"2021-09-05",593,6.18826412308259,0.0432497815736025,6.21246630952212,6.21199532784125,-0.0019121289089684,-0.001912128908967,-0.000516897287896903,-1,-1,-1
13001,"Appling","Georgia",0.046960540395105,6.28493117998687,0.0469605403951041,6.28493117998686,"2021-09-06",594,6.20021936097009,0.0461185739368028,6.27819544832045,6.27903741477875,0.0041817405023793,0.0041817405023705,0.0028687923632003,1,1,1
13001,"Appling","Georgia",0.043437881977046,6.3037104530375,0.0434378819770407,6.30371045303746,"2021-09-07",595,6.22059017009974,0.0415368171093294,6.28850193409577,6.29040299896348,-0.003522658418059,-0.00352265841806339,-0.00458175682747339,-1,-1,-1
13001,"Appling","Georgia",0.0440050210803749,6.35168544784118,0.044005021080376,6.35168544784118,"2021-09-08",596,6.23469079853913,0.0427832667676112,6.34191141333906,6.34313316765183,0.000567139103328902,0.0005671391033353,0.00124644965828179,1,1,1
13001,"Appling","Georgia",0.038242399036454,6.34958949257018,0.0382423990364478,6.34958949257013,"2021-09-09",597,6.24277897538889,0.0360220794072595,6.33182693553663,6.33404725516582,-0.0057626220439209,-0.0057626220439282,-0.00676118736035169,-1,-1,-1
13001,"Appling","Georgia",0.0371480433788314,6.37907704634565,0.0371480433788314,6.37907704634565,"2021-09-10",598,6.23804556824964,0.0340016501233179,6.35390590030154,6.35705229355706,-0.0010943556576226,-0.0010943556576164,-0.0020204292839416,-1,-1,-1
13001,"Appling","Georgia",0.0352105551874595,6.40072518419351,0.0352105551874651,6.40072518419355,"2021-09-11",599,6.23048144757848,0.0321026055449703,6.37586158705359,6.37896953669609,-0.00193748819137191,-0.00193748819136631,-0.0018990445783476,-1,-1,-1
13001,"Appling","Georgia",0.034012825201293,6.42635389949164,0.0340128252012946,6.42635389949165,"2021-09-12",600,6.22285967461996,0.030749063431682,6.40024380533476,6.40350756710436,-0.0011977299861665,-0.00119772998617049,-0.0013535421132883,-1,-1,-1
13001,"Appling","Georgia",0.0119552378875015,6.2839060261826,0.011955237887503,6.28390602618261,"2021-09-13",601,6.22568933129015,0.00970594308437841,6.26591166775762,6.26816096256074,-0.0220575873137915,-0.0220575873137916,-0.0210431203473036,-1,-1,-1
13001,"Appling","Georgia",0.0203708091296441,6.36318583400725,0.0203708091296466,6.36318583400727,"2021-09-14",602,6.20772733732997,0.0180756143720596,6.34482427594657,6.34711947070416,0.0084155712421426,0.0084155712421436,0.00836967128768119,1,1,1
13001,"Appling","Georgia",0.0141006284393957,6.33339519761491,0.0141006284393956,6.3333951976149,"2021-09-15",603,6.18826412308259,0.0118262230331422,6.31519995436488,6.31747435977113,-0.0062701806902484,-0.006270180690251,-0.0062493913389174,-1,-1,-1
13001,"Appling","Georgia",0.00808817684975237,6.29939621333715,0.00808817684975249,6.29939621333715,"2021-09-16",604,6.16961073249146,0.00780041930828992,6.29709415300545,6.29738191054692,-0.00601245158964333,-0.00601245158964311,-0.00402580372485228,-1,-1,-1
13001,"Appling","Georgia",-0.00473340713924468,6.20491171827493,0,6.23804556824964,"2021-09-17",605,6.14663511483599,-0.0067838653382902,6.18850805268257,6.19055851088161,-0.0128215839889971,-0.00808817684975249,-0.0145842846465801,-1,-1,-1
13001,"Appling","Georgia",-0.00756412067115894,6.17753260288037,0,6.23048144757848,"2021-09-18",606,6.11841181185549,-0.00878058804245259,6.16780086391002,6.16901733128131,-0.00283071353191426,0,-0.00199672270416239,-1,0,-1
13001,"Appling","Georgia",-0.00762177295852473,6.16950726391028,0,6.22285967461996,"2021-09-19",607,6.08936876208935,-0.00889873161349513,6.15929159467052,6.16056855332549,-5.76522873657901e-05,0,-0.000118143571042539,-1,0,-1
13001,"Appling","Georgia",0.00282965667019574,6.24549692798152,0.00282965667019486,6.24549692798151,"2021-09-20",608,6.05443934626937,0.00407687601681162,6.25547468275445,6.25422746340783,0.0104514296287205,0.00282965667019486,0.0129756076303067,1,1,1
13001,"Appling","Georgia",-0.0179619939601801,6.08199337960871,0,6.20772733732997,"2021-09-21",609,6.0137151560428,-0.017919256000903,6.08233528328293,6.08229254532365,-0.0207916506303758,-0.00282965667019486,-0.0219961320177146,-1,-1,-1
13001,"Appling","Georgia",-0.0194632142473762,6.05202162335096,0,6.18826412308259,"2021-09-22",610,5.96797656580077,-0.0192679775315505,6.05358351707757,6.05338828036174,-0.0015012202871961,0,-0.0013487215306475,-1,0,-1
13001,"Appling","Georgia",-0.0186533905911292,6.03903699835355,0,6.16961073249146,"2021-09-23",611,5.91735657495426,-0.0196380928730957,6.03115938009782,6.03214408237979,0.000809823656246999,0,-0.000370115341545199,1,0,-1
13001,"Appling","Georgia",-0.0229756176554668,5.98580579124772,0,6.14663511483599,"2021-09-24",612,5.87171529399806,-0.0235286215283182,5.98138176026491,5.98193476413776,-0.0043222270643376,0,-0.0038905286552225,-1,0,-1
13001,"Appling","Georgia",-0.0282233029804897,5.92084869099206,0,6.11841181185549,"2021-09-25",613,5.82346846045867,-0.0274046307094094,5.92739806916071,5.92657939688962,-0.0052476853250229,0,-0.0038760091810912,-1,0,-1
13001,"Appling","Georgia",-0.0290430497661414,5.88606741372636,0,6.08936876208935,"2021-09-26",614,5.77277534614315,-0.0298700972576395,5.87945103379437,5.88027808128587,-0.000819746785651703,0,-0.0024654665482301,-1,0,-1
13001,"Appling","Georgia",-0.034929415819981,5.8099334355295,0,6.05443934626937,"2021-09-27",615,5.73102699676277,-0.0358703986775966,5.80240557266858,5.80334655552619,-0.0058863660538396,0,-0.0060003014199571,-1,0,-1
13001,"Appling","Georgia",-0.040724190226576,5.72864582445677,0,6.0137151560428,"2021-09-28",616,5.71702770140622,-0.040803647571075,5.72801016570077,5.72808962304528,-0.005794774406595,0,-0.0049332488934784,-1,0,-1
13001,"Appling","Georgia",-0.0457385902420315,5.64780643410655,0,5.96797656580077,"2021-09-29",617,5.6757748496693,-0.0432235614386457,5.66792666453363,5.66541163573025,-0.0050144000154555,0,-0.0024199138675707,-1,0,-1
13001,"Appling","Georgia",-0.0506199908465171,5.56301663902864,0,5.91735657495426,"2021-09-30",618,5.63886292855689,-0.0484054490006292,5.58073297379574,5.57851843194986,-0.0048814006044856,0,-0.0051818875619835,-1,0,-1
13001,"Appling","Georgia",-0.0456412809562021,5.55222632730464,0,5.87171529399806,"2021-10-01",619,5.6073764565451,-0.0441229510633322,5.5643729664476,5.56285463655473,0.004978709890315,0,0.004282497937297,1,0,1
13001,"Appling","Georgia",-0.0482468335393761,5.48574062568304,0,5.82346846045867,"2021-10-02",620,5.58724865840025,-0.0472830544861081,5.4934508581092,5.49248707905591,-0.002605552583174,0,-0.0031601034227759,-1,0,-1
13001,"Appling","Georgia",-0.0506931143155286,5.41792354593445,0,5.77277534614315,"2021-10-03",621,5.5667073956192,-0.0509597965715786,5.41579008788604,5.4160567701421,-0.0024462807761525,0,-0.0036767420854705,-1,0,-1
13001,"Appling","Georgia",-0.0417483493803921,5.43878855110002,0,5.73102699676277,"2021-10-04",622,5.52772695944089,-0.0417407810898023,5.43884909742473,5.43884152913415,0.0089447649351365,0,0.0092190154817763,1,0,1
13001,"Appling","Georgia",-0.0139992953565399,5.61903263391044,0,5.71702770140622,"2021-10-05",623,5.47106947232584,-0.0186470556484155,5.58185055157545,5.58649831186731,0.0277490540238522,0,0.0230937254413868,1,0,1
13001,"Appling","Georgia",-0.0412528517369301,5.38700488751079,0,5.6757748496693,"2021-10-06",624,5.44673737166631,-0.0421201760220397,5.3800662932299,5.38093361751502,-0.0272535563803902,0,-0.0234731203736242,-1,0,-1
13001,"Appling","Georgia",-0.0369119211124125,5.38047948077,0,5.63886292855689,"2021-10-07",625,5.42179842331906,-0.0372911070587052,5.37744599319966,5.37782517914595,0.0043409306245176,0,0.0048290689633345,1,0,1
13001,"Appling","Georgia",-0.0314864720117792,5.38697115246265,0,5.6073764565451,"2021-10-08",626,5.39232800101028,-0.0342254016964599,5.36505971498521,5.36779864466988,0.00542544910063331,0,0.0030657053622453,1,0,1
13001,"Appling","Georgia",-0.0201277981448552,5.44635407138626,0,5.58724865840025,"2021-10-09",627,5.37063802812766,-0.0224761270577526,5.42756744008308,5.42991576899598,0.011358673866924,0,0.0117492746387073,1,0,1
13001,"Appling","Georgia",-0.0205412627810502,5.42291855615185,0,5.5667073956192,"2021-10-10",628,5.34846715023351,-0.0253238615255952,5.38465776619549,5.38944036494003,-0.000413464636195002,0,-0.0028477344678426,-1,0,-1
13001,"Appling","Georgia",-0.0389804361783044,5.25486390619276,0,5.52772695944089,"2021-10-11",629,5.31531494291661,-0.0393935649516514,5.25155887600599,5.25197200477933,-0.0184391733972542,0,-0.0140697034260562,-1,0,-1
13001,"Appling","Georgia",-0.0566574871150428,5.07446706252054,0,5.47106947232584,"2021-10-12",630,5.24174701505964,-0.0607044870299725,5.04209106320111,5.04613806311603,-0.0176770509367384,0,-0.0213109220783211,-1,0,-1
13001,"Appling","Georgia",-0.0243321006595367,5.27641266704955,0,5.44673737166631,"2021-10-13",631,5.16885929931115,-0.0286268283492478,5.24205484553186,5.24634957322158,0.0323253864555061,0,0.0320776586807247,1,0,1
13001,"Appling","Georgia",-0.0249389483472591,5.24722578488824,0,5.42179842331906,"2021-10-14",632,5.09287339233323,-0.0298794998302572,5.20770137302425,5.21264192450726,-0.0006068476877224,0,-0.0012526714810094,-1,0,-1
13001,"Appling","Georgia",-0.0294704223087738,5.18603504484886,0,5.39232800101028,"2021-10-15",633,5.014437580046,-0.0307100649781548,5.17611790349382,5.1773575461632,-0.0045314739615147,0,-0.000830565147897599,-1,0,-1
13001,"Appling","Georgia",-0.0216899728826146,5.21880821794936,0,5.37063802812766,"2021-10-16",634,4.92206425991498,-0.025076548629317,5.19171561197574,5.19510218772244,0.0077804494261592,0,0.0056335163488378,1,0,1
13001,"Appling","Georgia",-0.0221708778941589,5.19327100497439,0,5.34846715023351,"2021-10-17",635,4.82028156560504,-0.0239492521311582,5.17904401107839,5.1808223853154,-0.0004809050115443,0,0.0011272964981588,-1,0,1
13001,"Appling","Georgia",-0.0331522073169011,5.0832494916983,0,5.31531494291661,"2021-10-18",636,4.71849887129509,-0.0355176047623898,5.06432631213439,5.06669170957988,-0.0109813294227422,0,-0.0115683526312316,-1,0,-1
13001,"Appling","Georgia",-0.0735679278569615,4.72677152006091,0,5.24174701505964,"2021-10-19",637,4.64439089914137,-0.0683886915790348,4.76820541028433,4.7630261740064,-0.0404157205400604,0,-0.032871086816645,-1,0,-1
13001,"Appling","Georgia",-0.0728877157485038,4.65864528907163,0,5.16885929931115,"2021-10-20",638,4.58642414316704,-0.065592606626235,4.71700616204976,4.70971105292751,0.000680212108457701,0,0.00279608495279979,1,0,1
13001,"Appling","Georgia",-0.0759859069779089,4.56097204348787,0,5.09287339233323,"2021-10-21",639,4.53413441287134,-0.0701357140776267,4.60777358669014,4.60192339378984,-0.00309819122940509,0,-0.00454310745139169,-1,0,-1
13001,"Appling","Georgia",-0.0784358122872313,4.46538689403538,0,5.014437580046,"2021-10-22",640,4.4724547868809,-0.0720038782381485,4.51684236642804,4.51041043237896,-0.0024499053093224,0,-0.0018681641605218,-1,0,-1
13001,"Appling","Georgia",-0.0923733201310032,4.27545101899795,0,4.92206425991498,"2021-10-23",641,4.40671924726425,-0.0827653144172852,4.35231506470772,4.34270705899398,-0.0139375078437719,0,-0.0107614361791367,-1,0,-1
13001,"Appling","Georgia",-0.101782694309956,4.10780270543535,0,4.82028156560504,"2021-10-24",642,4.33635659784069,-0.0908301508695099,4.1954230529589,4.18447050951847,-0.0094093741789528,0,-0.00806483645222471,-1,0,-1
13001,"Appling","Georgia",-0.101782694309926,4.00602001112562,0,4.71849887129509,"2021-10-25",643,4.252568567437,-0.0878899183365623,4.11716221891254,4.10326944293915,3.00037772404949e-14,0,0.0029402325329476,1,0,1
13001,"Appling","Georgia",-0.0741079721537207,4.12563509406533,0,4.64439089914137,"2021-10-26",644,4.22787595484662,-0.0728717025821163,4.13552525063816,4.13428898106656,0.0276747221562053,0,0.015018215754446,1,0,1
13001,"Appling","Georgia",-0.0579667559743346,4.18065685134669,0,4.58642414316704,"2021-10-27",645,4.14539973302238,-0.0644971566476916,4.12841364595984,4.1349440466332,0.0161412161793861,0,0.0083745459344247,1,0,1
13001,"Appling","Georgia",-0.0522897302956974,4.16810630080146,0,4.53413441287134,"2021-10-28",646,4.06044301054642,-0.0572988662398243,4.12803321324844,4.13304234919257,0.0056770256786372,0,0.00719829040786729,1,0,1
13001,"Appling","Georgia",-0.0616796259904395,4.04069740494782,0,4.4724547868809,"2021-10-29",647,3.97029191355212,-0.0630205466208451,4.02997003990458,4.03131096053498,-0.00938989569474211,0,-0.00572168038102079,-1,0,-1
13001,"Appling","Georgia",-0.0657355396166456,3.94657046994773,0,4.40671924726425,"2021-10-30",648,3.87120101090789,-0.067697102716895,3.93087796514574,3.93283952824598,-0.0040559136262061,0,-0.0046765560960499,-1,0,-1
13001,"Appling","Georgia",-0.0703626494235611,3.84381805187577,0,4.33635659784069,"2021-10-31",649,3.76120011569356,-0.071967382270971,3.83098018909648,3.83258492194389,-0.0046271098069155,0,-0.00427027955407601,-1,0,-1
13001,"Appling","Georgia",-0.0837880304036972,3.66605235461112,0,4.252568567437,"2021-11-01",650,3.64133850934494,-0.0798024432178221,3.69793705209811,3.69395146491224,-0.0134253809801361,0,-0.00783506094685109,-1,0,-1
13001,"Appling","Georgia",-0.024692612590366,4.05502766671406,0,4.22787595484662,"2021-11-02",651,3.57954279007647,-0.0315534220676306,4.00014119089595,4.00700200037321,0.0590954178133312,0,0.0482490211501915,1,0,1
13001,"Appling","Georgia",-0.0824762218242535,3.56806618025261,0,4.14539973302238,"2021-11-03",652,3.77111755235091,-0.0797967059321351,3.58950230738954,3.58682279149743,-0.0577836092338875,0,-0.0482432838645045,-1,0,-1
13001,"Appling","Georgia",-0.0849567224759512,3.46574595321476,0,4.06044301054642,"2021-11-04",653,3.89182029811063,-0.0808132852487925,3.49889345103204,3.49475001380487,-0.00248050065169769,0,-0.0010165793166574,-1,0,-1
13001,"Appling","Georgia",-0.0901510969943113,3.33923423459194,0,3.97029191355212,"2021-11-05",654,3.99162605602711,-0.0849657090160455,3.38071733841806,3.3755319504398,-0.00519437451836011,0,-0.004152423767253,-1,0,-1
13001,"Appling","Georgia",-0.0990909026442468,3.17756469239816,0,3.87120101090789,"2021-11-06",655,4.07753744390572,-0.0956571025044853,3.20503509351624,3.20160129337649,-0.0089398056499355,0,-0.0106913934884398,-1,0,-1
13001,"Appling","Georgia",-0.110000895214327,2.99119384919327,0,3.76120011569356,"2021-11-07",656,4.15664844555826,-0.098664619785093,3.08188405262715,3.07054777719791,-0.0109099925700802,0,-0.0030075172806077,-1,0,-1
13001,"Appling","Georgia",-0.119861606348646,2.80230726490441,0,3.64133850934494,"2021-11-08",657,4.21950770517611,-0.104425340626263,2.92579739068345,2.9103611249611,-0.00986071113431899,0,-0.00576072084117001,-1,0,-1
13001,"Appling","Georgia",-0.061795719268453,3.1469727551973,0,3.57954279007647,"2021-11-09",658,4.26468992796934,-0.0659885018478723,3.11343049456196,3.11762327714136,0.058065887080193,0,0.0384368387783907,1,0,1
13001,"Appling","Georgia",0.191574762274464,5.11214088827216,0.191574762274436,5.11214088827196,"2021-11-10",659,4.20041910861358,0.0389616858440354,3.89123627682875,4.04384935325916,0.253370481542917,0.191574762274436,0.104950187691908,1,1,1
13001,"Appling","Georgia",0.120702745759699,4.73673951842852,0.120702745759719,4.73673951842866,"2021-11-11",660,4.12019794104843,0.0409533361089093,4.09874424122218,4.178493650873,-0.070872016514765,-0.070872016514717,0.0019916502648739,-1,-1,1
13001,"Appling","Georgia",0.0998057579164862,4.69026636144252,0.0998057579164859,4.69026636144251,"2021-11-12",661,4.03550406219917,0.0548442358374341,4.3305741848101,4.37553570688915,-0.0208969878432128,-0.0208969878432331,0.0138908997285248,-1,-1,1
13001,"Appling","Georgia",0.0859113878786188,4.67891715905605,0.0859113878786073,4.67891715905597,"2021-11-13",662,3.97029191355212,0.0485203081182711,4.37978852097328,4.41717960073362,-0.0138943700378674,-0.0138943700378786,-0.006323927719163,-1,-1,-1
13001,"Appling","Georgia",0.0791110016525224,4.71042545712591,0.079111001652536,4.71042545712601,"2021-11-14",663,3.90052862600241,0.0624314549030457,4.57698908313009,4.59366862987958,-0.0068003862260964,-0.00680038622607131,0.0139111467847746,-1,-1,1
13001,"Appling","Georgia",0.0628592596178509,4.65952252250106,0.0628592596178512,4.65952252250107,"2021-11-15",664,3.8255309740747,0.0605669531297007,4.64118407059587,4.64347637708401,-0.0162517420346715,-0.0162517420346848,-0.001864501773345,-1,-1,-1
13001,"Appling","Georgia",0.0451822227932325,4.58096548752197,0.0451822227932324,4.58096548752197,"2021-11-16",665,3.74782198974739,0.0557094679565014,4.66518344882812,4.65465620366485,-0.0176770368246184,-0.0176770368246188,-0.0048574851731993,-1,-1,-1
13001,"Appling","Georgia",-0.0642708193557549,3.7505233731233,0,4.20041910861358,"2021-11-17",666,3.65989191724069,-0.0539397788338675,3.8331716972984,3.82284065677651,-0.109453042148987,-0.0451822227932324,-0.109649246790369,-1,-1,-1
13001,"Appling","Georgia",-0.0802211675651498,3.55864976809239,0,4.12019794104843,"2021-11-18",667,3.62624388312245,-0.062382591106804,3.70135837975915,3.6835198033008,-0.0159503482093949,0,-0.0084428122729365,-1,0,-1
13001,"Appling","Georgia",-0.0846938788492658,3.44264691025431,0,4.03550406219917,"2021-11-19",668,3.59926729542425,-0.06831294556564,3.57369437652331,3.55731344323969,-0.004472711284116,0,-0.005930354458836,-1,0,-1
13001,"Appling","Georgia",-0.0652121486470455,3.5138068730228,0,3.97029191355212,"2021-11-20",669,3.56751859710967,-0.0590876084537758,3.56280319456896,3.55667865437569,0.0194817302022203,0,0.00922533711186419,1,0,1
13001,"Appling","Georgia",-0.0697632875497112,3.41218561315443,0,3.90052862600241,"2021-11-21",670,3.53472877428668,-0.061155177279701,3.48105049531451,3.4724423850445,-0.0045511389026657,0,-0.0020675688259252,-1,0,-1
13001,"Appling","Georgia",-0.0749976519277191,3.30054741058067,0,3.8255309740747,"2021-11-22",671,3.49650756146648,-0.0629806544925082,3.39668339006234,3.38466639262714,-0.00523436437800789,0,-0.0018254772128072,-1,0,-1
13001,"Appling","Georgia",-0.0777089843273293,3.20385909945608,0,3.74782198974739,"2021-11-23",672,3.44771739729705,-0.0680919647030426,3.28079525645036,3.27117823682609,-0.0027113323996102,0,-0.0051113102105344,-1,0,-1
13001,"Appling","Georgia",-0.0879300725066842,3.0443814096939,0,3.65989191724069,"2021-11-24",673,3.391627930646,-0.0720175896762091,3.17168127233772,3.15576878950723,-0.0102210881793549,0,-0.00392562497316649,-1,0,-1
13001,"Appling","Georgia",-0.0336480341182381,3.39070764429479,0,3.62624388312245,"2021-11-25",674,3.32708940950844,-0.0365116976205085,3.36779833627662,3.37066199977889,0.0542820383884461,0,0.0355058920557006,1,0,1
13001,"Appling","Georgia",-0.0269765876982025,3.41043118153683,0,3.59926729542425,"2021-11-26",675,3.26357600378611,-0.0312502694268807,3.3762417277074,3.38051540943609,0.0066714464200356,0,0.0052614281936278,1,0,1
13001,"Appling","Georgia",-0.0317486983145829,3.34527770890759,0,3.56751859710967,"2021-11-27",676,3.20158432775814,-0.0317087033656415,3.34559766849912,3.34555767355018,-0.0047721106163804,0,-0.000458433938760799,-1,0,-1
13001,"Appling","Georgia",-0.0327898228229891,3.30520001452575,0,3.53472877428668,"2021-11-28",677,3.13549421592915,-0.0358433088218868,3.28077212653458,3.28382561253347,-0.0010411245084062,0,-0.0041346054562453,-1,0,-1
13001,"Appling","Georgia",-0.0382212128202048,3.22895907172505,0,3.49650756146648,"2021-11-29",678,3.09104245335832,-0.0379944242893451,3.23077337997192,3.23054659144106,-0.0054313899972157,0,-0.0021511154674583,-1,0,-1
13001,"Appling","Georgia",-0.0487901641694407,3.10618624811096,0,3.44771739729705,"2021-11-30",679,3.08452777233712,-0.046858995510939,3.12163559737897,3.11970442872048,-0.0105689513492359,0,-0.0088645712215939,-1,0,-1
13001,"Appling","Georgia",-0.0560894666510528,2.99900166408863,0,3.391627930646,"2021-12-01",680,3.07797037179096,-0.0528482030493453,3.02493177290229,3.02169050930058,-0.0072993024816121,0,-0.0059892075384063,-1,0,-1
13001,"Appling","Georgia",-0.0645385211375578,2.87531976154553,0,3.32708940950844,"2021-12-02",681,3.07797037179096,-0.0609472493593633,2.90404993577109,2.9004586639929,-0.008449054486505,0,-0.008099046310018,-1,0,-1
13001,"Appling","Georgia",-0.0635134057223388,2.81898216372973,0,3.26357600378611,"2021-12-03",682,3.07797037179096,-0.0624234903984481,2.82770148632086,2.82661157099697,0.00102511541521901,0,-0.0014762410390848,1,0,-1
13001,"Appling","Georgia",-0.0619916760279747,2.76764259556232,0,3.20158432775814,"2021-12-04",683,3.09104245335832,-0.0596841632413116,2.78610269785562,2.78379518506896,0.00152172969436409,0,0.0027393271571365,1,0,1
13001,"Appling","Georgia",-0.066090111829002,2.67286343312614,0,3.13549421592915,"2021-12-05",684,3.10394585819422,-0.0639600062937928,2.6899042774078,2.6877741718726,-0.0040984358010273,0,-0.00427584305248119,-1,0,-1
13001,"Appling","Georgia",-0.0444517625708335,2.77988011536248,0,3.09104245335832,"2021-12-06",685,3.10394585819422,-0.0480042661256489,2.75146008692396,2.75501259047878,0.0216383492581685,0,0.0159557401681439,1,0,1
13001,"Appling","Georgia",-0.00651468102119318,3.03892500518877,0,3.08452777233712,"2021-12-07",686,3.06472514504094,-0.0154186118943487,2.96769355820353,2.97659748907668,0.0379370815496403,0,0.0325856542313002,1,0,1
13001,"Appling","Georgia",-0.00655740054616218,3.03206856796783,0,3.07797037179096,"2021-12-08",687,3.04452243772342,-0.0157269773492438,2.95871195354317,2.96788153034625,-4.27195249690007e-05,0,-0.0003083654548951,-1,0,-1
13001,"Appling","Georgia",6.28036983473505e-16,3.07797037179097,0,3.07797037179096,"2021-12-09",688,3.02390315052069,0.00272543194752294,3.09977382737114,3.09704839542362,0.00655740054616281,0,0.0184524092967667,1,0,1
13001,"Appling","Georgia",-6.28036983473505e-16,3.07797037179096,0,3.07797037179096,"2021-12-10",689,3.00991690854595,0.00455224387806117,3.11438832281545,3.10983607893739,-1.25607396694701e-15,0,0.00182681193053823,-1,0,1
13001,"Appling","Georgia",0.231393450786387,5.03513617215882,0.231393450786352,5.03513617215858,"2022-01-07",717,4.5013957134859,0.198150418421401,4.76919191323897,4.80243494560392,0.231393450786388,0.231393450786352,0.19359817454334,1,1,1
13001,"Appling","Georgia",0.183885278770138,4.88646424681522,0.183885278770139,4.88646424681522,"2022-01-08",718,4.59222967471236,0.175307700206759,4.81784361830818,4.82642119687156,-0.047508172016249,-0.047508172016213,-0.022842718214642,-1,-1,-1
13001,"Appling","Georgia",0.155266128911146,4.8413963267134,0.155266128911123,4.84139632671324,"2022-01-09",719,4.67549550270882,0.155366311817754,4.84219778996628,4.84209760705965,-0.028619149858992,-0.028619149859016,-0.019941388389005,-1,-1,-1
13001,"Appling","Georgia",0.13143890389285,4.80604465547815,0.13143890389283,4.80604465547801,"2022-01-10",720,4.86643494512217,0.128387143135128,4.78163056941639,4.7846823301741,-0.023827225018296,-0.023827225018293,-0.026979168682626,-1,-1,-1
13001,"Appling","Georgia",0.193983496541766,5.43784030056236,0.193983496541798,5.43784030056258,"2022-01-11",721,5.03323512601349,0.184713429344968,5.36367976298794,5.37294983018478,0.062544592648916,0.062544592648968,0.05632628620984,1,1,1
13001,"Appling","Georgia",0.184734103199309,5.5578286503645,0.184734103199339,5.55782865036471,"2022-01-12",722,5.18898070251057,0.176030619415028,5.48820078009023,5.49690426387454,-0.009249393342457,-0.009249393342459,-0.00868280992994,-1,-1,-1
13001,"Appling","Georgia",0.135036283803962,5.34498019840102,0.135036283803943,5.34498019840088,"2022-01-13",723,5.35793307622239,0.133131056982725,5.32973838383114,5.33164361065236,-0.049697819395347,-0.049697819395396,-0.042899562432303,-1,-1,-1
13001,"Appling","Georgia",0.101669501712632,5.21308222547432,0.101669501712617,5.21308222547422,"2022-01-14",724,5.51802645541361,0.0995264761600187,5.19593802105343,5.19808104660603,-0.03336678209133,-0.033366782091326,-0.0336045808227063,-1,-1,-1
13001,"Appling","Georgia",0.090833961226457,5.22806740329756,0.0908339612264575,5.22806740329756,"2022-01-15",725,5.65549218552842,0.0887953610171555,5.21175860162314,5.21379720183245,-0.010835540486175,-0.0108355404861595,-0.0107311151428632,-1,-1,-1
13001,"Appling","Georgia",0.0832658279964738,5.25835629868414,0.0832658279964615,5.25835629868405,"2022-01-16",726,5.7763245956543,0.0859462777604613,5.27979989679605,5.27711944703205,-0.00756813322998319,-0.007568133229996,-0.0028490832566942,-1,-1,-1
13001,"Appling","Georgia",0.190939442413346,6.20301104201559,0.190939442413348,6.2030110420156,"2022-01-17",727,5.85915689520318,0.180851396568737,6.12230667525872,6.13239472110333,0.107673614416872,0.107673614416887,0.0949051188082757,1,1,1
13001,"Appling","Georgia",0.166800180891326,6.20083639225278,0.166800180891328,6.20083639225279,"2022-01-18",728,5.92616383081156,0.151587662934203,6.07913624859579,6.09434876655291,-0.02413926152202,-0.02413926152202,-0.029263733634534,-1,-1,-1
13001,"Appling","Georgia",0.155745576497073,6.27919973799008,0.155745576497075,6.2791997379901,"2022-01-19",729,6.02379343422334,0.143274947743298,6.17943470795987,6.19190533671365,-0.011054604394253,-0.011054604394253,-0.00831271519090501,-1,-1,-1
13001,"Appling","Georgia",0.168952373711818,6.54059969220512,0.168952373711821,6.54059969220513,"2022-01-20",730,6.11652264252788,0.154582092464336,6.42563744222526,6.44000772347274,0.013206797214745,0.013206797214746,0.011307144721038,1,1,1
13001,"Appling","Georgia",0.160093379191193,6.63868010975196,0.16009337919122,6.63868010975215,"2022-01-21",731,6.20224629086631,0.146983427375098,6.53380049522318,6.5469104470393,-0.008858994520625,-0.00885899452060102,-0.00759866508923798,-1,-1,-1
13001,"Appling","Georgia",0.137465730114853,6.61775229633239,0.13746573011481,6.61775229633209,"2022-01-22",732,6.27932517504635,0.131806318257179,6.57247700147104,6.57813641332867,-0.02262764907634,-0.02262764907641,-0.015177109117919,-1,-1,-1
13001,"Appling","Georgia",0.120832410125872,6.6221514665354,0.120832410125875,6.62215146653542,"2022-01-23",733,6.35088571671474,0.117532871237309,6.59575515542689,6.59905469431546,-0.016633319988981,-0.016633319988935,-0.01427344701987,-1,-1,-1
13001,"Appling","Georgia",0.0828322995488796,6.43898299204533,0.0828322995488797,6.43898299204533,"2022-01-24",734,6.43179106354232,0.0769422163151746,6.3918623261757,6.3977524094094,-0.0380001105769924,-0.0380001105769953,-0.0405906549221344,-1,-1,-1
13001,"Appling","Georgia",0.0670069356083865,6.39521238007027,0.0670069356083856,6.39521238007026,"2022-01-25",735,6.51110831932485,0.0636897439300032,6.36867484664321,6.37199203832158,-0.0158253639404931,-0.0158253639404941,-0.0132524723851714,-1,-1,-1
13001,"Appling","Georgia",0.0976296034117935,6.7072006581059,0.0976296034117805,6.7072006581058,"2022-01-26",736,6.55311907173325,0.088554723290249,6.63460161713355,6.64367649725508,0.030622667803407,0.0306226678033949,0.0248649793602458,1,1,1
13001,"Appling","Georgia",0.0927292083045409,6.76562710065967,0.0927292083045401,6.76562710065966,"2022-01-27",737,6.58261855202467,0.0829620323529948,6.6874896930473,6.69725686899884,-0.0049003951072526,-0.0049003951072404,-0.00559269093725419,-1,-1,-1
13001,"Appling","Georgia",0.0857236483384442,6.80231182923542,0.0857236483384298,6.80231182923532,"2022-01-28",738,6.60973422873518,0.0800132236954368,6.75662843209137,6.76233885673437,-0.0070055599660967,-0.0070055599661103,-0.00294880865755801,-1,-1,-1
13001,"Appling","Georgia",0.0770788841800555,6.81887736430674,0.0770788841800423,6.81887736430665,"2022-01-29",739,6.63781956616117,0.0683890968828172,6.74935906592885,6.75804885322607,-0.0086447641583887,-0.0086447641583875,-0.0116241268126196,-1,-1,-1
13001,"Appling","Georgia",0.0715605416683745,6.85180950839336,0.0715605416683864,6.85180950839344,"2022-01-30",740,6.66513761783255,0.0632637672243332,6.78543531284102,6.79373208728507,-0.005518342511681,-0.00551834251165591,-0.005125329658484,-1,-1,-1
13001,"Appling","Georgia",0.0809053468275955,6.99812849133549,0.0809053468275849,6.99812849133542,"2022-01-31",741,6.68496880676474,0.0740768863104767,6.94350080719855,6.95032926771566,0.009344805159221,0.00934480515919851,0.0108131190861435,1,1,1
13001,"Appling","Georgia",0.0793172557825183,7.06632910980248,0.0793172557825299,7.06632910980256,"2022-02-01",742,6.68371847169071,0.071583900180738,7.00446226498822,7.01219562059002,-0.00158809104507719,-0.001588091045055,-0.00249298612973869,-1,-1,-1
13001,"Appling","Georgia",0.0420107524084023,6.84719433859207,0.0420107524083972,6.84719433859203,"2022-02-02",743,6.68013744727301,0.0387945924276285,6.82146505874588,6.82468121872665,-0.037306503374116,-0.0373065033741327,-0.0327893077531095,-1,-1,-1
13001,"Appling","Georgia",0.0294994802914211,6.78911491406462,0.0294994802914168,6.78911491406459,"2022-02-03",744,6.6725752938428,0.0270941257694224,6.76987207788863,6.77227743241063,-0.0125112721169812,-0.0125112721169804,-0.0117004666582061,-1,-1,-1
13001,"Appling","Georgia",0.0271156767105095,6.79954396570874,0.0271156767105074,6.79954396570873,"2022-02-04",745,6.65360008485014,0.0269133140201601,6.79792506418595,6.7981274268763,-0.0023838035809116,-0.0023838035809094,-0.000180811749262301,-1,-1,-1
13001,"Appling","Georgia",0.0280853374259916,6.83441692814311,0.028085337425992,6.83441692814311,"2022-02-05",746,6.6291745207767,0.0287879082381201,6.84003749464014,6.83933492382801,0.000969660715482101,0.000969660715484599,0.00187459421796,1,1,1
13001,"Appling","Georgia",0.0273180516713804,6.85636397953221,0.0273180516713811,6.85636397953222,"2022-02-06",747,6.60413737923187,0.0278370660482384,6.86051609454708,6.85999708017022,-0.000767285754611203,-0.000767285754610901,-0.000950842189881701,-1,-1,-1
13001,"Appling","Georgia",0.0198311889321893,6.82378712929007,0.0198311889321907,6.82378712929007,"2022-02-07",748,6.56867965649081,0.0197762935392466,6.82334796614652,6.82340286153947,-0.0074868627391911,-0.0074868627391904,-0.0080607725089918,-1,-1,-1
13001,"Appling","Georgia",-0.00125033507402679,6.67496612617252,0,6.68371847169071,"2022-02-08",749,6.54288356783923,-0.00693433158678332,6.62949415407047,6.63517815058323,-0.0210815240062161,-0.0198311889321907,-0.0267106251260299,-1,-1,-1
13001,"Appling","Georgia",-0.00358102441770691,6.65507027634906,0,6.68013744727301,"2022-02-09",750,6.52041071198717,-0.00656109572819112,6.63122970586518,6.63420977717567,-0.00233068934368012,0,0.0003732358585922,-1,0,1
13001,"Appling","Georgia",-0.00756215343021002,6.61964021983133,0,6.6725752938428,"2022-02-10",751,6.47057833823929,-0.00946735498147015,6.60439860742125,6.60630380897251,-0.00398112901250311,0,-0.00290625925327903,-1,0,-1
13001,"Appling","Georgia",-0.0189752089926556,6.52077362190155,0,6.65360008485014,"2022-02-11",752,6.41345895716736,-0.0189566239365728,6.52092230235022,6.52090371729413,-0.0114130555624456,0,-0.00948926895510265,-1,0,-1
13001,"Appling","Georgia",-0.024425564073436,6.45819557226265,0,6.6291745207767,"2022-02-12",753,6.34863936608837,-0.0260677345629981,6.44505820834616,6.44670037883571,-0.0054503550807804,0,-0.0071111106264253,-1,0,-1
13001,"Appling","Georgia",-0.0250371415448304,6.42887738841806,0,6.60413737923187,"2022-02-13",754,6.27932517504635,-0.0263282182495134,6.41854877478059,6.41983985148528,-0.000611577471394398,0,-0.000260483686515298,-1,0,-1
13001,"Appling","Georgia",-0.0354577227410611,6.32047559730338,0,6.56867965649081,"2022-02-14",755,6.20571149791444,-0.0337165535640536,6.33440495071944,6.33266378154243,-0.0104205811962307,0,-0.0073883353145402,-1,0,-1
13001,"Appling","Georgia",-0.0257960886515822,6.36231094727815,0,6.54288356783923,"2022-02-15",756,6.10351690805538,-0.0245473387206956,6.37230094672524,6.37105219679436,0.0096616340894789,0,0.009169214843358,1,0,1
13001,"Appling","Georgia",-0.0224728558520522,6.3631007210228,0,6.52041071198717,"2022-02-16",757,5.98141421125448,-0.0228425150213124,6.36014344766873,6.36051310683798,0.00332323279953,0,0.0017048236993832,1,0,1
13001,"Appling","Georgia",-0.0498323737478825,6.12175172200411,0,6.47057833823929,"2022-02-17",758,5.89124950094636,-0.0450680226331123,6.15986653092227,6.1551021798075,-0.0273595178958303,0,-0.0222255076117999,-1,0,-1
13001,"Appling","Georgia",-0.0571193810719443,6.01362328966375,0,6.41345895716736,"2022-02-18",759,5.80771339750443,-0.0521257861961157,6.05357204867036,6.04857845379455,-0.0072870073240618,0,-0.0070577635630034,-1,0,-1
13001,"Appling","Georgia",-0.0648195910790015,5.89490222853536,0,6.34863936608837,"2022-02-19",760,5.72731297206639,-0.0587484293897648,5.94347152204924,5.93740036036002,-0.00770021000705719,0,-0.0066226431936491,-1,0,-1
13001,"Appling","Georgia",-0.0693141910420001,5.79412583775235,0,6.27932517504635,"2022-02-20",761,5.63987867267672,-0.0600133526497729,5.86853254489019,5.85923170649794,-0.0044945999629986,0,-0.0012649232600081,-1,0,-1
13001,"Appling","Georgia",-0.073613677131902,5.69041575799112,0,6.20571149791444,"2022-02-21",762,5.54238336610411,-0.0674081137477544,5.74006026506431,5.73385470168016,-0.00429948608990191,0,-0.0073947610979815,-1,0,-1
13001,"Appling","Georgia",-0.102194589859041,5.38815477904209,0,6.10351690805538,"2022-02-22",763,5.4553211153577,-0.0842040169253636,5.53207936251153,5.51408878957783,-0.028580912727139,0,-0.0167959031776092,-1,0,-1
13001,"Appling","Georgia",-0.122102696800919,5.12669533364805,0,5.98141421125448,"2022-02-23",764,5.37262939951259,-0.0980999394947701,5.31871739209722,5.29471463479109,-0.019908106941878,0,-0.0138959225694065,-1,0,-1
13001,"Appling","Georgia",-0.0901647103081342,5.26009652878942,0,5.89124950094636,"2022-02-24",765,5.28392862909594,-0.0828133004800797,5.31890780741384,5.3115563975858,0.0319379864927848,0,0.0152866390146904,1,0,1
13001,"Appling","Georgia",-0.0835361034419246,5.22296067341096,0,5.80771339750443,"2022-02-25",766,5.19375018690961,-0.0809974584707928,5.24326983318002,5.24073118820888,0.0066286068662096,0,0.0018158420092869,1,0,1
13001,"Appling","Georgia",-0.0804004254380412,5.16450999400011,0,5.72731297206639,"2022-02-26",767,5.10247625966657,-0.0805911649273766,5.16298407808542,5.16317481757475,0.0031356780038834,0,0.000406293543416203,1,0,1
13001,"Appling","Georgia",-0.0874342993896729,5.02783857694901,0,5.63987867267672,"2022-02-27",768,5.00202691955966,-0.0867898153656371,5.03299444914129,5.03234996511726,-0.0070338739516317,0,-0.0061986504382605,-1,0,-1
13001,"Appling","Georgia",-0.0974953065726056,4.85991622009587,0,5.54238336610411,"2022-02-28",769,4.89142266563028,-0.0957261535519588,4.87406944426105,4.8723002912404,-0.0100610071829327,0,-0.00893633818632171,-1,0,-1
13001,"Appling","Georgia",-0.0870622507464104,4.84588536013283,0,5.4553211153577,"2022-03-01",770,4.82487927485367,-0.0875380978020743,4.84207858368752,4.84255443074318,0.0104330558261952,0,0.0081880557498845,1,0,1
13001,"Appling","Georgia",-0.0826917158451125,4.7937873885968,0,5.37262939951259,"2022-03-02",771,4.76095218754743,-0.0830803907233626,4.7906779895708,4.79106666444905,0.00437053490129789,0,0.00445770707871171,1,0,1
13001,"Appling","Georgia",-0.0887007704166491,4.66302323617939,0,5.28392862909594,"2022-03-03",772,4.70824237112791,-0.0904191245241244,4.6492764033196,4.65099475742707,-0.0060090545715366,0,-0.0073387338007618,-1,0,-1
13001,"Appling","Georgia",-0.0901784421863309,4.56250109160529,0,5.19375018690961,"2022-03-04",773,4.66343909411207,-0.0896328150631293,4.56686610859091,4.5663204814677,-0.0014776717696818,0,0.000786309460995102,-1,0,1
13001,"Appling","Georgia",-0.0912739272430381,4.4635587689653,0,5.10247625966657,"2022-03-05",774,4.61935482098004,-0.0911264360865993,4.46473869821682,4.46459120706037,-0.00109548505670719,0,-0.00149362102347,-1,0,-1
13001,"Appling","Georgia",-0.100449340106906,4.29888153881131,0,5.00202691955966,"2022-03-06",775,4.57323713888508,-0.0962090992264141,4.33280346585526,4.32856322497476,-0.0091754128638679,0,-0.0050826631398148,-1,0,-1
13001,"Appling","Georgia",-0.110604253929363,4.11719288812474,0,4.89142266563028,"2022-03-07",776,4.53259949315326,-0.108178489676225,4.13659900214986,4.1341732378967,-0.010154913822457,0,-0.0119693904498109,-1,0,-1
13001,"Appling","Georgia",-0.0665433907766057,4.35907553941743,0,4.82487927485367,"2022-03-08",777,4.48542093287817,-0.0700723440027172,4.33084391360854,4.33437286683465,0.0440608631527573,0,0.0381061456735078,1,0,1
13001,"Appling","Georgia",-0.0639270873062452,4.31346257640372,0,4.76095218754743,"2022-03-09",778,4.45101950616083,-0.0695203654411837,4.2687163513242,4.27430962945914,0.0026163034703605,0,0.000551978561533495,1,0,1
13001,"Appling","Georgia",-0.0527098164195359,4.33927365619116,0,4.70824237112791,"2022-03-10",779,4.43421238784445,-0.0550403374064799,4.32062948829559,4.32296000928255,0.0112172708867093,0,0.0144800280347038,1,0,1
13001,"Appling","Georgia",-0.0448032770158476,4.34981615500113,0,4.66343909411207,"2022-03-11",780,4.45101950616083,-0.0491521801215608,4.31502493015542,4.31937383326114,0.0079065394036883,0,0.0058881572849191,1,0,1
13001,"Appling","Georgia",-0.0440842731320307,4.31076490905583,0,4.61935482098004,"2022-03-12",781,4.47571211875121,-0.0478451260715288,4.28067808553984,4.28443893847934,0.000719003883816904,0,0.001307054050032,1,0,1
13001,"Appling","Georgia",-0.0461176820949688,4.2504133642203,0,4.57323713888508,"2022-03-13",782,4.49980967033027,-0.049406465520562,4.22410309681554,4.22739188024115,-0.0020334089629381,0,-0.0015613394490332,-1,0,-1
13001,"Appling","Georgia",-0.0406376457318328,4.24813597303043,0,4.53259949315326,"2022-03-14",783,4.50928841428481,-0.0459031015602998,4.20601232640268,4.21127778223116,0.00548003636313599,0,0.0035033639602622,1,0,1
13001,"Appling","Georgia",-0.0471785602750827,4.15517101095259,0,4.48542093287817,"2022-03-15",784,4.52643614544559,-0.0482730535415527,4.14641506482084,4.1475095580873,-0.0065409145432499,0,-0.0023699519812529,-1,0,-1
13001,"Appling","Georgia",-0.0344014267173385,4.21020951913946,0,4.45101950616083,"2022-03-16",785,4.54935540688169,-0.0384443277660566,4.17786631074972,4.18190921179843,0.0127771335577442,0,0.0098287257754961,1,0,1
13001,"Appling","Georgia",-0.0168071183163801,4.31656255962979,0,4.43421238784445,"2022-03-17",786,4.55086484113055,-0.0293306423503206,4.21637436735827,4.22889789139221,0.0175943084009584,0,0.009113685415736,1,0,1
13001,"Appling","Georgia",0.0168071183163813,4.5686693343755,0.0168071183163807,4.5686693343755,"2022-03-18",787,4.53259949315326,-0.0046114820351504,4.39732053156325,4.41873913191478,0.0336142366327614,0.0168071183163807,0.0247191603151702,1,1,1
13001,"Appling","Georgia",0.0246926125903712,4.6485604068838,0.0246926125903721,4.64856040688381,"2022-03-19",788,4.51242813428948,0.00539247548232271,4.49415931001941,4.51345944712747,0.0078854942739899,0.0078854942739914,0.0100039575174731,1,1,1
13001,"Appling","Georgia",0.0240975515790592,4.66849253138368,0.02409755157906,4.66849253138369,"2022-03-20",789,4.49184150068109,0.000527406894499118,4.4799313739072,4.50350151859176,-0.000595061011311997,-0.000595061011312101,-0.00486506858782359,-1,-1,-1
13001,"Appling","Georgia",0.0094787439545458,4.57563962196663,0.00947874395454473,4.57563962196662,"2022-03-21",790,4.46590811865458,0.00173679898528518,4.51370406221255,4.52144600718181,-0.0146188076245134,-0.0146188076245153,0.00120939209078606,-1,-1,1
13001,"Appling","Georgia",0.017147731160778,4.64647026357103,0.0171477311607768,4.64647026357102,"2022-03-22",791,4.43421238784445,0.00339365078496985,4.53643762056457,4.55019170094038,0.0076689872062322,0.00766898720623207,0.00165685179968467,1,1,1
13001,"Appling","Georgia",0.0229192614361086,4.70979023693446,0.0229192614361082,4.70979023693445,"2022-03-23",792,4.40497556765943,0.0121504622752605,4.62363984364767,4.63440864280851,0.0057715302753306,0.0057715302753314,0.00875681149029065,1,1,1
13001,"Appling","Georgia",0.00150943424885536,4.56143088087254,0.00150943424885419,4.56143088087253,"2022-03-24",793,4.38202663467388,-0.00197548313523045,4.53355154179985,4.53703645918394,-0.0214098271872532,-0.021409827187254,-0.0141259454104909,-1,-1,-1
13001,"Appling","Georgia",-0.0182653479772936,4.4047420573122,0,4.53259949315326,"2022-03-25",794,4.32885187218663,-0.0216416500754809,4.3777316405267,4.38110794262489,-0.019774782226149,-0.00150943424885419,-0.0196661669402505,-1,-1,-1
13001,"Appling","Georgia",-0.020171358863785,4.37122862224298,0,4.51242813428948,"2022-03-26",795,4.28062652023215,-0.0230248659539917,4.34840056552133,4.35125407261154,-0.0019060108864914,0,-0.0013832158785108,-1,0,-1
13001,"Appling","Georgia",-0.0205866336083874,4.34773506542238,0,4.49184150068109,"2022-03-27",796,4.22995712105045,-0.0224348318588605,4.3329494794186,4.33479767766907,-0.000415274744602401,0,0.000590034095131201,-1,0,1
13001,"Appling","Georgia",-0.0259333820264991,4.28437444446909,0,4.46590811865458,"2022-03-28",797,4.0990951649807,-0.0281522052838405,4.26662385841037,4.2688426816677,-0.0053467484181117,0,-0.00571737342498,-1,0,-1
13001,"Appling","Georgia",-0.0316957308101308,4.21234227217354,0,4.43421238784445,"2022-03-29",798,3.93182563272433,-0.0302393932091069,4.22399297298172,4.2225366353807,-0.0057623487836317,0,-0.0020871879252664,-1,0,-1
13001,"Appling","Georgia",-0.0292368201850306,4.20031782636421,0,4.40497556765943,"2022-03-30",799,3.71705033108063,-0.0313009049337815,4.1838051483742,4.18586923312296,0.0024589106251002,0,-0.0010615117246746,1,0,-1
13001,"Appling","Georgia",-0.0229489329855492,4.22138410377504,0,4.38202663467388,"2022-03-31",800,3.43398720448515,-0.0256412108015903,4.19984588124671,4.20253815906275,0.0062878871994814,0,0.0056596941321912,1,0,1
13001,"Appling","Georgia",-0.0531747624872637,3.95662853477578,0,4.32885187218663,"2022-04-01",801,3.05803615689015,-0.0470462768502079,4.00565641987222,3.99952793423517,-0.0302258295017145,0,-0.0214050660486176,-1,0,-1
13001,"Appling","Georgia",0.318897091799806,5.92827656448144,0.318897091799705,5.92827656448074,"2022-05-01",831,3.99688922607139,0.0659299078908937,3.90453909321025,4.15750627711906,0.37207185428707,0.318897091799705,0.112976184741102,1,1,1
13001,"Appling","Georgia",0.241415317550163,5.6273194622841,0.241415317550165,5.62731946228412,"2022-05-02",832,3.96488649498521,0.083999415273456,4.36799224407045,4.52540814634716,-0.077481774249643,-0.07748177424954,0.0180695073825623,-1,-1,1
13001,"Appling","Georgia",0.120564678618259,4.90192966837904,0.12056467861826,4.90192966837905,"2022-05-03",833,3.93182563272433,0.0664511154176656,4.4690211627743,4.52313472597489,-0.120850638931904,-0.120850638931905,-0.0175482998557904,-1,-1,-1
13001,"Appling","Georgia",0.019560525854495,4.21446112488719,0.0195605258544935,4.21446112488717,"2022-05-04",834,3.90052862600241,0.0211045460122051,4.22681328614887,4.22526926599116,-0.101004152763764,-0.101004152763766,-0.0453465694054605,-1,-1,-1
13001,"Appling","Georgia",0.00483092726966476,4.11618486206304,0.00483092726966561,4.11618486206304,"2022-05-05",835,3.88008995832514,0.0154588047338442,4.20120788177647,4.1905800043123,-0.0147295985848302,-0.0147295985848279,-0.0056457412783609,-1,-1,-1
13001,"Appling","Georgia",-0.0194653347881082,3.92664569287052,0,4.06290303638728,"2022-05-06",836,3.88008995832514,-0.0203007793961536,3.91996213600616,3.92079758061421,-0.024296262057773,-0.00483092726966561,-0.0357595841299978,-1,-1,-1
13001,"Appling","Georgia",-0.0324622761446551,3.80320482723003,0,4.03044076024262,"2022-05-07",837,3.89473150831808,-0.0304658922652494,3.81917589826529,3.81717951438587,-0.0129969413565469,0,-0.0101651128690958,-1,0,-1
13001,"Appling","Georgia",-0.0335515341712379,3.76202848687272,0,3.99688922607139,"2022-05-08",838,3.90916177314711,-0.0287951285771128,3.80007973162572,3.7953233260316,-0.0010892580265828,0,0.0016707636881366,-1,0,1
13001,"Appling","Georgia",-0.0320027310861678,3.74086737738204,0,3.96488649498521,"2022-05-09",839,3.92338676407846,-0.0283171016232124,3.77035241308569,3.76666678362272,0.0015488030850701,0,0.000478026953900403,1,0,1
13001,"Appling","Georgia",-0.0330608622608929,3.70039959689808,0,3.93182563272433,"2022-05-10",840,3.94019388239484,-0.0291908681771488,3.73135954956802,3.72748955548429,-0.0010581311747251,0,-0.000873766553936402,-1,0,-1
13001,"Appling","Georgia",-0.0312970067219099,3.68144957894904,0,3.90052862600241,"2022-05-11",841,3.95124371858143,-0.0294278871643033,3.6964025354099,3.69453341585229,0.001763855538983,0,-0.000237018987154499,1,0,-1
13001,"Appling","Georgia",-0.0204386676772699,3.73701928458425,0,3.88008995832514,"2022-05-12",842,3.84405002184194,-0.0237725571386232,3.71034816889342,3.71368205835478,0.01085833904464,0,0.0056553300256801,1,0,1
13001,"Appling","Georgia",6.28036983473404e-16,3.88008995832514,0,3.88008995832514,"2022-05-13",843,3.72397077392521,0.00764032120676829,3.94121252797929,3.93357220677252,0.0204386676772705,0,0.0314128783453915,1,0,1
13001,"Appling","Georgia",0.0146415499929497,3.99722235826873,0.0146415499929478,3.99722235826872,"2022-05-14",844,3.58747933967221,0.0216701011883692,4.05345076783209,4.04642221663666,0.0146415499929491,0.0146415499929478,0.0140297799816009,1,1,1
13001,"Appling","Georgia",0.0144302648290312,4.01017362695033,0.0144302648290302,4.01017362695033,"2022-05-15",845,3.42936825862885,0.0188106988189465,4.04521709886965,4.04083666487973,-0.000211285163918501,-0.0002112851639176,-0.0028594023694227,-1,-1,-1
13001,"Appling","Georgia",0.0142249909313476,4.02296170059789,0.0142249909313472,4.02296170059789,"2022-05-16",846,3.23587340123677,0.0183174816658941,4.05570162647426,4.05160913573972,-0.0002052738976836,-0.000205273897683,-0.000493217153052401,-1,-1,-1
13001,"Appling","Georgia",0.0168071183163813,4.05784371060951,0.0168071183163803,4.0578437106095,"2022-05-17",847,2.99573227355399,0.020156714488509,4.08464047998653,4.0812908838144,0.0025821273850337,0.0025821273850331,0.0018392328226149,1,1,1
13001,"Appling","Georgia",0.194839775151387,4.76030252896921,0.194839775151358,4.76030252896901,"2022-07-11",902,3.7744016275521,0.0903974232761588,3.92476371396741,4.02920606584261,0.178032656835006,0.178032656834978,0.0702407087876498,1,1,1
13001,"Appling","Georgia",0.167054084663137,4.73285678021462,0.167054084663165,4.73285678021482,"2022-07-12",903,3.79388276312392,0.0791212808048591,4.02939434934837,4.11732715320667,-0.02778569048825,-0.027785690488193,-0.0112761424712997,-1,-1,-1
13001,"Appling","Georgia",0.0890336223703837,4.27574716653575,0.0890336223703976,4.27574716653585,"2022-07-13",904,3.82241084673846,0.0849470528867266,4.24305461066647,4.24714118015015,-0.0780204622927533,-0.0780204622927674,0.00582577208186751,-1,-1,1
13001,"Appling","Georgia",0.0255955471889708,3.85727618745482,0.025595547188964,3.85727618745477,"2022-07-14",905,3.83483336673702,0.0278572904352146,3.87537013342478,3.87310839017853,-0.0634380751814129,-0.0634380751814336,-0.057089762451512,-1,-1,-1
13001,"Appling","Georgia",0.0249567319738703,3.87776121292299,0.0249567319738673,3.87776121292296,"2022-07-15",906,3.84710345932883,0.0278419693578079,3.90084311199449,3.89795787461055,-0.000638815215100501,-0.000638815215096702,-1.53210774067013e-05,-1,-1,-1
13001,"Appling","Georgia",0.024349029010287,3.89785632118819,0.0243490290102866,3.89785632118819,"2022-07-16",907,3.85922481986117,0.027360038234675,3.92194439498329,3.9189333857589,-0.000607702963583298,-0.0006077029635807,-0.000481931123132898,-1,-1,-1
13001,"Appling","Georgia",0.0237702193339117,3.91757487278747,0.0237702193339118,3.91757487278747,"2022-07-17",908,3.87120101090789,0.0267430532335199,3.94135754398434,3.93838471008473,-0.000578809676375303,-0.000578809676374799,-0.000616985001155101,-1,-1,-1
13001,"Appling","Georgia",0.0232182901020142,3.9369296582662,0.0232182901020073,3.93692965826615,"2022-07-18",909,3.88303546855489,0.0255477145504315,3.95556505385354,3.95323562940512,-0.000551929231897497,-0.000551929231904499,-0.0011953386830884,-1,-1,-1
13001,"Appling","Georgia",0.0194811355718202,3.93025071212666,0.0194811355718212,3.93025071212667,"2022-07-19",910,3.88890058800729,0.0215295880739339,3.94663833214357,3.94458987964146,-0.003737154530194,-0.0037371545301861,-0.0040181264764976,-1,-1,-1
13001,"Appling","Georgia",0.0285280836145396,4.02210743204024,0.0285280836145385,4.02210743204023,"2022-07-20",911,3.95672318434605,0.0296190042761135,4.03083479733283,4.02974387667125,0.0090469480427194,0.0090469480427173,0.0080894162021796,1,1,1
13001,"Appling","Georgia",0.0124225199985572,3.92179100672692,0.0124225199985579,3.92179100672692,"2022-07-21",912,3.97834564835922,0.0150665321868756,3.94294310423346,3.94029909204515,-0.0161055636159824,-0.0161055636159806,-0.0145524720892379,-1,-1,-1
13001,"Appling","Georgia",0.0122700925918127,3.93299410747152,0.0122700925918147,3.93299410747153,"2022-07-22",913,3.99951045955126,0.0165055575805982,3.96687782738181,3.96264236239302,-0.000152427406744501,-0.0001524274067432,0.0014390253937226,-1,-1,1
13001,"Appling","Georgia",0.0121213605323456,3.94407434358759,0.0121213605323436,3.94407434358758,"2022-07-23",914,4.02023659006838,0.0163640271342099,3.97801567640251,3.97377300980064,-0.0001487320594671,-0.0001487320594711,-0.000141530446388299,-1,-1,-1
13001,"Appling","Georgia",0.0119761910467174,3.95503434823491,0.0119761910467164,3.95503434823491,"2022-07-24",915,4.04054185622913,0.0145184771516739,3.97537263707456,3.97283035096961,-0.0001451694856282,-0.000145169485627199,-0.001845549982536,-1,-1,-1
13001,"Appling","Georgia",0.0118344576470055,3.96587667208393,0.0118344576470033,3.96587667208392,"2022-07-25",916,4.06044301054642,0.0141483065352667,3.98438746319002,3.98207361430176,-0.000141733399711901,-0.000141733399713101,-0.000370170616407199,-1,-1,-1
13001,"Appling","Georgia",0.00586511945239781,3.92995642417408,0.0058651194523982,3.92995642417408,"2022-07-26",917,4.08477511120595,0.0107445520665531,3.96899188508731,3.96411245247316,-0.00596933819460769,-0.0059693381946051,-0.0034037544687136,-1,-1,-1
13001,"Appling","Georgia",0.0678225963387601,4.43148135871737,0.0678225963387606,4.43148135871738,"2022-07-27",918,4.0943445622221,0.06689225213591,4.42403860509457,4.42496894929742,0.0619574768863623,0.0619574768863624,0.0561477000693569,1,1,1
13001,"Appling","Georgia",0.0216224640131618,4.12970289645135,0.021622464013165,4.12970289645137,"2022-07-28",919,4.13858926401986,0.0226709501291496,4.13809078537925,4.13704229926327,-0.0462001323255983,-0.0462001323255956,-0.0442213020067604,-1,-1,-1
13001,"Appling","Georgia",0.02116481119205,4.14766413789561,0.0211648111920439,4.14766413789557,"2022-07-29",920,4.18095903505887,0.0216687410666611,4.15169557689251,4.15119164701789,-0.000457652821111799,-0.000457652821121101,-0.0010022090624885,-1,-1,-1
13001,"Appling","Georgia",0.0207261305171136,4.16531950368817,0.0207261305171165,4.16531950368819,"2022-07-30",921,4.22160634183303,0.0211994623713585,4.16910615852213,4.16863282666789,-0.000438680674936399,-0.000438680674927399,-0.0004692786953026,-1,-1,-1
13001,"Appling","Georgia",0.0203052661607497,4.18267871935437,0.0203052661607463,4.18267871935435,"2022-07-31",922,4.26066577766961,0.0213172873417651,4.1907748888025,4.18976286762149,-0.0004208643563639,-0.000420864356370201,0.000117824970406601,-1,-1,1
13001,"Appling","Georgia",0.0199011543172953,4.19975109076749,0.019901154317294,4.19975109076748,"2022-08-01",923,4.29825675160842,0.0208215544651385,4.20711429195024,4.20619389180239,-0.000404111843454402,-0.0004041118434523,-0.0004957328766266,-1,-1,-1
13001,"Appling","Georgia",0.0243321006595237,4.25509981582262,0.0243321006595307,4.25509981582266,"2022-08-02",924,4.33448568990488,0.0249836170898597,4.2603119472653,4.25966043083497,0.0044309463422284,0.0044309463422367,0.0041620626247212,1,1,1
13001,"Appling","Georgia",0.00956945101614907,4.16133071933514,0.00956945101615059,4.16133071933515,"2022-08-03",925,4.38736947908438,0.0123803333780783,4.18381777823058,4.18100689586865,-0.0147626496433746,-0.0147626496433801,-0.0126032837117814,-1,-1,-1
13001,"Appling","Georgia",0.0442447017977579,4.44830217660416,0.0442447017977576,4.44830217660416,"2022-08-04",926,4.43251603459627,0.0444593618327304,4.45001945688394,4.44980479684897,0.0346752507816088,0.034675250781607,0.0320790284546521,1,1,1
13001,"Appling","Georgia",0.0423697710390195,4.47754743233201,0.042369771039013,4.47754743233196,"2022-08-05",927,4.47571211875121,0.0426087833667575,4.47945953095392,4.47922051862617,-0.0018749307587384,-0.0018749307587446,-0.0018505784659729,-1,-1,-1
13001,"Appling","Georgia",0.0406473067741428,4.50613748925203,0.0406473067741562,4.50613748925212,"2022-08-06",928,4.51711930786536,0.0416476530863143,4.51414025974938,4.51313991343723,-0.0017224642648767,-0.0017224642648568,-0.000961130280443194,-1,-1,-1
13001,"Appling","Georgia",0.0390594358365868,4.53408182852572,0.0390594358365872,4.53408182852572,"2022-08-07",929,4.55687989686031,0.0388707337469579,4.53257221180869,4.53276091389831,-0.001587870937556,-0.001587870937569,-0.0027769193393564,-1,-1,-1
13001,"Appling","Georgia",0.0375909739388093,4.56139356918009,0.0375909739388085,4.56139356918008,"2022-08-08",930,4.59511985013459,0.0373728214533789,4.55964834929664,4.55986650178207,-0.0014684618977775,-0.0014684618977787,-0.00149791229357901,-1,-1,-1
13001,"Appling","Georgia",0.0362289382964576,4.58808825798008,0.0362289382964587,4.58808825798009,"2022-08-09",931,4.63195120866574,0.0367110569596772,4.59194520728584,4.59146308862262,-0.0013620356423517,-0.0013620356423498,-0.0006617644937017,-1,-1,-1
13001,"Appling","Georgia",0.0528837891794869,4.75755600334078,0.0528837891794955,4.75755600334085,"2022-08-10",932,4.68213122712422,0.0500013397733931,4.73449640809202,4.73737885749813,0.0166548508830293,0.0166548508830368,0.0132902828137159,1,1,1
13001,"Appling","Georgia",0.0451465555118964,4.74854192317955,0.0451465555118959,4.74854192317954,"2022-08-11",933,4.70177822450801,0.0385455579638575,4.69573394279524,4.70233494034327,-0.0077372336675905,-0.0077372336675996,-0.0114557818095356,-1,-1,-1
13001,"Appling","Georgia",0.043196084154939,4.77808470783578,0.0431960841549319,4.77808470783573,"2022-08-12",934,4.72104664337389,0.0411507212870197,4.76172180489243,4.76376716776035,-0.0019504713569574,-0.001950471356964,0.0026051633231622,-1,-1,1
13001,"Appling","Georgia",0.0414071891141515,4.80696963166442,0.0414071891141523,4.80696963166442,"2022-08-13",935,4.73995079801304,0.0394188605733726,4.79106300333819,4.79305133187897,-0.0017888950407875,-0.0017888950407796,-0.0017318607136471,-1,-1,-1
13001,"Appling","Georgia",0.0397605889949586,4.83520401982502,0.0397605889949535,4.83520401982499,"2022-08-14",936,4.7585042059088,0.0377615846802419,4.81921198530729,4.821210989622,-0.0016466001191929,-0.0016466001191988,-0.0016572758931307,-1,-1,-1
13001,"Appling","Georgia",0.0382399532742765,4.86279952305452,0.038239953274279,4.86279952305454,"2022-08-15",937,4.77671964580014,0.0372435983220557,4.85482868343676,4.85582503838898,-0.0015206357206821,-0.0015206357206745,-0.000517986358186201,-1,-1,-1
13001,"Appling","Georgia",0.0368313585311411,4.88977071838372,0.0368313585311464,4.88977071838376,"2022-08-16",938,4.79460921055091,0.0352475321851893,4.8771001076161,4.87868393396206,-0.0014085947431354,-0.0014085947431326,-0.0019960661368664,-1,-1,-1
13001,"Appling","Georgia",0.0501800184585082,5.03339135633378,0.0501800184584837,5.03339135633361,"2022-08-17",939,4.80869395043265,0.045044237328403,4.99230510729296,4.99744088842304,0.0133486599273671,0.0133486599273373,0.0097967051432137,1,1,1
13001,"Appling","Georgia",0.0196469973837928,4.83930720619456,0.0196469973837949,4.83930720619458,"2022-08-18",940,4.8283137373023,0.0205921690305476,4.8468685793686,4.84592340772184,-0.0305330210747154,-0.0305330210746888,-0.0244520682978554,-1,-1,-1
13001,"Appling","Georgia",0.0192684188658798,4.85592557543505,0.0192684188658756,4.85592557543502,"2022-08-19",941,4.84755598352469,0.0200236004457373,4.86196702807391,4.86121184649405,-0.000378578517912998,-0.000378578517919302,-0.000568568584810299,-1,-1,-1
13001,"Appling","Georgia",0.0189041546391547,4.87227988048713,0.0189041546391522,4.87227988048711,"2022-08-20",942,4.86643494512217,0.0192632292969575,4.87515247774955,4.87479340309174,-0.0003642642267251,-0.0003642642267234,-0.0007603711487798,-1,-1,-1
13001,"Appling","Georgia",0.0185534078957584,4.88837806117911,0.0185534078957543,4.88837806117908,"2022-08-21",943,4.88496408559086,0.018958717162183,4.8916205353105,4.89121522604408,-0.000350746743396302,-0.000350746743397898,-0.0003045121347745,-1,-1,-1
13001,"Appling","Georgia",0.0182154398913447,4.90422772503955,0.0182154398913408,4.90422772503952,"2022-08-22",944,4.90421601709019,0.0189261490636483,4.90991339841799,4.90920268924568,-0.0003379680044137,-0.000337968004413502,-3.25680985346979e-05,-1,-1,-1
13001,"Appling","Georgia",0.0178895647507705,4.9198361638063,0.0178895647507735,4.91983616380633,"2022-08-23",945,4.92310430161039,0.0184537908283564,4.92434997242699,4.92378574634941,-0.000325875140574198,-0.000325875140567301,-0.000472358235291903,-1,-1,-1
13001,"Appling","Georgia",0.0140847398817424,4.90728712960485,0.0140847398817412,4.90728712960484,"2022-08-24",946,4.93035446283545,0.0155334075976345,4.91887647133199,4.91742780361609,-0.0038048248690281,-0.0038048248690323,-0.0029203832307219,-1,-1,-1
13001,"Appling","Georgia",0.019619786869655,4.96565224538989,0.019619786869649,4.96565224538984,"2022-08-25",947,4.92828834639798,0.0199641589738255,4.96840722222325,4.96806285011908,0.0055350469879126,0.0055350469879078,0.004430751376191,1,1,1
13001,"Appling","Georgia",0.0192422462223921,4.98225170708144,0.0192422462223911,4.98225170708143,"2022-08-26",948,4.92621795228367,0.0192856901510341,4.98259925851057,4.98255581458193,-0.000377540647262902,-0.000377540647257899,-0.000678468822791399,-1,-1,-1
13001,"Appling","Georgia",0.0188789615974742,4.99858767630449,0.0188789615974736,4.99858767630448,"2022-08-27",949,4.92414326274281,0.0185121638158663,4.99565329405162,4.99602009183323,-0.000363284624917897,-0.000363284624917498,-0.0007735263351678,-1,-1,-1
13001,"Appling","Georgia",0.0185291404686963,5.01466806887174,0.018529140468698,5.01466806887175,"2022-08-28",950,4.92206425991498,0.017546791151837,5.00680927433687,5.00779162365372,-0.000349821128777902,-0.000349821128775601,-0.000965372664029299,-1,-1,-1
13001,"Appling","Georgia",0.0192519314993299,5.0389795375855,0.0192519314993245,5.03897953758546,"2022-08-29",951,4.91893762891555,0.0191300737685494,5.03800467573925,5.03812653347004,0.0007227910306336,0.000722791030626498,0.0015832826167124,1,1,1
13001,"Appling","Georgia",0.018888284520202,5.0553222932518,0.0188882845202016,5.0553222932518,"2022-08-30",952,4.91580119142541,0.018335742917066,5.05090196042672,5.05145450202985,-0.000363646979127899,-0.0003636469791229,-0.000794330851483397,-1,-1,-1
13001,"Appling","Georgia",0.00725016122506135,4.98110559141088,0.00725016122505906,4.98110559141086,"2022-08-31",953,4.89034912822175,0.00880571109453397,4.99354999036666,4.99199444049719,-0.0116381232951407,-0.0116381232951425,-0.00953003182253203,-1,-1,-1
13001,"Appling","Georgia",-0.00206611643746915,4.9138255313357,0,4.92828834639798,"2022-09-01",954,4.85203026391962,-0.00381411283663091,4.8998415601424,4.90158955654156,-0.0093162776625305,-0.00725016122505906,-0.0126198239311649,-1,-1,-1
13001,"Appling","Georgia",-0.00207039411430692,4.91172519348352,0,4.92621795228367,"2022-09-02",955,4.81218435537242,-0.00398750870700435,4.89638827674194,4.89830539133464,-4.27767683776987e-06,0,-0.00017339587037344,-1,0,-1
13001,"Appling","Georgia",-0.0020746895408584,4.90962043595681,0,4.92414326274281,"2022-09-03",956,4.77068462446567,-0.00438731104706475,4.89111946390715,4.89343208541336,-4.29542655147998e-06,0,-0.0003998023400604,-1,0,-1
13001,"Appling","Georgia",-0.00207900282783904,4.9075112401201,0,4.92206425991498,"2022-09-04",957,4.72738781871234,-0.00485739122076338,4.8852841329767,4.88806252136964,-4.31328698063992e-06,0,-0.00047008017369863,-1,0,-1
13001,"Appling","Georgia",-0.00312663099942832,4.89705121191955,0,4.91893762891555,"2022-09-05",958,4.68213122712422,-0.00458652313135849,4.88537207486411,4.88683196699604,-0.00104762817158928,0,0.000270868089404889,-1,0,1
13001,"Appling","Georgia",-0.00313643749013371,4.89384612899448,0,4.91580119142541,"2022-09-06",959,4.63472898822964,-0.00554055040109959,4.87461322570675,4.87701733861771,-9.80649070538974e-06,0,-0.0009540272697411,-1,0,-1
13001,"Appling","Georgia",-0.02545206320366,4.71218468579613,0,4.89034912822175,"2022-09-07",960,4.57618264911484,-0.0229857784432072,4.73191496387975,4.7294486791193,-0.0223156257135263,0,-0.0174452280421076,-1,0,-1
13001,"Appling","Georgia",-0.0383188643021296,4.58379821380471,0,4.85203026391962,"2022-09-08",961,4.51867815463465,-0.0320071038149743,4.63429229770196,4.6279805372148,-0.0128668010984696,0,-0.0090213253717671,-1,0,-1
13001,"Appling","Georgia",-0.0398459085472053,4.53326299554198,0,4.81218435537242,"2022-09-09",962,4.4576640488795,-0.0356378056617159,4.56692781862589,4.56271971574041,-0.0015270442450757,0,-0.0036307018467416,-1,0,-1
13001,"Appling","Georgia",-0.0414997309067605,4.48018650811834,0,4.77068462446567,"2022-09-10",963,4.39268392914787,-0.036183666956917,4.52271501971708,4.51739895576725,-0.0016538223595552,0,-0.000545861295201101,-1,0,-1
13001,"Appling","Georgia",-0.0432968057533155,4.42431017843913,0,4.72738781871234,"2022-09-11",964,4.32318613465095,-0.0374330612624276,4.47122013436625,4.46535638987535,-0.001797074846555,0,-0.0012493943055106,-1,0,-1
13001,"Appling","Georgia",-0.0452565915881289,4.36533508600732,0,4.68213122712422,"2022-09-12",965,4.24849524204936,-0.042131185281075,4.39033833646374,4.38721293015669,-0.0019597858348134,0,-0.0046981240186474,-1,0,-1
13001,"Appling","Georgia",-0.047402238894567,4.30291331596767,0,4.63472898822964,"2022-09-13",966,4.16555719044736,-0.0414902826046673,4.35020896628688,4.34429700999697,-0.0021456473064381,0,0.000640902676407699,-1,0,1
13001,"Appling","Georgia",-0.0585463391148074,4.16635827531119,0,4.57618264911484,"2022-09-14",967,4.08236837117539,-0.0480730365564033,4.25014469577841,4.23967139322002,-0.0111441002202404,0,-0.006582753951736,-1,0,-1
13001,"Appling","Georgia",-0.0575044944801916,4.11614669327331,0,4.51867815463465,"2022-09-15",968,4.02023659006838,-0.0485128874092199,4.18807954984108,4.17908794277011,0.0010418446346158,0,-0.000439850852816601,1,0,-1
13001,"Appling","Georgia",-0.0610141057551472,4.03056530859347,0,4.4576640488795,"2022-09-16",969,3.95398720452718,-0.0525141384405117,4.09856504711056,4.09006507979592,-0.0035096112749556,0,-0.0040012510312918,-1,0,-1
13001,"Appling","Georgia",-0.0649801197316087,3.93782309102661,0,4.39268392914787,"2022-09-17",970,3.88303546855489,-0.0557908140197436,4.01133753672155,4.00214823100966,-0.00396601397646149,0,-0.0032766755792319,-1,0,-1
13001,"Appling","Georgia",-0.0694977944969225,3.83670157317249,0,4.32318613465095,"2022-09-18",971,3.80666248977032,-0.060501091869293,3.90867519419353,3.8996784915659,-0.00451767476531381,0,-0.0047102778495494,-1,0,-1
13001,"Appling","Georgia",-0.0746908926015882,3.72565899383824,0,4.24849524204936,"2022-09-19",972,3.72397077392521,-0.0626647528962344,3.82186811148107,3.80984197177572,-0.0051930981046657,0,-0.0021636610269414,-1,0,-1
13001,"Appling","Georgia",-0.0829380516020218,3.58499082923321,0,4.16555719044736,"2022-09-20",973,3.63758615972639,-0.0717641287587095,3.67438221197968,3.66320828913639,-0.0082471590004336,0,-0.0090993758624751,-1,0,-1
13001,"Appling","Georgia",-0.0831888192719646,3.50004663627163,0,4.08236837117539,"2022-09-21",974,3.52214999207982,-0.0757308688810929,3.55971023939862,3.55225228900774,-0.000250767669942795,0,-0.00396674012238341,-1,0,-1
13001,"Appling","Georgia",-0.0621317811070059,3.58531412231934,0,4.02023659006838,"2022-09-22",975,3.48781185449893,-0.0612953841073874,3.59200529831629,3.59116890131667,0.0210570381649587,0,0.0144354847737055,1,0,1
13001,"Appling","Georgia",-0.0662493855412107,3.49024150573871,0,3.95398720452718,"2022-09-23",976,3.45225255246244,-0.0645879573804057,3.50353293102513,3.50187150286434,-0.00411760443420479,0,-0.0032925732730183,-1,0,-1
13001,"Appling","Georgia",-0.0709517359722831,3.38637331674891,0,3.88303546855489,"2022-09-24",977,3.41538201665411,-0.0661959456740214,3.42441963913501,3.41966384883674,-0.00470235043107241,0,-0.00160798829361571,-1,0,-1
13001,"Appling","Georgia",-0.0763729787845614,3.27205163827839,0,3.80666248977032,"2022-09-25",978,3.3770998300831,-0.0727351188968039,3.30115451738046,3.29751665749269,-0.00542124281227829,0,-0.0065391732227825,-1,0,-1
13001,"Appling","Georgia",-0.0826917158451125,3.14512876300942,0,3.72397077392521,"2022-09-26",979,3.33729357968267,-0.0776033989197737,3.18583529841213,3.18074698148679,-0.00631873706055111,0,-0.00486828002296981,-1,0,-1
13001,"Appling","Georgia",-0.0863846141988338,3.03289386033455,0,3.63758615972639,"2022-09-27",980,3.29583686600433,-0.0799789534572126,3.08413914626751,3.0777334855259,-0.00369289835372129,0,-0.0023755545374389,-1,0,-1
13001,"Appling","Georgia",-0.115436167646584,2.71409681855373,0,3.52214999207982,"2022-09-28",981,3.20738144544247,-0.0972970060417039,2.85921011139276,2.84107094978789,-0.0290515534477502,0,-0.0173180525844913,-1,0,-1
13001,"Appling","Georgia",-0.0343381375808862,3.24744489143272,0,3.48781185449893,"2022-09-29",982,3.14784005175145,-0.0405536358341791,3.19772090540639,3.20393640365968,0.0810980300656978,0,0.0567433702075248,1,0,1
13001,"Appling","Georgia",-0.0355593020364974,3.20333743820696,0,3.45225255246244,"2022-09-30",983,3.08452777233712,-0.0432471569794202,3.14183459866357,3.1495224536065,-0.00122116445561121,0,-0.0026935211452411,-1,0,-1
13001,"Appling","Georgia",-0.0368705358083229,3.15728826599585,0,3.41538201665411,"2022-10-01",984,3.01693448120459,-0.041696913709087,3.11867724278974,3.1235036206905,-0.00131123377182549,0,0.0015502432703332,-1,0,1
13001,"Appling","Georgia",0.0836500292869347,3.72723639118561,0.0836500292869222,3.72723639118552,"2022-12-26",1070,3.32194801000801,0.0726947593411413,3.63959423161928,3.65054950156506,0.120520565095258,0.0836500292869222,0.114391673050228,1,1,1
13001,"Appling","Georgia",0.0771896386911192,3.75920329570604,0.0771896386911317,3.75920329570612,"2022-12-27",1071,3.32708940950844,0.0751124102590455,3.74258546824943,3.74466269668152,-0.0064603905958155,-0.0064603905957905,0.0024176509179042,-1,-1,1
13001,"Appling","Georgia",0.050149783685464,3.62007409435192,0.0501497836854723,3.62007409435198,"2022-12-28",1072,3.32194801000801,0.0538080848934556,3.64934050401584,3.64568220280786,-0.0270398550056552,-0.0270398550056594,-0.0213043253655899,-1,-1,-1
13001,"Appling","Georgia",0.0108109161042159,3.3555129373874,0.0108109161042163,3.3555129373874,"2022-12-29",1073,3.35240721749272,0.0180351224929686,3.41330658849742,3.40608238210867,-0.0393388675812481,-0.039338867581256,-0.035772962400487,-1,-1,-1
13001,"Appling","Georgia",0.0106952891167492,3.36539883759188,0.0106952891167484,3.36539883759188,"2022-12-30",1074,3.35739475900376,0.0168174453889879,3.41437608776979,3.40825393149756,-0.000115626987466699,-0.000115626987467901,-0.0012176771039807,-1,-1,-1
13001,"Appling","Georgia",0.010582109330535,3.37518868841892,0.0105821093305338,3.37518868841891,"2022-12-31",1075,3.36235754834589,0.0158363244982591,3.41722240976071,3.41196819459298,-0.000113179786214201,-0.0001131797862146,-0.000981120890728802,-1,-1,-1
13001,"Appling","Georgia",0.0104712998672975,3.38488432204355,0.0104712998672958,3.38488432204354,"2023-01-01",1076,3.36729582998647,0.0162961941857004,3.43148347659077,3.42565858227237,-0.0001108094632375,-0.000110809463238,0.0004598696874413,-1,-1,1
13001,"Appling","Georgia",0.0103627870355454,3.39448751925683,0.0103627870355472,3.39448751925684,"2023-01-02",1077,3.3722098447889,0.0156333467439596,3.43665199692415,3.43138143721573,-0.000108512831752099,-0.000108512831748599,-0.000662847441740798,-1,-1,-1
13001,"Appling","Georgia",0.00514139950041895,3.36307920601137,0.00514139950042081,3.36307920601138,"2023-01-03",1078,3.38680864421006,0.0107441580868838,3.40790127470308,3.40229851611663,-0.00522138753512645,-0.00522138753512639,-0.0048891886570758,-1,-1,-1
13001,"Appling","Georgia",-0.00514139950041895,3.28595821350508,0,3.32194801000801,"2023-01-04",1079,3.42936825862885,-0.0018134896253114,3.31258149250595,3.30925358263083,-0.0102827990008379,-0.00514139950042081,-0.0125576477121952,-1,-1,-1
13001,"Appling","Georgia",0.030459207484715,3.56562166988573,0.0304592074847103,3.5656216698857,"2023-01-05",1080,3.4106761256167,0.0335644882835147,3.59046391627613,3.58735863547732,0.0356006069851339,0.0304592074847103,0.0353779779088261,1,1,1
13001,"Appling","Georgia",0.00498754151103746,3.39230754958102,0.0049875415110372,3.39230754958102,"2023-01-06",1081,3.41538201665411,0.00903901818929623,3.42471936300709,3.42066788632883,-0.0254716659736775,-0.0254716659736731,-0.0245254700942185,-1,-1,-1
13001,"Appling","Georgia",0.00496278934213327,3.39709707374083,0.00496278934213112,3.39709707374081,"2023-01-07",1082,3.42006586596654,0.00957749140396059,3.43401469023544,3.42939998817361,-2.47521689041895e-05,-2.47521689060804e-05,0.000538473214664359,-1,-1,1
13001,"Appling","Georgia",0.00493828164058115,3.40186380147054,0.00493828164058119,3.40186380147054,"2023-01-08",1083,3.42472787907235,NA,NA,NA,-2.45077015521202e-05,-2.45077015499301e-05,NA,-1,-1,NA
13001,"Appling","Georgia",0.00491401480242963,3.40660794840591,0.00491401480242759,3.4066079484059,"2023-01-09",1084,3.42936825862885,NA,NA,NA,-2.42668381515198e-05,-2.42668381535997e-05,NA,-1,-1,NA
13001,"Appling","Georgia",0.0145987994211526,3.48900024015813,0.0145987994211549,3.48900024015814,"2023-01-10",1085,3.42936825862885,NA,NA,NA,0.00968478461872297,0.00968478461872731,NA,1,1,NA
13001,"Appling","Georgia",0.04255961441879,3.72728555956038,0.0425596144187965,3.72728555956043,"2023-01-11",1086,3.45225255246244,NA,NA,NA,0.0279608149976374,0.0279608149976416,NA,1,1,NA
13001,"Appling","Georgia",-0.0186921330121493,3.27983119453165,0,3.4106761256167,"2023-01-12",1087,3.49216915986788,NA,NA,NA,-0.0612517474309393,-0.0425596144187965,NA,-1,-1,NA
13001,"Appling","Georgia",0.00470589103741069,3.44832325391599,0.00470589103741093,3.44832325391599,"2023-01-13",1088,3.5305534028762,NA,NA,NA,0.02339802404956,0.00470589103741093,NA,1,1,NA
13001,"Appling","Georgia",0.00468384931242899,3.45285281115354,0.00468384931242838,3.45285281115354,"2023-01-14",1089,3.56751859710967,NA,NA,NA,-2.20417249817001e-05,-2.20417249825492e-05,NA,-1,-1,NA
13001,"Appling","Georgia",0.00466201310580942,3.45736197081302,0.00466201310580994,3.45736197081302,"2023-01-15",1090,3.60316593583991,NA,NA,NA,-2.18362066195703e-05,-2.18362066184401e-05,NA,-1,-1,NA
13001,"Appling","Georgia",0.0046403795565035,3.46185091552438,0.0046403795565042,3.46185091552438,"2023-01-16",1091,3.63758615972639,NA,NA,NA,-2.16335493059194e-05,-2.16335493057399e-05,NA,-1,-1,NA
13001,"Appling","Georgia",6.28036983473404e-16,3.42936825862886,0,3.42936825862885,"2023-01-17",1092,3.67086094861126,NA,NA,NA,-0.00464037955650287,-0.0046403795565042,NA,-1,-1,NA
13001,"Appling","Georgia",0.0228842938335827,3.61244260929752,0.0228842938335871,3.61244260929755,"2023-01-18",1093,3.68887945411394,NA,NA,NA,0.0228842938335821,0.0228842938335871,NA,1,1,NA
13001,"Appling","Georgia",0.0399166074054382,3.77158541170595,0.0399166074054431,3.77158541170599,"2023-01-19",1094,3.71357206670431,NA,NA,NA,0.0170323135718555,0.017032313571856,NA,1,1,NA
13001,"Appling","Georgia",0.0383842430083196,3.79924310393443,0.0383842430083128,3.79924310393439,"2023-01-20",1095,3.73766961828337,NA,NA,NA,-0.0015323643971186,-0.0015323643971303,NA,-1,-1,NA
13001,"Appling","Georgia",0.0369651942334766,3.826274956744,0.0369651942334719,3.82627495674397,"2023-01-21",1096,3.76120011569356,0.037600976757739,3.83136121693811,3.83072543441384,-0.001419048774843,-0.0014190487748409,NA,-1,-1,NA
13001,"Appling","Georgia",0.0356473387302309,3.85269730695152,0.0356473387302381,3.85269730695157,"2023-01-22",1097,3.78418963391826,0.0366318181370052,3.86057314220571,3.85958866279895,-0.0013178555032457,-0.0013178555032338,-0.000969158620733795,-1,-1,-1
13001,"Appling","Georgia",0.0344202238864729,3.8785277269317,0.0344202238864795,3.87852772693174,"2023-01-23",1098,3.80666248977032,0.0344300006076389,3.87860594070102,3.87859616397986,-0.001227114843758,-0.0012271148437586,-0.0022018175293663,-1,-1,-1
13001,"Appling","Georgia",0.033274788884886,3.90378447080546,0.0332747888848726,3.90378447080537,"2023-01-24",1099,3.8286413964891,0.0325490745364433,3.89797875601794,3.89870447036636,-0.0011454350015869,-0.0011454350016069,-0.0018809260711956,-1,-1,-1
13001,"Appling","Georgia",0.0180185055026753,3.81500899263266,0.018018505502678,3.81500899263268,"2023-01-25",1100,3.83483336673702,0.0195886464821094,3.82757012046814,3.82599997948871,-0.0152562833822107,-0.0152562833821946,-0.0129604280543339,-1,-1,-1
13001,"Appling","Georgia",0.0246926125903811,3.88642035483698,0.0246926125903717,3.88642035483691,"2023-01-26",1101,3.82241084673846,0.0241831346627924,3.88234453141628,3.88285400934386,0.0066741070877058,0.0066741070876937,0.004594488180683,1,1,1
13001,"Appling","Georgia",0.0240975515790635,3.90635247933681,0.0240975515790605,3.90635247933679,"2023-01-27",1102,3.8098320645316,0.0242916150433729,3.90790498705129,3.90771092358698,-0.000595061011317601,-0.000595061011311199,0.000108480380580502,-1,-1,1
13001,"Appling","Georgia",0.0235304974101961,3.92591359756494,0.023530497410194,3.92591359756492,"2023-01-28",1103,3.79709303875417,0.0227967049912717,3.92004325821354,3.92077705063246,-0.0005670541688674,-0.000567054168866498,-0.0014949100521012,-1,-1,-1
13001,"Appling","Georgia",0.0229895182247009,3.94511626149117,0.0229895182246986,3.94511626149115,"2023-01-29",1104,3.78418963391826,0.0217638880914718,3.93531122042533,3.93653685055856,-0.0005409791854952,-0.000540979185495401,-0.0010328168997999,-1,-1,-1
13001,"Appling","Georgia",0.0224728558520655,3.96397248073478,0.0224728558520586,3.96397248073473,"2023-01-30",1105,3.77111755235091,0.0211507755171645,3.95339583805558,3.95471791839047,-0.000516662372635399,-0.00051666237264,-0.000613112574307302,-1,-1,-1
13001,"Appling","Georgia",0.021978906718774,3.98249374352051,0.0219789067187754,3.98249374352052,"2023-01-31",1106,3.75787232560089,0.0206502551512552,3.97186453098036,3.97319318254789,-0.0004939491332915,-0.000493949133283201,-0.0005005203659093,-1,-1,-1
13001,"Appling","Georgia",0.00619197024792185,3.87817715847247,0.0061919702479214,3.87817715847247,"2023-02-01",1107,3.74782198974739,0.00750230938459266,3.88865987156584,3.88734953242917,-0.0157869364708522,-0.015786936470854,-0.0131479457666625,-1,-1,-1
13001,"Appling","Georgia",-0.0124225199985599,3.73545320674854,0,3.82241084673846,"2023-02-02",1108,3.72051653905712,-0.0148152426812071,3.71631142528736,3.71870414797001,-0.0186144902464817,-0.0061919702479214,-0.0223175520657998,-1,-1,-1
13001,"Appling","Georgia",-0.0125787822068608,3.72178058908357,0,3.8098320645316,"2023-02-03",1109,3.69244452027843,-0.0145925577405716,3.70567038481389,3.7076841603476,-0.0001562622083009,0,0.000222684940635501,-1,0,1
13001,"Appling","Georgia",-0.0127390257774276,3.70791985831218,0,3.79709303875417,"2023-02-04",1110,3.66356164612965,-0.0142920314209649,3.69549581316388,3.69704881880742,-0.000160243570566801,0,0.000300526319606699,-1,0,1
13001,"Appling","Georgia",-0.0129034048359057,3.69386580006692,0,3.78418963391826,"2023-02-05",1111,3.63381967693091,-0.0144665033674528,3.68136101181455,3.68292411034609,-0.0001643790584781,0,-0.000174471946487899,-1,0,-1
13001,"Appling","Georgia",-0.0130720815673503,3.67961298137946,0,3.77111755235091,"2023-02-06",1112,3.60316593583991,-0.0149349997631803,3.66470963581282,3.66657255400865,-0.000168676731444599,0,-0.0004684963957275,-1,0,-1
13001,"Appling","Georgia",-0.0132452267500217,3.66515573835074,0,3.75787232560089,"2023-02-07",1113,3.5715427474094,-0.0160091769654861,3.64304413662702,3.64580808684249,-0.0001731451826714,0,-0.0010741772023058,-1,0,-1
13001,"Appling","Georgia",-0.0100503358535041,3.67746963877286,0,3.74782198974739,"2023-02-08",1114,3.53472877428668,-0.0123397146674482,3.6591546082613,3.66144398707525,0.0031948908965176,0,0.0036694622980379,1,0,1
13001,"Appling","Georgia",-0.0273054506902613,3.52937838422529,0,3.72051653905712,"2023-02-09",1115,3.51367536508885,-0.026911271663466,3.53253181643966,3.53213763741286,-0.0172551148367572,0,-0.0145715569960178,-1,0,-1
13001,"Appling","Georgia",-0.0280720187786817,3.49594038882766,0,3.69244452027843,"2023-02-10",1116,3.49216915986788,-0.0277292575706527,3.4986824784919,3.49833971728386,-0.000766568088420398,0,-0.000817985907186698,-1,0,-1
13001,"Appling","Georgia",-0.0288828741487822,3.46138152708817,0,3.66356164612965,"2023-02-11",1117,3.47019025314911,-0.0295114034103835,3.45635329299536,3.45698182225697,-0.000810855370100502,0,-0.0017821458397308,-1,0,-1
13001,"Appling","Georgia",-0.0297419691987508,3.42562589253965,0,3.63381967693091,"2023-02-12",1118,3.44771739729705,-0.0288904414315257,3.43243811467744,3.43158658691023,-0.000859095049968599,0,0.0006209619788578,-1,0,1
13001,"Appling","Georgia",-0.0306537410909977,3.38858974820292,0,3.60316593583991,"2023-02-13",1119,3.42472787907235,-0.0306465367043727,3.38864738329593,3.3886401789093,-0.0009117718922469,0,-0.001756095272847,-1,0,-1
13001,"Appling","Georgia",-0.0316231884305051,3.35018042839586,0,3.5715427474094,"2023-02-14",1120,3.40119738166216,-0.0321758158354602,3.34575940915623,3.34631203656118,-0.0009694473395074,0,-0.0015292791310875,-1,0,-1
13001,"Appling","Georgia",-0.0368139731227109,3.2770309624277,0,3.53472877428668,"2023-02-15",1121,3.35739475900376,-0.0357641634734606,3.28542943962172,3.28437962997246,-0.0051907846922058,0,-0.0035883476380004,-1,0,-1
13001,"Appling","Georgia",-0.0210534091978202,3.36630150070411,0,3.51367536508885,"2023-02-16",1122,3.33729357968267,-0.0225273827401958,3.35450971236511,3.35598368590748,0.0157605639248907,0,0.0132367807332648,1,0,1
13001,"Appling","Georgia",-0.0215062052209668,3.34162572332112,0,3.49216915986788,"2023-02-17",1123,3.31678003984957,-0.0216230407670948,3.34069103895209,3.34080787449822,-0.000452796023146601,0,0.000904341973100999,-1,0,1
13001,"Appling","Georgia",-0.0219789067187697,3.31633790611772,0,3.47019025314911,"2023-02-18",1124,3.29583686600433,-0.0220210369524209,3.31600086424851,3.31604299448216,-0.000472701497802899,0,-0.000397996185326099,-1,0,-1
13001,"Appling","Georgia",-0.0224728558520579,3.29040740633264,0,3.44771739729705,"2023-02-19",1125,3.27444567602301,-0.0238679288539928,3.27924682231717,3.2806418953191,-0.0004939491332882,0,-0.0018468919015719,-1,0,-1
13001,"Appling","Georgia",-0.0229895182247098,3.26380125149938,0,3.42472787907235,"2023-02-20",1126,3.25258688221051,-0.0227827893524136,3.26545508247774,3.26524835360545,-0.0005166623726519,0,0.0010851395015792,-1,0,1
13001,"Appling","Georgia",-0.0235304974101977,3.23648389979077,0,3.40119738166216,"2023-02-21",1127,3.23023958351852,-0.0238840550042651,3.23365543903823,3.2340089966323,-0.0005409791854879,0,-0.0011012656518515,-1,0,-1
13001,"Appling","Georgia",-0.0438026226583854,3.05077640039506,0,3.35739475900376,"2023-02-22",1128,3.18398856586776,-0.0421910032835236,3.06366935539397,3.06205773601909,-0.0202721252481877,0,-0.0183069482792585,-1,0,-1
13001,"Appling","Georgia",-0.0201011793210846,3.19658532443508,0,3.33729357968267,"2023-02-23",1129,3.12926366617852,-0.0224472784954628,3.17781653104006,3.18016263021443,0.0237014433373008,0,0.0197437247880608,1,0,1
13001,"Appling","Georgia",-0.0205135398331035,3.17318526101785,0,3.31678003984957,"2023-02-24",1130,3.07136968775961,-0.0207099578494701,3.17161391688691,3.17181033490328,-0.0004123605120189,0,0.0017373206459927,-1,0,1
13001,"Appling","Georgia",-0.0209431738452409,3.14923464908764,0,3.29583686600433,"2023-02-25",1131,3.00991690854595,-0.0224196773312925,3.13742262119923,3.13889912468528,-0.0004296340121374,0,-0.0017097194818224,-1,0,-1
13001,"Appling","Georgia",-0.0218587938125003,3.09957532552301,0,3.25258688221051,"2023-02-27",1133,NA,-0.0229354517195877,3.09096206226631,3.0920387201734,-0.000915619967259401,0,-0.000515774388295202,-1,0,-1
13001,"Appling","Georgia",-0.0223472986919938,3.07380849267456,0,3.23023958351852,"2023-02-28",1134,NA,-0.0254596257297737,3.04890987637232,3.0520222034101,-0.0004885048794935,0,-0.002524174010186,-1,0,-1
13001,"Appling","Georgia",-0.0462510176507652,2.8602314423124,0,3.18398856586776,"2023-03-01",1135,NA,-0.0436986634114191,2.88065027622717,2.87809792198783,-0.0239037189587714,0,-0.0182390376816454,-1,0,-1
13001,"Appling","Georgia",-0.0547248996892334,2.74618936835388,0,3.12926366617852,"2023-03-02",1136,NA,-0.0496115464825205,2.7870961940076,2.78198284080088,-0.0084738820384682,0,-0.0059128830711014,-1,0,-1
13001,"Appling","Georgia",-0.0578939784189117,2.66611183882723,0,3.07136968775961,"2023-03-03",1137,NA,-0.0518720373652913,2.71428736725619,2.70826542620257,-0.0031690787296783,0,-0.0022604908827708,-1,0,-1
13001,"Appling","Georgia",-0.061452779213653,2.57974745405038,0,3.00991690854595,"2023-03-04",1138,NA,-0.0562386274013047,2.62146066854917,2.61624651673682,-0.00355880079474129,0,-0.0043665900360134,-1,0,-1
