"fips","county","state","r.lm","predicted.lm","r.slm","predicted.slm","date.y","days_from_start.y","log_rolled_cases.y","tau.hat","predicted.grf.future.0","predicted.grf.future.last","D.r.lm","D.r.slm","D.tau.hat","B.D.r.lm","B.D.r.slm","B.D.tau.hat"
39087,"Lawrence","Ohio",0.0984400728132547,3.8183441758713,0.0984400728132551,3.8183441758713,"2020-07-05",166,3.54302757710137,0.0733625271219576,3.61772381034092,3.64280135603222,NA,NA,NA,NA,NA,NA
39087,"Lawrence","Ohio",0.0896121586896874,3.84616093569601,0.0896121586896852,3.846160935696,"2020-07-06",167,3.57954279007647,0.0711775760026041,3.69868427419935,3.71711885688643,-0.0088279141235673,-0.00882791412356991,-0.00218495111935349,-1,-1,-1
39087,"Lawrence","Ohio",0.0822380982369699,3.87678061076396,0.0822380982369708,3.87678061076397,"2020-07-07",168,3.59926729542425,0.075050677264751,3.81928124298621,3.82646866395843,-0.0073740604527175,-0.0073740604527144,0.00387310126214689,-1,-1,1
39087,"Lawrence","Ohio",0.0661819068813025,3.83056917815559,0.0661819068813028,3.83056917815559,"2020-07-08",169,3.61477148196021,0.0625911871023778,3.80184341992419,3.80543413970311,-0.0160561913556674,-0.016056191355668,-0.0124594901623732,-1,-1,-1
39087,"Lawrence","Ohio",0.0480861866676373,3.75198532332757,0.0480861866676365,3.75198532332757,"2020-07-09",170,3.64133850934494,0.0493760010782939,3.76230383861282,3.76101402420217,-0.0180957202136652,-0.0180957202136663,-0.0132151860240839,-1,-1,-1
39087,"Lawrence","Ohio",0.050353886145619,3.81821310581906,0.0503538861456159,3.81821310581904,"2020-07-10",171,3.66721795733276,0.050456272745072,3.81903219861469,3.81892981201523,0.0022676994779817,0.0022676994779794,0.0010802716667781,1,1,1
39087,"Lawrence","Ohio",0.0393924017106603,3.78087511648501,0.0393924017106611,3.78087511648501,"2020-07-11",172,3.68530163276605,0.0411313945893054,3.79478705951417,3.79304806663553,-0.0109614844349587,-0.0109614844349548,-0.0093248781557666,-1,-1,-1
39087,"Lawrence","Ohio",0.0378992725909852,3.80832248523827,0.0378992725909861,3.80832248523828,"2020-07-12",173,3.70657903121334,0.0397887662931625,3.82343843485569,3.82154894115351,-0.0014931291196751,-0.001493129119675,-0.0013426282961429,-1,-1,-1
39087,"Lawrence","Ohio",0.0365152129750981,3.83514928090216,0.0365152129750981,3.83514928090216,"2020-07-13",174,3.73766961828337,0.0400156375754522,3.86315267770499,3.85965225310464,-0.00138405961588711,-0.001384059615888,0.000226871282289702,-1,-1,1
39087,"Lawrence","Ohio",0.0197245053477775,3.73733883285869,0.0197245053477779,3.7373388328587,"2020-07-14",175,3.77111755235091,0.0217927502637347,3.75388479218635,3.75181654727039,-0.0167907076273206,-0.0167907076273202,-0.0182228873117175,-1,-1,-1
39087,"Lawrence","Ohio",0.0155041865359631,3.72330078771195,0.0155041865359635,3.72330078771196,"2020-07-15",176,3.80348283685294,0.0199290896199738,3.75870001238404,3.75427510930003,-0.0042203188118144,-0.0042203188118144,-0.0018636606437609,-1,-1,-1
39087,"Lawrence","Ohio",0.0265670273847232,3.827307701038,0.0265670273847221,3.82730770103799,"2020-07-16",177,3.83174217416734,0.0318889142256415,3.86988279576534,3.86456090892443,0.0110628408487601,0.0110628408487586,0.0119598246056677,1,1,1
39087,"Lawrence","Ohio",0.0258794479878203,3.8483740932475,0.0258794479878208,3.8483740932475,"2020-07-17",178,3.8859723282282,0.0301699744311417,3.88269830479407,3.87840777835075,-0.0006875793969029,-0.000687579396901301,-0.0017189397944998,-1,-1,-1
39087,"Lawrence","Ohio",0.0180836754332972,3.81188736079913,0.0180836754332971,3.81188736079913,"2020-07-18",179,3.99688922607139,0.0220969137540042,3.84399326736479,3.83998002904408,-0.0077957725545231,-0.0077957725545237,-0.0080730606771375,-1,-1,-1
39087,"Lawrence","Ohio",0.0212773984472848,3.85552082034433,0.0212773984472836,3.85552082034432,"2020-07-19",180,4.08957128346944,0.0239918220085322,3.87723620883431,3.87452178527306,0.0031937230139876,0.0031937230139865,0.001894908254528,1,1,1
39087,"Lawrence","Ohio",0.0310905870700337,3.9553037277736,0.0310905870700315,3.95530372777359,"2020-07-20",181,4.17877324183889,0.0344114331365274,3.98187049630556,3.97854965023906,0.0098131886227489,0.0098131886227479,0.0104196111279952,1,1,1
39087,"Lawrence","Ohio",0.0334479340675409,4.00525309082369,0.0334479340675395,4.00525309082368,"2020-07-21",182,4.27069595202955,0.0356557303527058,4.02291546110502,4.02070766481985,0.0023573469975072,0.002357346997508,0.0012442972161784,1,1,1
39087,"Lawrence","Ohio",0.0323652845020312,4.03003982836716,0.032365284502033,4.03003982836717,"2020-07-22",183,4.3658246600976,0.0355993473645043,4.05591233126694,4.05267826840447,-0.0010826495655097,-0.0010826495655065,-5.63829882015005e-05,-1,-1,-1
39087,"Lawrence","Ohio",0.0282593373144013,4.02955753536815,0.0282593373144016,4.02955753536815,"2020-07-23",184,4.44935144906014,0.0328552832147814,4.06632510257119,4.06172915667081,-0.0041059471876299,-0.0041059471876314,-0.0027440641497229,-1,-1,-1
39087,"Lawrence","Ohio",0.0542301540608626,4.26558340665424,0.0542301540608605,4.26558340665423,"2020-07-24",185,4.52178857704904,0.0563571288373392,4.28259920486605,4.28047223008957,0.0259708167464613,0.0259708167464589,0.0235018456225578,1,1,1
39087,"Lawrence","Ohio",0.110916897843182,4.77330751097366,0.110916897843184,4.77330751097368,"2020-07-25",186,4.56285898791637,0.0994181705160987,4.68131769235699,4.69281641968408,0.0566867437823194,0.0566867437823235,0.0430610416787595,1,1,1
39087,"Lawrence","Ohio",0.0926820573980562,4.73834568525584,0.0926820573980556,4.73834568525583,"2020-07-26",187,4.61086820710273,0.0856215812638411,4.68186187618212,4.68892235231633,-0.0182348404451258,-0.0182348404451284,-0.0137965892522576,-1,-1,-1
39087,"Lawrence","Ohio",0.089201958369448,4.80318695042503,0.0892019583694488,4.80318695042503,"2020-07-27",188,4.65123555283134,0.0815580871585069,4.7420359807375,4.74967985194844,-0.0034800990286082,-0.0034800990286068,-0.0040634941053342,-1,-1,-1
39087,"Lawrence","Ohio",0.0919227101906585,4.91415492336416,0.0919227101906603,4.91415492336417,"2020-07-28",189,4.68872320880638,0.0845391368822849,4.85508633689717,4.86246991020554,0.0027207518212105,0.0027207518212115,0.002981049723778,1,1,1
39087,"Lawrence","Ohio",0.0951287080680521,5.03172561657396,0.0951287080680485,5.03172561657394,"2020-07-29",190,4.72358794080257,0.0864439119848963,4.96224724790872,4.97093204399187,0.0032059978773936,0.00320599787738821,0.0019047751026114,1,1,1
39087,"Lawrence","Ohio",0.0835267889625361,5.03403897179789,0.0835267889625362,5.03403897179789,"2020-07-30",191,4.75605021694722,0.0769274969380784,4.98124463560223,4.98784392762669,-0.011601919105516,-0.0116019191055123,-0.0095164150468179,-1,-1,-1
39087,"Lawrence","Ohio",0.0724371279888981,5.02884847297133,0.0724371279889038,5.02884847297137,"2020-07-31",192,4.78271846402938,0.0682645460527161,4.99546781748187,4.99964039941805,-0.011089660973638,-0.0110896609736324,-0.0086629508853623,-1,-1,-1
39087,"Lawrence","Ohio",0.0410704108673287,4.85035186398767,0.0410704108673281,4.85035186398767,"2020-08-01",193,4.80752776954246,0.0401619639405677,4.84308428857358,4.84399273550034,-0.0313667171215694,-0.0313667171215757,-0.0281025821121484,-1,-1,-1
39087,"Lawrence","Ohio",0.0480092191863617,4.94693274140726,0.0480092191863646,4.94693274140729,"2020-08-02",194,4.82945594188108,0.0489950431794829,4.95481933335223,4.95383350935911,0.00693880831903301,0.0069388083190365,0.0088330792389152,1,1,1
39087,"Lawrence","Ohio",0.0403673457286092,4.93380697293161,0.0403673457286082,4.9338069729316,"2020-08-03",195,4.8497956261182,0.0404957398094077,4.93483412557799,4.93470573149719,-0.0076418734577525,-0.0076418734577564,-0.0084993033700752,-1,-1,-1
39087,"Lawrence","Ohio",0.0374876559750354,4.95113680063162,0.0374876559750339,4.95113680063161,"2020-08-04",196,4.86423230105983,0.0377682596253745,4.95338162983434,4.953101026184,-0.0028796897535738,-0.0028796897535743,-0.0027274801840332,-1,-1,-1
39087,"Lawrence","Ohio",0.034864731996196,4.96764106477594,0.0348647319961941,4.96764106477593,"2020-08-05",197,4.88063507450128,0.0343854516304158,4.96380682184971,4.96428610221548,-0.0026229239788394,-0.0026229239788398,-0.0033828079949587,-1,-1,-1
39087,"Lawrence","Ohio",0.0324622761446566,4.98328614995982,0.0324622761446554,4.98328614995981,"2020-08-06",198,4.90209512552105,0.0326590142135041,4.9848600545106,4.98466331644175,-0.0024024558515394,-0.00240245585153871,-0.0017264374169117,-1,-1,-1
39087,"Lawrence","Ohio",0.0266682470821595,4.9693961936045,0.02666824708216,4.9693961936045,"2020-08-07",199,4.9406214934752,0.0269011895090019,4.97125973301924,4.97102679059239,-0.0057940290624971,-0.0057940290624954,-0.0057578247045022,-1,-1,-1
39087,"Lawrence","Ohio",0.0248093055130793,4.98119290813402,0.0248093055130783,4.98119290813401,"2020-08-08",200,4.97574803509582,0.0234942844069836,4.97067273928525,4.97198776039135,-0.0018589415690802,-0.0018589415690817,-0.0034069051020183,-1,-1,-1
39087,"Lawrence","Ohio",0.021928172338613,4.98295314825137,0.0219281723386144,4.98295314825138,"2020-08-09",201,4.9894602969598,0.021784388047001,4.98180287391847,4.98194665821009,-0.0028811331744663,-0.0028811331744639,-0.0017098963599826,-1,-1,-1
39087,"Lawrence","Ohio",0.0203396842371264,4.99217341577809,0.0203396842371255,4.99217341577808,"2020-08-10",202,5.00490461938727,0.0209687134557946,4.99720564952744,4.99657662030876,-0.0015884881014866,-0.0015884881014889,-0.000815674591206399,-1,-1,-1
39087,"Lawrence","Ohio",0.0144366749416225,4.96528902565118,0.0144366749416234,4.96528902565119,"2020-08-11",203,5.02481992908821,0.0162446686550031,4.97975297535822,4.97794498164485,-0.0059030092955039,-0.0059030092955021,-0.0047240448007915,-1,-1,-1
39087,"Lawrence","Ohio",0.0164027734414554,4.99545448859147,0.016402773441456,4.99545448859147,"2020-08-12",204,5.04802282616788,0.0170442177669037,5.00058604319506,4.99994459886961,0.0019660984998329,0.0019660984998326,0.0007995491119006,1,1,1
39087,"Lawrence","Ohio",0.0214600510197698,5.05231548265944,0.0214600510197709,5.05231548265945,"2020-08-13",205,5.06259503302697,0.0215339131142152,5.052906379415,5.05283251732056,0.0050572775783144,0.0050572775783149,0.0044896953473115,1,1,1
39087,"Lawrence","Ohio",0.0385263679541455,5.21030606915422,0.0385263679541445,5.21030606915421,"2020-08-14",206,5.06800532575522,0.033291681385932,5.16842857660851,5.17366326317672,0.0170663169343757,0.0170663169343736,0.0117577682717168,1,1,1
39087,"Lawrence","Ohio",0.0351265416206186,5.22163382644015,0.0351265416206186,5.22163382644015,"2020-08-15",207,5.06980227143192,0.0319607246078206,5.19630729033777,5.19947310735056,-0.0033998263335269,-0.0033998263335259,-0.0013309567781114,-1,-1,-1
39087,"Lawrence","Ohio",0.0137122618639828,5.08544613000768,0.013712261863982,5.08544613000767,"2020-08-16",208,5.08935845022578,0.0153238539099119,5.09833886637512,5.09672727432918,-0.0214142797566358,-0.0214142797566366,-0.0166368706979087,-1,-1,-1
39087,"Lawrence","Ohio",0.0154443224274722,5.11301487637958,0.0154443224274718,5.11301487637957,"2020-08-17",209,5.10940269428444,0.0165565344838426,5.12191257283054,5.12080036077417,0.0017320605634894,0.0017320605634898,0.0012326805739307,1,1,1
39087,"Lawrence","Ohio",0.0199153097009405,5.1642270969948,0.0199153097009415,5.1642270969948,"2020-08-18",210,5.12989871492307,0.0186694119533942,5.15425991501442,5.15550581276197,0.0044709872734683,0.0044709872734697,0.0021128774695516,1,1,1
39087,"Lawrence","Ohio",0.0232028970796667,5.21044310572554,0.0232028970796661,5.21044310572554,"2020-08-19",211,5.1383162730426,0.0242107761154016,5.21850613801142,5.21749825897569,0.0032875873787262,0.0032875873787246,0.0055413641620074,1,1,1
39087,"Lawrence","Ohio",0.0145722068590882,5.16460048104058,0.0145722068590892,5.16460048104059,"2020-08-20",212,5.15576582256413,0.0140100033406246,5.16010285289288,5.16066505641134,-0.0086306902205785,-0.0086306902205769,-0.010200772774777,-1,-1,-1
39087,"Lawrence","Ohio",0.00541029272824932,5.10587737485296,0.00541029272824822,5.10587737485295,"2020-08-21",213,5.17048399503815,0.00875646147423272,5.13264672482083,5.12930055607485,-0.00916191413083888,-0.00916191413084098,-0.00525354186639188,-1,-1,-1
39087,"Lawrence","Ohio",0.00179694567669872,5.08238089116881,0.00179694567670019,5.08238089116882,"2020-08-22",214,5.18498868124104,0.00677303209608189,5.12218958252388,5.11721349610449,-0.0036133470515506,-0.00361334705154803,-0.00198342937815083,-1,-1,-1
39087,"Lawrence","Ohio",0.0195561787938658,5.22625170178284,0.0195561787938665,5.22625170178285,"2020-08-23",215,5.19612642565149,0.0187357262384432,5.21968808133947,5.22050853389488,0.0177592331171671,0.0177592331171663,0.0119626941423613,1,1,1
39087,"Lawrence","Ohio",0.0200442440586606,5.24971240269506,0.020044244058659,5.24971240269505,"2020-08-24",216,5.20086203039732,0.0187974746596134,5.23973824750269,5.24098501690173,0.0004880652647948,0.0004880652647925,6.17484211701998e-05,1,1,1
39087,"Lawrence","Ohio",0.0204960206386336,5.27337085939351,0.0204960206386327,5.2733708593935,"2020-08-25",217,5.20007431865907,0.0190433713482094,5.26174966507012,5.26320231436054,0.000451776579973001,0.000451776579973698,0.000245896688595999,1,1,1
39087,"Lawrence","Ohio",0.00841755811952533,5.19723917987928,0.00841755811952716,5.19723917987929,"2020-08-26",218,5.19928598594186,0.00945086874103753,5.20550566485137,5.20447235422986,-0.0120784625191083,-0.0120784625191055,-0.00959250260717187,-1,-1,-1
39087,"Lawrence","Ohio",0.0174495495215283,5.27791266921483,0.017449549521527,5.27791266921482,"2020-08-27",219,5.19928598594186,0.0169729183004349,5.27409961944608,5.27457625066717,0.00903199140200297,0.00903199140199984,0.00752204955939737,1,1,1
39087,"Lawrence","Ohio",0.0147181724740236,5.27351120235632,0.0147181724740237,5.27351120235632,"2020-08-28",220,5.19295685089021,0.0147576046551446,5.27382665980529,5.27378722762416,-0.0027313770475047,-0.0027313770475033,-0.0022153136452903,-1,-1,-1
39087,"Lawrence","Ohio",0.0145046862028826,5.28652148466121,0.0145046862028844,5.28652148466123,"2020-08-29",221,5.17534230418923,0.0145191182306954,5.28663694088371,5.28662250885591,-0.000213486271140999,-0.000213486271139301,-0.000238486424449201,-1,-1,-1
39087,"Lawrence","Ohio",0.0111377444104571,5.27409063652469,0.0111377444104566,5.27409063652469,"2020-08-30",222,5.14832469686944,0.0115184050350975,5.27713592152182,5.27675526089717,-0.0033669417924255,-0.0033669417924278,-0.0030007131955979,-1,-1,-1
39087,"Lawrence","Ohio",0.00473560474582953,5.23401126361813,0.00473560474582868,5.23401126361812,"2020-08-31",223,5.12481395820496,0.00802975638147981,5.26036447670333,5.25707032506768,-0.00640213966462757,-0.00640213966462792,-0.00348864865361769,-1,-1,-1
39087,"Lawrence","Ohio",-0.000787711738247238,5.19456033649134,0,5.20007431865907,"2020-09-01",224,5.10767557813836,-0.00532179323036473,5.1582876845544,5.16282176604652,-0.00552331648407677,-0.00473560474582868,-0.0133515496118445,-1,-1,-1
39087,"Lawrence","Ohio",-0.000788332717216755,5.19376765692134,0,5.19928598594186,"2020-09-02",225,5.08935845022578,-0.00471564410824814,5.16234916579308,5.16627647718412,-6.20978969517001e-07,0,0.00060614912211659,-1,0,1
39087,"Lawrence","Ohio",0,5.19928598594186,0,5.19928598594186,"2020-09-03",226,5.05806398766736,-0.00424630471681631,5.16531554820733,5.16956185292415,0.000788332717216755,0,0.000469339391431831,1,0,1
39087,"Lawrence","Ohio",-0.00632913505164755,5.14865290552868,0,5.19295685089021,"2020-09-04",227,5.02763287046483,-0.00879441425185922,5.12893067192699,5.1313959511272,-0.00632913505164755,0,-0.00454810953504291,-1,0,-1
39087,"Lawrence","Ohio",-0.0176145467009825,5.05204047728235,0,5.17534230418923,"2020-09-05",228,5.00968245934098,-0.0166604125033631,5.05967355086331,5.05871941666569,-0.0112854116493349,0,-0.00786599825150388,-1,0,-1
39087,"Lawrence","Ohio",-0.0270176073197871,4.95920144563093,0,5.14832469686944,"2020-09-06",229,5.00394630594546,-0.0245463312579195,4.97897165412587,4.976500378064,-0.0094030606188046,0,-0.0078859187545564,-1,0,-1
39087,"Lawrence","Ohio",-0.0235107386644803,4.9602387875536,0,5.12481395820496,"2020-09-07",230,4.99624655664416,-0.0200194914748415,4.98816876507071,4.98467751788107,0.0035068686553068,0,0.004526839783078,1,0,1
39087,"Lawrence","Ohio",-0.0171383800665997,4.98770691767216,0,5.10767557813836,"2020-09-08",231,4.97870224699324,-0.0159181412823203,4.9974688279464,4.99624858916212,0.0063723585978806,0,0.0041013501925212,1,0,1
39087,"Lawrence","Ohio",-0.0183171279125774,4.96113855483774,0,5.08935845022578,"2020-09-09",232,4.96184512992683,-0.0170667302147695,4.9711417364202,4.96989133872239,-0.0011787478459777,0,-0.0011485889324492,-1,0,-1
39087,"Lawrence","Ohio",-0.0312944625584141,4.83900274975847,0,5.05806398766736,"2020-09-10",233,4.95582705760126,-0.0288709070072068,4.85839119416813,4.85596763861691,-0.0129773346458367,0,-0.0118041767924373,-1,0,-1
39087,"Lawrence","Ohio",-0.0304311172025358,4.81461505004708,0,5.02763287046483,"2020-09-11",234,4.95482051498986,-0.0274868678463832,4.83816904489629,4.83522479554015,0.000863345355878301,0,0.0013840391608236,1,0,1
39087,"Lawrence","Ohio",-0.0179504111238465,4.88402958147406,0,5.00968245934098,"2020-09-12",235,4.95179479407332,-0.0180811543244324,4.88298363586937,4.88311437906995,0.0124807060786893,0,0.0094057135219508,1,0,1
39087,"Lawrence","Ohio",-0.00573615339552481,4.96379323217679,0,5.00394630594546,"2020-09-13",236,4.95582705760126,-0.0090769371784875,4.93706696191308,4.94040774569605,0.0122142577283217,0,0.0090042171459449,1,0,1
39087,"Lawrence","Ohio",-0.00769974930130372,4.94234831153503,0,4.99624655664416,"2020-09-14",237,4.96284463025991,-0.0110155891586164,4.91582159267653,4.91913743253385,-0.00196359590577891,0,-0.0019386519801289,-1,0,-1
39087,"Lawrence","Ohio",-0.0175443096509101,4.85589207943687,0,4.97870224699324,"2020-09-15",238,4.98164775722301,-0.0158325116794542,4.86958646320853,4.86787466523706,-0.00984456034960638,0,-0.0048169225208378,-1,0,-1
39087,"Lawrence","Ohio",-0.0168571170664191,4.84384531046189,0,4.96184512992683,"2020-09-16",239,5.0058620153436,-0.0162270753625776,4.84888564409262,4.84825560238879,0.000687192584491,0,-0.000394563683123402,1,0,-1
39087,"Lawrence","Ohio",-0.00601807232556207,4.91370055132233,0,4.95582705760126,"2020-09-17",240,5.03230359357538,-0.0104427549830285,4.8783030900626,4.88272777272006,0.010839044740857,0,0.0057843203795491,1,0,1
39087,"Lawrence","Ohio",-0.0010065426114004,4.94777471671006,0,4.95482051498986,"2020-09-18",241,5.04985600724954,-0.00608970804307033,4.9071093932567,4.91219255868837,0.00501152971416167,0,0.00435304693995817,1,0,1
39087,"Lawrence","Ohio",-0.00302572091654016,4.93061474765754,0,4.95179479407332,"2020-09-19",242,5.07338650465973,-0.00790527206247349,4.89157833849007,4.896457889636,-0.00201917830513976,0,-0.00181556401940316,-1,0,-1
39087,"Lawrence","Ohio",0.00403226352794093,4.98405290229685,0.00403226352794128,4.98405290229685,"2020-09-20",243,5.08847778086019,0.00572825263934501,4.99762081518808,4.99592482607668,0.00705798444448109,0.00403226352794128,0.0136335247018185,1,1,1
39087,"Lawrence","Ohio",0.00701757265864622,5.01196763887043,0.00701757265864611,5.01196763887043,"2020-09-21",244,5.1102651350451,0.00858255398112894,5.02448748945029,5.02292250812781,0.00298530913070529,0.00298530913070483,0.00285430134178393,1,1,1
39087,"Lawrence","Ohio",0.0188031269630993,5.1132696459647,0.0188031269630988,5.1132696459647,"2020-09-22",245,5.13074366638864,0.0181205900697332,5.10780935081778,5.10849188771114,0.0117855543044531,0.0117855543044527,0.00953803608860426,1,1,1
39087,"Lawrence","Ohio",0.0242142581205916,5.17536182218774,0.0242142581205904,5.17536182218773,"2020-09-23",246,5.14749447681345,0.0213076606144068,5.15210904213826,5.15501563964445,0.0054111311574923,0.0054111311574916,0.0031870705446736,1,1,1
39087,"Lawrence","Ohio",0.0264415782317866,5.21739464119789,0.0264415782317871,5.21739464119789,"2020-09-24",247,5.16233399067623,0.0246218736975293,5.20283700492383,5.20465670945809,0.002227320111195,0.0022273201111967,0.0033142130831225,1,1,1
39087,"Lawrence","Ohio",0.0175524136741547,5.17272290296862,0.0175524136741538,5.17272290296861,"2020-09-25",248,5.1809806598435,0.0171185291725867,5.16925182695607,5.16968571145765,-0.0088891645576319,-0.0088891645576333,-0.0075033445249426,-1,-1,-1
39087,"Lawrence","Ohio",0.0235304974101958,5.2380999865311,0.0235304974101957,5.2380999865311,"2020-09-26",249,5.19849703126583,0.0213915704146923,5.22098857056708,5.22312749756258,0.0059780837360411,0.0059780837360419,0.0042730412421056,1,1,1
39087,"Lawrence","Ohio",0.0150912762004555,5.19411671426338,0.0150912762004562,5.19411671426338,"2020-09-27",250,5.21182533519459,0.0148019028920782,5.19180172779636,5.19209110110474,-0.0084392212097403,-0.0084392212097395,-0.0065896675226141,-1,-1,-1
39087,"Lawrence","Ohio",0.0217873541849094,5.26277661433946,0.0217873541849096,5.26277661433947,"2020-09-28",251,5.22420939439432,0.0209874989350588,5.25637777234066,5.25717762759051,0.0066960779844539,0.0066960779844534,0.0061855960429806,1,1,1
39087,"Lawrence","Ohio",0.0204785313435374,5.2740933857934,0.0204785313435378,5.2740933857934,"2020-09-29",252,5.23720155268797,0.0191402727367464,5.26338731693907,5.26472557554586,-0.001308822841372,-0.0013088228413718,-0.0018472261983124,-1,-1,-1
39087,"Lawrence","Ohio",0.0167508104248164,5.26475014978717,0.0167508104248162,5.26475014978717,"2020-09-30",253,5.2477756693398,0.0156218710174291,5.25571863452807,5.25684757393545,-0.003727720918721,-0.0037277209187216,-0.0035184017193173,-1,-1,-1
39087,"Lawrence","Ohio",0.0148395138627761,5.26621058771566,0.0148395138627775,5.26621058771567,"2020-10-01",254,5.25898236114936,0.0138751105498086,5.25849536121192,5.25945976452489,-0.0019112965620403,-0.0019112965620387,-0.0017467604676205,-1,-1,-1
39087,"Lawrence","Ohio",0.018646669167266,5.31150734401436,0.0186466691672651,5.31150734401435,"2020-10-02",255,5.2722666893481,0.0182339242878737,5.30820538497922,5.30861812985862,0.0038071553044899,0.0038071553044876,0.0043588137380651,1,1,1
39087,"Lawrence","Ohio",0.0175163714223308,5.32111163122214,0.0175163714223308,5.32111163122214,"2020-10-03",256,5.27884325671266,0.0172738787164133,5.31917168957481,5.31941418228072,-0.0011302977449352,-0.0011302977449343,-0.000960045571460399,-1,-1,-1
39087,"Lawrence","Ohio",0.0133283039287653,5.30512346269595,0.0133283039287644,5.30512346269594,"2020-10-04",257,5.29617221020165,0.0134125945063864,5.30579778731692,5.30571349673929,-0.0041880674935655,-0.0041880674935664,-0.0038612842100269,-1,-1,-1
39087,"Lawrence","Ohio",0.012384059199725,5.31089780879239,0.012384059199726,5.3108978087924,"2020-10-05",258,5.30685226899788,0.0129356742411477,5.31531072912377,5.31475911408235,-0.000944244729040301,-0.000944244729038399,-0.0004769202652387,-1,-1,-1
39087,"Lawrence","Ohio",0.0129921582936517,5.32814666074353,0.0129921582936507,5.32814666074352,"2020-10-06",259,5.31038709063537,0.0134882162876317,5.33211512469537,5.33161906670139,0.000608099093926701,0.000608099093924699,0.000552542046484,1,1,1
39087,"Lawrence","Ohio",0.0105741166518313,5.32179448590262,0.0105741166518305,5.32179448590261,"2020-10-07",260,5.31250200153999,0.0118889913727545,5.33231348367001,5.33099860894908,-0.0024180416418204,-0.0024180416418202,-0.0015992249148772,-1,-1,-1
39087,"Lawrence","Ohio",0.0112066918095593,5.33742920381627,0.0112066918095604,5.33742920381628,"2020-10-08",261,5.31601694364744,0.0134575351026197,5.35543595016076,5.3531851068677,0.000632575157727999,0.000632575157729898,0.0015685437298652,1,1,1
39087,"Lawrence","Ohio",0.0132843281987378,5.36525698673926,0.0132843281987371,5.36525698673926,"2020-10-09",262,5.31811999384422,0.0153838238746604,5.38205295214664,5.37995345647072,0.0020776363891785,0.0020776363891767,0.0019262887720407,1,1,1
39087,"Lawrence","Ohio",0.00657656736456199,5.32487922826459,0.00657656736456147,5.32487922826459,"2020-10-10",263,5.32509838922568,0.0101818167637486,5.35372122345809,5.3501159740589,-0.00670776083417581,-0.00670776083417563,-0.0052020071109118,-1,-1,-1
39087,"Lawrence","Ohio",0.0173289534889928,5.4174748846246,0.0173289534889944,5.41747488462461,"2020-10-11",264,5.32370660055286,0.0175667838771015,5.41937752772947,5.41913969734136,0.0107523861244308,0.0107523861244329,0.0073849671133529,1,1,1
39087,"Lawrence","Ohio",0.0106800587962245,5.38161268057145,0.0106800587962246,5.38161268057145,"2020-10-12",265,5.32509838922568,0.0127190283631799,5.39792443710709,5.39588546754014,-0.0066488946927683,-0.0066488946927698,-0.0048477555139216,-1,-1,-1
39087,"Lawrence","Ohio",0.003534821637489,5.33513084209779,0.00353482163748975,5.33513084209779,"2020-10-13",266,5.32579355783206,0.00777769409751474,5.369073821778,5.36483094931797,-0.0071452371587355,-0.00714523715873485,-0.00494133426566516,-1,-1,-1
39087,"Lawrence","Ohio",0.00211491090462736,5.32730637787239,0.00211491090462879,5.3273063778724,"2020-10-14",267,5.33685103055028,0.00655890384656474,5.36285832140789,5.35841432846594,-0.00141991073286164,-0.00141991073286096,-0.00121879025095,-1,-1,-1
39087,"Lawrence","Ohio",0.00351494210744531,5.34062153839956,0.00351494210744541,5.34062153839956,"2020-10-15",268,5.34506462908767,0.00814421222436045,5.37765569933487,5.37302642921796,0.00140003120281795,0.00140003120281662,0.00158530837779571,1,1,1
39087,"Lawrence","Ohio",0.00210305019677649,5.33284134522165,0.00210305019677648,5.33284134522165,"2020-10-16",269,5.35118085610511,0.0069523209353072,5.3716355111299,5.36678624039137,-0.00141189191066882,-0.00141189191066893,-0.00119189128905325,-1,-1,-1
39087,"Lawrence","Ohio",0.0069783953814609,5.3739471568959,0.00697839538146017,5.3739471568959,"2020-10-17",270,5.3599498836287,0.00862116454433276,5.38708931019888,5.38544654103601,0.00487534518468441,0.00487534518468369,0.00166884360902556,1,1,1
39087,"Lawrence","Ohio",-0.0013917886728222,5.3139640798431,0,5.32370660055286,"2020-10-18",271,5.37527840768417,-0.00546025014560085,5.28141638806087,5.28548484953365,-0.0083701840542831,-0.00697839538146017,-0.0140814146899336,-1,-1,-1
39087,"Lawrence","Ohio",0.00139178867282197,5.33484090993543,0.00139178867282119,5.33484090993542,"2020-10-19",272,5.39037551096598,0.00744846277799395,5.38329430277681,5.37723762867164,0.00278357734564417,0.00139178867282119,0.0129087129235948,1,1,1
39087,"Lawrence","Ohio",0.000695168606380002,5.33065973807672,0.000695168606380747,5.33065973807672,"2020-10-20",273,5.41036972749544,0.00636142741105448,5.37598980851412,5.37032354970944,-0.000696620066441968,-0.000696620066440443,-0.00108703536693947,-1,-1,-1
39087,"Lawrence","Ohio",0.0110574727182217,5.41425333957783,0.0110574727182229,5.41425333957784,"2020-10-21",274,5.42809171029485,0.012482924042952,5.42565695017568,5.42423149885094,0.0103623041118417,0.0103623041118422,0.00612149663189752,1,1,1
39087,"Lawrence","Ohio",0.00821359853739012,5.4025598188494,0.00821359853739079,5.40255981884941,"2020-10-22",275,5.44118008660145,0.0114987876478673,5.42884133173322,5.42555614262274,-0.00284387418083158,-0.00284387418083211,-0.000984136395084701,-1,-1,-1
39087,"Lawrence","Ohio",0.00611622701743455,5.39399444522715,0.00611622701743464,5.39399444522715,"2020-10-23",276,5.45593142968852,0.00992718554178213,5.42448211342193,5.42067115489758,-0.00209737151995557,-0.00209737151995615,-0.00157160210608517,-1,-1,-1
39087,"Lawrence","Ohio",0.00876902752359222,5.42133307629384,0.00876902752359143,5.42133307629384,"2020-10-24",277,5.46625018588989,0.013086119310064,5.45586981058562,5.45155271879915,0.00265280050615767,0.00265280050615679,0.00315893376828187,1,1,1
39087,"Lawrence","Ohio",0.0153285240554694,5.48257807607245,0.0153285240554686,5.48257807607245,"2020-10-25",278,5.48242304513549,0.017266204958854,5.49807952329953,5.49614184239615,0.00655949653187718,0.00655949653187717,0.00418008564879,1,1,1
39087,"Lawrence","Ohio",0.0150971032818183,5.49605523393871,0.0150971032818177,5.49605523393871,"2020-10-26",279,5.49482355833395,0.0165968014428185,5.50805281922672,5.50655312106571,-0.000231420773651099,-0.0002314207736509,-0.000669403516035501,-1,-1,-1
39087,"Lawrence","Ohio",0.0199942165294549,5.55032924320162,0.0199942165294535,5.55032924320161,"2020-10-27",280,5.50475064715623,0.0210041213703551,5.55840848192882,5.55739857708793,0.0048971132476366,0.0048971132476358,0.0044073199275366,1,1,1
39087,"Lawrence","Ohio",0.0177219827994125,5.55214558989074,0.0177219827994115,5.55214558989073,"2020-10-28",281,5.51917258734423,0.0185576361050904,5.55883081633616,5.55799516303048,-0.0022722337300424,-0.002272233730042,-0.0024464852652647,-1,-1,-1
39087,"Lawrence","Ohio",0.0130883763065978,5.53279872074763,0.0130883763065972,5.53279872074763,"2020-10-29",282,5.54573532454982,0.0152870536555468,5.55038813953922,5.54818946219028,-0.0046336064928147,-0.0046336064928143,-0.0032705824495436,-1,-1,-1
39087,"Lawrence","Ohio",0.0147513430870686,5.559190831298,0.0147513430870703,5.55919083129801,"2020-10-30",283,5.57972982598622,0.0150470734055353,5.56155667384573,5.56126094352727,0.0016629667804708,0.0016629667804731,-0.0002399802500115,1,1,-1
39087,"Lawrence","Ohio",0.0103187562013777,5.53848147929954,0.0103187562013778,5.53848147929954,"2020-10-31",284,5.61936513284362,0.0127687371133339,5.55808132659519,5.55563134568323,-0.0044325868856909,-0.0044325868856925,-0.0022783362922014,-1,-1,-1
39087,"Lawrence","Ohio",0.0161728592455985,5.59563305985468,0.0161728592455974,5.59563305985467,"2020-11-01",285,5.65048215500888,0.01602499204222,5.59445012222765,5.59459798943103,0.0058541030442208,0.0058541030442196,0.0032562549288861,1,1,1
39087,"Lawrence","Ohio",0.0124005131984537,5.58162715072312,0.0124005131984548,5.58162715072313,"2020-11-02",286,5.68503643183514,0.0153524115503783,5.60524233753852,5.6022904391866,-0.0037723460471448,-0.0037723460471426,-0.0006725804918417,-1,-1,-1
39087,"Lawrence","Ohio",0.00992708882228018,5.57424026891219,0.00992708882228133,5.5742402689122,"2020-11-03",287,5.72124810626383,0.0126233487029376,5.59581034795745,5.59311408807679,-0.00247342437617352,-0.00247342437617347,-0.0027290628474407,-1,-1,-1
39087,"Lawrence","Ohio",0.0144219401880061,5.62012616866027,0.0144219401880052,5.62012616866027,"2020-11-04",288,5.75529003180213,0.0161817397485921,5.63420456514497,5.63244476558438,0.00449485136572592,0.00449485136572387,0.0035583910456545,1,1,1
39087,"Lawrence","Ohio",0.0265627372055873,5.73167448498893,0.0265627372055866,5.73167448498892,"2020-11-05",289,5.78162496142013,0.0265495125102204,5.73156868742599,5.73158191212136,0.0121407970175812,0.0121407970175814,0.0103677727616283,1,1,1
39087,"Lawrence","Ohio",0.0339945014364036,5.81769133604105,0.0339945014364034,5.81769133604105,"2020-11-06",290,5.80728412082903,0.0325286038089897,5.80596415502174,5.80743005264915,0.0074317642308163,0.0074317642308168,0.0059790912987693,1,1,1
39087,"Lawrence","Ohio",0.0396353068573985,5.89681228084541,0.0396353068573969,5.8968122808454,"2020-11-07",291,5.83814685358462,0.0380655054055932,5.88425386923097,5.88582367068277,0.0056408054209949,0.0056408054209935,0.0055369015966035,1,1,1
39087,"Lawrence","Ohio",0.0311170221652637,5.86830131016573,0.0311170221652626,5.86830131016572,"2020-11-08",292,5.87252012301534,0.0310359532342535,5.86765275871765,5.86773382764865,-0.0085182846921348,-0.0085182846921343,-0.0070295521713397,-1,-1,-1
39087,"Lawrence","Ohio",0.0345542768262607,5.92691636961897,0.0345542768262623,5.92691636961898,"2020-11-09",293,5.90691766322643,0.0344587035284254,5.92615178323628,5.92624735653412,0.003437254660997,0.0034372546609997,0.0034227502941719,1,1,1
39087,"Lawrence","Ohio",0.0362116744286886,5.97472982726465,0.0362116744286896,5.97472982726466,"2020-11-10",294,5.94691537719581,0.0344684346402721,5.96078390895732,5.96252714874573,0.0016573976024279,0.00165739760242729,9.7311118466975e-06,1,1,1
39087,"Lawrence","Ohio",0.0340419255383004,5.99358351057024,0.0340419255383004,5.99358351057024,"2020-11-11",295,5.99396142730657,0.032600102374565,5.98204892526035,5.98349074842409,-0.0021697488903882,-0.0021697488903892,-0.0018683322657071,-1,-1,-1
39087,"Lawrence","Ohio",0.0263349296180005,5.96596946874614,0.0263349296180007,5.96596946874614,"2020-11-12",296,6.05141667394278,0.0259684923708445,5.96303797076889,5.96340440801604,-0.0077069959202999,-0.0077069959202997,-0.0066316100037205,-1,-1,-1
39087,"Lawrence","Ohio",0.025659159408895,5.98689823669129,0.0256591594088942,5.98689823669129,"2020-11-13",297,6.11178404576027,0.0263122436865282,5.99212291091236,5.99146982663473,-0.000675770209105503,-0.000675770209106499,0.000343751315683701,-1,-1,1
39087,"Lawrence","Ohio",0.0308627327555869,6.05418598287372,0.0308627327555868,6.05418598287372,"2020-11-14",298,6.16211107232143,0.0300857819047705,6.04797037606719,6.04874732691801,0.0052035733466919,0.0052035733466926,0.0037735382182423,1,1,1
39087,"Lawrence","Ohio",0.0343732694307241,6.11313300903041,0.034373269430727,6.11313300903043,"2020-11-15",299,6.21632091642587,0.0332680620479383,6.10429134996813,6.10539655735091,0.0035105366751372,0.0035105366751402,0.0031822801431678,1,1,1
39087,"Lawrence","Ohio",0.0343975402110913,6.14770044470407,0.0343975402110894,6.14770044470406,"2020-11-16",300,6.26720054854136,0.0339264952675802,6.14393208515598,6.14440313009949,2.42707803672013e-05,2.42707803623995e-05,0.000658433219641902,1,1,1
39087,"Lawrence","Ohio",0.0399977139693735,6.22689937498142,0.0399977139693739,6.22689937498142,"2020-11-17",301,6.31819561467364,0.0388493666437186,6.21771259637618,6.21886094370184,0.0056001737582822,0.0056001737582845,0.0049228713761384,1,1,1
39087,"Lawrence","Ohio",0.0470460501107667,6.32328377808194,0.0470460501107635,6.32328377808191,"2020-11-18",302,6.36278176778358,0.0443914597472849,6.30204705517409,6.30470164553756,0.0070483361413932,0.0070483361413896,0.0055420931035663,1,1,1
39087,"Lawrence","Ohio",0.0574552466362102,6.45360340039626,0.0574552466362155,6.45360340039629,"2020-11-19",303,6.39978272419855,0.0530354984163394,6.41824541463729,6.42266516285716,0.0104091965254435,0.010409196525452,0.0086440386690545,1,1,1
39087,"Lawrence","Ohio",0.060367371817488,6.53435564848269,0.0603673718174891,6.5343556484827,"2020-11-20",304,6.43385836644925,0.0566391290432907,6.50452970628911,6.50825794906331,0.0029121251812778,0.0029121251812736,0.0036036306269513,1,1,1
39087,"Lawrence","Ohio",0.0503270265611616,6.51440025824956,0.0503270265611588,6.51440025824954,"2020-11-21",305,6.46902880832217,0.0489986727088836,6.50377342743134,6.50510178128362,-0.0100403452563264,-0.0100403452563303,-0.0076404563344071,-1,-1,-1
39087,"Lawrence","Ohio",0.0542098441044344,6.59578982515691,0.0542098441044336,6.5957898251569,"2020-11-22",306,6.49935730278934,0.0518947004929338,6.5772686762649,6.57958381987641,0.0038828175432728,0.0038828175432748,0.0028960277840502,1,1,1
39087,"Lawrence","Ohio",0.0508796321154997,6.62335797334986,0.0508796321154961,6.62335797334983,"2020-11-23",307,6.53295792803926,0.0484735416041691,6.60410924925922,6.60651533977054,-0.0033302119889347,-0.0033302119889375,-0.0034211588887647,-1,-1,-1
39087,"Lawrence","Ohio",0.0509950661322808,6.67516107759961,0.0509950661322804,6.67516107759961,"2020-11-24",308,6.56425842742396,0.0490898523760984,6.65991936755015,6.66182458130633,0.000115434016781102,0.000115434016784301,0.0006163107719293,1,1,1
39087,"Lawrence","Ohio",0.0445861531099419,6.67488483955318,0.0445861531099414,6.67488483955317,"2020-11-25",309,6.59421801364342,0.042619087226872,6.65914831248862,6.66111537837168,-0.0064089130223389,-0.006408913022339,-0.0064707651492264,-1,-1,-1
39087,"Lawrence","Ohio",0.0370009564149681,6.65878941910333,0.0370009564149694,6.65878941910334,"2020-11-26",310,6.61625640800365,0.0373888567707828,6.66189262194984,6.66150472159403,-0.0075851966949738,-0.007585196694972,-0.0052302304560892,-1,-1,-1
39087,"Lawrence","Ohio",0.0340756422507006,6.67238786220416,0.0340756422506994,6.67238786220415,"2020-11-27",311,6.6426730384476,0.0352182263260825,6.68152853480721,6.68038595073183,-0.0029253141642675,-0.00292531416427,-0.0021706304447003,-1,-1,-1
39087,"Lawrence","Ohio",0.0351704418729163,6.71522190143258,0.0351704418729151,6.71522190143257,"2020-11-28",312,6.66568371778241,0.0360285222788166,6.72208654467978,6.72122846427389,0.0010947996222157,0.0010947996222157,0.000810295952734102,1,1,1
39087,"Lawrence","Ohio",0.0303284944671652,6.71165676405949,0.0303284944671676,6.71165676405951,"2020-11-29",313,6.68479028315452,0.0321539638403503,6.72626051904497,6.72443504967179,-0.0048419474057511,-0.0048419474057475,-0.00387455843846631,-1,-1,-1
39087,"Lawrence","Ohio",0.0336006252499193,6.76816230478869,0.0336006252499201,6.7681623047887,"2020-11-30",314,6.70125811878267,0.033422679401057,6.7667387379978,6.76691668384666,0.0032721307827541,0.0032721307827525,0.0012687155607067,1,1,1
39087,"Lawrence","Ohio",0.0313004993847011,6.78336192311687,0.0313004993847033,6.78336192311688,"2020-12-01",315,6.71434388520158,0.0312421413489087,6.78289505883053,6.78295341686632,-0.0023001258652182,-0.0023001258652168,-0.0021805380521483,-1,-1,-1
39087,"Lawrence","Ohio",0.0299595862194622,6.80393511717966,0.0299595862194613,6.80393511717965,"2020-12-02",316,6.72606209614848,0.0310295321674259,6.81249468476337,6.8114247388154,-0.0013409131652389,-0.001340913165242,-0.0002126091814828,-1,-1,-1
39087,"Lawrence","Ohio",0.0220383943602358,6.7705251685253,0.0220383943602345,6.7705251685253,"2020-12-03",317,6.73899844676552,0.0225144904021225,6.7743339368604,6.77385784081851,-0.0079211918592264,-0.0079211918592268,-0.0085150417653034,-1,-1,-1
39087,"Lawrence","Ohio",0.026416630443942,6.82758945155519,0.0264166304439417,6.82758945155519,"2020-12-04",318,6.74657998421791,0.0276199907869121,6.83721633429895,6.83601297395598,0.0043782360837062,0.0043782360837072,0.0051055003847896,1,1,1
39087,"Lawrence","Ohio",0.0230106793348108,6.82675847312608,0.0230106793348117,6.82675847312609,"2020-12-05",319,6.75660010813468,0.0242534154279263,6.83670036187101,6.83545762577789,-0.0034059511091312,-0.00340595110913,-0.0033665753589858,-1,-1,-1
39087,"Lawrence","Ohio",0.0191065653721117,6.8185362407593,0.0191065653721108,6.81853624075929,"2020-12-06",320,6.76816475048621,0.0219191998798702,6.84103731682137,6.83822468231361,-0.0039041139626991,-0.0039041139627009,-0.0023342155480561,-1,-1,-1
39087,"Lawrence","Ohio",0.0164678356281505,6.81653296817972,0.0164678356281502,6.81653296817972,"2020-12-07",321,6.7778092878517,0.0179098503848127,6.82806908623302,6.82662707147636,-0.0026387297439612,-0.0026387297439606,-0.0040093494950575,-1,-1,-1
39087,"Lawrence","Ohio",0.0130857664189071,6.80594425013393,0.0130857664189064,6.80594425013392,"2020-12-08",322,6.79426658087377,0.0154799604638425,6.82509780249341,6.82270360844848,-0.0033820692092434,-0.0033820692092438,-0.0024298899209702,-1,-1,-1
39087,"Lawrence","Ohio",0.0117182109469035,6.8080895727768,0.0117182109469027,6.8080895727768,"2020-12-09",323,6.81281645878672,0.013581663831924,6.82299719585697,6.82113374297195,-0.0013675554720036,-0.0013675554720037,-0.0018982966319185,-1,-1,-1
39087,"Lawrence","Ohio",0.0129363506170376,6.82955290108478,0.0129363506170384,6.82955290108479,"2020-12-10",324,6.83917048748453,0.0149054084666985,6.84530536388207,6.84333630603241,0.0012181396701341,0.0012181396701357,0.0013237446347745,1,1,1
39087,"Lawrence","Ohio",0.00758153745239725,6.79965074638469,0.00758153745239731,6.7996507463847,"2020-12-11",325,6.86529503850757,0.0101836144499028,6.82046736236474,6.81786528536723,-0.00535481316464035,-0.00535481316464109,-0.0047217940167957,-1,-1,-1
39087,"Lawrence","Ohio",0.0100201239167631,6.82674097555202,0.0100201239167639,6.82674097555202,"2020-12-12",326,6.88900923616108,0.0122394060400478,6.84449523253829,6.84227595041501,0.00243858646436585,0.00243858646436659,0.002055791590145,1,1,1
39087,"Lawrence","Ohio",0.0115646423515298,6.84911724694692,0.011564642351531,6.84911724694693,"2020-12-13",327,6.90961069948159,0.0132753391525246,6.86280282135488,6.86109212455388,0.0015445184347667,0.0015445184347671,0.0010359331124768,1,1,1
39087,"Lawrence","Ohio",0.00964453736548688,6.8453210494101,0.00964453736548698,6.8453210494101,"2020-12-14",328,6.92965654293524,0.0110973643579807,6.85694366535006,6.85549083835757,-0.00192010498604292,-0.00192010498604402,-0.0021779747945439,-1,-1,-1
39087,"Lawrence","Ohio",0.0164572930220727,6.90946763202828,0.0164572930220732,6.90946763202828,"2020-12-15",329,6.94339817078753,0.0158167677866903,6.90434343014522,6.9049839553806,0.00681275565658582,0.00681275565658622,0.0047194034287096,1,1,1
39087,"Lawrence","Ohio",0.018549877912955,6.94266560417741,0.0185498779129549,6.94266560417741,"2020-12-16",330,6.95259206059133,0.0180010590573748,6.93827505333277,6.93882387218834,0.0020925848908823,0.0020925848908817,0.0021842912706845,1,1,1
39087,"Lawrence","Ohio",0.0263540286978026,7.02364868836914,0.0263540286978019,7.02364868836914,"2020-12-17",331,6.95844839329766,0.0256965502241945,7.01838886058028,7.01904633905389,0.0078041507848476,0.007804150784847,0.0076954911668197,1,1,1
39087,"Lawrence","Ohio",0.0261245510230498,7.04816689566892,0.0261245510230488,7.04816689566892,"2020-12-18",332,6.9644056272707,0.0256195883574922,7.04412719434447,7.04463215701002,-0.000229477674752798,-0.000229477674753103,-7.69618667022971e-05,-1,-1,-1
39087,"Lawrence","Ohio",0.0237141976535044,7.05500861973561,0.0237141976535069,7.05500861973563,"2020-12-19",333,6.96359536389079,0.0232898206269747,7.05161360352337,7.0520379805499,-0.0024103533695454,-0.0024103533695419,-0.0023297677305175,-1,-1,-1
39087,"Lawrence","Ohio",0.02060146332051,7.05382094272516,0.0206014633205127,7.05382094272518,"2020-12-20",334,6.9644056272707,0.0205808374606142,7.05365593584599,7.05367656170589,-0.0031127343329944,-0.0031127343329942,-0.0027089831663605,-1,-1,-1
39087,"Lawrence","Ohio",0.0200458434536472,7.06997744711077,0.0200458434536461,7.06997744711076,"2020-12-21",335,6.96400057764658,0.0203778916418484,7.07263383261638,7.07230178442818,-0.000555619866862801,-0.0005556198668666,-0.000202945818765801,-1,-1,-1
39087,"Lawrence","Ohio",0.0137416278522878,7.03958956575354,0.0137416278522897,7.03958956575356,"2020-12-22",336,6.96116062712737,0.0136148447075922,7.03857530059598,7.03870208374068,-0.0063042156013594,-0.0063042156013564,-0.0067630469342562,-1,-1,-1
39087,"Lawrence","Ohio",0.00919388980379595,7.0169492892179,0.00919388980379665,7.0169492892179,"2020-12-23",337,6.96048325800306,0.00946331766214883,7.01910471208472,7.01883528422637,-0.00454773804849185,-0.00454773804849305,-0.00415152704544337,-1,-1,-1
39087,"Lawrence","Ohio",0.00585633270632815,6.99944272224195,0.00585633270632879,6.99944272224196,"2020-12-24",338,6.96034772910131,0.00732799268073799,7.01121600203723,7.00974434206283,-0.0033375570974678,-0.00333755709746786,-0.00213532498141084,-1,-1,-1
39087,"Lawrence","Ohio",0.00595723397304171,7.00610626508199,0.00595723397304226,7.00610626508199,"2020-12-25",339,6.9506779227359,0.00721279456698755,7.01615074983356,7.01489518923961,0.00010090126671356,0.000100901266713469,-0.00011519811375044,1,1,-1
39087,"Lawrence","Ohio",-0.000810263379913486,6.95792352023139,0,6.96359536389079,"2020-12-26",340,6.94381165022283,-0.00279690228268655,6.94203040900921,6.94401704791198,-0.0067674973529552,-0.00595723397304226,-0.0100096968496741,-1,-1,-1
39087,"Lawrence","Ohio",0.000810263379913421,6.97007747093009,0.000810263379911191,6.97007747093008,"2020-12-27",341,6.93189024482726,0.0034403817274307,6.99111841771024,6.98848829936271,0.00162052675982691,0.000810263379911191,0.00623728401011725,1,1,1
39087,"Lawrence","Ohio",-0.00040504962411541,6.96116523027778,0,6.96400057764658,"2020-12-28",342,6.91968384984741,-0.00288479514846148,6.94132726608301,6.94380701160735,-0.00121531300402883,-0.000810263379911191,-0.00632517687589218,-1,-1,-1
39087,"Lawrence","Ohio",-0.00283995051921361,6.94128097349288,0,6.96116062712737,"2020-12-29",343,6.90832654435043,-0.00377707335807869,6.93378399078195,6.93472111362082,-0.0024349008950982,0,-0.00089227820961721,-1,0,-1
39087,"Lawrence","Ohio",-0.000677369124316232,6.95574167413284,0,6.96048325800306,"2020-12-30",344,6.8901730419369,-0.00185484355149872,6.94632187871538,6.94749935314257,0.00216258139489738,0,0.00192222980657997,1,0,1
39087,"Lawrence","Ohio",-0.000135528901751514,6.95939902678905,0,6.96034772910131,"2020-12-31",345,6.86871740625538,-0.0021964997273571,6.9429112601842,6.94497223100981,0.000541840222564718,0,-0.00034165617585838,1,0,-1
39087,"Lawrence","Ohio",-0.00966980636540632,6.88298927817806,0,6.9506779227359,"2021-01-01",346,6.84192068020345,-0.0101165175805391,6.879415588457,6.87986229967213,-0.0095342774636548,0,-0.007920017853182,-1,0,-1
39087,"Lawrence","Ohio",-0.00686627251307211,6.89574774263132,0,6.94381165022283,"2021-01-02",347,6.82375235905696,-0.00661884837862118,6.89772713570693,6.89747971157248,0.00280353385233421,0,0.00349766920191792,1,0,1
39087,"Lawrence","Ohio",-0.0119214053955673,6.84844040705829,0,6.93189024482726,"2021-01-03",348,6.80761918746112,-0.0111929101643635,6.85426836890792,6.85353987367672,-0.00505513288249519,0,-0.00457406178574232,-1,0,-1
39087,"Lawrence","Ohio",-0.0122063949798506,6.83423908498846,0,6.91968384984741,"2021-01-04",349,6.79554596694305,-0.0112073147577357,6.84223172676537,6.84123264654326,-0.0002849895842833,0,-1.44045933721994e-05,-1,0,-1
39087,"Lawrence","Ohio",-0.0113573054969826,6.82882540587155,0,6.90832654435043,"2021-01-05",350,6.78897174299217,-0.012233647907434,6.82181466658794,6.82269100899839,0.000849089482868,0,-0.0010263331496983,1,0,-1
39087,"Lawrence","Ohio",-0.0181535024135342,6.76309852504216,0,6.8901730419369,"2021-01-06",351,6.78703937524112,-0.019357433694557,6.75346707479397,6.754671006075,-0.0067961969165516,0,-0.007123785787123,-1,0,-1
39087,"Lawrence","Ohio",-0.0214556356815177,6.71852795648476,0,6.86871740625538,"2021-01-07",352,6.78558764500793,-0.0224111607579165,6.71088375587357,6.71183928094996,-0.0033021332679835,0,-0.0030537270633595,-1,0,-1
39087,"Lawrence","Ohio",-0.0267967260519346,6.6543435978399,0,6.84192068020345,"2021-01-08",353,6.7998518503202,-0.0254199990810356,6.6653574136071,6.6639806866362,-0.0053410903704169,0,-0.0030088383231191,-1,0,-1
39087,"Lawrence","Ohio",-0.0181683211464877,6.69657411103155,0,6.82375235905696,"2021-01-09",354,6.81297353096171,-0.0190864099969977,6.68922940022747,6.69014748907798,0.0086284049054469,0,0.0063335890840379,1,0,1
39087,"Lawrence","Ohio",-0.0161331715958401,6.69468698629024,0,6.80761918746112,"2021-01-10",355,6.82716480226291,-0.017918845188739,6.68040159754705,6.68218727113995,0.0020351495506476,0,0.0011675648082587,1,0,1
39087,"Lawrence","Ohio",-0.0120732205180693,6.71103342331657,0,6.79554596694305,"2021-01-11",356,6.83840520084734,-0.0149739757808492,6.68782738121433,6.69072813647711,0.0040599510777708,0,0.0029448694078898,1,0,1
39087,"Lawrence","Ohio",-0.00657422395087954,6.74295217533601,0,6.78897174299217,"2021-01-12",357,6.84755021199741,-0.0116542911179698,6.70231163799929,6.70739170516638,0.00549899656718976,0,0.0033196846628794,1,0,1
39087,"Lawrence","Ohio",-0.00193236775105362,6.77351280098374,0,6.78703937524112,"2021-01-13",358,6.8596149036542,-0.00794572873792523,6.72540591308877,6.73141927407564,0.00464185619982592,0,0.00370856238004457,1,0,1
39087,"Lawrence","Ohio",-0.00145173023318689,6.77542553337562,0,6.78558764500793,"2021-01-14",359,6.86901445066571,-0.00607175433934581,6.73846534052635,6.74308536463251,0.00048063751786673,0,0.00187397439857942,1,0,1
39087,"Lawrence","Ohio",0.0142642053122681,6.89970128750608,0.0142642053122692,6.89970128750608,"2021-01-15",360,6.87345956096316,0.0104646592338772,6.86930491887895,6.87310446495734,0.015715935545455,0.0142642053122692,0.016536413573223,1,1,1
39087,"Lawrence","Ohio",0.0131216806415139,6.90482529545231,0.0131216806415138,6.90482529545231,"2021-01-16",361,6.88404789518017,0.00839608123824464,6.86702050022616,6.87174609962942,-0.0011425246707542,-0.0011425246707554,-0.00206857799563256,-1,-1,-1
39087,"Lawrence","Ohio",0.0141912713011949,6.92650370137127,0.0141912713011951,6.92650370137127,"2021-01-17",362,6.89307664444147,0.0113442525203291,6.90372755112434,6.90657456990521,0.001069590659681,0.0010695906596813,0.00294817128208446,1,1,1
39087,"Lawrence","Ohio",0.0112403985844343,6.91708799093838,0.0112403985844365,6.9170879909384,"2021-01-18",363,6.90532375379072,0.00906471814168343,6.89968254739638,6.90185822783912,-0.0029508727167606,-0.0029508727167586,-0.00227953437864567,-1,-1,-1
39087,"Lawrence","Ohio",0.00914501115006174,6.91156529004784,0.00914501115006328,6.91156529004785,"2021-01-19",364,6.9155817152316,0.00818301842370734,6.903869348237,6.90483134096336,-0.00209538743437256,-0.00209538743437322,-0.00088169971797609,-1,-1,-1
39087,"Lawrence","Ohio",0.0120646916567943,6.94406774525176,0.0120646916567946,6.94406774525176,"2021-01-20",365,6.92222156444772,0.00913906754206577,6.92066275233394,6.92358837644866,0.00291968050673256,0.00291968050673132,0.000956049118358429,1,1,1
39087,"Lawrence","Ohio",0.00939954701150578,6.93481127974625,0.00939954701150469,6.93481127974624,"2021-01-21",366,6.92909733699308,0.00779005738716643,6.92193536275153,6.92354485237588,-0.00266514464528852,-0.00266514464528991,-0.00134901015489934,-1,-1,-1
39087,"Lawrence","Ohio",0.00444511029744915,6.9045753330453,0.00444511029745076,6.90457533304531,"2021-01-22",367,6.93161130479756,0.00483744027060438,6.90771397283055,6.90732164285739,-0.00495443671405663,-0.00495443671405393,-0.00295261711656205,-1,-1,-1
39087,"Lawrence","Ohio",0.0105883342170116,6.95816623469925,0.0105883342170117,6.95816623469925,"2021-01-23",368,6.92853781816467,0.00954071952659459,6.94978531717592,6.95083293186633,0.00614322391956245,0.00614322391956094,0.00470327925599021,1,1,1
39087,"Lawrence","Ohio",0.00902874926130329,6.95627788927059,0.00902874926130348,6.9562778892706,"2021-01-24",369,6.92264389147589,0.00781981550572519,6.94660641922597,6.94781535298155,-0.00155958495570831,-0.00155958495570822,-0.0017209040208694,-1,-1,-1
39087,"Lawrence","Ohio",0.0122471093492491,6.99105351923547,0.01224710934925,6.99105351923547,"2021-01-25",370,6.9123162903097,0.0108094555296282,6.9795522886785,6.98098994249812,0.00321836008794581,0.00321836008794652,0.00298964002390301,1,1,1
39087,"Lawrence","Ohio",0.0102579614408757,6.98738744531773,0.0102579614408755,6.98738744531773,"2021-01-26",371,6.89871453432999,0.00893995930807049,6.97684342825528,6.97816143038809,-0.0019891479083734,-0.0019891479083745,-0.00186949622155771,-1,-1,-1
39087,"Lawrence","Ohio",0.00663984921612299,6.96870050896058,0.00663984921612304,6.96870050896058,"2021-01-27",372,6.88170460178219,0.00665929998068729,6.9688561150771,6.96883666431253,-0.00361811222475271,-0.00361811222475246,-0.0022806593273832,-1,-1,-1
39087,"Lawrence","Ohio",0.00687577254536255,6.97722774481062,0.00687577254536276,6.97722774481062,"2021-01-28",373,6.86305673271596,0.00621889445318621,6.97197272007321,6.97262959816538,0.00023592332923956,0.00023592332923972,-0.00044040552750108,1,1,-1
39087,"Lawrence","Ohio",0.00251396780447863,6.94920907942891,0.00251396780447788,6.94920907942891,"2021-01-29",374,6.85163833942624,0.00324728706695632,6.95507563352873,6.95434231426625,-0.00436180474088392,-0.00436180474088488,-0.00297160738622989,-1,-1,-1
39087,"Lawrence","Ohio",-0.00307348663289687,6.90702341173439,0,6.92853781816467,"2021-01-30",375,6.82762923450285,-0.00413278197927603,6.89854904896335,6.89960834430974,-0.0055874544373755,-0.00251396780447788,-0.00738006904623235,-1,-1,-1
39087,"Lawrence","Ohio",-0.00589392668878065,6.88138640465442,0,6.92264389147589,"2021-01-31",376,6.80445612931231,-0.00668570088766494,6.87505221106335,6.87584398526224,-0.00282044005588378,0,-0.00255291890838891,-1,0,-1
39087,"Lawrence","Ohio",-0.0103276011661824,6.84002308214643,0,6.9123162903097,"2021-02-01",377,6.78154396784412,-0.0102276628020344,6.84082258905961,6.84072265069546,-0.00443367447740175,0,-0.00354196191436946,-1,0,-1
39087,"Lawrence","Ohio",-0.0136017559797156,6.80350224247198,0,6.89871453432999,"2021-02-02",378,6.75942098447632,-0.0130063709785423,6.80826532248136,6.80766993748019,-0.0032741548135332,0,-0.0027787081765079,-1,0,-1
39087,"Lawrence","Ohio",-0.0170099325477916,6.76263507394765,0,6.88170460178219,"2021-02-03",379,6.73866015176906,-0.0163968320816789,6.76753987767656,6.76692677721044,-0.003408176568076,0,-0.0033904611031366,-1,0,-1
39087,"Lawrence","Ohio",-0.0186478690662331,6.73252164925233,0,6.86305673271596,"2021-02-04",380,6.71555653151735,-0.0185955675996484,6.732940060985,6.73288775951842,-0.0016379365184415,0,-0.0021987355179695,-1,0,-1
39087,"Lawrence","Ohio",-0.0114183932897127,6.77170958639825,0,6.85163833942624,"2021-02-05",381,6.69119713902626,-0.013006037541736,6.75900843238207,6.76059607663409,0.0072294757765204,0,0.0055895300579124,1,0,1
39087,"Lawrence","Ohio",-0.0240091049233949,6.65956550003909,0,6.82762923450285,"2021-02-06",382,6.66859122482792,-0.0239736110684151,6.65984945087892,6.65981395702394,-0.0125907116336822,0,-0.0109675735266791,-1,0,-1
39087,"Lawrence","Ohio",-0.0231731051905366,6.64224439297856,0,6.80445612931231,"2021-02-07",383,6.64118216974059,-0.023268207934912,6.64148357102355,6.64157867376793,0.000835999732858299,0,0.000705403133503098,1,0,1
39087,"Lawrence","Ohio",-0.0229121614681973,6.62115883756674,0,6.78154396784412,"2021-02-08",384,6.61011906614612,-0.0233896181731795,6.61733918392687,6.61781664063186,0.000260943722339299,0,-0.000121410238267498,1,0,-1
39087,"Lawrence","Ohio",-0.022122983367805,6.60456010090168,0,6.75942098447632,"2021-02-09",385,6.57427855134072,-0.0230166709070165,6.59741060058799,6.5983042881272,0.0007891781003923,0,0.000372947266163,1,0,1
39087,"Lawrence","Ohio",-0.0207608327072633,6.59333432281821,0,6.73866015176906,"2021-02-10",386,6.53834654211466,-0.0224859427697046,6.57953344231868,6.58125855238113,0.0013621506605417,0,0.000530728137311899,1,0,1
39087,"Lawrence","Ohio",-0.0231036202517089,6.55383118975539,0,6.71555653151735,"2021-02-11",387,6.50621104561721,-0.0251243460563005,6.53766538331866,6.53968610912325,-0.0023427875444456,0,-0.0026384032865959,-1,0,-1
39087,"Lawrence","Ohio",-0.024359392491082,6.52068139158869,0,6.69119713902626,"2021-02-12",388,6.46458830368996,-0.0245992346773213,6.51876265409878,6.51900249628501,-0.0012557722393731,0,0.0005251113789792,-1,0,1
39087,"Lawrence","Ohio",-0.0226059141983343,6.51034982543958,0,6.66859122482792,"2021-02-13",389,6.42833603304099,-0.023355265086691,6.50435501833273,6.50510436922108,0.0017534782927477,0,0.0012439695906303,1,0,1
39087,"Lawrence","Ohio",-0.027409055087337,6.44931878412923,0,6.64118216974059,"2021-02-14",390,6.40096910469125,-0.0272601085432142,6.45051035648221,6.45036140993809,-0.0048031408890027,0,-0.0039048434565232,-1,0,-1
39087,"Lawrence","Ohio",-0.0310631035944709,6.39267734098483,0,6.61011906614612,"2021-02-15",391,6.3669612452873,-0.0299904276144482,6.40125874882501,6.40018607284498,-0.0036540485071339,0,-0.002730319071234,-1,0,-1
39087,"Lawrence","Ohio",-0.035840514805396,6.32339494770295,0,6.57427855134072,"2021-02-16",392,6.33277201391559,-0.0351334415178071,6.32905153400366,6.32834446071607,-0.0047774112109251,0,-0.0051430139033589,-1,0,-1
39087,"Lawrence","Ohio",-0.0359320092260662,6.2868224775322,0,6.53834654211466,"2021-02-17",393,6.29183365483562,-0.0351424315046567,6.29313909930347,6.29234952158206,-9.14944206702045e-05,0,-8.98998684960295e-06,-1,0,-1
39087,"Lawrence","Ohio",-0.0321354964974468,6.28126257013508,0,6.50621104561721,"2021-02-18",394,6.24222326545517,-0.0307944465741933,6.29199096952111,6.29064991959786,0.0037965127286194,0,0.0043479849304634,1,0,1
39087,"Lawrence","Ohio",-0.0416227419272523,6.17322911019919,0,6.46458830368996,"2021-02-19",395,6.19557089240211,-0.0387885856735189,6.19590236022906,6.19306820397533,-0.0094872454298055,0,-0.0079941390993256,-1,0,-1
39087,"Lawrence","Ohio",-0.0362522706489686,6.17457013849821,0,6.42833603304099,"2021-02-20",396,6.14173013872367,-0.0349371905652261,6.18509077916815,6.18377569908441,0.0053704712782837,0,0.0038513951082928,1,0,1
39087,"Lawrence","Ohio",-0.0273669283497488,6.209400606243,0,6.40096910469125,"2021-02-21",397,6.08709934954135,-0.0265831932645921,6.21567048692425,6.21488675183911,0.0088853422992198,0,0.008353997300634,1,0,1
39087,"Lawrence","Ohio",-0.0340078594039384,6.12890622945973,0,6.3669612452873,"2021-02-22",398,6.03855258320688,-0.0325989787597489,6.14017727461326,6.13876839396906,-0.0066409310541896,0,-0.0060157854951568,-1,0,-1
39087,"Lawrence","Ohio",-0.0341892313717032,6.09344739431367,0,6.33277201391559,"2021-02-23",399,5.99253540210947,-0.033740310686708,6.09703875979364,6.09658983910863,-0.000181371967764805,0,-0.0011413319269591,-1,0,-1
39087,"Lawrence","Ohio",-0.040938359079969,6.00526514127584,0,6.29183365483562,"2021-02-24",400,5.95250094375629,-0.0391682100615893,6.01942633342288,6.01765618440449,-0.00674912770826579,0,-0.0054278993748813,-1,0,-1
39087,"Lawrence","Ohio",-0.0496103893804583,5.89495053979196,0,6.24222326545517,"2021-02-25",401,5.91620206260743,-0.0468023382964859,5.91741494846373,5.91460689737977,-0.0086720303004893,0,-0.0076341282348966,-1,0,-1
39087,"Lawrence","Ohio",-0.0466523730530508,5.86900428103075,0,6.19557089240211,"2021-02-26",402,5.87773578177964,-0.0448463383268167,5.88345255884064,5.88164652411439,0.0029580163274075,0,0.0019559999696692,1,0,1
39087,"Lawrence","Ohio",-0.0538407536784432,5.76484486297457,0,6.14173013872367,"2021-02-27",403,5.83648018653215,-0.0494790924311699,5.79973815295275,5.79537649170548,-0.00718838062539241,0,-0.0046327541043532,-1,0,-1
39087,"Lawrence","Ohio",-0.0546307891823211,5.70468382526511,0,6.08709934954135,"2021-02-28",404,5.79301360838414,-0.0487578832900162,5.75166707240354,5.74579416651124,-0.000790035503877899,0,0.0007212091411537,-1,0,1
39087,"Lawrence","Ohio",-0.0485467663344666,5.69872521886562,0,6.03855258320688,"2021-03-01",405,5.75619419099574,-0.0462745513095261,5.71690293906514,5.7146307240402,0.0060840228478545,0,0.0024833319804901,1,0,1
39087,"Lawrence","Ohio",-0.0460171810974139,5.67041513442758,0,5.99253540210947,"2021-03-02",406,5.71702770140622,-0.0434048790005274,5.69131355120266,5.68870124910578,0.0025295852370527,0,0.00286967230899871,1,0,1
39087,"Lawrence","Ohio",-0.0400344583531794,5.67225973528403,0,5.95250094375629,"2021-03-03",407,5.68017260901707,-0.0387153125879182,5.68281290140613,5.68149375564086,0.0059827227442345,0,0.0046895664126092,1,0,1
39087,"Lawrence","Ohio",-0.0362988811488437,5.66210989456553,0,5.91620206260743,"2021-03-04",408,5.64595156583462,-0.0361661685516339,5.66317159534322,5.66303888274599,0.0037355772043357,0,0.00254914403628431,1,0,1
39087,"Lawrence","Ohio",-0.0384662808277957,5.60847181598507,0,5.87773578177964,"2021-03-05",409,5.60317256175697,-0.0380015781542591,5.61218943737336,5.61172473469983,-0.002167399678952,0,-0.0018354096026252,-1,0,-1
39087,"Lawrence","Ohio",-0.0412555952474975,5.54769101979967,0,5.83648018653215,"2021-03-06",410,5.57215403217776,-0.0394275412424225,5.56231545184026,5.56048739783519,-0.0027893144197018,0,-0.0014259630881634,-1,0,-1
39087,"Lawrence","Ohio",-0.0434665781480076,5.48874756134809,0,5.79301360838414,"2021-03-07",411,5.53338948872752,-0.0422108729797681,5.498793202694,5.49753749752576,-0.0022109829005101,0,-0.0027833317373456,-1,0,-1
39087,"Lawrence","Ohio",-0.0368194173884118,5.49845826927685,0,5.75619419099574,"2021-03-08",412,5.48063892334199,-0.0375499481466143,5.49261402321122,5.49334455396944,0.0066471607595958,0,0.00466092483315381,1,0,1
39087,"Lawrence","Ohio",-0.0391664895895103,5.44286227427965,0,5.71702770140622,"2021-03-09",413,5.42683621734901,-0.0389490197077442,5.44460203333379,5.44438456345201,-0.0023470722010985,0,-0.0013990715611299,-1,0,-1
39087,"Lawrence","Ohio",-0.0368550923891506,5.42218696229301,0,5.68017260901707,"2021-03-10",414,5.37726056888815,-0.0372409376080722,5.41910020054164,5.41948604576056,0.0023113972003597,0,0.001708082099672,1,0,1
39087,"Lawrence","Ohio",-0.0342210431824512,5.40640426355746,0,5.64595156583462,"2021-03-11",415,5.33685103055028,-0.0331856511052487,5.41468740017508,5.41365200809788,0.0026340492066994,0,0.0040552865028235,1,0,1
39087,"Lawrence","Ohio",-0.0427790040776472,5.30371953321344,0,5.60317256175697,"2021-03-12",416,5.31461244903454,-0.0402251942789771,5.3241500116028,5.32159620180413,-0.008557960895196,0,-0.0070395431737284,-1,0,-1
39087,"Lawrence","Ohio",-0.0310185295792014,5.35502432512336,0,5.57215403217776,"2021-03-13",417,5.28826703069454,-0.0295490036124363,5.36678053285748,5.36531100689071,0.0117604744984458,0,0.0106761906665408,1,0,1
39087,"Lawrence","Ohio",-0.0387645434502445,5.26203768457581,0,5.53338948872752,"2021-03-14",418,5.25898236114936,-0.0378118889359957,5.2696589206898,5.26870626617555,-0.0077460138710431,0,-0.0082628853235594,-1,0,-1
39087,"Lawrence","Ohio",-0.0527505653855286,5.11138496564329,0,5.48063892334199,"2021-03-15",419,5.22804817070148,-0.0490041525790953,5.14135626809476,5.13760985528832,-0.0139860219352841,0,-0.0111922636430996,-1,0,-1
39087,"Lawrence","Ohio",-0.0538027059929725,5.05021727539821,0,5.42683621734901,"2021-03-16",420,5.19691725210631,-0.0499941790304598,5.08068549109831,5.07687696413579,-0.0010521406074439,0,-0.000990026451364499,-1,0,-1
39087,"Lawrence","Ohio",-0.0495756484608639,5.03023102966211,0,5.37726056888815,"2021-03-17",421,5.1574119134708,-0.0484255195428011,5.0394320610066,5.03828193208854,0.0042270575321086,0,0.0015686594876587,1,0,1
39087,"Lawrence","Ohio",-0.0404095383378784,5.05398426218513,0,5.33685103055028,"2021-03-18",422,5.10334469220053,-0.0393353241574791,5.06257797562832,5.06150376144793,0.0091661101229855,0,0.00909019538532201,1,0,1
39087,"Lawrence","Ohio",-0.0222385815157392,5.15894237842436,0,5.31461244903454,"2021-03-19",423,5.03787981620282,-0.0236579028343088,5.14758780787581,5.14900712919438,0.0181709568221392,0,0.0156774213231703,1,0,1
39087,"Lawrence","Ohio",-0.0263454183400056,5.1038491023145,0,5.28826703069454,"2021-03-20",424,4.97870224699324,-0.0253953200371846,5.11144988873706,5.11049979043425,-0.0041068368242664,0,-0.0017374172028758,-1,0,-1
39087,"Lawrence","Ohio",-0.0292846695451741,5.05398967433314,0,5.25898236114936,"2021-03-21",425,4.93241631923601,-0.0286099141454914,5.05938771753061,5.05871296213092,-0.0029392512051685,0,-0.0032145941083068,-1,0,-1
39087,"Lawrence","Ohio",-0.030934190447884,5.01150883756629,0,5.22804817070148,"2021-03-22",426,4.89783979995091,-0.0297658950048223,5.02085520111078,5.01968690566772,-0.0016495209027099,0,-0.0011559808593309,-1,0,-1
39087,"Lawrence","Ohio",-0.0311309185951624,4.97900082194017,0,5.19691725210631,"2021-03-23",427,4.85314571300348,-0.0300113796148265,4.98795713378287,4.98683759480252,-0.000196728147278398,0,-0.000245484610004201,-1,0,-1
39087,"Lawrence","Ohio",-0.0395053386355008,4.8808745430223,0,5.1574119134708,"2021-03-24",428,4.79814903725603,-0.0358287688351514,4.9102871014251,4.90661053162474,-0.0083744200403384,0,-0.0058173892203249,-1,0,-1
39087,"Lawrence","Ohio",-0.0540672212702742,4.72487414330861,0,5.10334469220053,"2021-03-25",429,4.7411984588112,-0.047963951272327,4.77370030329218,4.76759703329424,-0.0145618826347734,0,-0.0121351824371756,-1,0,-1
39087,"Lawrence","Ohio",-0.0654648759976999,4.57962568421892,0,5.03787981620282,"2021-03-26",430,4.69657665231195,-0.0554286872519334,4.65991519418506,4.64987900543929,-0.0113976547274257,0,-0.0074647359796064,-1,0,-1
39087,"Lawrence","Ohio",-0.059177569209581,4.56445926252618,0,4.97870224699324,"2021-03-27",431,4.6525988795592,-0.0515935710870616,4.62513124750633,4.61754724938381,0.0062873067881189,0,0.0038351161648718,1,0,1
39087,"Lawrence","Ohio",-0.0462859277572345,4.60841482493537,0,4.93241631923601,"2021-03-28",432,4.60517018598809,-0.0421957018115119,4.64113663250115,4.63704640655543,0.0128916414523465,0,0.0093978692755497,1,0,1
39087,"Lawrence","Ohio",-0.0345765192850998,4.65580416495521,0,4.89783979995091,"2021-03-29",433,4.56285898791637,-0.0341680270178788,4.65907210309298,4.65866361082576,0.0117094084721347,0,0.0080276747936331,1,0,1
39087,"Lawrence","Ohio",-0.0446940869474324,4.54028710437145,0,4.85314571300348,"2021-03-30",434,4.54632968596516,-0.0431362835721354,4.55274953137383,4.55119172799853,-0.0101175676623326,0,-0.0089682565542566,-1,0,-1
39087,"Lawrence","Ohio",-0.0549966757474543,4.41317230702385,0,4.79814903725603,"2021-03-31",435,4.54935540688169,-0.0514803691682367,4.44130275965759,4.43778645307837,-0.0103025888000219,0,-0.0083440855961013,-1,0,-1
39087,"Lawrence","Ohio",-0.0569505784448253,4.34254440969743,0,4.7411984588112,"2021-04-01",436,4.55537952148507,-0.0536136644065921,4.36923972200329,4.36590280796506,-0.001953902697371,0,-0.0021332952383554,-1,0,-1
39087,"Lawrence","Ohio",-0.0446218064992666,4.38422400681708,0,4.69657665231195,"2021-04-02",437,4.55237200042112,-0.0429009234580204,4.39799107114704,4.39627018810581,0.0123287719455587,0,0.0107127409485717,1,0,1
39087,"Lawrence","Ohio",-0.0439777727527426,4.34475447029001,0,4.6525988795592,"2021-04-03",438,4.53872508657994,-0.0413994394570112,4.36538113665586,4.36280280336012,0.000644033746523998,0,0.0015014840010092,1,0,1
39087,"Lawrence","Ohio",-0.0474286935711073,4.27316933099034,0,4.60517018598809,"2021-04-04",439,4.52798054729696,-0.044014785314111,4.30048059704631,4.29706668878931,-0.0034509208183647,0,-0.0026153458570998,-1,0,-1
39087,"Lawrence","Ohio",-0.0423111980717244,4.2666806014143,0,4.56285898791637,"2021-04-05",440,4.52334016774046,-0.0391976550792227,4.29158894535431,4.28847540236181,0.0051174954993829,0,0.0048171302348883,1,0,1
39087,"Lawrence","Ohio",-0.0165293019512077,4.43062457230671,0,4.54632968596516,"2021-04-06",441,4.51399430532222,-0.0168941445888515,4.42770583120556,4.4280706738432,0.0257818961205167,0,0.0223035104903712,1,0,1
39087,"Lawrence","Ohio",0.00302572091653663,4.57053545329745,0.0030257209165363,4.57053545329745,"2021-04-07",442,4.50928841428481,0.00321772043559129,4.57207144944989,4.57187944993083,0.0195550228677443,0.0030257209165363,0.0201118650244428,1,1,1
39087,"Lawrence","Ohio",0.00602411460338039,4.59754832370874,0.00602411460338015,4.59754832370874,"2021-04-08",443,4.50613880538191,0.00719530033003301,4.60691780952195,4.6057466237953,0.00299839368684376,0.00299839368684385,0.00397757989444172,1,1,1
39087,"Lawrence","Ohio",-0.00300752106395449,4.53131935297344,0,4.55237200042112,"2021-04-09",444,4.50771484983738,-0.00666426600491566,4.50206539344574,4.50572213838671,-0.00903163566733488,-0.00602411460338015,-0.0138595663349487,-1,-1,-1
39087,"Lawrence","Ohio",-0.0136469138411837,4.44319668969165,0,4.53872508657994,"2021-04-10",445,4.51867815463465,-0.013137684894731,4.44727052126327,4.44676129231682,-0.0106393927772292,0,-0.00647341888981534,-1,0,-1
39087,"Lawrence","Ohio",-0.0107445392829764,4.45276877231613,0,4.52798054729696,"2021-04-11",446,4.53259949315326,-0.0123764947315087,4.43971312872787,4.4413450841764,0.0029023745582073,0,0.0007611901632223,1,0,1
39087,"Lawrence","Ohio",-0.00464037955650273,4.49085751084494,0,4.52334016774046,"2021-04-12",447,4.5417738694293,-0.0108107971777622,4.44149416987486,4.44766458749612,0.00610415972647367,0,0.0015656975537465,1,0,1
39087,"Lawrence","Ohio",-0.00934586241823477,4.44857326839458,0,4.51399430532222,"2021-04-13",448,4.54025063988878,-0.0115040839332877,4.43130749627416,4.43346571778921,-0.00470548286173204,0,-0.000693286755525501,-1,0,-1
39087,"Lawrence","Ohio",-0.00470589103741307,4.47634717702292,0,4.50928841428481,"2021-04-14",449,4.53719720240189,-0.00676760974826317,4.45985342733611,4.46191514604697,0.0046399713808217,0,0.00473647418502453,1,0,1
39087,"Lawrence","Ohio",-0.00314960890289776,4.48409154306163,0,4.50613880538191,"2021-04-15",450,4.54481338544719,-0.00793036592043225,4.44584548692135,4.45062624393888,0.00155628213451531,0,-0.00116275617216908,1,0,-1
39087,"Lawrence","Ohio",0.00157604445546538,4.51874716102564,0.00157604445546511,4.51874716102563,"2021-04-16",451,4.5613675633297,0.00374752572062773,4.53611901114693,4.53394752988177,0.00472565335836314,0.00157604445546511,0.01167789164106,1,1,1
39087,"Lawrence","Ohio",0.0109633047972693,4.59542128821553,0.0109633047972695,4.59542128821553,"2021-04-17",452,4.57471097850338,0.0113487866476619,4.59850514301868,4.59811966116828,0.00938726034180392,0.00938726034180439,0.00760126092703417,1,1,1
39087,"Lawrence","Ohio",0.0139213385186087,4.63004886278352,0.0139213385186086,4.63004886278352,"2021-04-18",453,4.58642414316704,0.014571696485672,4.63525172652003,4.63460136855296,0.0029580337213394,0.0029580337213391,0.0032229098380101,1,1,1
39087,"Lawrence","Ohio",0.00917437627604086,4.60599450336158,0.00917437627604123,4.60599450336159,"2021-04-19",454,4.59800169650948,0.00988665127204726,4.61169270332964,4.61098042833363,-0.00474696224256784,-0.00474696224256737,-0.00468504521362474,-1,-1,-1
39087,"Lawrence","Ohio",-0.00152322954052087,4.52958803310513,0,4.54025063988878,"2021-04-20",455,4.61935482098004,-0.0064201810634789,4.49041242092147,4.49530937244443,-0.0106976058165617,-0.00917437627604123,-0.0163068323355262,-1,-1,-1
39087,"Lawrence","Ohio",-0.00305343748688734,4.51582313999367,0,4.53719720240189,"2021-04-21",456,4.63472898822964,-0.00628310736356663,4.48998578098025,4.49321545085692,-0.00153020794636647,0,0.000137073699912269,-1,0,1
39087,"Lawrence","Ohio",0.00761618304530771,4.59812666676435,0.00761618304530831,4.59812666676435,"2021-04-22",457,4.63334106295479,0.00815628206604946,4.60244745893029,4.60190735990954,0.010669620532195,0.00761618304530831,0.0144393894296161,1,1,1
39087,"Lawrence","Ohio",0.016554177882506,4.67724680850724,0.0165541778825045,4.67724680850723,"2021-04-23",458,4.61794537747681,0.0170074889512741,4.68087329705738,4.68041998598862,0.00893799483719829,0.00893799483719619,0.00885120688522464,1,1,1
39087,"Lawrence","Ohio",0.0133434151736855,4.66811488471918,0.0133434151736846,4.66811488471918,"2021-04-24",459,4.60087526170521,0.0145548565652188,4.67780641585145,4.67659497445991,-0.0032107627088205,-0.0032107627088199,-0.0024526323860553,-1,-1,-1
39087,"Lawrence","Ohio",0.0117131646636546,4.66841629581262,0.0117131646636528,4.66841629581261,"2021-04-25",460,4.57618264911484,0.0119994424815111,4.67070651835547,4.67042024053762,-0.0016302505100309,-0.0016302505100318,-0.0025554140837077,-1,-1,-1
39087,"Lawrence","Ohio",0.0115775533424437,4.67904456990659,0.0115775533424438,4.67904456990659,"2021-04-26",461,4.56434819146784,0.0128947096073938,4.68958182002619,4.68826466376124,-0.000135611321210901,-0.000135611321208999,0.0008952671258827,-1,-1,1
39087,"Lawrence","Ohio",0.0213531244705633,4.76882669227399,0.021353124470564,4.76882669227399,"2021-04-27",462,4.55237200042112,0.021030695273108,4.76624725869434,4.7665696878918,0.0097755711281196,0.0097755711281202,0.0081359856657142,1,1,1
39087,"Lawrence","Ohio",0.0153741672495917,4.74234815897678,0.0153741672495924,4.74234815897678,"2021-04-28",463,4.5417738694293,0.0146500837523886,4.73655549099915,4.73727957449636,-0.0059789572209716,-0.0059789572209716,-0.0063806115207194,-1,-1,-1
39087,"Lawrence","Ohio",-0.00138792527484545,4.62362558603087,0,4.63334106295479,"2021-04-29",464,4.53872508657994,-0.00562053786202453,4.58976468533344,4.59399729792062,-0.0167620925244371,-0.0153741672495924,-0.0202706216144131,-1,-1,-1
39087,"Lawrence","Ohio",-0.0153956854779784,4.51017557913096,0,4.61794537747681,"2021-04-30",465,4.54935540688169,-0.0139177256609652,4.52199925766707,4.52052129785005,-0.0140077602031329,0,-0.00829718779894067,-1,0,-1
39087,"Lawrence","Ohio",-0.0170701157716029,4.48138445130399,0,4.60087526170521,"2021-05-01",466,4.55987391107292,-0.016218564998952,4.4881968574852,4.48734530671255,-0.0016744302936245,0,-0.0023008393379868,-1,0,-1
39087,"Lawrence","Ohio",-0.0246926125903712,4.40333436098224,0,4.57618264911484,"2021-05-02",467,4.57911950878815,-0.0207669126650374,4.43473996038491,4.43081426045958,-0.0076224968187683,0,-0.0045483476660854,-1,0,-1
39087,"Lawrence","Ohio",-0.0118344576469998,4.48150698793884,0,4.56434819146784,"2021-05-03",468,4.57911950878815,-0.0125335658475908,4.47591412233411,4.4766132305347,0.0128581549433714,0,0.0082333468174466,1,0,1
39087,"Lawrence","Ohio",-0.0119761910467126,4.46853866309413,0,4.55237200042112,"2021-05-04",469,4.56731996185699,-0.011388649463336,4.47323899576115,4.47265145417777,-0.000141733399712799,0,0.0011449163842548,-1,0,1
39087,"Lawrence","Ohio",-0.0105981309918263,4.46758695248651,0,4.5417738694293,"2021-05-05",470,4.56434819146784,-0.0109829188086486,4.46450864995193,4.46489343776876,0.0013780600548863,0,0.0004057306546874,1,0,1
39087,"Lawrence","Ohio",-0.00304878284935981,4.51738360663442,0,4.53872508657994,"2021-05-06",471,4.55387689160054,-0.00539125459124122,4.49864383269937,4.50098630444125,0.00754934814246649,0,0.00559166421740738,1,0,1
39087,"Lawrence","Ohio",0.0106303203017551,4.62376764899398,0.0106303203017557,4.62376764899398,"2021-05-07",472,4.53719720240189,0.00952784215300277,4.61494782380396,4.61605030195271,0.0136791031511149,0.0106303203017557,0.014919096744244,1,1,1
39087,"Lawrence","Ohio",0.0105185041912209,4.63350344041146,0.0105185041912206,4.63350344041146,"2021-05-08",473,4.51711930786536,0.00914085566574748,4.62248225220767,4.62385990073315,-0.000111816110534201,-0.000111816110535101,-0.000386986487255291,-1,-1,-1
39087,"Lawrence","Ohio",0.0192455977152334,4.71383869279478,0.0192455977152335,4.71383869279478,"2021-05-09",474,4.49663001741289,0.0181852880365642,4.70535621536543,4.7064165250441,0.0087270935240125,0.0087270935240129,0.00904443237081672,1,1,1
39087,"Lawrence","Ohio",-1.25607396694711e-15,4.57911950878814,0,4.57911950878815,"2021-05-10",475,4.49024021931411,0.0033640783503366,4.60603213559084,4.60266805724051,-0.0192455977152347,-0.0192455977152335,-0.0148212096862276,-1,-1,-1
39087,"Lawrence","Ohio",-0.0117995469311573,4.48472313333889,0,4.56731996185699,"2021-05-11",476,4.48863636973214,-0.0127155924236348,4.47739476939907,4.47831081489155,-0.011799546931156,0,-0.0160796707739714,-1,0,-1
39087,"Lawrence","Ohio",-0.00297177038915666,4.54354579874374,0,4.56434819146784,"2021-05-12",477,4.48057830840238,-0.0066339086244938,4.51424869286104,4.51791083109638,0.00882777654200064,0,0.006081683799141,1,0,1
39087,"Lawrence","Ohio",-0.0104712998672967,4.48057779252946,0,4.55387689160054,"2021-05-13",478,4.49184150068109,-0.0122440202983209,4.46639602908127,4.46816874951229,-0.00749952947814004,0,-0.0056101116738271,-1,0,-1
39087,"Lawrence","Ohio",-0.0166796891986576,4.42043937801128,0,4.53719720240189,"2021-05-14",479,4.51085950651685,-0.0162320432798237,4.42402054536195,4.42357289944312,-0.0062083893313609,0,-0.0039880229815028,-1,0,-1
39087,"Lawrence","Ohio",-0.0200778945365269,4.37657404610967,0,4.51711930786536,"2021-05-15",480,4.54025063988878,-0.0192872606033364,4.3828991175752,4.38210848364201,-0.0033982053378693,0,-0.0030552173235127,-1,0,-1
39087,"Lawrence","Ohio",-0.0204892904524691,4.3532049842456,0,4.49663001741289,"2021-05-16",481,4.56434819146784,-0.0211991231025462,4.34752632304499,4.34823615569507,-0.000411395915942199,0,-0.0019118624992098,-1,0,-1
39087,"Lawrence","Ohio",-0.00638979809877104,4.44551163262272,0,4.49024021931411,"2021-05-17",482,4.57911950878815,-0.00998729773164739,4.41673163555971,4.42032913519258,0.0140994923536981,0,0.0112118253708988,1,0,1
39087,"Lawrence","Ohio",-0.00160384958197272,4.47740942265833,0,4.48863636973214,"2021-05-18",483,4.58496747867057,-0.00768649373974042,4.42874826939619,4.43483091355396,0.00478594851679832,0,0.00230080399190697,1,0,1
39087,"Lawrence","Ohio",-0.00805806132976258,4.42417187909404,0,4.48057830840238,"2021-05-19",484,4.58496747867057,-0.0108172554459569,4.40209832616448,4.40485752028068,-0.00645421174778986,0,-0.00313076170621648,-1,0,-1
39087,"Lawrence","Ohio",0.0112631922787113,4.57068384663207,0.0112631922787108,4.57068384663206,"2021-05-20",485,4.58204776856724,0.0101348029410156,4.5616567319305,4.5627851212682,0.0193212536084739,0.0112631922787108,0.0209520583869725,1,1,1
39087,"Lawrence","Ohio",0.0190180058357614,4.64398554736718,0.0190180058357612,4.64398554736718,"2021-05-21",486,4.57323713888508,0.0170349345584644,4.62812097714881,4.6301040484261,0.0077548135570501,0.0077548135570504,0.0069001316174488,1,1,1
39087,"Lawrence","Ohio",0.029391133371926,4.74598857349226,0.0293911333719254,4.74598857349225,"2021-05-22",487,4.5613675633297,0.0247408725098184,4.7087864865954,4.71343674745751,0.0103731275361646,0.0103731275361642,0.007705937951354,1,1,1
39087,"Lawrence","Ohio",0.0240975515790565,4.73303105252123,0.0240975515790609,4.73303105252126,"2021-05-23",488,4.55086484113055,0.0215139057724825,4.71236188606864,4.71494553187522,-0.0052935817928695,-0.0052935817928645,-0.0032269667373359,-1,-1,-1
39087,"Lawrence","Ohio",0.014771317320311,4.68251873003033,0.0147713173203128,4.68251873003034,"2021-05-24",489,4.54632968596516,0.0139141681837081,4.6756615369375,4.67651868607411,-0.0093262342587455,-0.0093262342587481,-0.0075997375887744,-1,-1,-1
39087,"Lawrence","Ohio",0.00584796988242286,4.62590326784753,0.00584796988242342,4.62590326784754,"2021-05-25",490,4.56583518058941,0.00705023767352082,4.63552141017632,4.63431914238522,-0.00892334743788814,-0.00892334743788938,-0.00686393051018728,-1,-1,-1
39087,"Lawrence","Ohio",0,4.58496747867057,0,4.58496747867057,"2021-05-26",491,4.59511985013459,-0.00867594606232342,4.51555991017198,4.52423585623431,-0.00584796988242286,-0.00584796988242342,-0.0157261837358442,-1,-1,-1
39087,"Lawrence","Ohio",-0.00291971010333644,4.56160979784388,0,4.58204776856724,"2021-05-27",492,4.63055941999291,-0.00607103831427158,4.5363991721564,4.53955050036734,-0.00291971010333644,0,0.00260490774805184,-1,0,1
39087,"Lawrence","Ohio",-0.0088106296821532,4.51156273111001,0,4.57323713888508,"2021-05-28",493,4.67416305747504,-0.00888650402977725,4.51095573632902,4.51103161067664,-0.00589091957881676,0,-0.00281546571550567,-1,0,-1
39087,"Lawrence","Ohio",-0.0118695755553833,4.47828053444201,0,4.5613675633297,"2021-05-29",494,4.70824237112791,-0.0115564816782913,4.48078528545875,4.48047219158166,-0.0030589458732301,0,-0.00266997764851405,-1,0,-1
39087,"Lawrence","Ohio",-0.0105027221991475,4.47734578573652,0,4.55086484113055,"2021-05-30",495,4.73995079801304,-0.0104849564237811,4.47748791193945,4.47747014616408,0.0013668533562358,0,0.0010715252545102,1,0,1
39087,"Lawrence","Ohio",-0.00453515516538875,4.51458359980744,0,4.54632968596516,"2021-05-31",496,4.76095218754743,-0.00698226660171986,4.49500670831679,4.49745381975312,0.00596756703375875,0,0.00350268982206124,1,0,1
39087,"Lawrence","Ohio",0.019505494624258,4.70237364295922,0.0195054946242559,4.70237364295921,"2021-06-01",497,4.77068462446567,0.0170591380757044,4.6828027905708,4.68524914711934,0.0240406497896468,0.0195054946242559,0.0240414046774243,1,1,1
39087,"Lawrence","Ohio",0.0292846695451799,4.80011253695085,0.0292846695451754,4.80011253695082,"2021-06-02",498,4.77431000607998,0.021484728547134,4.73771300896648,4.74551294996453,0.0097791749209219,0.0097791749209195,0.0044255904714296,1,1,1
39087,"Lawrence","Ohio",0.0354395698583249,4.87863640900119,0.0354395698583252,4.87863640900119,"2021-06-03",499,4.76461296039711,0.0278426323098728,4.81786090861357,4.82545784616202,0.006154900313145,0.0061549003131498,0.0063579037627388,1,1,1
39087,"Lawrence","Ohio",0.043603637482133,4.97938851984997,0.0436036374821267,4.97938851984993,"2021-06-04",500,4.74741351921463,0.0337979660486119,4.9009431483818,4.91074881981532,0.0081640676238081,0.0081640676238015,0.0059553337387391,1,1,1
39087,"Lawrence","Ohio",0.034079313652865,4.94679756669796,0.0340793136528648,4.94679756669796,"2021-06-05",501,4.73117331219182,0.028954935132629,4.90580253853607,4.91092691705631,-0.009524323829268,-0.0095243238292619,-0.0048430309159829,-1,-1,-1
39087,"Lawrence","Ohio",0.0317084268851344,4.96190978620898,0.0317084268851362,4.961909786209,"2021-06-06",502,4.71338377062832,0.0273968195048186,4.92741692716646,4.93172853454677,-0.0023708867677306,-0.0023708867677286,-0.0015581156278104,-1,-1,-1
39087,"Lawrence","Ohio",0.0210013895343905,4.90796191428817,0.0210013895343923,4.90796191428818,"2021-06-07",503,4.70307440096946,0.0183363421670407,4.88664153534937,4.88930658271671,-0.0107070373507439,-0.0107070373507439,-0.0090604773377779,-1,-1,-1
39087,"Lawrence","Ohio",0.00973243691823002,4.83881168289328,0.00973243691823011,4.83881168289328,"2021-06-08",504,4.70177822450801,0.00897442452844113,4.83274758377496,4.83350559616476,-0.0112689526161605,-0.0112689526161622,-0.00936191763859957,-1,-1,-1
39087,"Lawrence","Ohio",0.00362538161431387,4.79968767738018,0.00362538161431303,4.79968767738017,"2021-06-09",505,4.70566172453442,0.00451614513802482,4.80681378556987,4.80592302204615,-0.00610705530391615,-0.00610705530391708,-0.00445827939041631,-1,-1,-1
39087,"Lawrence","Ohio",-0.00969704568286662,4.69673364061705,0,4.76461296039711,"2021-06-10",506,4.71466500078438,-0.0115697854,4.68175172287998,4.68362446259711,-0.0133224272971805,-0.00362538161431303,-0.0160859305380248,-1,-1,-1
39087,"Lawrence","Ohio",-0.0171994411824788,4.62701743093728,0,4.74741351921463,"2021-06-11",507,4.71594459149,-0.0189215540949941,4.61324052763716,4.61496264054967,-0.00750239549961218,0,-0.0073517686949941,-1,0,-1
39087,"Lawrence","Ohio",-0.0162402070228161,4.61749186303211,0,4.73117331219182,"2021-06-12",508,4.71594459149,-0.0175605723731288,4.6069289402296,4.60824930557992,0.0009592341596627,0,0.0013609817218653,1,0,1
39087,"Lawrence","Ohio",-0.0177895415634952,4.58885697968385,0,4.71338377062832,"2021-06-13",509,4.70953020131233,-0.0187838428587878,4.58090256932152,4.5818968706168,-0.0015493345406791,0,-0.001223270485659,-1,0,-1
39087,"Lawrence","Ohio",-0.0103093696588615,4.63090881335743,0,4.70307440096946,"2021-06-14",510,4.69918082045033,-0.0117461283794536,4.61941474359269,4.62085150231329,0.0074801719046337,0,0.0070377144793342,1,0,1
39087,"Lawrence","Ohio",-0.00129617646144507,4.6927049892779,0,4.70177822450801,"2021-06-15",511,4.67015503607751,-0.00627930682249786,4.65283994638948,4.65782307675053,0.00901319319741643,0,0.00546682155695574,1,0,1
39087,"Lawrence","Ohio",0.0038835000264033,4.73284622471924,0.00388350002640259,4.73284622471924,"2021-06-16",512,4.62076228074793,0.00467693045014172,4.73919366810914,4.73840023768541,0.00517967648784837,0.00388350002640259,0.0109562372726396,1,1,1
39087,"Lawrence","Ohio",0.00900327624995888,4.77768793453409,0.00900327624995878,4.77768793453409,"2021-06-17",513,4.56434819146784,0.00825195027173884,4.77167732670833,4.77242865268655,0.00511977622355558,0.00511977622355619,0.00357501982159712,1,1,1
39087,"Lawrence","Ohio",0.00127959070562468,4.72490172642937,0.00127959070562422,4.72490172642937,"2021-06-18",514,4.49822110764513,0.00381813370594709,4.74521007043196,4.74267152743163,-0.0077236855443342,-0.00772368554433456,-0.00443381656579175,-1,-1,-1
39087,"Lawrence","Ohio",0,4.71594459149,0,4.71594459149,"2021-06-19",515,4.42399083377291,-0.0117115813796797,4.62225194045256,4.63396352183224,-0.00127959070562468,-0.00127959070562422,-0.0155297150856268,-1,-1,-1
39087,"Lawrence","Ohio",-0.00641439017766764,4.66462947006866,0,4.70953020131233,"2021-06-20",516,4.3640081291712,-0.00931912198604675,4.64139161560163,4.64429634741,-0.00641439017766764,0,0.00239245939363295,-1,0,1
39087,"Lawrence","Ohio",-0.0103493808619996,4.62673515441633,0,4.69918082045033,"2021-06-21",517,4.30213272545312,-0.0129826832274629,4.60566873549263,4.60830203785809,-0.00393499068433196,0,-0.00366356124141615,-1,0,-1
39087,"Lawrence","Ohio",-0.0290257843728269,4.46697454546772,0,4.67015503607751,"2021-06-22",518,4.26267987704132,-0.0277439161558786,4.4772294912033,4.47594762298636,-0.0186764035108273,0,-0.0147612329284157,-1,0,-1
39087,"Lawrence","Ohio",-0.049392755329571,4.27501299344094,0,4.62076228074793,"2021-06-23",519,4.23203396499529,-0.0422804121131396,4.33191173917239,4.32479939595595,-0.0203669709567441,0,-0.014536495957261,-1,0,-1
39087,"Lawrence","Ohio",-0.0564140892800934,4.16944956650718,0,4.56434819146784,"2021-06-24",520,4.21106883653024,-0.0481069307216388,4.23590683497482,4.22759967641637,-0.0070213339505224,0,-0.00582651860849921,-1,0,-1
39087,"Lawrence","Ohio",-0.0661270838227196,4.03533152088609,0,4.49822110764513,"2021-06-25",521,4.19827548507033,-0.0530052427607574,4.14030624938178,4.12718440831983,-0.0097129945426262,0,-0.0048983120391186,-1,0,-1
39087,"Lawrence","Ohio",-0.0742302738722123,3.90437891666743,0,4.42399083377291,"2021-06-26",522,4.18531634042783,-0.0611728119083031,4.0088386123787,3.99578115041479,-0.0081031900494927,0,-0.0081675691475457,-1,0,-1
39087,"Lawrence","Ohio",-0.0599827046017197,3.94412919695917,0,4.3640081291712,"2021-06-27",523,4.16555719044736,-0.0543020035979283,3.98957480498948,3.9838941039857,0.0142475692704926,0,0.0068708083103748,1,0,1
39087,"Lawrence","Ohio",-0.0618754037180863,3.86900489942651,0,4.30213272545312,"2021-06-28",524,4.14539973302238,-0.0548540278621832,3.92517590627373,3.91815453041784,-0.0018926991163666,0,-0.000552024264254901,-1,0,-1
39087,"Lawrence","Ohio",-0.0394528484118008,3.98650993815871,0,4.26267987704132,"2021-06-29",525,4.11087386417331,-0.0378792627906,3.99909862312832,3.99752503750712,0.0224225553062855,0,0.0169747650715832,1,0,1
39087,"Lawrence","Ohio",-0.0306459120460277,4.01751258067309,0,4.23203396499529,"2021-06-30",526,4.07024701064304,-0.0301543058588853,4.02144543017024,4.02095382398309,0.0088069363657731,0,0.0077249569317147,1,0,1
39087,"Lawrence","Ohio",-0.0209651284650454,4.06431293727492,0,4.21106883653024,"2021-07-01",527,4.00992722040952,-0.0213419276197817,4.06129854403704,4.06167534319177,0.0096807835809823,0,0.0088123782391036,1,0,1
39087,"Lawrence","Ohio",-0.012793351459909,4.10872202485097,0,4.19827548507033,"2021-07-02",528,3.93462283734539,-0.0175251779909248,4.07086741260284,4.07559923913386,0.0081717770051364,0,0.0038167496288569,1,0,1
39087,"Lawrence","Ohio",-0.0129591446425059,4.09460232793029,0,4.18531634042783,"2021-07-03",529,3.87120101090789,-0.01534997771207,4.07547566337377,4.07786649644334,-0.0001657931825969,0,0.0021752002788548,-1,0,1
39087,"Lawrence","Ohio",-0.0197591499804591,4.02724314058415,0,4.16555719044736,"2021-07-04",530,3.80666248977032,-0.01971635570638,4.02758549477679,4.0275427005027,-0.0068000053379532,0,-0.00436637799431,-1,0,-1
39087,"Lawrence","Ohio",-0.0201574574249837,4.0042975310475,0,4.14539973302238,"2021-07-05",531,3.73084365321297,-0.0205246265642072,4.0013601779337,4.00172734707293,-0.000398307444524602,0,-0.000808270857827198,-1,0,-1
39087,"Lawrence","Ohio",-0.0345258688490669,3.86919278222984,0,4.11087386417331,"2021-07-06",532,3.67449071666184,-0.0312355071453755,3.89551567585938,3.89222531415568,-0.0143684114240832,0,-0.0107108805811683,-1,0,-1
39087,"Lawrence","Ohio",-0.0406268535302707,3.78585903593115,0,4.07024701064304,"2021-07-07",533,3.65620867182439,-0.0354166419060187,3.82754072892516,3.82233051730091,-0.0061009846812038,0,-0.0041811347606432,-1,0,-1
39087,"Lawrence","Ohio",-0.0603197902335336,3.58768868877478,0,4.00992722040952,"2021-07-08",534,3.68530163276605,-0.0496456081466801,3.6730821454696,3.66240796338276,-0.0196929367032629,0,-0.0142289662406614,-1,0,-1
39087,"Lawrence","Ohio",-0.075304383064129,3.40749215589648,0,3.93462283734539,"2021-07-09",535,3.76451686831956,-0.0590172582765597,3.53778915419704,3.52150202940947,-0.0149845928305954,0,-0.0093716501298796,-1,0,-1
39087,"Lawrence","Ohio",-0.0634218264375049,3.42724822584536,0,3.87120101090789,"2021-07-10",536,3.87713574642771,-0.0507311623355131,3.52877353866129,3.5160828745593,0.0118825566266241,0,0.0082860959410466,1,0,1
39087,"Lawrence","Ohio",-0.0645385211375701,3.35489284180733,0,3.80666248977032,"2021-07-11",537,3.98367899433458,-0.0533689279979846,3.44424958692401,3.43307999378443,-0.0011166947000652,0,-0.0026377656624715,-1,0,-1
39087,"Lawrence","Ohio",-0.0758188365573634,3.20011179731142,0,3.73084365321297,"2021-07-12",538,4.10146202999096,-0.0591774262742758,3.33324307957611,3.31660166929304,-0.0112803154197933,0,-0.0058084982762912,-1,0,-1
39087,"Lawrence","Ohio",-0.0563529365511319,3.28002016080391,0,3.67449071666184,"2021-07-13",539,4.20041910861358,-0.0452610134012255,3.36875554600317,3.35766362285326,0.0194659000062315,0,0.0139164128730503,1,0,1
39087,"Lawrence","Ohio",-0.0182820448374515,3.52823435796223,0,3.65620867182439,"2021-07-14",540,4.28260085453587,-0.0227093553390386,3.49281587394953,3.49724318445112,0.0380708917136804,0,0.0225516580621869,1,0,1
39087,"Lawrence","Ohio",0.0290929609416663,3.88895235935772,0.0290929609416661,3.88895235935772,"2021-07-15",541,4.36218829245422,0.0258571079588375,3.86306553549509,3.86630138847791,0.0473750057791178,0.0290929609416661,0.0485664632978761,1,1,1
39087,"Lawrence","Ohio",0.0792152355534907,4.31902351719399,0.0792152355535021,4.31902351719407,"2021-07-16",542,4.43590586835078,0.0618142596249538,4.17981570976568,4.19721668569424,0.0501222746118244,0.050122274611836,0.0359571516661163,1,1,1
39087,"Lawrence","Ohio",0.11261887810815,4.66546789318476,0.112618878108151,4.66546789318476,"2021-07-17",543,4.49024021931411,0.0641937567289392,4.27806692215107,4.32649204353028,0.0334036425546593,0.0334036425546489,0.0023794971039854,1,1,1
39087,"Lawrence","Ohio",0.106543247906891,4.72948172968282,0.106543247906875,4.72948172968271,"2021-07-18",544,4.53566698022112,0.080904399258112,4.52437094049261,4.55000978914136,-0.00607563020125899,-0.00607563020127599,0.0167106425291728,-1,-1,1
39087,"Lawrence","Ohio",0.117783035656401,4.92594327958577,0.117783035656383,4.92594327958564,"2021-07-19",545,4.57471097850338,0.0835023178827698,4.65169753739674,4.68597825517035,0.01123978774951,0.011239787749508,0.00259791862465779,1,1,1
39087,"Lawrence","Ohio",0.0989570786226207,4.89311865897193,0.0989570786226199,4.89311865897192,"2021-07-20",546,4.62777001790533,0.0776882396850674,4.7229679474715,4.74423678640905,-0.0188259570337803,-0.0188259570337631,-0.0058140781977024,-1,-1,-1
39087,"Lawrence","Ohio",0.0821817459222829,4.85787307599185,0.0821817459222851,4.85787307599186,"2021-07-21",547,4.68872320880638,0.0688432668522786,4.75116524343181,4.76450372250182,-0.0167753327003378,-0.0167753327003348,-0.0088449728327888,-1,-1,-1
39087,"Lawrence","Ohio",0.0795874379183359,4.91930035788257,0.0795874379183479,4.91930035788265,"2021-07-22",548,4.74741351921463,0.0654899266589946,4.80652026780783,4.82061777906718,-0.002594308003947,-0.0025943080039372,-0.003353340193284,-1,-1,-1
39087,"Lawrence","Ohio",0.0737175758965546,4.95192889962667,0.0737175758965671,4.95192889962675,"2021-07-23",549,4.80519131988145,0.0660237808355746,4.89037853913882,4.8980723341998,-0.0058698620217813,-0.00586986202178079,0.000533854176580001,-1,-1,1
39087,"Lawrence","Ohio",0.0543343509633272,4.8705806760574,0.0543343509633294,4.87058067605742,"2021-07-24",550,4.86312915698766,0.0502519683754051,4.83792161535402,4.84200399794195,-0.0193832249332274,-0.0193832249332377,-0.0157718124601695,-1,-1,-1
39087,"Lawrence","Ohio",0.0454267609070112,4.8536543065702,0.045426760907004,4.85365430657015,"2021-07-25",551,4.91998092582813,0.0474400925366191,4.86976095960706,4.86774762797745,-0.008907590056316,-0.0089075900563254,-0.002811875838786,-1,-1,-1
39087,"Lawrence","Ohio",0.0390439982822595,4.8480189664792,0.0390439982822652,4.84801896647924,"2021-07-26",552,4.97278506996516,0.0437762312295577,4.88587683005758,4.88114459711028,-0.0063827626247517,-0.0063827626247388,-0.0036638613070614,-1,-1,-1
39087,"Lawrence","Ohio",0.0530590394019457,4.99918329371895,0.0530590394019468,4.99918329371896,"2021-07-27",553,5.03787981620282,0.0535032915346308,5.00273731078043,5.00229305864775,0.0140150411196862,0.0140150411196816,0.0097270603050731,1,1,1
39087,"Lawrence","Ohio",0.0609531909010538,5.11539554511375,0.0609531909010457,5.11539554511369,"2021-07-28",554,5.10073712879344,0.0591242472049676,5.10076399554507,5.10259293924115,0.0078941514991081,0.0078941514990989,0.0056209556703368,1,1,1
39087,"Lawrence","Ohio",0.0586903104082474,5.15824569207236,0.0586903104082577,5.15824569207244,"2021-07-29",555,5.1574119134708,0.0560739126773714,5.13731451022535,5.13993090795623,-0.0022628804928064,-0.002262880492788,-0.0030503345275962,-1,-1,-1
39087,"Lawrence","Ohio",0.0577778006668135,5.20963592454914,0.0577778006668126,5.20963592454913,"2021-07-30",556,5.20792365252353,0.0591925247104675,5.22095371689837,5.21953899285472,-0.000912509741433899,-0.000912509741445099,0.0031186120330961,-1,-1,1
39087,"Lawrence","Ohio",0.0579378371062263,5.26869401673125,0.0579378371062171,5.26869401673118,"2021-07-31",557,5.24702407216049,0.0592377648059594,5.27909343832912,5.27779351062938,0.0001600364394128,0.000160036439404494,4.52400954919011e-05,1,1,1
39087,"Lawrence","Ohio",0.0568517688404626,5.31794330771136,0.0568517688404624,5.31794330771136,"2021-08-01",558,5.27884325671266,0.0551180116151627,5.30407324990896,5.30580700713427,-0.0010860682657637,-0.0010860682657547,-0.0041197531907967,-1,-1,-1
39087,"Lawrence","Ohio",0.0528041441370219,5.34241407892431,0.0528041441370304,5.34241407892437,"2021-08-02",559,5.31109255803676,0.0522217167906687,5.33775466015348,5.33833708749984,-0.0040476247034407,-0.004047624703432,-0.002896294824494,-1,-1,-1
39087,"Lawrence","Ohio",0.0650947462376643,5.49354303986647,0.0650947462376648,5.49354303986647,"2021-08-03",560,5.33133757757617,0.0638774253092337,5.48380447243903,5.48502179336746,0.0122906021006424,0.0122906021006344,0.011655708518565,1,1,1
39087,"Lawrence","Ohio",0.062857312590629,5.54073831692784,0.0628573125906211,5.54073831692779,"2021-08-04",561,5.36062124988419,0.0642105965431414,5.55156458854795,5.55021130459543,-0.0022374336470353,-0.00223743364704369,0.000333171233907706,-1,-1,1
39087,"Lawrence","Ohio",0.0566747846773605,5.55413540621232,0.0566747846773596,5.55413540621232,"2021-08-05",562,5.39557370330785,0.0579202287514274,5.56409895880486,5.56285351473079,-0.0061825279132685,-0.00618252791326151,-0.006290367791714,-1,-1,-1
39087,"Lawrence","Ohio",0.0505117390527366,5.56150582589269,0.0505117390527303,5.56150582589264,"2021-08-06",563,5.4324735639414,0.0557293104511773,5.60324639708022,5.59802882568177,-0.0061630456246239,-0.0061630456246293,-0.0021909183002501,-1,-1,-1
39087,"Lawrence","Ohio",0.039100419636956,5.52072700961918,0.0391004196369549,5.52072700961917,"2021-08-07",564,5.48004350802223,0.0455563781116915,5.57237467741706,5.56591871894233,-0.0114113194157806,-0.0114113194157754,-0.0101729323394858,-1,-1,-1
39087,"Lawrence","Ohio",0.0318191845521754,5.50157754857788,0.0318191845521705,5.50157754857785,"2021-08-08",565,5.52999582031208,0.0386479264095185,5.55620748343664,5.54937874157929,-0.0072812350847806,-0.00728123508478441,-0.006908451702173,-1,-1,-1
39087,"Lawrence","Ohio",0.0322493013241037,5.53683766730549,0.0322493013241054,5.5368376673055,"2021-08-09",566,5.57865107723005,0.038910865201063,5.59013017832116,5.5834686144442,0.0004301167719283,0.000430116771934906,0.000262938791544501,1,1,1
39087,"Lawrence","Ohio",0.0202450195394092,5.47305271435204,0.0202450195394102,5.47305271435204,"2021-08-10",567,5.62762111369064,0.0350487413680504,5.59148248898116,5.57667876715252,-0.0120042817846945,-0.0120042817846952,-0.00386212383301261,-1,-1,-1
39087,"Lawrence","Ohio",0.029283672308017,5.56560695604031,0.0292836723080203,5.56560695604033,"2021-08-11",568,5.66889521565576,0.0362102458483639,5.62101954436308,5.61409297082274,0.0090386527686078,0.0090386527686101,0.0011615044803135,1,1,1
39087,"Lawrence","Ohio",0.034952453423652,5.64024087727341,0.0349524534236529,5.64024087727342,"2021-08-12",569,5.70425855178969,0.0387250467762389,5.6704216240941,5.66664903074152,0.005668781115635,0.0056687811156326,0.002514800927875,1,1,1
39087,"Lawrence","Ohio",0.0368998606335573,5.6907725883763,0.0368998606335573,5.6907725883763,"2021-08-13",570,5.7420870173377,0.039172330491245,5.70895234723781,5.70667987738012,0.00194740720990531,0.0019474072099044,0.000447283715006103,1,1,1
39087,"Lawrence","Ohio",0.047569944080817,5.81303311658795,0.0475699440808253,5.813033116588,"2021-08-14",571,5.78206539305024,0.0473102270305857,5.81095538018609,5.81121509723633,0.0106700834472597,0.010670083447268,0.0081378965393407,1,1,1
39087,"Lawrence","Ohio",0.0499523122898628,5.87966200634112,0.0499523122898555,5.87966200634107,"2021-08-15",572,5.81923475388082,0.0504394141612561,5.88355882131228,5.88307171944087,0.0023823682090458,0.0023823682090302,0.0031291871306704,1,1,1
39087,"Lawrence","Ohio",0.0486552569179699,5.91923787565584,0.0486552569179644,5.9192378756558,"2021-08-16",573,5.85589025285366,0.0497271471660824,5.92781299764074,5.92674110739263,-0.0012970553718929,-0.0012970553718911,-0.000712266995173703,-1,-1,-1
39087,"Lawrence","Ohio",0.0489700364605803,5.9704113689147,0.048970036460589,5.97041136891476,"2021-08-17",574,5.90146168710448,0.049560499587066,5.97513507392658,5.9745446108001,0.000314779542610395,0.000314779542624599,-0.000166647579016396,1,1,-1
39087,"Lawrence","Ohio",0.0412741019651296,5.95781392941167,0.0412741019651248,5.95781392941164,"2021-08-18",575,5.94504656708361,0.043969932467098,5.97938057342742,5.97668474292545,-0.0076959344954507,-0.0076959344954642,-0.005590567119968,-1,-1,-1
39087,"Lawrence","Ohio",0.0353633361339212,5.95180190472713,0.0353633361339245,5.95180190472716,"2021-08-19",576,5.99253540210947,0.0397294041344982,5.98673044873175,5.98236438073118,-0.0059107658312084,-0.0059107658312003,-0.0042405283325998,-1,-1,-1
39087,"Lawrence","Ohio",0.0378284655480165,6.00688627617382,0.0378284655480172,6.00688627617382,"2021-08-20",577,6.04905937364256,0.0385149912603631,6.01237848187259,6.01169195616024,0.0024651294140953,0.0024651294140927,-0.0012144128741351,1,1,-1
39087,"Lawrence","Ohio",0.0399783757125473,6.06191402303808,0.0399783757125407,6.06191402303803,"2021-08-21",578,6.10159936192611,0.0412558796693847,6.07213405469278,6.07085655073593,0.0021499101645308,0.0021499101645235,0.00274088840902161,1,1,1
39087,"Lawrence","Ohio",0.0371693608305748,6.07942027969484,0.0371693608305748,6.07942027969484,"2021-08-22",579,6.15303659988803,0.0398885072514725,6.10117345106202,6.09845430464113,-0.0028090148819725,-0.00280901488196589,-0.0013673724179122,-1,-1,-1
39087,"Lawrence","Ohio",0.0366554989728454,6.11247874566358,0.0366554989728396,6.11247874566354,"2021-08-23",580,6.20195698086863,0.0397589032123289,6.13730597957945,6.13420257533996,-0.000513861857729399,-0.0005138618577352,-0.000129604039143597,-1,-1,-1
39087,"Lawrence","Ohio",0.0455714342508172,6.2204617268602,0.0455714342508182,6.2204617268602,"2021-08-24",581,6.24277897538889,0.0459167906492276,6.22322457804748,6.22287922164907,0.0089159352779718,0.0089159352779786,0.0061578874368987,1,1,1
39087,"Lawrence","Ohio",0.0435848799791237,6.25014072693747,0.0435848799791296,6.25014072693751,"2021-08-25",582,6.29209810016309,0.0435546414046926,6.24989881834202,6.24992905691646,-0.0019865542716935,-0.0019865542716886,-0.002362149244535,-1,-1,-1
39087,"Lawrence","Ohio",0.0474888350258656,6.32495724729053,0.0474888350258675,6.32495724729055,"2021-08-26",583,6.34287566137161,0.0462185643989143,6.31479508227492,6.31606535290187,0.0039039550467419,0.00390395504673791,0.0026639229942217,1,1,1
39087,"Lawrence","Ohio",0.056523971533093,6.44472717437422,0.0565239715330907,6.4447271743742,"2021-08-27",584,6.38832128067955,0.0555564186486999,6.43698675129907,6.43795430418346,0.0090351365072274,0.0090351365072232,0.0093378542497856,1,1,1
39087,"Lawrence","Ohio",0.0525399882835523,6.46937927991098,0.0525399882835451,6.46937927991093,"2021-08-28",585,6.43569238805458,0.0505244844016139,6.45325524885547,6.45527075273741,-0.0039839832495407,-0.0039839832495456,-0.005031934247086,-1,-1,-1
39087,"Lawrence","Ohio",0.051437237961917,6.51309726562144,0.0514372379619168,6.51309726562144,"2021-08-29",586,6.47916775345312,0.0489948342308891,6.49355803577322,6.49600043950425,-0.0011027503216353,-0.0011027503216283,-0.0015296501707248,-1,-1,-1
39087,"Lawrence","Ohio",0.0489203809806071,6.54439964773288,0.0489203809806069,6.54439964773288,"2021-08-30",587,6.52607644952285,0.0485851874518191,6.54171809950258,6.54205329303136,-0.0025168569813099,-0.0025168569813099,-0.000409646779070003,-1,-1,-1
39087,"Lawrence","Ohio",0.0408219945202487,6.52853293703063,0.0408219945202539,6.52853293703066,"2021-08-31",588,6.58695952174593,0.0415899656116969,6.53467670576221,6.53390873467077,-0.0080983864603584,-0.008098386460353,-0.0069952218401222,-1,-1,-1
39087,"Lawrence","Ohio",0.0493191247741939,6.63733197358245,0.0493191247742013,6.6373319735825,"2021-09-01",589,6.64564812431623,0.0485410731621982,6.63110756068648,6.63188561229848,0.0084971302539452,0.0084971302539474,0.0069511075505013,1,1,1
39087,"Lawrence","Ohio",0.0507775612085246,6.69831858983129,0.0507775612085259,6.6983185898313,"2021-09-02",590,6.70353862148139,0.0493034929472096,6.68652604374077,6.68800011200208,0.0014584364343307,0.0014584364343246,0.000762419785011396,1,1,1
39087,"Lawrence","Ohio",0.0454456193079374,6.70644061583511,0.045445619307932,6.70644061583507,"2021-09-03",591,6.75991796121147,0.0446526423230874,6.70009679995631,6.70088977694116,-0.0053319419005872,-0.0053319419005939,-0.0046508506241222,-1,-1,-1
39087,"Lawrence","Ohio",0.0473711073750225,6.76729013967973,0.0473711073750298,6.76729013967979,"2021-09-04",592,6.81501322728352,0.0466200637874189,6.7612817909789,6.76203283456651,0.0019254880670851,0.0019254880670978,0.00196742146433149,1,1,1
39087,"Lawrence","Ohio",0.0434753653985351,6.78349531124286,0.0434753653985416,6.78349531124291,"2021-09-05",593,6.87390298717691,0.0438577026729618,6.78655400943827,6.78617167216385,-0.0038957419764874,-0.0038957419764882,-0.00276236111445709,-1,-1,-1
39087,"Lawrence","Ohio",0.0469086960697339,6.85443732201098,0.0469086960697274,6.85443732201094,"2021-09-06",594,6.93175078453835,0.0461412890831482,6.84829806611831,6.84906547310489,0.0034333306711988,0.0034333306711858,0.0022835864101864,1,1,1
39087,"Lawrence","Ohio",0.060883072223078,7.01314102730748,0.0608830722230866,7.01314102730754,"2021-09-07",595,6.97834687183279,0.0581015519537029,6.99088886515247,6.99367038542185,0.0139743761533441,0.0139743761533592,0.0119602628705547,1,1,1
39087,"Lawrence","Ohio",0.058688602570298,7.05646834230832,0.0586886025702986,7.05646834230832,"2021-09-08",596,7.02031836517047,0.0557519595014712,7.0329751977577,7.03591184082653,-0.00219446965277999,-0.002194469652788,-0.0023495924522317,-1,-1,-1
39087,"Lawrence","Ohio",0.0578904971651715,7.1087721016376,0.0578904971651637,7.10877210163754,"2021-09-09",597,7.05555933089337,0.0565312345489935,7.09789800070818,7.09925726332434,-0.000798105405126502,-0.000798105405134898,0.000779275047522301,-1,-1,1
39087,"Lawrence","Ohio",0.056379339730075,7.154573339322,0.0563793397300767,7.15457333932201,"2021-09-10",598,7.09411628525119,0.0558162270770716,7.15006843809796,7.15063155075097,-0.0015111574350965,-0.001511157435087,-0.000715007471921901,-1,-1,-1
39087,"Lawrence","Ohio",0.0550952660720441,7.20068008978783,0.0550952660720512,7.20068008978788,"2021-09-11",599,7.12929754892937,0.0547435957430577,7.19786672715593,7.19821839748492,-0.0012840736580309,-0.0012840736580255,-0.0010726313340139,-1,-1,-1
39087,"Lawrence","Ohio",0.0588897598933913,7.28613130643065,0.0588897598933906,7.28613130643065,"2021-09-12",600,7.16117859311039,0.0557423910211869,7.26095235545302,7.26409972432522,0.0037944938213472,0.0037944938213394,0.000998795278129204,1,1,1
39087,"Lawrence","Ohio",0.0578477973614433,7.33668536606845,0.0578477973614353,7.3366853660684,"2021-09-13",601,7.19368581839511,0.0553671467009843,7.31684016078478,7.31932081144524,-0.001041962531948,-0.0010419625319553,-0.000375244320202604,-1,-1,-1
39087,"Lawrence","Ohio",0.0465960872944406,7.30451948289387,0.0465960872944402,7.30451948289387,"2021-09-14",602,7.23097684666165,0.0453113718668363,7.29424175947304,7.29552647490064,-0.0112517100670027,-0.0112517100669951,-0.010055774834148,-1,-1,-1
39087,"Lawrence","Ohio",0.0419714933376822,7.31411881853424,0.0419714933376776,7.31411881853421,"2021-09-15",603,7.27110787767411,0.0409144810215092,7.30566272000486,7.30671973232103,-0.0046245939567584,-0.0046245939567626,-0.0043968908453271,-1,-1,-1
39087,"Lawrence","Ohio",0.0352409657229079,7.30224609095373,0.0352409657229087,7.30224609095374,"2021-09-16",604,7.31188616407716,0.0362470632281106,7.31029487099536,7.30928877349014,-0.0067305276147743,-0.0067305276147689,-0.0046674177933986,-1,-1,-1
39087,"Lawrence","Ohio",0.0385569543578175,7.36401496575591,0.0385569543578148,7.36401496575589,"2021-09-17",605,7.34656305245939,0.0374905698895616,7.35548389000986,7.35655027447812,0.0033159886349096,0.00331598863490611,0.001243506661451,1,1,1
39087,"Lawrence","Ohio",0.0351812636781843,7.37556639467666,0.0351812636781839,7.37556639467666,"2021-09-18",606,7.37865136701089,0.0348309573225885,7.3727639438319,7.37311425018749,-0.0033756906796332,-0.0033756906796309,-0.0026596125669731,-1,-1,-1
39087,"Lawrence","Ohio",0.0318810441810195,7.38434590237753,0.03188104418102,7.38434590237753,"2021-09-19",607,7.40592978519457,0.0345683281830659,7.4058441743939,7.40315689039185,-0.0033002194971648,-0.0033002194971639,-0.000262629139522602,-1,-1,-1
39087,"Lawrence","Ohio",0.0325072252847169,7.42123639538813,0.0325072252847187,7.42123639538814,"2021-09-20",608,7.42824830815026,0.0321035483145012,7.4180069796264,7.41841065659662,0.000626181103697394,0.000626181103698699,-0.0024647798685647,1,1,-1
39087,"Lawrence","Ohio",0.0372910282665355,7.4920140445274,0.0372910282665391,7.49201404452742,"2021-09-21",609,7.44666844290908,0.0361843864790025,7.48316091022713,7.48426755201467,0.0047838029818186,0.0047838029818204,0.0040808381645013,1,1,1
39087,"Lawrence","Ohio",0.0401310310124603,7.55202509476133,0.0401310310124607,7.55202509476134,"2021-09-22",610,7.454719949364,0.0389464760350157,7.54254865494178,7.54373320991922,0.0028400027459248,0.0028400027459216,0.0027620895560132,1,1,1
39087,"Lawrence","Ohio",0.0407782864030455,7.59733416889848,0.0407782864030528,7.59733416889853,"2021-09-23",611,7.45744440925357,0.0393274195423224,7.58572723401269,7.58717810087342,0.000647255390585195,0.000647255390592107,0.000380943507306698,1,1,1
39087,"Lawrence","Ohio",0.0346768883822303,7.589301271135,0.0346768883822248,7.58930127113496,"2021-09-24",612,7.45661959891317,0.0333441251657505,7.57863916540316,7.57997192861964,-0.0061013980208152,-0.006101398020828,-0.0059832943765719,-1,-1,-1
39087,"Lawrence","Ohio",0.0320883145515068,7.60326956887144,0.0320883145515021,7.60326956887141,"2021-09-25",613,7.45289951030106,0.0309471360394594,7.59414014077506,7.59528131928711,-0.0025885738307235,-0.0025885738307227,-0.0023969891262911,-1,-1,-1
39087,"Lawrence","Ohio",0.0272784181836853,7.59687871248037,0.0272784181836805,7.59687871248034,"2021-09-26",614,7.44758476601872,0.0260584146006472,7.58711868381607,7.5883386873991,-0.0048098963678215,-0.0048098963678216,-0.0048887214388122,-1,-1,-1
39087,"Lawrence","Ohio",0.0223185229556943,7.58447796884012,0.0223185229556906,7.5844779688401,"2021-09-27",615,7.43796327368174,0.0228126382542563,7.58843089122862,7.58793677593005,-0.004959895227991,-0.0049598952279899,-0.0032457763463909,-1,-1,-1
39087,"Lawrence","Ohio",0.0184201347588158,7.57560938622079,0.0184201347588147,7.57560938622078,"2021-09-28",616,7.42484694432678,0.0179786535853366,7.57207753683295,7.57251901800644,-0.0038983881968785,-0.0038983881968759,-0.0048339846689197,-1,-1,-1
39087,"Lawrence","Ohio",0.00805150645492429,7.51108049454847,0.00805150645492336,7.51108049454846,"2021-09-29",617,7.41526111262345,0.0106831955244768,7.53213400710489,7.52950231803534,-0.0103686283038915,-0.0103686283038913,-0.0072954580608598,-1,-1,-1
39087,"Lawrence","Ohio",0.00272445988956866,7.47651562848055,0.00272445988956882,7.47651562848055,"2021-09-30",618,7.40349627104387,0.00755074097908213,7.51512587719666,7.51029959610714,-0.00532704656535563,-0.00532704656535454,-0.00313245454539467,-1,-1,-1
39087,"Lawrence","Ohio",-0.000824810340397297,7.45084592653039,0,7.45661959891317,"2021-10-01",619,7.39317517881143,-0.00324119209547629,7.43151487248976,7.43393125424484,-0.00354927022996596,-0.00272445988956882,-0.0107919330745584,-1,-1,-1
39087,"Lawrence","Ohio",-0.003720088612112,7.42685889001627,0,7.45289951030106,"2021-10-02",620,7.37597159765378,-0.00315940087553423,7.4313443919089,7.43078370417232,-0.0028952782717147,0,8.17912199420601e-05,-1,0,1
39087,"Lawrence","Ohio",-0.00531474428234013,7.41038155604234,0,7.44758476601872,"2021-10-03",621,7.35618864816041,-0.00509098177574389,7.41217165609511,7.41194789358851,-0.00159465567022813,0,-0.00193158090020966,-1,0,-1
39087,"Lawrence","Ohio",-0.00962149233697827,7.37061282732289,0,7.43796327368174,"2021-10-04",622,7.33554085037882,-0.00776850968253475,7.38543668855844,7.383583705904,-0.00430674805463814,0,-0.00267752790679086,-1,0,-1
39087,"Lawrence","Ohio",-0.013116329354963,7.33303263884203,0,7.42484694432678,"2021-10-05",623,7.3082557024609,-0.0100329625853841,7.35769957299867,7.35461620622909,-0.00349483701798473,0,-0.00226445290284935,-1,0,-1
39087,"Lawrence","Ohio",-0.00958583170332322,7.34816029070019,0,7.41526111262345,"2021-10-06",624,7.27170370688737,-0.00791913581288237,7.36149385782372,7.35982716193327,0.00353049765163978,0,0.00211382677250173,1,0,1
39087,"Lawrence","Ohio",-0.011764841579588,7.32114237998675,0,7.40349627104387,"2021-10-07",625,7.23232016900263,-0.0100161765067162,7.33513170056972,7.33338303549686,-0.00217900987626478,0,-0.00209704069383383,-1,0,-1
39087,"Lawrence","Ohio",-0.0103210922324395,7.32092753318435,0,7.39317517881143,"2021-10-08",626,7.18104861398182,-0.00983204390693709,7.32483991978837,7.32435087146287,0.0014437493471485,0,0.00018413259977911,1,0,1
39087,"Lawrence","Ohio",-0.0172035811576518,7.25554652955022,0,7.37597159765378,"2021-10-09",627,7.128266798108,-0.0150017335088716,7.27316131074046,7.27095946309168,-0.0068824889252123,0,-0.00516968960193451,-1,0,-1
39087,"Lawrence","Ohio",-0.0197829494933722,7.2177080017068,0,7.35618864816041,"2021-10-10",628,7.07399584601636,-0.0169443483583187,7.24041681078723,7.23757820965218,-0.0025793683357204,0,-0.0019426148494471,-1,0,-1
39087,"Lawrence","Ohio",-0.020647797781585,7.19100626590773,0,7.33554085037882,"2021-10-11",629,7.01852968448405,-0.0175862794722402,7.21549841238249,7.21243689407314,-0.000864848288212802,0,-0.000641931113921503,-1,0,-1
39087,"Lawrence","Ohio",-0.0272851479179227,7.11725966703544,0,7.3082557024609,"2021-10-12",630,6.96737098865649,-0.0209340412891952,7.16806852006526,7.16171741343653,-0.0066373501363377,0,-0.003347761816955,-1,0,-1
39087,"Lawrence","Ohio",-0.0365519955735235,7.0158397378727,0,7.27170370688737,"2021-10-13",631,6.9145890185607,-0.0282426821584355,7.08231424519342,7.07400493177832,-0.0092668476556008,0,-0.0073086408692403,-1,0,-1
39087,"Lawrence","Ohio",-0.0393835378847408,6.95663540380945,0,7.23232016900263,"2021-10-14",632,6.86380339145295,-0.0319457820068083,7.0161374508329,7.00869969495497,-0.00283154231121729,0,-0.0037030998483728,-1,0,-1
39087,"Lawrence","Ohio",-0.051271555020828,6.82214772883602,0,7.18104861398182,"2021-10-15",633,6.82017231009355,-0.0382380470575776,6.92641579254201,6.91338228457878,-0.0118880171360872,0,-0.0062922650507693,-1,0,-1
39087,"Lawrence","Ohio",-0.0527818158738113,6.75879408699132,0,7.128266798108,"2021-10-16",634,6.7773211257722,-0.0396513734501011,6.86383762638101,6.85070718395729,-0.00151026085298329,0,-0.0014133263925235,-1,0,-1
39087,"Lawrence","Ohio",-0.0542709520916393,6.69409918137489,0,7.07399584601636,"2021-10-17",635,6.73544062852721,-0.0423203373460532,6.78970409933958,6.77775348459399,-0.001489136217828,0,-0.0026689638959521,-1,0,-1
39087,"Lawrence","Ohio",-0.0554661615323159,6.63026655375783,0,7.01852968448405,"2021-10-18",636,6.69296956061752,-0.0435589902628095,6.72552392391388,6.71361675264438,-0.0011952094406766,0,-0.0012386529167563,-1,0,-1
39087,"Lawrence","Ohio",-0.0511586958275523,6.60926011786362,0,6.96737098865649,"2021-10-19",637,6.64304540858781,-0.0428828557368273,6.67546683858943,6.6671909984987,0.0043074657047636,0,0.000676134525982204,1,0,1
39087,"Lawrence","Ohio",-0.0527819700957888,6.54511522789018,0,6.9145890185607,"2021-10-20",638,6.59656084954519,-0.0428844857088546,6.62429510298565,6.61439761859872,-0.0016232742682365,0,-1.62997202730192e-06,-1,0,-1
39087,"Lawrence","Ohio",-0.0507856271077531,6.50830400169868,0,6.86380339145295,"2021-10-21",639,6.54637540665474,-0.0433563137851504,6.5677385082795,6.5603091949569,0.0019963429880357,0,-0.000471828076295797,1,0,-1
39087,"Lawrence","Ohio",-0.0436310813594017,6.51475474057774,0,6.82017231009355,"2021-10-22",640,6.49461795742544,-0.0392684564841896,6.54965573957943,6.54529311470422,0.0071545457483514,0,0.0040878573009608,1,0,1
39087,"Lawrence","Ohio",-0.0428511843213609,6.47736283552267,0,6.7773211257722,"2021-10-23",641,6.44322237229341,-0.0385036613562427,6.51214301924361,6.5077954962785,0.000779897038040801,0,0.000764795127946902,1,0,1
39087,"Lawrence","Ohio",-0.0418804972449874,6.4422771478123,0,6.73544062852721,"2021-10-24",642,6.39335183386826,-0.0379579531931525,6.47365750022698,6.46973495617514,0.000970687076373496,0,0.0005457081630902,1,0,1
39087,"Lawrence","Ohio",-0.0424710679096929,6.39567208524967,0,6.69296956061752,"2021-10-25",643,6.3426243103586,-0.0373962936313814,6.43627027947616,6.43119550519785,-0.000590570664705498,0,0.000561659561771094,-1,0,1
39087,"Lawrence","Ohio",-0.0499241520297072,6.29357634437986,0,6.64304540858781,"2021-10-26",644,6.30078579466324,-0.0442109345285729,6.33928208438894,6.3335688668878,-0.0074530841200143,0,-0.0068146408971915,-1,0,-1
39087,"Lawrence","Ohio",-0.0464845590426299,6.27116893624678,0,6.59656084954519,"2021-10-27",645,6.26909628370626,-0.0424817857558606,6.30319112254092,6.29918834925417,0.0034395929870773,0,0.0017291487727123,1,0,1
39087,"Lawrence","Ohio",-0.0501854428904541,6.19507730642156,0,6.54637540665474,"2021-10-28",646,6.24138912109983,-0.0438840706779162,6.24548828412186,6.23918691190933,-0.0037008838478242,0,-0.0014022849220556,-1,0,-1
39087,"Lawrence","Ohio",-0.0517574492292988,6.13231581282035,0,6.49461795742544,"2021-10-29",647,6.21088689762034,-0.0444892965151972,6.19046103453316,6.18319288181906,-0.0015720063388447,0,-0.000605225837281002,-1,0,-1
39087,"Lawrence","Ohio",-0.0513955851320327,6.08345327636918,0,6.44322237229341,"2021-10-30",648,6.19265458820632,-0.0462954723030868,6.12425417900075,6.1191540661718,0.000361864097266101,0,-0.0018061757878896,1,0,-1
39087,"Lawrence","Ohio",-0.0498705384251436,6.04425806489226,0,6.39335183386826,"2021-10-31",649,6.17586727010576,-0.045625590472352,6.07821764851459,6.0739727005618,0.0015250467068891,0,0.000669881830734805,1,0,1
39087,"Lawrence","Ohio",-0.0507275235096498,5.98753164579106,0,6.3426243103586,"2021-11-01",650,6.16000104893119,-0.0471138179559418,6.01644129022073,6.01282758466701,-0.000856985084506198,0,-0.0014882274835898,-1,0,-1
39087,"Lawrence","Ohio",-0.0418385156953676,6.00791618479567,0,6.30078579466324,"2021-11-02",651,6.14234457806712,-0.0405940083447394,6.01787224360069,6.01662773625007,0.0088890078142822,0,0.0065198096112024,1,0,1
39087,"Lawrence","Ohio",-0.0316895109569763,6.04726970700743,0,6.26909628370626,"2021-11-03",652,6.11966927822678,-0.0331569737965086,6.03553000429117,6.0369974671307,0.0101490047383913,0,0.0074370345482308,1,0,1
39087,"Lawrence","Ohio",-0.0277071626064212,6.04743898285489,0,6.24138912109983,"2021-11-04",653,6.10255859461357,-0.0290744852256756,6.03650040190086,6.0378677245201,0.0039823483505551,0,0.004082488570833,1,0,1
39087,"Lawrence","Ohio",-0.0305022234795033,5.99737133326381,0,6.21088689762034,"2021-11-05",654,6.08677472691231,-0.0326651554488826,5.98006787750877,5.98223080947816,-0.0027950608730821,0,-0.003590670223207,-1,0,-1
39087,"Lawrence","Ohio",-0.0182323094140181,6.06502842230819,0,6.19265458820632,"2021-11-06",655,6.06776399377737,-0.0204152404258352,6.04756497421366,6.04974790522547,0.0122699140654852,0,0.0122499150230474,1,0,1
39087,"Lawrence","Ohio",-0.0167873181005571,6.05835604340186,0,6.17586727010576,"2021-11-07",656,6.05443934626937,-0.0196972968591176,6.03507621333338,6.03798619209194,0.001444991313461,0,0.000717943566717602,1,0,1
39087,"Lawrence","Ohio",-0.0158662211745701,6.0489375007092,0,6.16000104893119,"2021-11-08",657,6.04500531403601,-0.0182589250709523,6.02979586953814,6.03218857343452,0.000921096925986999,0,0.0014383717881653,1,0,1
39087,"Lawrence","Ohio",-0.0176564708640727,6.01874928201861,0,6.14234457806712,"2021-11-09",658,6.03240082081241,-0.0195080041737838,6.00393701554092,6.00578854885063,-0.0017902496895026,0,-0.0012490791028315,-1,0,-1
39087,"Lawrence","Ohio",-0.0226752998403414,5.96094217934439,0,6.11966927822678,"2021-11-10",659,6.03240082081241,-0.0238358666577435,5.95165764480517,5.95281821162258,-0.0050188289762687,0,-0.0043278624839597,-1,0,-1
39087,"Lawrence","Ohio",-0.0171106836132154,5.98278380932106,0,6.10255859461357,"2021-11-11",660,6.03240082081241,-0.0190236180774179,5.96748033360744,5.96939326807165,0.005564616227126,0,0.0048122485803256,1,0,1
39087,"Lawrence","Ohio",-0.0157838677012656,5.97628765300345,0,6.08677472691231,"2021-11-12",661,6.03855258320688,-0.0179347333843045,5.95908072753913,5.96123159322218,0.0013268159119498,0,0.0010888846931134,1,0,1
39087,"Lawrence","Ohio",-0.0190107331349368,5.93468886183282,0,6.06776399377737,"2021-11-13",662,6.04500531403601,-0.0208281211231194,5.92014975792735,5.92196714591553,-0.0032268654336712,0,-0.0028933877388149,-1,0,-1
39087,"Lawrence","Ohio",-0.0133246475079972,5.96116681371339,0,6.05443934626937,"2021-11-14",663,6.04602037079716,-0.0153896016806577,5.94464718033211,5.94671213450477,0.0056860856269396,0,0.0054385194424617,1,0,1
39087,"Lawrence","Ohio",-0.009434032233359,5.9789670884025,0,6.04500531403601,"2021-11-15",664,6.04872216237651,-0.0119240164146508,5.95904721495216,5.96153719913345,0.0038906152746382,0,0.0034655852660069,1,0,1
39087,"Lawrence","Ohio",-0.0126044932236041,5.94416936824718,0,6.03240082081241,"2021-11-16",665,6.05878936149424,-0.0143236904732145,5.93041579025029,5.93213498749991,-0.0031704609902451,0,-0.0023996740585637,-1,0,-1
39087,"Lawrence","Ohio",0,6.03240082081241,0,6.03240082081241,"2021-11-17",666,6.05544487677139,-0.0138182393684809,5.92185490586456,5.93567314523304,0.0126044932236041,0,0.000505451104733601,1,0,1
39087,"Lawrence","Ohio",0,6.03240082081241,0,6.03240082081241,"2021-11-18",667,6.05175297796479,-0.0119636439656549,5.93669166908717,5.94865531305283,0,0,0.001854595402826,0,0,1
39087,"Lawrence","Ohio",0.00615176239447367,6.0816149199682,0.00615176239447379,6.0816149199682,"2021-11-19",668,6.05175297796479,0.00501757770221312,6.07254144243011,6.07367562712237,0.00615176239447367,0.00615176239447379,0.016981221667868,1,1,1
39087,"Lawrence","Ohio",0.0064527308291279,6.09017442983991,0.00645273082912912,6.09017442983992,"2021-11-20",669,6.05510981226834,0.00604691684873542,6.08692791799676,6.08733373197716,0.000300968434654231,0.00030096843465533,0.0010293391465223,1,1,1
39087,"Lawrence","Ohio",0.00101505676115124,6.05312576812522,0.0010150567611511,6.05312576812522,"2021-11-21",670,6.05979052960723,0.00258244121855418,6.06566484378444,6.06409745932704,-0.00543767406797666,-0.00543767406797802,-0.00346447563018124,-1,-1,-1
39087,"Lawrence","Ohio",0.0027017915793503,6.06763470343197,0.00270179157935058,6.06763470343197,"2021-11-22",671,6.06743303233136,0.00336684317269003,6.07295511617868,6.07229006458534,0.00168673481819906,0.00168673481819948,0.00078440195413585,1,1,1
39087,"Lawrence","Ohio",0.0100671991177226,6.1292597553183,0.0100671991177235,6.1292597553183,"2021-11-23",672,6.06809484572415,0.00959711320968521,6.12549906805399,6.12596915396204,0.0073654075383723,0.00736540753837292,0.00623027003699518,1,1,1
39087,"Lawrence","Ohio",-0.00334448472285103,6.03203348371143,0,6.05544487677139,"2021-11-24",673,6.08026004589111,-0.00547662812946997,6.01497633645848,6.0171084798651,-0.0134116838405736,-0.0100671991177235,-0.0150737413391552,-1,-1,-1
39087,"Lawrence","Ohio",-0.00369189880660251,6.02590968631857,0,6.05175297796479,"2021-11-25",674,6.0851500311853,-0.00420668440796294,6.02179140150769,6.02230618710905,-0.00034741408375148,0,0.00126994372150703,-1,0,1
39087,"Lawrence","Ohio",1.25607396694701e-15,6.0517529779648,0,6.05175297796479,"2021-11-26",675,6.08384837138551,0.00324031534953249,6.07767550076105,6.07443518541152,0.00369189880660377,0,0.00744699975749543,1,0,1
39087,"Lawrence","Ohio",0.00335683430354856,6.07860765239318,0.00335683430354994,6.07860765239319,"2021-11-27",676,6.08123995777746,0.00478251305164998,6.09001308237799,6.08858740362989,0.0033568343035473,0.00335683430354994,0.00154219770211749,1,1,1
39087,"Lawrence","Ohio",0.00468071733889283,6.09255555097948,0.00468071733889097,6.09255555097947,"2021-11-28",677,6.07829733672326,0.0056508761232939,6.10031682125469,6.09934666247029,0.00132388303534427,0.00132388303534103,0.00086836307164392,1,1,1
39087,"Lawrence","Ohio",0.0076425027241307,6.12093055140028,0.00764250272413136,6.12093055140028,"2021-11-29",678,6.08644999886919,0.00827175773264382,6.12596459146838,6.12533533645987,0.00296178538523787,0.00296178538524039,0.00262088160934992,1,1,1
39087,"Lawrence","Ohio",0.000661813392785946,6.07272753947365,0.000661813392785149,6.07272753947364,"2021-11-30",679,6.09485884531227,0.00430460640991164,6.10186988361065,6.09822709059353,-0.00698068933134475,-0.00698068933134621,-0.00396715132273218,-1,-1,-1
39087,"Lawrence","Ohio",0.0121652001669689,6.1654164470599,0.0121652001669679,6.16541644705989,"2021-12-01",680,6.10127941311519,0.0123781558838096,6.16712009279463,6.16690713707778,0.011503386774183,0.0115033867741828,0.00807354947389796,1,1,1
39087,"Lawrence","Ohio",0.00488998529419243,6.11937992824465,0.00488998529419149,6.11937992824465,"2021-12-02",681,6.12029741895095,0.00562988841784267,6.12529915323385,6.1245592501102,-0.00727521487277647,-0.00727521487277641,-0.00674826746596693,-1,-1,-1
39087,"Lawrence","Ohio",-0.00130165979979228,6.07473675278696,0,6.08384837138551,"2021-12-03",682,6.14449214753801,-0.00281511892677537,6.0626290797711,6.06414253889808,-0.00619164509398471,-0.00488998529419149,-0.00844500734461804,-1,-1,-1
39087,"Lawrence","Ohio",-0.00260841360804823,6.06298106252112,0,6.08123995777746,"2021-12-04",683,6.17557022569544,-0.00366701244607819,6.05451227181688,6.05557087065491,-0.00130675380825595,0,-0.00085189351930282,-1,0,-1
39087,"Lawrence","Ohio",-0.00294262105420075,6.05769898934386,0,6.07829733672326,"2021-12-05",684,6.21174686614116,-0.00404196174437734,6.04890426382244,6.05000360451262,-0.00033420744615252,0,-0.00037494929829915,-1,0,-1
39087,"Lawrence","Ohio",0.00815266214592601,6.14351863389067,0.00815266214592381,6.14351863389065,"2021-12-06",685,6.24027584517077,0.00857236787295331,6.14687627970689,6.14645657397986,0.0110952832001268,0.00815266214592381,0.0126143296173306,1,1,1
39087,"Lawrence","Ohio",0.00840884644308017,6.15372077041383,0.00840884644307938,6.15372077041382,"2021-12-07",686,6.27368530512177,0.00869191064975105,6.1559852840672,6.15570221986053,0.00025618429715416,0.000256184297155571,0.000119542776797741,1,1,1
39087,"Lawrence","Ohio",0.00642056780291857,6.14622338773562,0.00642056780292055,6.14622338773563,"2021-12-08",687,6.30209555254531,0.00700424476588785,6.15089280343937,6.1503091264764,-0.0019882786401616,-0.00198827864015883,-0.0016876658838632,-1,-1,-1
39087,"Lawrence","Ohio",0.0190180058357636,6.2534234598013,0.019018005835763,6.25342345980129,"2021-12-09",688,6.32895667162994,0.0183101549813781,6.24776065296621,6.2484685038206,0.012597438032845,0.0125974380328425,0.0113059102154902,1,1,1
39087,"Lawrence","Ohio",0.0241947285870544,6.31385524764739,0.024194728587057,6.31385524764741,"2021-12-10",689,6.35709923241819,0.0231616347873296,6.30559049724959,6.30662359104932,0.0051767227512908,0.005176722751294,0.0048514798059515,1,1,1
39087,"Lawrence","Ohio",0.0310780781574257,6.39311677279742,0.0310780781574307,6.39311677279745,"2021-12-11",690,6.38205770925017,0.0294657594177401,6.38021822287993,6.38183054161962,0.0068833495703713,0.0068833495703737,0.0063041246304105,1,1,1
39087,"Lawrence","Ohio",0.0361766404457221,6.46498334926122,0.0361766404457224,6.46498334926122,"2021-12-12",691,6.40546455766598,0.0340559332043725,6.44801769133042,6.45013839857177,0.0050985622882964,0.0050985622882917,0.0045901737866324,1,1,1
39087,"Lawrence","Ohio",0.0285289790296134,6.43997869837806,0.028528979029609,6.43997869837803,"2021-12-13",692,6.42648845745769,0.028317104040138,6.43828369846226,6.43849557345174,-0.0076476614161087,-0.0076476614161134,-0.0057388291642345,-1,-1,-1
39087,"Lawrence","Ohio",0.0334094599509926,6.50755152477871,0.0334094599509962,6.50755152477874,"2021-12-14",693,6.44322237229341,0.032923459220437,6.50366351893427,6.50414951966483,0.0048804809213792,0.0048804809213872,0.004606355180299,1,1,1
39087,"Lawrence","Ohio",0.0284102474235455,6.50096728451013,0.0284102474235421,6.5009672845101,"2021-12-15",694,6.46503324251821,0.0276786637826478,6.49511461538295,6.49584619902384,-0.0049992125274471,-0.0049992125274541,-0.0052447954377892,-1,-1,-1
39087,"Lawrence","Ohio",0.0268611190846359,6.51698450522239,0.0268611190846331,6.51698450522237,"2021-12-16",695,6.48376244483143,0.0271431225451704,6.51924053290667,6.51895852944613,-0.0015491283389096,-0.001549128338909,-0.000535541237477399,-1,-1,-1
39087,"Lawrence","Ohio",0.028142560788249,6.55409715793593,0.028142560788246,6.55409715793591,"2021-12-17",696,6.50535689224476,0.0259489708856044,6.53654843871478,6.53874202861742,0.0012814417036131,0.0012814417036129,-0.001194151659566,1,1,-1
39087,"Lawrence","Ohio",0.0249584768319883,6.55676704707409,0.0249584768319879,6.55676704707409,"2021-12-18",697,6.53066935947563,0.0238683010764898,6.54804564103011,6.5491358167856,-0.0031840839562607,-0.0031840839562581,-0.0020806698091146,-1,-1,-1
39087,"Lawrence","Ohio",0.0234068484158061,6.56931249657663,0.0234068484158092,6.56931249657665,"2021-12-19",698,6.55596633824903,0.0232067602367682,6.56771179114432,6.56791187932336,-0.0015516284161822,-0.0015516284161787,-0.0006615408397216,-1,-1,-1
39087,"Lawrence","Ohio",0.0210238997917087,6.57365575599965,0.0210238997917065,6.57365575599964,"2021-12-20",699,6.57786135772105,0.0204848507134422,6.56934336337352,6.56988241245179,-0.0023829486240974,-0.0023829486241027,-0.002721909523326,-1,-1,-1
39087,"Lawrence","Ohio",0.0167339148357143,6.56035977614341,0.0167339148357151,6.56035977614341,"2021-12-21",700,6.59636582272839,0.0162469129837679,6.55646376132783,6.55695076317978,-0.0042899849559944,-0.0042899849559914,-0.0042379377296743,-1,-1,-1
39087,"Lawrence","Ohio",0.0218108702248107,6.61770933409189,0.0218108702248081,6.61770933409187,"2021-12-22",701,6.61912037177508,0.0221094411328816,6.62009790135646,6.61979933044838,0.0050769553890964,0.005076955389093,0.0058625281491137,1,1,1
39087,"Lawrence","Ohio",0.0187292023132132,6.61486686102392,0.0187292023132146,6.61486686102393,"2021-12-23",702,6.6426730384476,0.0185241290319163,6.61322627477354,6.61343134805484,-0.0030816679115975,-0.0030816679115935,-0.0035853121009653,-1,-1,-1
39087,"Lawrence","Ohio",0.0215944474133328,6.65651802413809,0.0215944474133298,6.65651802413807,"2021-12-24",703,6.65433659749621,0.0213887178196334,6.6548721873885,6.65507791698219,0.0028652451001196,0.0028652451001152,0.0028645887877171,1,1,1
39087,"Lawrence","Ohio",0.0253124672308729,6.70785663009174,0.0253124672308696,6.70785663009171,"2021-12-25",704,6.65507256809061,0.0245786814599662,6.70198634392449,6.70272012969539,0.0037180198175401,0.0037180198175398,0.0031899636403328,1,1,1
39087,"Lawrence","Ohio",0.0252969787734042,6.73304518966286,0.0252969787734028,6.73304518966285,"2021-12-26",705,6.65304734416356,0.0245132049214738,6.72677499884742,6.72755877269935,-1.54884574686993e-05,-1.54884574667981e-05,-6.54765384923983e-05,-1,-1,-1
39087,"Lawrence","Ohio",0.0218950194720187,6.73112649402518,0.0218950194720167,6.73112649402516,"2021-12-27",706,6.65360008485014,0.0216121116867619,6.72886323174313,6.72914613952838,-0.0034019593013855,-0.0034019593013861,-0.0029010932347119,-1,-1,-1
39087,"Lawrence","Ohio",0.0185044650073396,6.72589707777976,0.0185044650073394,6.72589707777976,"2021-12-28",707,6.65746073860198,0.0189494888373634,6.72945726841996,6.72901224458993,-0.0033905544646791,-0.0033905544646773,-0.0026626228493985,-1,-1,-1
39087,"Lawrence","Ohio",0.0227545490466963,6.77840221510196,0.0227545490466978,6.77840221510197,"2021-12-29",708,6.66130654500851,0.0220395559585044,6.77268227039642,6.77339726348461,0.0042500840393567,0.0042500840393584,0.003090067121141,1,1,1
39087,"Lawrence","Ohio",0.0235526666725086,6.80754170515516,0.0235526666725123,6.80754170515518,"2021-12-30",709,6.67149030277795,0.0225071992100528,6.7991779654555,6.80022343291797,0.000798117625812302,0.000798117625814498,0.0004676432515484,1,1,1
39087,"Lawrence","Ohio",0.0116635590486117,6.73598151083649,0.0116635590486132,6.7359815108365,"2021-12-31",710,6.69208374250663,0.0110220880338309,6.73084974271825,6.73149121373303,-0.0118891076238969,-0.0118891076238991,-0.0114851111762219,-1,-1,-1
39087,"Lawrence","Ohio",0.000735970594398564,6.6602243622514,0.000735970594398339,6.6602243622514,"2022-01-01",711,6.71174039505618,0.00230873883215478,6.67280650815345,6.67123373991569,-0.0109275884542131,-0.0109275884542149,-0.00871334920167612,-1,-1,-1
39087,"Lawrence","Ohio",-0.00202522392704322,6.63887077667426,0,6.65304734416356,"2022-01-02",712,6.74574042409808,-0.00517571652820418,6.61366683586498,6.61681732846613,-0.00276119452144178,-0.000735970594398339,-0.00748445536035896,-1,-1,-1
39087,"Lawrence","Ohio",0.000552740686576234,6.65746926965617,0.000552740686575071,6.65746926965616,"2022-01-03",713,6.77845980015306,0.00184011725488457,6.66776828220264,6.66648090563433,0.00257796461361945,0.000552740686575071,0.00701583378308875,1,1,1
39087,"Lawrence","Ohio",0.00386065375184068,6.68448531486486,0.00386065375183886,6.68448531486485,"2022-01-04",714,6.81923627258371,0.00536467095909601,6.69651745252291,6.69501343531565,0.00330791306526445,0.00330791306526379,0.00352455370421144,1,1,1
39087,"Lawrence","Ohio",0.00384580640653683,6.68822718985427,0.00384580640653631,6.68822718985427,"2022-01-05",715,6.86365410429884,0.00413396765995513,6.69053247988162,6.6902443186282,-1.48473453038499e-05,-1.48473453025501e-05,-0.00123070329914088,-1,-1,-1
39087,"Lawrence","Ohio",0.0101837577694389,6.74277660716402,0.010183757769437,6.74277660716401,"2022-01-06",716,6.91897778471887,0.00973936373228557,6.73922145486679,6.73966584890395,0.00633795136290207,0.00633795136290069,0.00560539607233044,1,1,1
39087,"Lawrence","Ohio",0.020593439728674,6.83623782060735,0.0205934397286773,6.83623782060737,"2022-01-07",717,6.97887921147805,0.019209681012965,6.82516775088167,6.82655150959738,0.0104096819592351,0.0104096819592403,0.00947031728067943,1,1,1
39087,"Lawrence","Ohio",0.0196566525495534,6.84933696290305,0.0196566525495516,6.84933696290304,"2022-01-08",718,7.04303514214077,0.0189619787616262,6.84377957259964,6.84447424638756,-0.000936787179120602,-0.000936787179125702,-0.000247702251338799,-1,-1,-1
39087,"Lawrence","Ohio",0.0340000290418992,6.98374062739137,0.0340000290418967,6.98374062739135,"2022-01-09",719,7.10155828994823,0.0307462595998619,6.95771047185507,6.96096424129711,0.0143433764923458,0.0143433764923451,0.0117842808382357,1,1,1
39087,"Lawrence","Ohio",0.0327193760549794,7.00749543253791,0.0327193760549793,7.00749543253791,"2022-01-10",720,7.16560386861398,0.0310809784322818,6.99438825155633,6.99602664917903,-0.0012806529869198,-0.0012806529869174,0.000334718832419898,-1,-1,1
39087,"Lawrence","Ohio",0.0407764724306568,7.10467157959831,0.0407764724306521,7.10467157959827,"2022-01-11",721,7.22755874814496,0.038883685083447,7.08952928082064,7.09142206816784,0.00805709637567741,0.0080570963756728,0.0078027066511652,1,1,1
39087,"Lawrence","Ohio",0.0444178317151341,7.17457892630478,0.0444178317151289,7.17457892630474,"2022-01-12",722,7.2929204933205,0.0410627552962703,7.14773831495387,7.15109339137273,0.0036413592844773,0.0036413592844768,0.0021790702128233,1,1,1
39087,"Lawrence","Ohio",0.055323680420042,7.30624354765917,0.0553236804200354,7.30624354765912,"2022-01-13",723,7.34656305245939,0.047105806000099,7.24050055229963,7.24871842671956,0.0109058487049079,0.0109058487049065,0.0060430507038287,1,1,1
39087,"Lawrence","Ohio",0.0599014267591752,7.39818919879227,0.0599014267591746,7.39818919879227,"2022-01-14",724,7.40419216529603,0.0531804730032556,7.34442156874491,7.35114252250084,0.0045777463391332,0.0045777463391392,0.00607466700315661,1,1,1
39087,"Lawrence","Ohio",0.0641559306627367,7.49212665677993,0.0641559306627277,7.49212665677987,"2022-01-15",725,7.46859480763728,0.0565105410251327,7.43096353967911,7.4386089293167,0.0042545039035615,0.00425450390355311,0.0033300680218771,1,1,1
39087,"Lawrence","Ohio",0.058523147807452,7.51122032460039,0.0585231478074508,7.51122032460038,"2022-01-16",726,7.53948287897251,0.0537322492627478,7.47289313624275,7.47768403478746,-0.0056327828552847,-0.00563278285527691,-0.0027782917623849,-1,-1,-1
39087,"Lawrence","Ohio",0.0640455786657532,7.61392291927425,0.0640455786657519,7.61392291927424,"2022-01-17",727,7.60503675868054,0.0577601655384129,7.56363961425553,7.56992502738287,0.0055224308583012,0.00552243085830111,0.0040279162756651,1,1,1
39087,"Lawrence","Ohio",0.0619548795309819,7.66124290486184,0.0619548795309859,7.66124290486186,"2022-01-18",728,7.66340766489348,0.0554646685613504,7.60932121710478,7.61581142807441,-0.00209069913477129,-0.00209069913476601,-0.0022954969770625,-1,-1,-1
39087,"Lawrence","Ohio",0.065361745175522,7.75045270954915,0.0653617451755322,7.75045270954922,"2022-01-19",729,7.72122195819438,0.0599826893911471,7.70742026327414,7.71279931905853,0.0034068656445401,0.0034068656445463,0.0045180208297967,1,1,1
39087,"Lawrence","Ohio",0.0536425591388924,7.72206096643164,0.0536425591388943,7.72206096643165,"2022-01-20",730,7.77803198963361,0.0505931433021521,7.69766563973772,7.70071505557446,-0.0117191860366296,-0.0117191860366379,-0.009389546088995,-1,-1,-1
39087,"Lawrence","Ohio",0.0576291128366274,7.80759595515242,0.0576291128366373,7.80759595515249,"2022-01-21",731,7.83116347862515,0.0545120185343157,7.78265920073392,7.78577629503624,0.00398655369773501,0.003986553697743,0.0039188752321636,1,1,1
39087,"Lawrence","Ohio",0.064402642341253,7.91941330402605,0.0644026423412516,7.91941330402604,"2022-01-22",732,7.87945368669924,0.0622491600270366,7.90218544551232,7.90433892782654,0.00677352950462559,0.00677352950461431,0.0077371414927209,1,1,1
39087,"Lawrence","Ohio",0.0708880713352249,8.03569937831908,0.0708880713352285,8.03569937831911,"2022-01-23",733,7.92453754940261,0.0674394820863493,8.00811066432808,8.01155925357696,0.00648542899397191,0.00648542899397689,0.0051903220593127,1,1,1
39087,"Lawrence","Ohio",0.0655538797080298,8.06391391663674,0.0655538797080286,8.06391391663674,"2022-01-24",734,7.96584314789785,0.0646063453432761,8.05633364171872,8.05728117608347,-0.0053341916271951,-0.00533419162719989,-0.0028331367430732,-1,-1,-1
39087,"Lawrence","Ohio",0.0583709062129429,8.07200400838408,0.0583709062129438,8.07200400838409,"2022-01-25",735,8.01201823915906,0.0591501268153573,8.0782377732034,8.07745855260098,-0.0071829734950869,-0.0071829734950848,-0.0054562185279188,-1,-1,-1
39087,"Lawrence","Ohio",0.0578142933009049,8.12592201130071,0.0578142933008969,8.12592201130066,"2022-01-26",736,8.05252388078977,0.0575930664097694,8.12415219617164,8.12437342306277,-0.000556612912037999,-0.000556612912046901,-0.0015570604055879,-1,-1,-1
39087,"Lawrence","Ohio",0.0568100314392428,8.17570220970831,0.0568100314392366,8.17570220970827,"2022-01-27",737,8.09171486241005,0.0562484317795251,8.17120941243058,8.17177101209029,-0.0010042618616621,-0.0010042618616603,-0.0013446346302443,-1,-1,-1
39087,"Lawrence","Ohio",0.0531314889915335,8.20308390156589,0.053131488991542,8.20308390156595,"2022-01-28",738,8.12131059546342,0.0521226678579106,8.1950133324969,8.19602215363052,-0.0036785424477093,-0.0036785424476946,-0.0041257639216145,-1,-1,-1
39087,"Lawrence","Ohio",0.0482902080740891,8.21748514321786,0.0482902080740804,8.2174851432178,"2022-01-29",739,8.14409846333852,0.0444235675896345,8.18655201934223,8.19041865982668,-0.0048412809174444,-0.0048412809174616,-0.0076991002682761,-1,-1,-1
39087,"Lawrence","Ohio",0.0450838627033849,8.24012458832631,0.0450838627033781,8.24012458832626,"2022-01-30",740,8.16194579946869,0.0409023883108726,8.20667279318622,8.21085426757872,-0.0032063453707042,-0.0032063453707023,-0.00352117927876189,-1,-1,-1
39087,"Lawrence","Ohio",0.0413055984952384,8.25498233736452,0.0413055984952333,8.25498233736448,"2022-01-31",741,8.17631124630632,0.0360457822982181,8.21290380778835,8.21816362398538,-0.0037782642081465,-0.0037782642081448,-0.0048566060126545,-1,-1,-1
39087,"Lawrence","Ohio",0.0461750912612209,8.33524387798761,0.0461750912612153,8.33524387798757,"2022-02-01",742,8.18211997570873,0.036514978233304,8.25796297376428,8.26762308679219,0.0048694927659825,0.004869492765982,0.000469195935085896,1,1,1
39087,"Lawrence","Ohio",0.0405056416307132,8.33606337220476,0.0405056416307072,8.33606337220472,"2022-02-02",743,8.18566869451896,0.0345976514015496,8.28879945037146,8.29470744060062,-0.0056694496305077,-0.0056694496305081,-0.0019173268317544,-1,-1,-1
39087,"Lawrence","Ohio",0.0391909816202754,8.36605173375197,0.0391909816202762,8.36605173375198,"2022-02-03",744,8.18184032806294,0.0301296256129834,8.29356088569364,8.30262224170093,-0.0013146600104378,-0.001314660010431,-0.0044680257885662,-1,-1,-1
39087,"Lawrence","Ohio",0.0295957330533757,8.32848072683705,0.0295957330533714,8.32848072683702,"2022-02-04",745,8.17871895212435,0.023855606442943,8.28255971395359,8.28829984056402,-0.0095952485668997,-0.0095952485669048,-0.0062740191700404,-1,-1,-1
39087,"Lawrence","Ohio",0.0227878678751107,8.3036135384643,0.0227878678751079,8.30361353846428,"2022-02-05",746,8.17151874403023,0.0186495874425621,8.27050729500392,8.27464557543645,-0.006807865178265,-0.0068078651782635,-0.0052060190003809,-1,-1,-1
39087,"Lawrence","Ohio",0.0178473361301698,8.28687715237988,0.0178473361301652,8.28687715237985,"2022-02-06",747,8.15605934172416,0.0143406506153895,8.25882366826163,8.26233035377642,-0.0049405317449409,-0.0049405317449427,-0.0043089368271726,-1,-1,-1
39087,"Lawrence","Ohio",0.0143654468376331,8.27686937416976,0.0143654468376351,8.27686937416977,"2022-02-07",748,8.13572358886429,0.0123147123730377,8.26046349845299,8.26251423291758,-0.0034818892925367,-0.0034818892925301,-0.0020259382423518,-1,-1,-1
39087,"Lawrence","Ohio",0.00580872940240916,8.2227810815256,0.00580872940240695,8.22278108152558,"2022-02-08",749,8.11453841633458,0.00650354508323349,8.22833960697219,8.22764479129136,-0.00855671743522394,-0.00855671743522815,-0.00581116728980421,-1,-1,-1
39087,"Lawrence","Ohio",0.00354871881022698,8.21050972619055,0.00354871881022767,8.21050972619055,"2022-02-09",750,8.09057740494206,0.00459530262485066,8.21888239670754,8.21783581289291,-0.00226001059218218,-0.00226001059217928,-0.00190824245838283,-1,-1,-1
39087,"Lawrence","Ohio",-0.00382836645602187,8.15504176287079,0,8.18184032806294,"2022-02-10",751,8.06216261867089,-0.00545232704611663,8.14205007815003,8.14367403874012,-0.00737708526624885,-0.00354871881022767,-0.0100476296709673,-1,-1,-1
39087,"Lawrence","Ohio",-0.00312137593858961,8.15686932055422,0,8.17871895212435,"2022-02-11",752,8.02901395341866,-0.00774829130359943,8.11985399763415,8.12448091299916,0.00070699051743226,0,-0.0022959642574828,1,0,-1
39087,"Lawrence","Ohio",-0.00720020809412173,8.12111728737137,0,8.17151874403023,"2022-02-12",753,7.99226864327075,-0.011435808496383,8.08723248415329,8.09146808455555,-0.00407883215553212,0,-0.00368751719278357,-1,0,-1
39087,"Lawrence","Ohio",-0.015459402306063,8.04784352558172,0,8.15605934172416,"2022-02-13",754,7.95351918001996,-0.0225128436498594,7.99141599483136,7.99846943617514,-0.00825919421194127,0,-0.0110770351534764,-1,0,-1
39087,"Lawrence","Ohio",-0.0203357528598804,7.99337331884513,0,8.13572358886429,"2022-02-14",755,7.91179521082569,-0.0294553643806586,7.92041642667889,7.92953603819968,-0.0048763505538174,0,-0.0069425207307992,-1,0,-1
39087,"Lawrence","Ohio",-0.0211851725297144,7.96624220862658,0,8.11453841633458,"2022-02-15",756,7.86431013551037,-0.0289711144951998,7.90395467290269,7.91174061486818,-0.000849419669833998,0,0.000484249885458799,-1,0,1
39087,"Lawrence","Ohio",-0.0239610113925143,7.92285032519446,0,8.09057740494206,"2022-02-16",757,7.80331838445175,-0.0333200153495472,7.8479782935382,7.85733729749523,-0.0027758388627999,0,-0.0043489008543474,-1,0,-1
39087,"Lawrence","Ohio",-0.0284147862711728,7.86325911477268,0,8.06216261867089,"2022-02-17",758,7.73805229768932,-0.0397652566006551,7.77245535213682,7.7838058224663,-0.0044537748786585,0,-0.0064452412511079,-1,0,-1
39087,"Lawrence","Ohio",-0.0331486652522337,7.79697329665303,0,8.02901395341866,"2022-02-18",759,7.66521774147792,-0.0485994315732597,7.67336716608481,7.68881793240584,-0.0047338789810609,0,-0.0088341749726046,-1,0,-1
39087,"Lawrence","Ohio",-0.0367453101479243,7.73505147223528,0,7.99226864327075,"2022-02-19",760,7.59265425068559,-0.0490550241649745,7.63657376009886,7.64888347411593,-0.0035966448956906,0,-0.0004555925917148,-1,0,-1
39087,"Lawrence","Ohio",-0.0387494632507909,7.68227293726442,0,7.95351918001996,"2022-02-20",761,7.52007968579134,-0.0475671609243732,7.61173135587576,7.62054905354935,-0.0020041531028666,0,0.0014878632406013,-1,0,1
39087,"Lawrence","Ohio",-0.0417239691942675,7.61972742646581,0,7.91179521082569,"2022-02-21",762,7.44633502621848,-0.0477204276565117,7.57175575876787,7.57775221723011,-0.0029745059434766,0,-0.000153266732138502,-1,0,-1
39087,"Lawrence","Ohio",-0.0474850753153027,7.53191460830325,0,7.86431013551037,"2022-02-22",763,7.37193843063616,-0.0507454039840221,7.50583197895351,7.50909230762222,-0.0057611061210352,0,-0.0030249763275104,-1,0,-1
39087,"Lawrence","Ohio",-0.0609917510586167,7.37637612704143,0,7.80331838445175,"2022-02-23",764,7.30345860988835,-0.0571622458494788,7.40701216871454,7.4031826635054,-0.013506675743314,0,-0.0064168418654567,-1,0,-1
39087,"Lawrence","Ohio",-0.0652660867624408,7.28118969035223,0,7.73805229768932,"2022-02-24",765,7.23592786244816,-0.0641565526041709,7.29006596361838,7.28895642946012,-0.00427433570382411,0,-0.0069943067546921,-1,0,-1
39087,"Lawrence","Ohio",-0.0728345562113929,7.15537584799817,0,7.66521774147792,"2022-02-25",766,7.16967988637506,-0.0699769628808889,7.17823659464221,7.1753790013117,-0.00756846944895209,0,-0.00582041027671799,-1,0,-1
39087,"Lawrence","Ohio",-0.0725634907923348,7.08470981513924,0,7.59265425068559,"2022-02-26",767,7.10249935577465,-0.0707460332873534,7.09924947517909,7.09743201767412,0.000271065419058095,0,-0.000769070406464512,1,0,-1
39087,"Lawrence","Ohio",-0.0725745648942713,7.01205773153144,0,7.52007968579134,"2022-02-27",768,7.03224592695451,-0.0692775178130937,7.03843410818084,7.03513706109968,-1.10741019365007e-05,0,0.0014685154742597,-1,0,1
39087,"Lawrence","Ohio",-0.0737446595728594,6.93012240920847,0,7.44633502621848,"2022-02-28",769,6.96817819978602,-0.0708296596580408,6.95344240852701,6.95052740861219,-0.0011700946785881,0,-0.00155214184494711,-1,0,-1
39087,"Lawrence","Ohio",-0.0743965955823246,6.85116226155988,0,7.37193843063616,"2022-03-01",770,6.90058678950352,-0.0726333961613631,6.86526785692758,6.86350465750662,-0.000651936009465198,0,-0.0018037365033223,-1,0,-1
39087,"Lawrence","Ohio",-0.0684798207478106,6.82409986465367,0,7.30345860988835,"2022-03-02",771,6.82731963697716,-0.070562408099727,6.80743916583834,6.80952175319026,0.005916774834514,0,0.00207098806163611,1,0,1
39087,"Lawrence","Ohio",-0.0675307474401879,6.76321263036684,0,7.23592786244816,"2022-03-03",772,6.75975232974111,-0.0679022870526591,6.76024031346708,6.76061185307955,0.0009490733076227,0,0.00266012104706789,1,0,1
39087,"Lawrence","Ohio",-0.0662479760731006,6.70594405386335,0,7.16967988637506,"2022-03-04",773,6.6949156028062,-0.0655151343318538,6.71180678779333,6.71107394605208,0.00128277136708731,0,0.00238715272080531,1,0,1
39087,"Lawrence","Ohio",-0.067180530600406,6.63223564157181,0,7.10249935577465,"2022-03-05",774,6.62804137617953,-0.06580584543326,6.64323312290898,6.64185843774183,-0.00093255452730541,0,-0.000290711101406202,-1,0,-1
39087,"Lawrence","Ohio",-0.0702534288201471,6.54047192521348,0,7.03224592695451,"2022-03-06",775,6.56001985008221,-0.0687681363164162,6.55235426524332,6.5508689727396,-0.00307289821974109,0,-0.00296229088315621,-1,0,-1
39087,"Lawrence","Ohio",-0.0640677271684848,6.51970410960662,0,6.96817819978602,"2022-03-07",776,6.48898779963409,-0.0625344664973075,6.53197019497605,6.53043693430487,0.0061857016516623,0,0.00623366981910871,1,0,1
39087,"Lawrence","Ohio",-0.0675914102825059,6.42744691752598,0,6.90058678950352,"2022-03-08",777,6.41813186286675,-0.065078016148843,6.44755407059528,6.44504067646162,-0.0035236831140211,0,-0.0025435496515355,-1,0,-1
39087,"Lawrence","Ohio",-0.0732671525263517,6.3144495692927,0,6.82731963697716,"2022-03-09",778,6.34938871044715,-0.069751656186006,6.34257354001547,6.33905804367512,-0.0056757422438458,0,-0.004673640037163,-1,0,-1
39087,"Lawrence","Ohio",-0.0675673072360598,6.28678117908869,0,6.75975232974111,"2022-03-10",779,6.28226674689601,-0.0648094564891375,6.30884398506406,6.30608613431715,0.0056998452902919,0,0.0049421996968685,1,0,1
39087,"Lawrence","Ohio",-0.0648367269349253,6.24105851426172,0,6.6949156028062,"2022-03-11",780,6.2171762265279,-0.0619208727164158,6.26438534800978,6.26146949379129,0.0027305803011345,0,0.0028885837727217,1,0,1
39087,"Lawrence","Ohio",-0.0668742266266733,6.15992178979282,0,6.62804137617953,"2022-03-12",781,6.15029812259472,-0.063194323493067,6.18936101486166,6.18568111172806,-0.002037499691748,0,-0.0012734507766512,-1,0,-1
39087,"Lawrence","Ohio",-0.0680215260973311,6.0838691674009,0,6.56001985008221,"2022-03-13",782,6.08547518157022,-0.0641750262319234,6.11464116632414,6.11079466645875,-0.00114729947065779,0,-0.000980702738856393,-1,0,-1
39087,"Lawrence","Ohio",-0.0710320504481058,5.99176344649735,0,6.48898779963409,"2022-03-14",783,6.0130163439948,-0.0682170199084685,6.01428369081446,6.01146866027481,-0.0030105243507747,0,-0.00404199367654511,-1,0,-1
39087,"Lawrence","Ohio",-0.0708559367673572,5.92214030549525,0,6.41813186286675,"2022-03-15",784,5.93338133602696,-0.068958274193958,5.93732160608243,5.93542394350904,0.000176113680748602,0,-0.000741254285489504,1,0,-1
39087,"Lawrence","Ohio",-0.068743152419615,5.86818664350984,0,6.34938871044715,"2022-03-16",785,5.85261290456989,-0.0652040386963273,5.89649955329613,5.89296043957286,0.0021127843477422,0,0.00375423549763071,1,0,1
39087,"Lawrence","Ohio",-0.0671219635511366,5.81241300203805,0,6.28226674689601,"2022-03-17",786,5.77676736741269,-0.0645074210810331,5.83332934179889,5.83071479932878,0.0016211888684784,0,0.000696617615294187,1,0,1
39087,"Lawrence","Ohio",-0.065090520368126,5.76154258395102,0,6.2171762265279,"2022-03-18",787,5.69084196338047,-0.0627637228325744,5.78015696423541,5.77783016669988,0.0020314431830106,0,0.0017436982484587,1,0,1
39087,"Lawrence","Ohio",-0.0668781039331788,5.68215139506247,0,6.15029812259472,"2022-03-19",788,5.61312810638807,-0.0651935415577421,5.69562789406596,5.69394333169053,-0.00178758356505281,0,-0.00242981872516769,-1,0,-1
39087,"Lawrence","Ohio",-0.0648229410245002,5.63171459439872,0,6.08547518157022,"2022-03-20",789,5.52602192918981,-0.0625043550767436,5.65026328198077,5.64794469603302,0.0020551629086786,0,0.0026891864809985,1,0,1
39087,"Lawrence","Ohio",-0.0724588375754241,5.50580448096683,0,6.0130163439948,"2022-03-21",790,5.43745799793707,-0.0679791829208426,5.54164171820348,5.5371620635489,-0.00763589655092389,0,-0.005474827844099,-1,0,-1
39087,"Lawrence","Ohio",-0.079635007967869,5.37593628025187,0,5.93338133602696,"2022-03-22",791,5.34438273339128,-0.0739630453695782,5.42131198103817,5.41564001843991,-0.00717617039244491,0,-0.00598386244873561,-1,0,-1
39087,"Lawrence","Ohio",-0.0807684314570607,5.28723388437047,0,5.85261290456989,"2022-03-23",792,5.2447658852769,-0.0760177052926753,5.32523969368556,5.32048896752116,-0.0011334234891917,0,-0.0020546599230971,-1,0,-1
39087,"Lawrence","Ohio",-0.0758455371572128,5.2458486073122,0,5.77676736741269,"2022-03-24",793,5.16233399067623,-0.0712532446609843,5.28258694728201,5.2779946547858,0.00492289429984789,0,0.004764460631691,1,0,1
39087,"Lawrence","Ohio",-0.0859254040322257,5.08936413515489,0,5.69084196338047,"2022-03-25",794,5.08051665964432,-0.0783330456507847,5.15010300220641,5.14251064382498,-0.0100798668750129,0,-0.00707980098980039,-1,0,-1
39087,"Lawrence","Ohio",-0.077713856992394,5.06913110744131,0,5.61312810638807,"2022-03-26",795,5.00777406181523,-0.0720877805891734,5.11413971866708,5.10851364226386,0.00821154703983171,0,0.0062452650616113,1,0,1
39087,"Lawrence","Ohio",-0.0871061771982605,4.91627868880199,0,5.52602192918981,"2022-03-27",796,4.93755243735778,-0.0807839705037842,4.9668563423578,4.96053413566332,-0.0093923202058665,0,-0.00869618991461081,-1,0,-1
39087,"Lawrence","Ohio",-0.0885639312527223,4.81751047916801,0,5.43745799793707,"2022-03-28",797,4.86643494512217,-0.0812159258070928,4.87629452273307,4.86894651728742,-0.0014577540544618,0,-0.000431955303308598,-1,0,-1
39087,"Lawrence","Ohio",-0.0930752645458032,4.69285588157066,0,5.34438273339128,"2022-03-29",798,4.79932620042905,-0.0868228942264402,4.74287484412555,4.7366224738062,-0.0045113332930809,0,-0.00560696841934739,-1,0,-1
39087,"Lawrence","Ohio",-0.0996168481143673,4.54744794847633,0,5.2447658852769,"2022-03-30",799,4.7548209604925,-0.0910426807029958,4.61604128776731,4.60746712035593,-0.0065415835685641,0,-0.0042197864765556,-1,0,-1
39087,"Lawrence","Ohio",-0.0824318946006773,4.58531072847149,0,5.16233399067623,"2022-03-31",800,4.67815507874458,-0.0762999027817371,4.634366663023,4.62823467120407,0.01718495351369,0,0.0147427779212587,1,0,1
39087,"Lawrence","Ohio",-0.0818173310319192,4.50779534242089,0,5.08051665964432,"2022-04-01",801,4.62357127135898,-0.0781352835597903,4.53725172219791,4.53356967472579,0.000614563568758109,0,-0.0018353807780532,1,0,-1
39087,"Lawrence","Ohio",-0.0727425978291081,4.49857587701147,0,5.00777406181523,"2022-04-02",802,4.56880254181722,-0.0723801944688571,4.50147510389346,4.50111270053323,0.0090747332028111,0,0.0057550890909332,1,0,1
39087,"Lawrence","Ohio",-0.0702216244574384,4.44600106615571,0,4.93755243735778,"2022-04-03",803,4.52334016774046,-0.0678829606921917,4.4647103762777,4.46237171251244,0.00252097337166969,0,0.0044972337766654,1,0,1
39087,"Lawrence","Ohio",-0.0711174922356217,4.36861249947281,0,4.86643494512217,"2022-04-04",804,4.46918681011628,-0.0699087747215654,4.37828223958526,4.37707352207121,-0.00089586777818329,0,-0.0020258140293737,-1,0,-1
39087,"Lawrence","Ohio",-0.0671087446931199,4.32956498757721,0,4.79932620042905,"2022-04-05",805,4.42911467077278,-0.0645522174953736,4.35001720515918,4.34746067796144,0.00400874754250179,0,0.0053565572261918,1,0,1
39087,"Lawrence","Ohio",-0.0445052399365632,4.44328428093655,0,4.7548209604925,"2022-04-06",806,4.39091558209113,-0.0445719057182271,4.44275095468323,4.44281762046491,0.0226035047565567,0,0.0199803117771465,1,0,1
39087,"Lawrence","Ohio",-0.0766658817479111,4.14149390650921,0,4.67815507874458,"2022-04-07",807,4.37485814519527,-0.0710527172276196,4.18639922267154,4.18078605815124,-0.0321606418113479,0,-0.0264808115093925,-1,0,-1
39087,"Lawrence","Ohio",-0.0545838073855995,4.24148461965979,0,4.62357127135898,"2022-04-08",808,4.33073334028633,-0.0519446936322197,4.26259752968682,4.25995841593344,0.0220820743623116,0,0.0191080235953999,1,0,1
39087,"Lawrence","Ohio",-0.054768729541768,4.18542143502484,0,4.56880254181722,"2022-04-09",809,4.29631311639985,-0.0528510211456793,4.20076310219355,4.19884539379747,-0.000184922156168499,0,-0.0009063275134596,-1,0,-1
39087,"Lawrence","Ohio",-0.0454623740767564,4.20510354920316,0,4.52334016774046,"2022-04-10",810,4.26267987704132,-0.0455813859279573,4.20415145439356,4.20427046624476,0.0093063554650116,0,0.007269635217722,1,0,1
39087,"Lawrence","Ohio",-0.0541533576241755,4.09011330674705,0,4.46918681011628,"2022-04-11",811,4.252568567437,-0.0503348059691547,4.12066171998722,4.1168431683322,-0.0086909835474191,0,-0.00475342004119739,-1,0,-1
39087,"Lawrence","Ohio",-0.0400721393435119,4.1486096953682,0,4.42911467077278,"2022-04-12",812,4.24235397402728,-0.0384041459037056,4.16195364288664,4.16028564944684,0.0140812182806636,0,0.0119306600654491,1,0,1
39087,"Lawrence","Ohio",-0.0381990886816548,4.12352196131954,0,4.39091558209113,"2022-04-13",813,4.23203396499529,-0.0343758820275047,4.15410761455274,4.1502844078986,0.0018730506618571,0,0.00402826387620089,1,0,1
39087,"Lawrence","Ohio",-0.0160574368958615,4.26245608692424,0,4.37485814519527,"2022-04-14",814,4.21529717263976,-0.017702739755977,4.24929366404331,4.25093896690343,0.0221416517857933,0,0.0166731422715277,1,0,1
39087,"Lawrence","Ohio",-0.0441248049089375,4.02185970592377,0,4.33073334028633,"2022-04-15",815,4.16555719044736,-0.0394720623962283,4.05908164602544,4.05442890351273,-0.028067368013076,0,-0.0217693226402513,-1,0,-1
39087,"Lawrence","Ohio",-0.0344202238864864,4.05537154919445,0,4.29631311639985,"2022-04-16",816,4.11321304652648,-0.0316064634356971,4.07788163280075,4.07506787234997,0.0097045810224511,0,0.0078655989605312,1,0,1
39087,"Lawrence","Ohio",-0.0336332393585358,4.02724720153156,0,4.26267987704132,"2022-04-17",817,4.05797691805123,-0.0280340888914231,4.07204040526847,4.06644125480136,0.000786984527950597,0,0.003572374544274,1,0,1
39087,"Lawrence","Ohio",-0.0101113096043221,4.18178940020674,0,4.252568567437,"2022-04-18",818,3.99951045955126,-0.0157146598476138,4.13696259826041,4.1425659485037,0.0235219297542137,0,0.0123194290438093,1,0,1
39087,"Lawrence","Ohio",-0.0102145934097197,4.17085182015924,0,4.24235397402728,"2022-04-19",819,3.93741223943297,-0.0149782967832221,4.13274219317122,4.13750589654473,-0.0001032838053976,0,0.000736363064391701,-1,0,1
39087,"Lawrence","Ohio",-0.0103200090319875,4.15979390177138,0,4.23203396499529,"2022-04-20",820,3.87120101090789,-0.0126296552731286,4.14131673184225,4.14362637808339,-0.000105415622267799,0,0.0023486415100935,-1,0,1
39087,"Lawrence","Ohio",-0.0167367923555274,4.09813962615107,0,4.21529717263976,"2022-04-21",821,3.85014760171006,-0.0176937500035783,4.09048396496666,4.09144092261471,-0.0064167833235399,0,-0.0050640947304497,-1,0,-1
39087,"Lawrence","Ohio",-0.0497399821924058,3.81737731510052,0,4.16555719044736,"2022-04-22",822,3.8859723282282,-0.0410352497170026,3.88701517490374,3.87831044242834,-0.0330031898368784,0,-0.0233414997134243,-1,0,-1
39087,"Lawrence","Ohio",-0.052344143920872,3.74680403908038,0,4.11321304652648,"2022-04-23",823,3.92055790787798,-0.0456069587173449,3.8007015207086,3.79396433550506,-0.0026041617284662,0,-0.0045717090003423,-1,0,-1
39087,"Lawrence","Ohio",-0.0552361284752464,3.6713240187245,0,4.05797691805123,"2022-04-24",824,3.95398720452718,-0.047427961588554,3.73378935381805,3.72598118693135,-0.0028919845543744,0,-0.0018210028712091,-1,0,-1
39087,"Lawrence","Ohio",-0.0584664584999732,3.59024525005145,0,3.99951045955126,"2022-04-25",825,3.9863350383927,-0.0500369013531954,3.65768170722567,3.64925215007889,-0.0032303300247268,0,-0.0026089397646414,-1,0,-1
39087,"Lawrence","Ohio",-0.0620982201183069,3.50272469860482,0,3.93741223943297,"2022-04-26",826,4.01766919456313,-0.0529699357122499,3.57575097385326,3.56662268944722,-0.0036317616183337,0,-0.0029330343590545,-1,0,-1
39087,"Lawrence","Ohio",-0.0662112285250734,3.40772241123238,0,3.87120101090789,"2022-04-27",827,4.04805127825126,-0.0574802675380117,3.47757009912888,3.46883913814181,-0.0041130084067665,0,-0.0045103318257618,-1,0,-1
39087,"Lawrence","Ohio",-0.0210534091978329,3.70277373732523,0,3.85014760171006,"2022-04-28",828,4.15888308335967,-0.0185866297262076,3.72250797309823,3.72004119362661,0.0451578193272405,0,0.0388936378118041,1,0,1
39087,"Lawrence","Ohio",0.0358247265181547,4.13674541385529,0.0358247265181446,4.13674541385522,"2022-04-29",829,4.26066577766961,0.0331532769708966,4.11537381747723,4.11804526702448,0.0568781357159876,0.0358247265181446,0.0517399066971042,1,1,1
39087,"Lawrence","Ohio",0.0345855796497796,4.16265696542644,0.03458557964978,4.16265696542644,"2022-04-30",830,4.35303909780063,0.0346219634398187,4.16294803574675,4.16291165195671,-0.0012391468683751,-0.0012391468683646,0.0014686864689221,-1,-1,1
39087,"Lawrence","Ohio",0.0334292966491954,4.18799228107155,0.0334292966491945,4.18799228107154,"2022-05-01",831,4.43759648582869,0.0333049045205706,4.18699714404254,4.18712153617117,-0.0011562830005842,-0.0011562830005855,-0.0013170589192481,-1,-1,-1
39087,"Lawrence","Ohio",0.0323478338655197,4.21276987545134,0.0323478338655208,4.21276987545134,"2022-05-02",832,4.5155580272984,0.0335141785382811,4.22210063283343,4.22093428816067,-0.00108146278367571,-0.0010814627836737,0.000209274017710502,-1,-1,1
39087,"Lawrence","Ohio",0.0313341561704359,4.23700828775618,0.031334156170435,4.23700828775618,"2022-05-03",833,4.58787868887803,0.031175591237367,4.23573976829164,4.2358983332247,-0.00101367769508379,-0.0010136776950858,-0.0023385873009141,-1,-1,-1
39087,"Lawrence","Ohio",0.0303820836881212,4.2607258640681,0.0303820836881226,4.26072586406811,"2022-05-04",834,4.65531996967356,0.0299942914789846,4.25762352639501,4.25801131860415,-0.000952072482314704,-0.0009520724823124,-0.0011812997583824,-1,-1,-1
39087,"Lawrence","Ohio",0.110831805108415,4.93470571911858,0.110831805108416,4.93470571911858,"2022-05-05",835,4.68872320880638,0.083343693639356,4.71480082736611,4.74228893883516,0.0804497214202938,0.0804497214202934,0.0533494021603714,1,1,1
39087,"Lawrence","Ohio",0.101782694309957,4.97314463783931,0.101782694309943,4.97314463783921,"2022-05-06",836,4.72485617179056,0.0787041417791714,4.78851621759304,4.81159477012381,-0.00904911079845801,-0.00904911079847301,-0.0046395518601846,-1,-1,-1
39087,"Lawrence","Ohio",0.0923733201309994,4.99965233871762,0.0923733201310144,4.99965233871773,"2022-05-07",837,4.75972894580469,0.077041091178424,4.876994507097,4.8923267360496,-0.0094093741789576,-0.00940937417892859,-0.0016630506007474,-1,-1,-1
39087,"Lawrence","Ohio",0.0845573880280634,5.02949820202514,0.0845573880280641,5.02949820202514,"2022-05-08",838,4.79342647830186,0.0750520976842908,4.95345587927496,4.96296116961873,-0.007815932102936,-0.0078159321029503,-0.0019889934941332,-1,-1,-1
39087,"Lawrence","Ohio",0.0779615414697219,5.06128881758646,0.077961541469711,5.06128881758638,"2022-05-09",839,4.82602540678429,0.0696206017115428,4.99456129952103,5.0029022392792,-0.0065958465583415,-0.0065958465583531,-0.005431495972748,-1,-1,-1
39087,"Lawrence","Ohio",0.0723206615796397,5.09412331993551,0.072320661579627,5.09412331993542,"2022-05-10",840,4.85759510855303,0.0679308747310018,5.05900502514641,5.06339481199504,-0.00564087989008219,-0.00564087989008401,-0.001689726980541,-1,-1,-1
39087,"Lawrence","Ohio",0.0674412807955195,5.1274089352422,0.0674412807955305,5.12740893524227,"2022-05-11",841,4.88819858975853,0.066424650110314,5.11927588976054,5.12029252044576,-0.0048793807841202,-0.0048793807840965,-0.00150622462068781,-1,-1,-1
39087,"Lawrence","Ohio",0.0334032391328186,4.92254588273611,0.0334032391328138,4.92254588273607,"2022-05-12",842,4.95179479407332,0.0368702015136091,4.95028158178243,4.94681461940164,-0.0340380416627009,-0.0340380416627167,-0.0295544485967049,-1,-1,-1
39087,"Lawrence","Ohio",0.0361329629841931,4.97778691267992,0.0361329629841887,4.97778691267988,"2022-05-13",843,4.99624655664416,0.0395411902350683,5.00505273068693,5.00164450343604,0.0027297238513745,0.0027297238513749,0.0026709887214592,1,1,1
39087,"Lawrence","Ohio",0.0348727740141235,5.00383836390356,0.0348727740141284,5.00383836390359,"2022-05-14",844,5.03880617106295,0.0385129803550107,5.03296001463065,5.02931980828976,-0.0012601889700696,-0.0012601889700603,-0.00102820988005761,-1,-1,-1
39087,"Lawrence","Ohio",0.0336975324971757,5.02930920578209,0.0336975324971709,5.02930920578206,"2022-05-15",845,5.07962816558321,0.0357906193033604,5.04605390023157,5.04396081342538,-0.0011752415169478,-0.00117524151695751,-0.00272236105165029,-1,-1,-1
39087,"Lawrence","Ohio",0.0325989284824283,5.05421790616129,0.032598928482428,5.05421790616129,"2022-05-16",846,5.11884887873649,0.0349454150496578,5.07298979869912,5.0706433121319,-0.0010986040147474,-0.0010986040147429,-0.000845204253702603,-1,-1,-1
39087,"Lawrence","Ohio",0.0315697017687402,5.07858302093421,0.0315697017687357,5.07858302093418,"2022-05-17",847,5.15658920671934,0.0339832783954333,5.09789163394776,5.09547805732106,-0.0010292267136881,-0.0010292267136923,-0.000962136654224496,-1,-1,-1
39087,"Lawrence","Ohio",0.0306034812055095,5.10242295819709,0.0306034812055005,5.10242295819703,"2022-05-18",848,5.19295685089021,0.0320506799191403,5.11400054790615,5.11255334919251,-0.000966220563230702,-0.000966220563235198,-0.00193259847629301,-1,-1,-1
39087,"Lawrence","Ohio",0.0635962043147926,5.39696822427687,0.0635962043147922,5.39696822427686,"2022-05-19",849,5.25077642177904,0.0636126162583555,5.39709951982537,5.39708310788181,0.0329927231092831,0.0329927231092917,0.0315619363392152,1,1,1
39087,"Lawrence","Ohio",0.0444517625708503,5.30740889464011,0.0444517625708372,5.30740889464002,"2022-05-20",850,5.28029886104536,0.0446335736384211,5.30886338318069,5.30868157211311,-0.0191444417439423,-0.019144441743955,-0.0189790426199344,-1,-1,-1
39087,"Lawrence","Ohio",0.0425596144187937,5.33672347199451,0.0425596144187939,5.33672347199451,"2022-05-21",851,5.30897466102202,0.042638107403528,5.33735141587238,5.33727292288765,-0.00189214815205661,-0.0018921481520433,-0.0019954662348931,-1,-1,-1
39087,"Lawrence","Ohio",0.0408219945202591,5.36538212722502,0.0408219945202584,5.36538212722502,"2022-05-22",852,5.33685103055028,0.0414116886469496,5.37009968023855,5.36950998611186,-0.0017376198985346,-0.0017376198985355,-0.0012264187565784,-1,-1,-1
39087,"Lawrence","Ohio",0.0392207131532772,5.39339387080943,0.0392207131532789,5.39339387080944,"2022-05-23",853,5.36397133676948,0.0413892376597094,5.41074206686089,5.40857354235446,-0.0016012813669819,-0.0016012813669795,-2.24509872401996e-05,-1,-1,-1
39087,"Lawrence","Ohio",0.0377403279828506,5.42077150259929,0.0377403279828501,5.42077150259929,"2022-05-24",854,5.39037551096598,0.0377455130411198,5.42081298306545,5.42080779800718,-0.0014803851704266,-0.0014803851704288,-0.0036437246185896,-1,-1,-1
39087,"Lawrence","Ohio",0.0363676441708772,5.44753036008635,0.0363676441708725,5.44753036008632,"2022-05-25",855,5.41610040220442,0.0363208533965564,5.44715603389179,5.44720282466611,-0.0013726838119734,-0.0013726838119776,-0.0014246596445634,-1,-1,-1
39087,"Lawrence","Ohio",0.0578195708888188,5.65551341800077,0.0578195708888281,5.65551341800083,"2022-05-26",856,5.4510384535657,0.0547628294981999,5.63105948687581,5.63411622826644,0.0214519267179416,0.0214519267179556,0.0184419761016435,1,1,1
39087,"Lawrence","Ohio",0.0295224392663154,5.48695593590956,0.0295224392663176,5.48695593590958,"2022-05-27",857,5.49833850044139,0.0306956410630398,5.49634155028336,5.49516834848664,-0.0282971316225034,-0.0282971316225105,-0.0240671884351601,-1,-1,-1
39087,"Lawrence","Ohio",0.0286757999766638,5.50970526085867,0.0286757999766678,5.5097052608587,"2022-05-28",858,5.54350193445341,0.0288831232539597,5.51136384707704,5.51115652379974,-0.000846639289651601,-0.0008466392896498,-0.0018125178090801,-1,-1,-1
39087,"Lawrence","Ohio",0.0278763695282639,5.53198561724813,0.027876369528256,5.53198561724807,"2022-05-29",859,5.58671346973347,0.0287517105711017,5.53898834559083,5.53811300454799,-0.000799430448399901,-0.000799430448411801,-0.000131412682858,-1,-1,-1
39087,"Lawrence","Ohio",0.0271203062192006,5.55381348030388,0.0271203062191958,5.55381348030385,"2022-05-30",860,5.62813485631689,0.0289580337072065,5.56851530020793,5.56667757271993,-0.000756063309063301,-0.000756063309060199,0.000206323136104799,-1,-1,1
39087,"Lawrence","Ohio",0.0264041741965115,5.57520473034156,0.0264041741965073,5.57520473034153,"2022-05-31",861,5.66790853575331,0.0278170523545541,5.58650775560591,5.58509487744786,-0.000716132022689098,-0.000716132022688502,-0.0011409813526524,-1,-1,-1
39087,"Lawrence","Ohio",0.0257248912384399,5.5961746408735,0.0257248912384371,5.59617464087348,"2022-06-01",862,5.70616059706117,0.0274860893542021,5.6102642257996,5.60850302768383,-0.000679282958071601,-0.000679282958070199,-0.000330963000352,-1,-1,-1
39087,"Lawrence","Ohio",0.034938051361291,5.69560481309474,0.03493805136128,5.69560481309466,"2022-06-02",863,5.74391851968117,0.0336100713425747,5.68498097294502,5.68630895296372,0.0092131601228511,0.0092131601228429,0.0061239819883726,1,1,1
39087,"Lawrence","Ohio",0.0473000468756971,5.82943882857127,0.0473000468756908,5.82943882857123,"2022-06-03",864,5.76563883057383,0.0457502684149083,5.81704060088497,5.81859037934575,0.0123619955144061,0.0123619955144108,0.0121401970723336,1,1,1
39087,"Lawrence","Ohio",0.0451634340120172,5.85964597253753,0.0451634340120171,5.85964597253753,"2022-06-04",865,5.78689738136671,0.0423833205180562,5.83740506458584,5.8401851780798,-0.00213661286367989,-0.00213661286367371,-0.0033669478968521,-1,-1,-1
39087,"Lawrence","Ohio",0.0432115352800671,5.88919421669394,0.0432115352800668,5.88919421669394,"2022-06-05",866,5.80771339750443,0.0413932759721542,5.87464814223064,5.87646640153855,-0.00195189873195011,-0.0019518987319503,-0.000990044545902,-1,-1,-1
39087,"Lawrence","Ohio",0.0414213865834236,5.91808456240085,0.0414213865834112,5.91808456240076,"2022-06-06",867,5.82810492819541,0.0394540574165851,5.90234592906615,5.90431325823299,-0.0017901486966435,-0.0017901486966556,-0.0019392185555691,-1,-1,-1
39087,"Lawrence","Ohio",0.0397736794364268,5.9463242918083,0.0397736794364274,5.94632429180831,"2022-06-07",868,5.84808894044868,0.0390295059603559,5.94037090399974,5.9411150774758,-0.0016477071469968,-0.0016477071469838,-0.000424551456229202,-1,-1,-1
39087,"Lawrence","Ohio",0.0382520613078559,5.97392502621616,0.0382520613078556,5.97392502621616,"2022-06-08",869,5.86768140389712,0.0377539280646417,5.96993996027044,5.97043809351366,-0.0015216181285709,-0.0015216181285718,-0.0012755778957142,-1,-1,-1
39087,"Lawrence","Ohio",0.0377579226200019,6.00822397802118,0.0377579226200009,6.00822397802118,"2022-06-09",870,5.88887795833288,0.0374728231594948,6.00594318233713,6.00622828179763,-0.000494138687853994,-0.000494138687854702,-0.000281104905146899,-1,-1,-1
39087,"Lawrence","Ohio",0.0217203108926687,5.91768100682251,0.021720310892662,5.91768100682247,"2022-06-10",871,5.89793848909716,0.0237109323374355,5.93360597838065,5.93161535693588,-0.0160376117273332,-0.0160376117273389,-0.0137618908220593,-1,-1,-1
39087,"Lawrence","Ohio",0.0212585507928769,5.93570723691685,0.0212585507928758,5.93570723691684,"2022-06-11",872,5.90691766322643,0.0220983726199627,5.94242581153353,5.94158598970645,-0.000461760099791798,-0.000461760099786199,-0.0016125597174728,-1,-1,-1
39087,"Lawrence","Ohio",0.0208160161377308,5.95342551046855,0.0208160161377258,5.95342551046851,"2022-06-12",873,5.91581692876867,0.0221848435557221,5.96437612981249,5.96300730239448,-0.000442534655146102,-0.000442534655150002,8.64709357593987e-05,-1,-1,1
39087,"Lawrence","Ohio",0.0203915306909839,5.9708456430323,0.020391530690981,5.97084564303228,"2022-06-13",874,5.9246376954524,0.0211832302523968,5.9771792395236,5.97638753996219,-0.000424485446746899,-0.0004244854467448,-0.0010016133033253,-1,-1,-1
39087,"Lawrence","Ohio",0.0199840122532665,5.98797702622155,0.0199840122532686,5.98797702622156,"2022-06-14",875,5.93338133602696,0.0204455880771676,5.99166963281275,5.99120805698885,-0.0004075184377174,-0.0004075184377124,-0.000737642175229199,-1,-1,-1
39087,"Lawrence","Ohio",0.0195924634484344,6.00482864803616,0.0195924634484355,6.00482864803617,"2022-06-15",876,5.94204918754463,0.0195715151385684,6.00466106155723,6.0046820098671,-0.000391548804832099,-0.000391548804833098,-0.000874072938599198,-1,-1,-1
39087,"Lawrence","Ohio",0.0211965544357594,6.0372538393832,0.021196554435762,6.03725383938321,"2022-06-16",877,5.94616827219281,0.0211669321327562,6.03701686095917,6.03704648326217,0.001604090987325,0.0016040909873265,0.0015954169941878,1,1,1
39087,"Lawrence","Ohio",0.00906053076428041,5.96136220444712,0.00906053076427682,5.9613622044471,"2022-06-17",878,5.94429806405465,0.0110251326483881,5.97707901951998,5.97511441763588,-0.012136023671479,-0.0121360236714852,-0.0101417994843681,-1,-1,-1
39087,"Lawrence","Ohio",0.00897917412927526,5.96977188213136,0.00897917412927463,5.96977188213135,"2022-06-18",879,5.94242435168334,0.0115033928107367,5.98996563158305,5.98744141290159,-8.13566350051503e-05,-8.13566350021892e-05,0.000478260162348599,-1,-1,1
39087,"Lawrence","Ohio",0.0088992655422378,5.97811178756433,0.00889926554223575,5.97811178756432,"2022-06-19",880,5.94054712192238,0.0103362255849461,5.989607467906,5.98817050786329,-7.99085870374604e-05,-7.99085870388811e-05,-0.0011671672257906,-1,-1,-1
39087,"Lawrence","Ohio",0.00882076668373226,5.98638306223852,0.00882076668373077,5.98638306223851,"2022-06-20",881,5.93866636154101,0.0106907481153583,6.00134291369154,5.99947293225991,-7.8498858505539e-05,-7.84988585049787e-05,0.0003545225304122,-1,-1,1
39087,"Lawrence","Ohio",0.00874364057455765,5.99458682004886,0.00874364057455779,5.99458682004886,"2022-06-21",882,5.93678205723371,0.00987022279517653,6.00359947781381,6.0024728955932,-7.71261091746106e-05,-7.712610917298e-05,-0.000820525320181769,-1,-1,-1
39087,"Lawrence","Ohio",0.00866785151767526,6.00272414816836,0.00866785151767591,6.00272414816836,"2022-06-22",883,5.93489419561959,0.0107384882407846,6.01928924195324,6.01721860523012,-7.57890568823909e-05,-7.57890568818809e-05,0.00086826544560807,-1,-1,1
39087,"Lawrence","Ohio",0.00411908464816956,5.97500186472999,0.00411908464817312,5.97500186473002,"2022-06-23",884,5.94467238560122,0.00763405854056666,6.00312165586916,5.99960668197678,-0.0045487668695057,-0.00454876686950279,-0.00310442970021794,-1,-1,-1
39087,"Lawrence","Ohio",-0.00187020813815633,5.93120660708755,0,5.94429806405465,"2022-06-24",885,5.95361432297688,-0.00421664963634403,5.91243507510206,5.91478151660024,-0.00598929278632589,-0.00411908464817312,-0.0118507081769107,-1,-1,-1
39087,"Lawrence","Ohio",-0.00187371237130993,5.92930836508417,0,5.94242435168334,"2022-06-25",886,5.96247701023473,-0.00370147729451649,5.91468624569852,5.91651401062173,-3.50423315360004e-06,0,0.00051517234182754,-1,0,1
39087,"Lawrence","Ohio",-0.00187722976096415,5.92740651359563,0,5.94054712192238,"2022-06-26",887,5.97126183979046,-0.00322739268854541,5.91660521017498,5.91795537310256,-3.51738965421989e-06,0,0.00047408460597108,-1,0,1
39087,"Lawrence","Ohio",-0.00188076038136669,5.92550103887144,0,5.93866636154101,"2022-06-27",888,5.97997016768225,-0.00293894539267261,5.917035558781,5.9180937437923,-3.53062040253996e-06,0,0.0002884472958728,-1,0,1
39087,"Lawrence","Ohio",-0.00188430430729675,5.92359192708264,0,5.93678205723371,"2022-06-28",889,5.98860331482695,-0.00355380545067692,5.91023591793559,5.91190541907897,-3.54392593006e-06,0,-0.00061486005800431,-1,0,-1
39087,"Lawrence","Ohio",-0.00188786161412747,5.9216791643207,0,5.93489419561959,"2022-06-29",890,5.99716256822262,-0.00393177427472386,5.90532786303592,5.90737177569652,-3.55730683072007e-06,0,-0.00037796882404694,-1,0,-1
39087,"Lawrence","Ohio",0.00977818998163757,6.01311971547269,0.0097781899816356,6.01311971547267,"2022-06-30",891,6.01056664898147,0.0106089402727755,6.01976571780179,6.01893496751065,0.011666051595765,0.0097781899816356,0.0145407145474994,1,1,1
39087,"Lawrence","Ohio",0.00894193737566055,6.01620788460651,0.00894193737566074,6.01620788460651,"2022-07-01",892,6.02206303060762,0.00923973478954402,6.01859026391757,6.01829246650369,-0.000836252605977019,-0.00083625260597486,-0.00136920548323148,-1,-1,-1
39087,"Lawrence","Ohio",0.00886268725784453,6.02451582103964,0.00886268725784678,6.02451582103966,"2022-07-02",893,6.03342874620701,0.00872108324979996,6.02338298897528,6.02352459298333,-7.92501178160203e-05,-7.92501178139612e-05,-0.00051865153974406,-1,-1,-1
39087,"Lawrence","Ohio",0.00878482955573103,6.03275564668058,0.00878482955573112,6.03275564668058,"2022-07-03",894,6.04466673268861,0.00912661997965492,6.03548997007197,6.03514817964805,-7.78577021134999e-05,-7.78577021156596e-05,0.000405536729854961,-1,-1,1
39087,"Lawrence","Ohio",0.00870832789178429,6.04092846292474,0.00870832789178344,6.04092846292473,"2022-07-04",895,6.05577982904382,0.00888239952475064,6.04232103598847,6.0421469643555,-7.65016639467393e-05,-7.65016639476795e-05,-0.000244220454904281,-1,-1,-1
39087,"Lawrence","Ohio",0.00863314714470347,6.04903534483987,0.00863314714470409,6.04903534483988,"2022-07-05",896,6.06677078065152,0.00946984576251206,6.05572893378235,6.05489223516453,-7.51807470808202e-05,-7.51807470793509e-05,0.00058744623776142,-1,-1,1
39087,"Lawrence","Ohio",0.00855925339567156,6.05707734199232,0.00855925339566888,6.0570773419923,"2022-07-06",897,6.07764224334903,0.00889267525612208,6.05974471687593,6.05941129501548,-7.38937490319096e-05,-7.38937490352091e-05,-0.00057717050638998,-1,-1,-1
39087,"Lawrence","Ohio",0.0134040807588502,6.10439521429342,0.0134040807588507,6.10439521429342,"2022-07-07",898,6.1177824852142,0.0127429237885225,6.0991059585308,6.09976711550113,0.00484482736317864,0.00484482736318182,0.00385024853240042,1,1,1
39087,"Lawrence","Ohio",0.0114963816261535,6.10253770199069,0.0114963816261513,6.10253770199068,"2022-07-08",899,6.16000104893119,0.0115468604856162,6.1029415328664,6.10289105400693,-0.0019076991326967,-0.0019076991326994,-0.0011960633029063,-1,-1,-1
39087,"Lawrence","Ohio",0.011365715599395,6.11298875540278,0.0113657155993936,6.11298875540277,"2022-07-09",900,6.20050917404269,0.0109873947671652,6.10996218874494,6.11034050957717,-0.0001306660267585,-0.0001306660267577,-0.000559465718451,-1,-1,-1
39087,"Lawrence","Ohio",0.0112379864815979,6.12333263805979,0.0112379864815955,6.12333263805978,"2022-07-10",901,6.23944007412337,0.0118215648252385,6.12800126480892,6.12741768646528,-0.0001277291177971,-0.000127729117798099,0.0008341700580733,-1,-1,1
39087,"Lawrence","Ohio",0.0111130963552126,6.13357150353031,0.0111130963552135,6.13357150353032,"2022-07-11",902,6.27691198175835,0.0110504963212129,6.13307070325831,6.13313330329231,-0.000124890126385301,-0.000124890126381999,-0.000771068504025601,-1,-1,-1
39087,"Lawrence","Ohio",0.0109909516076995,6.14370744190542,0.0109909516077016,6.14370744190544,"2022-07-12",903,6.31303031393315,0.0108042992129876,6.14221422274772,6.14240087514243,-0.000122144747513099,-0.000122144747511901,-0.0002461971082253,-1,-1,-1
39087,"Lawrence","Ohio",0.0108714626975092,6.1537424822316,0.0108714626975095,6.1537424822316,"2022-07-13",904,6.3478894597915,0.0110650621228316,6.15529127763417,6.15509767820885,-0.000119488910190301,-0.0001194889101921,0.000260762909844,-1,-1,1
39087,"Lawrence","Ohio",0.0401402418651804,6.39876417827047,0.0401402418651688,6.39876417827039,"2022-07-14",905,6.38278243449026,0.0335553390987581,6.34608495613909,6.35266985890551,0.0292687791676712,0.0292687791676593,0.0224902769759265,1,1,1
39087,"Lawrence","Ohio",0.0422185637169904,6.45553099495013,0.0422185637169905,6.45553099495013,"2022-07-15",906,6.40923459040652,0.0338036636032268,6.38821179404001,6.39662669415378,0.00207832185181,0.0020783218518217,0.000248324504468697,1,1,1
39087,"Lawrence","Ohio",0.0405081251114968,6.48406604982317,0.0405081251114963,6.48406604982316,"2022-07-16",907,6.4350050240683,0.0336976392901136,6.4295821632521,6.43639264907348,-0.0017104386054936,-0.00171043860549421,-0.000106024313113198,-1,-1,-1
39087,"Lawrence","Ohio",0.038930900080684,6.51195637468816,0.0389309000806843,6.51195637468816,"2022-07-17",908,6.46012799299476,0.033520720848735,6.46867494083257,6.47408512006451,-0.0015772250308128,-0.001577225030812,-0.000176918441378598,-1,-1,-1
39087,"Lawrence","Ohio",0.0374719076349847,6.53921533520324,0.0374719076349725,6.53921533520315,"2022-07-18",909,6.48463523563525,0.0321527509402221,6.49666208164515,6.5019812383399,-0.0014589924456993,-0.0014589924457118,-0.0013679699085129,-1,-1,-1
39087,"Lawrence","Ohio",0.0361183321748023,6.56585863915676,0.0361183321748006,6.56585863915675,"2022-07-19",910,6.50855621245262,0.0321779884035287,6.53433588898658,6.53827623275785,-0.0013535754601824,-0.0013535754601719,2.52374633065988e-05,-1,-1,1
39087,"Lawrence","Ohio",0.0348591458583672,6.59190348080008,0.0348591458583574,6.59190348080001,"2022-07-20",911,6.53191831883865,0.0314188322835602,6.56438097220163,6.56782128577642,-0.0012591863164351,-0.0012591863164432,-0.000759156119968504,-1,-1,-1
39087,"Lawrence","Ohio",0.0348929746987508,6.62703325738151,0.0348929746987503,6.62703325738151,"2022-07-21",912,6.55941286979044,0.0322445717391556,6.60584603370475,6.60849443666435,3.38288403836026e-05,3.38288403929007e-05,0.000825739455595401,1,1,1
39087,"Lawrence","Ohio",0.0264521559162758,6.59439968182045,0.0264521559162691,6.59439968182041,"2022-07-22",913,6.58340922215876,0.025458334295093,6.586449108851,6.58744293047217,-0.008440818782475,-0.0084408187824812,-0.0067862374440626,-1,-1,-1
39087,"Lawrence","Ohio",0.0257704336617706,6.61539805970069,0.0257704336617719,6.6153980597007,"2022-07-23",914,6.60684321775947,0.0254818461592419,6.61308935968045,6.61337794718299,-0.000681722254505201,-0.0006817222544972,2.35118641488986e-05,-1,-1,1
39087,"Lawrence","Ohio",0.0251229689264616,6.63598877547999,0.0251229689264649,6.63598877548002,"2022-07-24",915,6.62974061193249,0.0241473969379,6.6281841995715,6.62915977156006,-0.000647464735308998,-0.000647464735307,-0.0013344492213419,-1,-1,-1
39087,"Lawrence","Ohio",0.0245072426404911,6.65618593411869,0.0245072426404906,6.65618593411869,"2022-07-25",916,6.65212543020502,0.0239008050270469,6.65133443321114,6.65194087082458,-0.000615726285970501,-0.0006157262859743,-0.000246591910853099,-1,-1,-1
39087,"Lawrence","Ohio",0.023920976817371,6.67600305017422,0.0239209768173678,6.67600305017419,"2022-07-26",917,6.67402011981204,0.0233198739454639,6.67119422719896,6.67179533007087,-0.000586265823120099,-0.000586265823122802,-0.000580931081583001,-1,-1,-1
39087,"Lawrence","Ohio",0.0233621063860277,6.69545306354084,0.0233621063860285,6.69545306354085,"2022-07-27",918,6.69544568498135,0.0233924496383846,6.6956958095597,6.69566546630734,-0.000558870431343301,-0.000558870431339297,7.25756929207018e-05,-1,-1,1
39087,"Lawrence","Ohio",0.0274945509517849,6.75187472645293,0.027494550951789,6.75187472645296,"2022-07-28",919,6.72726062381528,0.0265098956509991,6.74399748404664,6.74498213934743,0.0041324445657572,0.0041324445657605,0.0031174460126145,1,1,1
39087,"Lawrence","Ohio",0.0239963523683327,6.75138368873709,0.0239963523683278,6.75138368873706,"2022-07-29",920,6.74271215798846,0.0234274260953851,6.74683227855352,6.74740120482646,-0.0034981985834522,-0.0034981985834612,-0.003082469555614,-1,-1,-1
39087,"Lawrence","Ohio",0.0234339956007124,6.77088118696446,0.0234339956007101,6.77088118696445,"2022-07-30",921,6.75792857063493,0.0236551542619135,6.77265045625407,6.77242929759286,-0.000562356767620301,-0.000562356767617702,0.000227728166528399,-1,-1,1
39087,"Lawrence","Ohio",0.0228973941730119,6.79002237114358,0.0228973941730173,6.79002237114361,"2022-07-31",922,6.77291691018725,0.0220678780041757,6.78338624179287,6.78421575796172,-0.000536601427700498,-0.000536601427692799,-0.0015872762577378,-1,-1,-1
39087,"Lawrence","Ohio",0.0223848182725343,6.80881915811276,0.0223848182725321,6.80881915811275,"2022-08-01",923,6.78768391280774,0.0218267729189619,6.80435479528419,6.80491284063775,-0.0005125759004776,-0.000512575900485202,-0.0002411050852138,-1,-1,-1
39087,"Lawrence","Ohio",0.0218946896070053,6.82728294706107,0.0218946896070129,6.82728294706113,"2022-08-02",924,6.80223602056662,0.0219686178352564,6.82787437288707,6.82780044465883,-0.000490128665529003,-0.000490128665519198,0.000141844916294501,-1,-1,1
39087,"Lawrence","Ohio",0.0214255651693045,6.84542464116648,0.0214255651693094,6.84542464116651,"2022-08-03",925,6.81657939831627,0.0214963802307328,6.8459911616579,6.84592034659648,-0.000469124437700797,-0.0004691244377035,-0.000472237604523602,-1,-1,-1
39087,"Lawrence","Ohio",0.0318149388339408,6.94996519565286,0.0318149388339304,6.94996519565279,"2022-08-04",926,6.81704877171141,0.0299145209668948,6.93476185271651,6.93666227058354,0.0103893736646363,0.010389373664621,0.008418140736162,1,1,1
39087,"Lawrence","Ohio",0.0154515341731778,6.8508728972007,0.0154515341731782,6.8508728972007,"2022-08-05",927,6.81673588059497,0.0155156108128155,6.8513855103178,6.85132143367817,-0.016363404660763,-0.0163634046607522,-0.0143989101540793,-1,-1,-1
39087,"Lawrence","Ohio",0.0152164126464832,6.86444345916032,0.0152164126464784,6.86444345916028,"2022-08-06",928,6.81642289154703,0.0159132964848651,6.87001852986738,6.86932164602899,-0.000235121526694599,-0.0002351215266998,0.0003976856720496,-1,-1,1
39087,"Lawrence","Ohio",0.0149883395523199,6.87783528705349,0.0149883395523185,6.87783528705348,"2022-08-07",929,6.81610980450628,0.0159876866799679,6.88583006407467,6.88483071694703,-0.000228073094163301,-0.000228073094159901,7.43901951027991e-05,-1,-1,1
39087,"Lawrence","Ohio",0.0147670026204921,6.89105293115119,0.0147670026204896,6.89105293115117,"2022-08-08",930,6.81579661941133,0.0149750448087936,6.8927172686576,6.8925092264693,-0.0002213369318278,-0.0002213369318289,-0.0010126418711743,-1,-1,-1
39087,"Lawrence","Ohio",0.0145521077588727,6.90410077487872,0.0145521077588739,6.90410077487873,"2022-08-09",931,6.81548333620074,0.0150850978033219,6.90836469523432,6.90783170518987,-0.000214894861619399,-0.000214894861615701,0.000110052994528301,-1,-1,1
39087,"Lawrence","Ohio",0.0143433777496537,6.91698304256384,0.0143433777496513,6.91698304256383,"2022-08-10",932,6.81516995481303,0.0152117361400091,6.92392990968669,6.92306155129633,-0.000208730009219001,-0.000208730009222599,0.000126638336687199,-1,-1,1
39087,"Lawrence","Ohio",0.000469373395145724,6.82033438547743,0.000469373395145745,6.82033438547743,"2022-08-11",933,6.80935461425937,0.00616115019582323,6.86586859988286,6.86017682308217,-0.013874004354508,-0.0138740043545056,-0.00905058594418587,-1,-1,-1
39087,"Lawrence","Ohio",-0.000312891116444972,6.81454564277985,0,6.81673588059497,"2022-08-12",934,6.7998518503202,-0.00174038431398669,6.80312569719952,6.80455319039706,-0.000782264511590696,-0.000469373395145745,-0.00790153450980992,-1,-1,-1
39087,"Lawrence","Ohio",-0.000312989047938712,6.81423196821146,0,6.81642289154703,"2022-08-13",935,6.79025791680291,-0.00154813388419774,6.80435080952139,6.80558595435765,-9.79314937400071e-08,0,0.00019225042978895,-1,0,1
39087,"Lawrence","Ohio",-0.000313087040756496,6.81391819522098,0,6.81610980450628,"2022-08-14",936,6.78057104738469,-0.00207268336953952,6.79984142459071,6.8016010209195,-9.79928177839945e-08,0,-0.00052454948534178,-1,0,-1
39087,"Lawrence","Ohio",-0.000313185094948515,6.81360432374669,0,6.81579661941133,"2022-08-15",937,6.77078942390898,-0.00086447685935031,6.80919398963148,6.80974528139588,-9.80541920190072e-08,0,0.00120820651018921,-1,0,1
39087,"Lawrence","Ohio",-0.00031328321058275,6.81329035372667,0,6.81548333620074,"2022-08-16",938,6.76091117433732,-0.000892546343930642,6.80865624865988,6.80923551179322,-9.81156342350141e-08,0,-2.80694845803321e-05,-1,0,-1
39087,"Lawrence","Ohio",-0.000313381387710647,6.81297628509906,0,6.81516995481303,"2022-08-17",939,6.750934370599,-0.00180186802197521,6.80106839202494,6.8025568786592,-9.81771278970103e-08,0,-0.000909321678044568,-1,0,-1
39087,"Lawrence","Ohio",-0.00581534055366354,6.76864723038373,0,6.80935461425937,"2022-08-18",940,6.73849096134483,-0.00371496272393591,6.78545025302154,6.78334987519182,-0.00550195916595289,0,-0.0019130947019607,-1,0,-1
39087,"Lawrence","Ohio",-0.00950276393917329,6.73333250274599,0,6.7998518503202,"2022-08-19",941,6.71503700600562,-0.00761055147462809,6.74847020246235,6.7465779899978,-0.00368742338550975,0,-0.00389558875069218,-1,0,-1
39087,"Lawrence","Ohio",-0.00959393351728132,6.72310038218194,0,6.79025791680291,"2022-08-20",942,6.69101972396326,-0.00766964186669137,6.73849471538667,6.73657042373607,-9.11695781080288e-05,0,-5.90903920632798e-05,-1,0,-1
39087,"Lawrence","Ohio",-0.00968686941822353,6.71276296145713,0,6.78057104738469,"2022-08-21",943,6.6664113874525,-0.0077413346238802,6.72832723981187,6.72638170501753,-9.29359009422103e-05,0,-7.16927571888298e-05,-1,0,-1
39087,"Lawrence","Ohio",-0.00978162347571147,6.702318059579,0,6.77078942390898,"2022-08-22",944,6.64118216974059,-0.0084100580660589,6.71329058285622,6.71191901744657,-9.47540574879405e-05,0,-0.000668723442178699,-1,0,-1
39087,"Lawrence","Ohio",-0.00987824957166208,6.69176342733568,0,6.76091117433732,"2022-08-23",945,6.6152999277777,-0.00814322703968306,6.70564360759152,6.70390858505954,-9.66260959506093e-05,0,0.000266831026375839,-1,0,1
39087,"Lawrence","Ohio",-0.00997680373831644,6.68109674443079,0,6.750934370599,"2022-08-24",946,6.58872995596465,-0.00854749106816346,6.69253124579201,6.69110193312186,-9.85541666543611e-05,0,-0.0004042640284804,-1,0,-1
39087,"Lawrence","Ohio",-0.0124434092541668,6.65138709656566,0,6.73849096134483,"2022-08-25",947,6.56606947530804,-0.0103376861270563,6.66823288158255,6.66612715845544,-0.00246660551585036,0,-0.00179019505889284,-1,0,-1
39087,"Lawrence","Ohio",-0.0234539553392117,6.55085931863114,0,6.71503700600562,"2022-08-26",948,6.56082858445707,-0.0176879359320055,6.59698747388879,6.59122145448158,-0.0110105460850449,0,-0.0073502498049492,-1,0,-1
39087,"Lawrence","Ohio",-0.0240172820423635,6.52289874966671,0,6.69101972396326,"2022-08-27",949,6.55556008189569,-0.0188140557205021,6.5645245602416,6.55932133391974,-0.0005633267031518,0,-0.0011261197884966,-1,0,-1
39087,"Lawrence","Ohio",-0.0246083365107527,6.49415303187723,0,6.6664113874525,"2022-08-28",950,6.55026367513685,-0.0202013445768326,6.5294089673486,6.52500197541467,-0.0005910544683892,0,-0.0013872888563305,-1,0,-1
39087,"Lawrence","Ohio",-0.0252292177119183,6.46457764575716,0,6.64118216974059,"2022-08-29",951,6.54493906702132,-0.0206330599441127,6.5013469078996,6.4967507501318,-0.000620881201165602,0,-0.000431715367280101,-1,0,-1
39087,"Lawrence","Ohio",-0.0258822419628927,6.43412423403745,0,6.6152999277777,"2022-08-30",952,6.53958595561767,-0.0215851648825965,6.46850085067982,6.46420377359952,-0.0006530242509744,0,-0.0009521049384838,-1,0,-1
39087,"Lawrence","Ohio",-0.0265699718130516,6.40274015327328,0,6.58872995596465,"2022-08-31",953,6.5342040341195,-0.0234858707954228,6.42741296141432,6.42432886039669,-0.0006877298501589,0,-0.0019007059128263,-1,0,-1
39087,"Lawrence","Ohio",-0.0226604806566067,6.40744611071179,0,6.56606947530804,"2022-09-01",954,6.55880552084981,-0.0202988628421253,6.42633905322765,6.42397743541316,0.0039094911564449,0,0.0031870079532975,1,0,1
39087,"Lawrence","Ohio",-0.00524089085097339,6.52414234850025,0,6.56082858445707,"2022-09-02",955,6.58971217782929,-0.00641457374102771,6.51475288537982,6.51592656826988,0.0174195898056333,0,0.0138842891010976,1,0,1
39087,"Lawrence","Ohio",-0.00526850256137625,6.51868056396605,0,6.55556008189569,"2022-09-03",956,6.61969218156861,-0.00686147384559068,6.50593679369234,6.50752976497655,-2.76117104028601e-05,0,-0.000446900104562969,-1,0,-1
39087,"Lawrence","Ohio",-0.00529640675884227,6.51318882782495,0,6.55026367513685,"2022-09-04",957,6.64879948478875,-0.00636111099275665,6.50467119395364,6.50573589818755,-2.79041974660206e-05,0,0.00050036285283403,-1,0,1
39087,"Lawrence","Ohio",-0.00532460811552865,6.50766681021262,0,6.54493906702132,"2022-09-05",958,6.67708346124714,-0.00576179850554218,6.50416928709251,6.50460647748253,-2.82013566863795e-05,0,0.00059931248721447,-1,0,1
39087,"Lawrence","Ohio",-0.00535311140365132,6.50211417579211,0,6.53958595561767,"2022-09-06",959,6.70458940966915,-0.00613805848832515,6.49583459911472,6.49661954619939,-2.85032881226699e-05,0,-0.00037625998278297,-1,0,-1
39087,"Lawrence","Ohio",-0.00538192149816712,6.49653058363233,0,6.5342040341195,"2022-09-07",960,6.73135899020756,-0.00617540687306435,6.49018270063315,6.49097618600805,-2.88100945158003e-05,0,-3.73483847391992e-05,-1,0,-1
39087,"Lawrence","Ohio",0.024601486730305,6.73101592796195,0.0246014867303082,6.73101592796197,"2022-09-08",961,6.74355426330138,0.0214243667772634,6.70559896833761,6.70877608829065,0.0299834082284721,0.0246014867303082,0.0275997736503278,1,1,1
39087,"Lawrence","Ohio",0.0309066569794895,6.80605877668572,0.0309066569794814,6.80605877668566,"2022-09-09",962,6.75792857063493,0.0253326752757571,6.76146692305587,6.76704090475959,0.0063051702491845,0.0063051702491732,0.0039083084984937,1,1,1
39087,"Lawrence","Ohio",0.0299800037393167,6.82955220774383,0.0299800037393201,6.82955220774385,"2022-09-10",963,6.77209918179104,0.0247220046611192,6.78748821511824,6.79274621419644,-0.000926653240172801,-0.0009266532401613,-0.0006106706146379,-1,-1,-1
39087,"Lawrence","Ohio",0.0291073032201358,6.8525506073297,0.0291073032201403,6.85255060732974,"2022-09-11",964,6.78607178929238,0.0242043407790043,6.81332690780064,6.81822987024178,-0.0008727005191809,-0.0008727005191798,-0.0005176638821149,-1,-1,-1
39087,"Lawrence","Ohio",0.0282839764583874,6.87507129645585,0.0282839764583835,6.87507129645582,"2022-09-12",965,6.7998518503202,0.0239247622862111,6.84019758307844,6.84455679725062,-0.0008233267617484,-0.000823326761756799,-0.000279578492793201,-1,-1,-1
39087,"Lawrence","Ohio",0.0275059484220208,6.89713104862329,0.0275059484220126,6.89713104862324,"2022-09-13",966,6.8134445995109,0.0253730081469967,6.88006752642311,6.88220046669813,-0.000778028036366601,-0.000778028036370899,0.0014482458607856,-1,-1,1
39087,"Lawrence","Ohio",0.0267695805384102,6.91874605397643,0.0267695805384101,6.91874605397643,"2022-09-14",967,6.82685506089447,0.0219847097246365,6.88046708746624,6.88525195828002,-0.0007363678836106,-0.000736367883602502,-0.0033882984223602,-1,-1,-1
39087,"Lawrence","Ohio",0.0121952730938228,6.82892117495814,0.0121952730938188,6.82892117495811,"2022-09-15",968,6.82561513513115,0.0114528468181958,6.82298176475313,6.82372419102875,-0.0145743074445874,-0.0145743074445913,-0.0105318629064407,-1,-1,-1
39087,"Lawrence","Ohio",0.0143743073335558,6.85854872196982,0.014374307333556,6.85854872196983,"2022-09-16",969,6.8207958486952,0.0142229170020986,6.85733759931817,6.85748898964962,0.002179034239733,0.0021790342397372,0.0027700701839028,1,1,1
39087,"Lawrence","Ohio",0.0141706111561043,6.87129345988377,0.0141706111561088,6.8712934598838,"2022-09-17",970,6.81595322421941,0.0125222161809159,6.85810630008226,6.85975469505745,-0.000203696177451501,-0.000203696177447199,-0.0017007008211827,-1,-1,-1
39087,"Lawrence","Ohio",0.0139726075013381,6.88388004180175,0.0139726075013371,6.88388004180174,"2022-09-18",971,6.81108703456824,0.0124283403053797,6.87152590423408,6.87307017143004,-0.0001980036547662,-0.000198003654771701,-9.38758755361993e-05,-1,-1,-1
39087,"Lawrence","Ohio",0.013780061027823,6.89631227751496,0.0137800610278189,6.89631227751493,"2022-09-19",972,6.80619704927405,0.0135173352333206,6.89421047115894,6.89447319695344,-0.000192546473515099,-0.0001925464735182,0.0010889949279409,-1,-1,1
39087,"Lawrence","Ohio",0.0135927491906987,6.90859384384579,0.0135927491906971,6.90859384384578,"2022-09-20",973,6.80128303447162,0.0129981815096564,6.90383730239745,6.90443187007849,-0.000187311837124301,-0.0001873118371218,-0.000519153723664201,-1,-1,-1
39087,"Lawrence","Ohio",0.0134104613835726,6.92072829057948,0.0134104613835753,6.9207282905795,"2022-09-21",974,6.79634475283104,0.0121222963878783,6.91042297061393,6.91171113560962,-0.0001822878071261,-0.0001822878071218,-0.0008758851217781,-1,-1,-1
39087,"Lawrence","Ohio",-0.00123992576331857,6.81693565478792,0,6.82561513513115,"2022-09-22",975,6.78445706263764,-0.00265548426340014,6.80561118678727,6.80702674528735,-0.0146503871468912,-0.0134104613835753,-0.0147777806512784,-1,-1,-1
39087,"Lawrence","Ohio",-0.00481928643595009,6.78706084364355,0,6.8207958486952,"2022-09-23",976,6.74825699282828,-0.00556849786121438,6.78106715224143,6.7818163636667,-0.00357936067263152,0,-0.00291301359781424,-1,0,-1
39087,"Lawrence","Ohio",-0.00484262447579221,6.78205485288887,0,6.81595322421941,"2022-09-24",977,6.7106970981436,-0.00472070451834122,6.78303021254847,6.78290829259102,-2.33380398421195e-05,0,0.00084779334287316,-1,0,1
39087,"Lawrence","Ohio",-0.00486618965117108,6.77702370701004,0,6.81108703456824,"2022-09-25",978,6.67167121639219,-0.00577801248561269,6.76972912433451,6.77064094716895,-2.356517537887e-05,0,-0.00105730796727147,-1,0,-1
39087,"Lawrence","Ohio",-0.00488998529419322,6.7719671522147,0,6.80619704927405,"2022-09-26",979,6.63106024639678,-0.00505715083989275,6.7706298278491,6.7707969933948,-2.37956430221399e-05,0,0.00072086164571994,-1,0,1
39087,"Lawrence","Ohio",-0.00491401480243182,6.7668849308546,0,6.80128303447162,"2022-09-27",980,6.58872995596465,-0.00584450619132211,6.75944099974347,6.76037149113237,-2.40295082386006e-05,0,-0.00078735535142936,-1,0,-1
39087,"Lawrence","Ohio",-0.00493828164058148,6.76177678134697,0,6.79634475283104,"2022-09-28",981,6.54452830505211,-0.00539606791281781,6.75811449116908,6.75857227744132,-2.42668381496601e-05,0,0.0004484382785043,-1,0,1
39087,"Lawrence","Ohio",-0.011887690193392,6.7012432312839,0,6.78445706263764,"2022-09-29",982,6.48332576360178,-0.0125135876506169,6.6962360516261,6.69686194908332,-0.00694940855281052,0,-0.00711751973779909,-1,0,-1
39087,"Lawrence","Ohio",-0.0362000698093529,6.49485650416281,0,6.74825699282828,"2022-09-30",983,6.43729440235761,-0.031660791898753,6.53117072744762,6.52663144953701,-0.0243123796159609,0,-0.0191472042481361,-1,0,-1
39087,"Lawrence","Ohio",-0.0375598946846748,6.44777783535088,0,6.7106970981436,"2022-10-01",984,6.38904148236714,-0.0318653407024487,6.49333426720869,6.48763971322646,-0.0013598248753219,0,-0.000204548803695699,-1,0,-1
39087,"Lawrence","Ohio",-0.039025881751423,6.39849004413223,0,6.67167121639219,"2022-10-02",985,6.3383416485666,-0.0347147506264552,6.43297909313196,6.428667962007,-0.0014659870667482,0,-0.0028494099240065,-1,0,-1
39087,"Lawrence","Ohio",-0.0406109699954149,6.34678345642888,0,6.63106024639678,"2022-10-03",986,6.28493341514292,-0.0342910629704594,6.39734271262852,6.39102280560356,-0.0015850882439919,0,0.000423687655995805,-1,0,1
39087,"Lawrence","Ohio",-0.0423302904321392,6.29241792293967,0,6.58872995596465,"2022-10-04",987,6.22851100359118,-0.0368181048287833,6.33651540776651,6.33100322216317,-0.0017193204367243,0,-0.00252704185832391,-1,0,-1
39087,"Lawrence","Ohio",-0.0442016509125407,6.23511674866432,0,6.54452830505211,"2022-10-05",988,6.16871373736479,-0.0377467904730662,6.28675563218012,6.28030077174065,-0.0018713604804015,0,-0.000928685644282896,-1,0,-1
39087,"Lawrence","Ohio",-0.0612025414503016,6.05490797344967,0,6.48332576360178,"2022-10-06",989,6.11019951048975,-0.049763110998091,6.14642341706738,6.13498398661514,-0.0170008905377609,0,-0.0120163205250248,-1,0,-1
39087,"Lawrence","Ohio",-0.0460313612441754,6.11507487364838,0,6.43729440235761,"2022-10-07",990,6.07927917283552,-0.0410532010457198,6.15490015523602,6.14992199503757,0.0151711802061262,0,0.0087099099523712,1,0,1
39087,"Lawrence","Ohio",-0.0482529199904666,6.05127104243387,0,6.38904148236714,"2022-10-08",991,6.04737217904628,-0.0434287888141232,6.08986409184462,6.08503996066828,-0.0022215587462912,0,-0.0023755877684034,-1,0,-1
39087,"Lawrence","Ohio",-0.0506998338005365,5.98344281196285,0,6.3383416485666,"2022-10-09",992,6.01441348009353,-0.0437808942749214,6.03879432816777,6.03187538864215,-0.0024469138100699,0,-0.000352105460798197,-1,0,-1
39087,"Lawrence","Ohio",-0.053408233423698,5.91107578117704,0,6.28493341514292,"2022-10-10",993,5.98033137411565,-0.0467476540938735,5.96436041581561,5.95769983648581,-0.0027083996231615,0,-0.0029667598189521,-1,0,-1
39087,"Lawrence","Ohio",-0.0564224115517416,5.83355412272899,0,6.22851100359118,"2022-10-11",994,5.94504656708361,-0.0484242908518117,5.89753908832843,5.8895409676285,-0.0030141781280436,0,-0.0016766367579382,-1,0,-1
39087,"Lawrence","Ohio",-0.0597972662263846,5.75013287378009,0,6.16871373736479,"2022-10-12",995,5.90847106159705,-0.0517644814448915,5.81439515203205,5.80636236725055,-0.003374854674643,0,-0.0033401905930798,-1,0,-1
39087,"Lawrence","Ohio",-0.0585142268750511,5.70059992236439,0,6.11019951048975,"2022-10-13",996,5.86119314107067,-0.0528047406224315,5.74627581238534,5.74056632613273,0.0012830393513335,0,-0.00104025917754,1,0,-1
39087,"Lawrence","Ohio",-0.0309203376542174,5.862836809256,0,6.07927917283552,"2022-10-14",997,5.82978560085993,-0.0318735304418425,5.85521126695501,5.85616445974262,0.0275938892208337,0,0.020931210180589,1,0,1
39087,"Lawrence","Ohio",-0.0319069937892453,5.82402322252156,0,6.04737217904628,"2022-10-15",998,5.79735955177369,-0.0325295401937951,5.81904285128516,5.81966539768971,-0.000986656135027901,0,-0.000656009751952603,-1,0,-1
39087,"Lawrence","Ohio",-0.032958698952746,5.7837025874243,0,6.01441348009353,"2022-10-16",999,5.76384671539885,-0.0325336287590937,5.78710314897353,5.78667807877987,-0.0010517051635007,0,-4.08856529859891e-06,-1,0,-1
39087,"Lawrence","Ohio",-0.0340821059778867,5.74175663227044,0,5.98033137411565,"2022-10-17",1000,5.72917170866102,-0.0343224805867772,5.73983363539931,5.74007401000821,-0.00112340702514069,0,-0.0017888518276835,-1,0,-1
39087,"Lawrence","Ohio",-0.0352848070320499,5.69805291785926,0,5.94504656708361,"2022-10-18",1001,5.69325102260386,-0.0361120314346342,5.69143512263858,5.69226234704117,-0.0012027010541632,0,-0.001789550847857,-1,0,-1
39087,"Lawrence","Ohio",-0.0365755054865589,5.65244252319114,0,5.90847106159705,"2022-10-19",1002,5.65599181081985,-0.0378657868775925,5.64212027206287,5.6434105534539,-0.001290698454509,0,-0.0017537554429583,-1,0,-1
39087,"Lawrence","Ohio",-0.0472779205263933,5.53024769738591,0,5.86119314107067,"2022-10-20",1003,5.63631904522115,-0.0455097001238566,5.5443934606062,5.54262524020367,-0.0107024150398344,0,-0.0076439132462641,-1,0,-1
39087,"Lawrence","Ohio",-0.0314075402107237,5.60993281938487,0,5.82978560085993,"2022-10-21",1004,5.65148617115748,-0.0300793250024198,5.62055854105131,5.61923032584299,0.0158703803156696,0,0.0154303751214368,1,0,1
39087,"Lawrence","Ohio",-0.0324260490862463,5.57037720816997,0,5.79735955177369,"2022-10-22",1005,5.66642668811243,-0.0333134305564668,5.5632781564082,5.56416553787842,-0.0010185088755226,0,-0.003234105554047,-1,0,-1
39087,"Lawrence","Ohio",-0.0335128363748383,5.52925686077498,0,5.76384671539885,"2022-10-23",1006,5.68114726796362,-0.032731460518287,5.53550786762739,5.53472649177084,-0.001086787288592,0,0.000581970038179801,-1,0,1
39087,"Lawrence","Ohio",-0.0346750067378361,5.48644666149617,0,5.72917170866102,"2022-10-24",1007,5.69565429220566,-0.0344398643069497,5.48832780094325,5.48809265851237,-0.0011621703629978,0,-0.0017084037886627,-1,0,-1
39087,"Lawrence","Ohio",-0.0359206860571488,5.44180622020382,0,5.69325102260386,"2022-10-25",1008,5.70995386856074,-0.034723605803497,5.45138286223304,5.45018578197938,-0.0012456793193127,0,-0.0002837414965473,-1,0,-1
39087,"Lawrence","Ohio",-0.0372592117840077,5.3951773283318,0,5.65599181081985,"2022-10-26",1009,5.72405184641826,-0.0360947153281167,5.40449329997893,5.40332880352303,-0.0013385257268589,0,-0.0013711095246197,-1,0,-1
39087,"Lawrence","Ohio",-0.0196727655987049,5.49860968603021,0,5.63631904522115,"2022-10-27",1010,5.71702770140622,-0.0210899001832004,5.48727260935425,5.48868974393875,0.0175864461853028,0,0.0150048151449163,1,0,1
39087,"Lawrence","Ohio",0.015167125936335,5.75765605271183,0.015167125936336,5.75765605271183,"2022-10-28",1011,5.70235288184661,0.0139930319174157,5.74826330056047,5.74943739457939,0.0348398915350399,0.015167125936336,0.0350829321006161,1,1,1
39087,"Lawrence","Ohio",0.0149405169549481,5.77101030679707,0.0149405169549501,5.77101030679708,"2022-10-29",1012,5.68745950062427,0.0122270412351468,5.74930250103866,5.75201597675846,-0.000226608981386899,-0.000226608981385899,-0.0017659906822689,-1,-1,-1
39087,"Lawrence","Ohio",0.0147205798511894,5.78419132692195,0.0147205798511871,5.78419132692193,"2022-10-30",1013,5.67234094882138,0.0123299837040702,5.76506655774499,5.76745715389211,-0.000219937103758701,-0.000219937103763002,0.0001029424689234,-1,-1,1
39087,"Lawrence","Ohio",0.0145070242420387,5.79720346189993,0.0145070242420404,5.79720346189994,"2022-10-31",1014,5.65699031314944,0.0125809005090178,5.78179447203576,5.78372059576878,-0.000213555609150699,-0.000213555609146699,0.000250916804947598,-1,-1,1
39087,"Lawrence","Ohio",0.0142995763550865,5.81005090304635,0.0142995763550839,5.81005090304633,"2022-11-01",1015,5.6414003569673,0.0135149919580328,5.80377422786992,5.80455881226697,-0.0002074478869522,-0.000207447886956501,0.000934091449015,-1,-1,1
39087,"Lawrence","Ohio",0.0140979778575201,5.8227376914209,0.014097977857519,5.8227376914209,"2022-11-02",1016,5.62556349979596,0.0135122885405808,5.81805217688539,5.81863786620233,-0.0002015984975664,-0.0002015984975649,-2.70341745199978e-06,-1,-1,-1
39087,"Lawrence","Ohio",-0.00702414501204043,5.66785868632194,0,5.71702770140622,"2022-11-03",1017,5.6301871915678,-0.00876090838868777,5.65396457930876,5.65570134268541,-0.0211221228695605,-0.014097977857519,-0.0222731969292686,-1,-1,-1
39087,"Lawrence","Ohio",-0.0146748195596154,5.5996291449293,0,5.70235288184661,"2022-11-04",1018,5.64645597946448,-0.0128902678094467,5.61390555893065,5.61212100718048,-0.00765067454757497,0,-0.00412935942075893,-1,0,-1
39087,"Lawrence","Ohio",-0.0148933812223464,5.58320583206785,0,5.68745950062427,"2022-11-05",1019,5.66246432532547,-0.0135649428587517,5.5938333389766,5.59250490061301,-0.000218561662731001,0,-0.000674675049305001,-1,0,-1
39087,"Lawrence","Ohio",-0.015118551802883,5.5665110862012,0,5.67234094882138,"2022-11-06",1020,5.67822043660598,-0.0121542280497162,5.59022567622654,5.58726135247337,-0.0002251705805366,0,0.0014107148090355,-1,0,1
39087,"Lawrence","Ohio",-0.0153506356719425,5.54953586344584,0,5.65699031314944,"2022-11-07",1021,5.6937321388027,-0.0130811942188041,5.56769139507095,5.56542195361781,-0.000232083869059499,0,-0.000926966169087901,-1,0,-1
39087,"Lawrence","Ohio",-0.0155899561821427,5.5322706636923,0,5.6414003569673,"2022-11-08",1022,5.70900689879301,-0.0134963520316906,5.54901949689592,5.54692589274547,-0.000239320510200201,0,-0.000415157812886499,-1,0,-1
39087,"Lawrence","Ohio",-0.0158368571713406,5.51470549959657,0,5.62556349979596,"2022-11-09",1023,5.72405184641826,-0.0144402440601333,5.52587840448623,5.52448179137503,-0.0002469009891979,0,-0.000943892028442701,-1,0,-1
39087,"Lawrence","Ohio",0.00462369177184303,5.6625530339707,0.00462369177184385,5.66255303397071,"2022-11-10",1024,5.71655766614492,0.00748719602084769,5.68546106796274,5.68259756371373,0.0204605489431836,0.00462369177184385,0.021927440080981,1,1,1
39087,"Lawrence","Ohio",0.0162687878966803,5.76033749474124,0.0162687878966823,5.76033749474126,"2022-11-11",1025,5.69132423973416,0.0162928909514025,5.76053031917902,5.7605062161243,0.0116450961248373,0.0116450961248385,0.00880569493055481,1,1,1
39087,"Lawrence","Ohio",0.0160083458609916,5.77452274635241,0.016008345860989,5.77452274635239,"2022-11-12",1026,5.66543756834831,0.0159917636590014,5.77439008873649,5.77440667093848,-0.000260442035688698,-0.000260442035693302,-0.000301127292401098,-1,-1,-1
39087,"Lawrence","Ohio",0.0157561112805007,5.78851321556948,0.0157561112805045,5.78851321556951,"2022-11-13",1027,5.63886292855689,0.0157695425927156,5.78862066606719,5.78860723475499,-0.000252234580490902,-0.000252234580484498,-0.000222221066285801,-1,-1,-1
39087,"Lawrence","Ohio",0.0155117021967266,5.80231405417979,0.0155117021967248,5.80231405417977,"2022-11-14",1028,5.61156275255943,0.015167935131413,5.79956391765728,5.79990768472259,-0.000244409083774098,-0.000244409083779701,-0.000601607461302599,-1,-1,-1
39087,"Lawrence","Ohio",0.0152747599903096,5.81593021872518,0.0152747599903087,5.81593021872517,"2022-11-15",1029,5.5834963087817,0.0150683077596658,5.81427860088003,5.81448505311067,-0.000236942206417,-0.0002369422064161,-9.96273717472004e-05,-1,-1,-1
39087,"Lawrence","Ohio",0.0150449476252528,5.82936647979503,0.0150449476252543,5.82936647979504,"2022-11-16",1030,5.55461933633998,0.0147448933098393,5.82696604527172,5.82726609958714,-0.0002298123650568,-0.000229812365054401,-0.0003234144498265,-1,-1,-1
39087,"Lawrence","Ohio",-0.00749418027333537,5.66409840423158,0,5.71655766614492,"2022-11-17",1031,5.52031740716017,-0.00797157088511106,5.66027927933737,5.66075666994914,-0.0225391278985882,-0.0150449476252543,-0.0227164641949504,-1,-1,-1
39087,"Lawrence","Ohio",-0.0252334264107703,5.51469025485877,0,5.69132423973416,"2022-11-18",1032,5.51112194006707,-0.0211355424335276,5.5474733266767,5.54337544269947,-0.0177392461374349,0,-0.0131639715484165,-1,0,-1
39087,"Lawrence","Ohio",-0.0258866713858544,5.48423086864733,0,5.66543756834831,"2022-11-19",1033,5.50184113099259,-0.0223333853399193,5.51265715701481,5.50910387096887,-0.000653244975084101,0,-0.0011978429063917,-1,0,-1
39087,"Lawrence","Ohio",-0.0265746397914288,5.45284045001688,0,5.63886292855689,"2022-11-20",1034,5.492473380989,-0.0234721881866883,5.4776600628548,5.47455761125007,-0.000687968405574401,0,-0.001138802846769,-1,0,-1
39087,"Lawrence","Ohio",-0.0273001759974556,5.42046152057725,0,5.61156275255943,"2022-11-21",1035,5.48301704574696,-0.0233688287993085,5.45191229816242,5.44798095096427,-0.000725536206026799,0,0.000103359387379803,-1,0,1
39087,"Lawrence","Ohio",-0.028066443777739,5.38703120233753,0,5.5834963087817,"2022-11-22",1036,5.47347043386338,-0.0243571615229798,5.41670546037559,5.41299617812084,-0.000766267780283401,0,-0.000988332723671301,-1,0,-1
39087,"Lawrence","Ohio",-0.0288769724417242,5.35248052924791,0,5.55461933633998,"2022-11-23",1037,5.49070711617891,-0.0245834246355499,5.3868289116973,5.38253536389113,-0.000810528663985198,0,-0.0002262631125701,-1,0,-1
39087,"Lawrence","Ohio",-0.0343019291798286,5.28020390290137,0,5.52031740716017,"2022-11-24",1038,5.47586564458934,-0.0278710294389036,5.33165110082875,5.32522020108784,-0.0054249567381044,0,-0.0032876048033537,-1,0,-1
39087,"Lawrence","Ohio",-0.00919546709310155,5.44675367041536,0,5.51112194006707,"2022-11-25",1039,5.4362142166822,-0.0107374205940121,5.43441804240807,5.43595999590899,0.025106462086727,0,0.0171336088448915,1,0,1
39087,"Lawrence","Ohio",-0.00928080907447196,5.43687546747129,0,5.50184113099259,"2022-11-26",1040,5.39492540506796,-0.010861054287867,5.42423350576413,5.42581375097752,-8.53419813704112e-05,0,-0.0001236336938549,-1,0,-1
39087,"Lawrence","Ohio",-0.00936775000359592,5.42689913096382,0,5.492473380989,"2022-11-27",1041,5.35185813347607,-0.00990152804246734,5.42262890665285,5.42316268469173,-8.6940929123959e-05,0,0.000959526245399659,-1,0,1
39087,"Lawrence","Ohio",-0.00945633524203958,5.41682269905268,0,5.48301704574696,"2022-11-28",1042,5.30685226899788,-0.0108684786105257,5.40552555210479,5.40693769547328,-8.8585238443661e-05,0,-0.00096695056805836,-1,0,-1
39087,"Lawrence","Ohio",-0.00954661188358002,5.40664415067832,0,5.47347043386338,"2022-11-29",1043,5.25972502735505,-0.0109250188389672,5.39561689503522,5.39699530199061,-9.02766415404391e-05,0,-5.65402284414991e-05,-1,0,-1
39087,"Lawrence","Ohio",0.0172366823155404,5.61136389238769,0.0172366823155334,5.61136389238765,"2022-11-30",1044,5.17453422333718,0.0183124011430233,5.61996964300757,5.61889392418007,0.0267832941991204,0.0172366823155334,0.0292374199819905,1,1,1
39087,"Lawrence","Ohio",-0.0148414715895727,5.37197534346233,0,5.47586564458934,"2022-12-01",1045,5.14082778545526,-0.0144369140373675,5.37521180387997,5.37480724632777,-0.0320781539051131,-0.0172366823155334,-0.0327493151803908,-1,-1,-1
39087,"Lawrence","Ohio",-0.039651427907153,5.15865422133213,0,5.4362142166822,"2022-12-02",1046,5.14666356691937,-0.0335735849070884,5.20727696533263,5.20119912233258,-0.0248099563175803,0,-0.0191366708697209,-1,0,-1
39087,"Lawrence","Ohio",-0.0412888116142335,5.10590372376833,0,5.39492540506796,"2022-12-03",1047,5.15246548953548,-0.0346452239307739,5.15905242523601,5.15240883755254,-0.0016373837070805,0,-0.0010716390236855,-1,0,-1
39087,"Lawrence","Ohio",-0.0430672715919015,5.05038723233276,0,5.35185813347607,"2022-12-04",1048,5.15823394393222,-0.038661436431047,5.08563391361958,5.08122807845874,-0.001778459977668,0,-0.0040162125002731,-1,0,-1
39087,"Lawrence","Ohio",-0.0450058644781817,4.9918112176506,0,5.30685226899788,"2022-12-05",1049,5.16396931401696,-0.0393227658345783,5.03727600679944,5.03159290815583,-0.0019385928862802,0,-0.000661329403531301,-1,0,-1
39087,"Lawrence","Ohio",-0.0471272416428346,4.92983433585521,0,5.25972502735505,"2022-12-06",1050,5.16967197712914,-0.0377875603207318,5.00455178643203,4.99521210510993,-0.0021213771646529,0,0.0015352055138465,-1,0,1
39087,"Lawrence","Ohio",-0.0851908040178584,4.57819859521217,0,5.17453422333718,"2022-12-07",1051,5.17534230418923,-0.0655486691714011,4.73533567398384,4.71569353913737,-0.0380635623750238,0,-0.0277611088506693,-1,0,-1
39087,"Lawrence","Ohio",-0.0337064378819175,4.90488272028184,0,5.14082778545526,"2022-12-08",1052,5.19057305953494,-0.029152001896959,4.94131820816151,4.93676377217655,0.0514843661359409,0,0.0363966672744421,1,0,1
39087,"Lawrence","Ohio",0.00583578146410387,5.18751403716809,0.00583578146410257,5.18751403716809,"2022-12-09",1053,5.21182533519459,0.0113039149750012,5.23125910525527,5.22579097174438,0.0395422193460214,0.00583578146410257,0.0404559168719602,1,1,1
39087,"Lawrence","Ohio",0.00580192261610769,5.19307894784823,0.0058019226161079,5.19307894784823,"2022-12-10",1054,5.23263533470839,0.00992235604686312,5.22604241529428,5.22192198186352,-3.38588479961797e-05,-3.38588479946696e-05,-0.00138155892813808,-1,-1,-1
39087,"Lawrence","Ohio",0.00576845439674127,5.1986131247094,0.00576845439674045,5.1986131247094,"2022-12-11",1055,5.25302109163286,0.00895193847920232,5.2240809973691,5.22089751328664,-3.346821936642e-05,-3.34682193674505e-05,-0.0009704175676608,-1,-1,-1
39087,"Lawrence","Ohio",0.00573537008474471,5.20411690461017,0.00573537008474379,5.20411690461017,"2022-12-12",1056,5.27299955856375,0.00929733659711915,5.23261263670917,5.22905067019679,-3.30843119965597e-05,-3.30843119966595e-05,0.000345398117916831,-1,-1,1
39087,"Lawrence","Ohio",0.00570266311218322,5.20959061891442,0.00570266311218237,5.20959061891442,"2022-12-13",1057,5.29258669183905,0.0082530765482362,5.22999392640285,5.22744351296679,-3.27069725614901e-05,-3.27069725614198e-05,-0.00104426004888295,-1,-1,-1
39087,"Lawrence","Ohio",0.00567032706008742,5.21503459360984,0.00567032706008774,5.21503459360984,"2022-12-14",1058,5.31179752810473,0.0073939139312736,5.22882328857933,5.22709970170814,-3.23360520958008e-05,-3.23360520946307e-05,-0.000859162616962599,-1,-1,-1
39087,"Lawrence","Ohio",0.0152307553457035,5.29718834695486,0.0152307553457076,5.29718834695489,"2022-12-15",1059,5.31882002887455,0.015223376115433,5.29712931311269,5.29713669234297,0.00956042828561608,0.00956042828561986,0.0078294621841594,1,1,1
39087,"Lawrence","Ohio",0.0212522756596569,5.36059126481219,0.0212522756596538,5.36059126481217,"2022-12-16",1060,5.36263264848388,0.0205391801267233,5.35488650054873,5.35559959608165,0.0060215203139534,0.0060215203139462,0.0053158040112903,1,1,1
39087,"Lawrence","Ohio",0.0208099995137853,5.37830533130488,0.0208099995137943,5.37830533130494,"2022-12-17",1061,5.40460602277868,0.0212050292658727,5.38146556932157,5.3810705395695,-0.000442276145871598,-0.0004422761458595,0.0006658491391494,-1,-1,1
39087,"Lawrence","Ohio",0.0203857569244776,5.3957213901042,0.0203857569244752,5.39572139010419,"2022-12-18",1062,5.44488837268037,0.0187791935241004,5.38286888290119,5.38447544630156,-0.000424242589307702,-0.000424242589319102,-0.0024258357417723,-1,-1,-1
39087,"Lawrence","Ohio",0.0199784669308909,5.41284882707998,0.0199784669308869,5.41284882707996,"2022-12-19",1063,5.48361069373115,0.0188322481255981,5.40367907663765,5.40482529544294,-0.000407289993586701,-0.0004072899935883,5.30546014976992e-05,-1,-1,1
39087,"Lawrence","Ohio",0.0195871332753026,5.42969662476617,0.0195871332753059,5.42969662476619,"2022-12-20",1064,5.52088932596329,0.0186090189648533,5.42187171028258,5.42284982459302,-0.0003913336555883,-0.000391333655581,-0.000223229160744801,-1,-1,-1
39087,"Lawrence","Ohio",0.0192108362656872,5.44627338196454,0.0192108362656782,5.44627338196448,"2022-12-21",1065,5.55682806169954,0.0190461617361248,5.44495598572805,5.4451206602576,-0.0003762970096154,-0.000376297009627699,0.0004371427712715,-1,-1,1
39087,"Lawrence","Ohio",0.00702250076982013,5.36797753426329,0.00702250076982214,5.36797753426331,"2022-12-22",1066,5.62607830032213,0.00690382289915606,5.36702811129798,5.36714678916864,-0.0121883354958671,-0.0121883354958561,-0.0121423388369687,-1,-1,-1
39087,"Lawrence","Ohio",0.0438126196093428,5.66932098574928,0.0438126196093229,5.66932098574914,"2022-12-23",1067,5.65699031314944,0.0401098805989759,5.63969907366636,5.64340181267671,0.0367901188395227,0.0367901188395008,0.0332060576998198,1,1,1
39087,"Lawrence","Ohio",0.0419733742948007,5.69841964284229,0.0419733742948072,5.69841964284233,"2022-12-24",1068,5.68697535633982,0.0376283360561579,5.66365933693314,5.66800437517179,-0.0018392453145421,-0.0018392453145157,-0.00248154454281799,-1,-1,-1
39087,"Lawrence","Ohio",0.0402823499016752,5.72686482199209,0.0402823499016813,5.72686482199213,"2022-12-25",1069,5.71608740984658,0.0368795862012829,5.69964271238894,5.70304547608935,-0.0016910243931255,-0.0016910243931259,-0.000748749854875004,-1,-1,-1
39087,"Lawrence","Ohio",0.0387223210507912,5.75466694108669,0.0387223210507859,5.75466694108665,"2022-12-26",1070,5.74437587162145,0.0353474284754956,5.72766780048434,5.73104269305962,-0.001560028850884,-0.0015600288508954,-0.0015321577257873,-1,-1,-1
39087,"Lawrence","Ohio",0.0372786322321431,5.78183975158829,0.0372786322321392,5.78183975158826,"2022-12-27",1071,5.77188606195827,0.0355362726786953,5.76790087516071,5.76964323471416,-0.0014436888186481,-0.0014436888186467,0.000188844203199701,-1,-1,1
39087,"Lawrence","Ohio",0.0359387357362425,5.80839921185324,0.0359387357362477,5.80839921185327,"2022-12-28",1072,5.79865966029918,0.0329305042110795,5.78433335965193,5.7873415911771,-0.00133989649590061,-0.0013398964958915,-0.0026057684676158,-1,-1,-1
39087,"Lawrence","Ohio",0.0692502386225809,6.1108299706802,0.0692502386225913,6.11082997068027,"2022-12-29",1073,5.83062487912993,0.0594941963312449,6.0327816323495,6.04253767464084,0.0333115028863384,0.0333115028863436,0.0265636921201654,1,1,1
39087,"Lawrence","Ohio",0.0309120128273165,5.87337440294066,0.0309120128273124,5.87337440294063,"2022-12-30",1074,5.85670791438736,0.0262683502677167,5.83622510246386,5.84086876502346,-0.0383382257952644,-0.0383382257952789,-0.0332258460635282,-1,-1,-1
39087,"Lawrence","Ohio",0.0299850431903822,5.8968706586725,0.0299850431903792,5.89687065867248,"2022-12-31",1075,5.88212788307052,0.0245988696929011,5.85378127069265,5.85916744419013,-0.0009269696369343,-0.000926969636933197,-0.0016694805748156,-1,-1,-1
39087,"Lawrence","Ohio",0.0291120535067655,5.91987178439394,0.0291120535067604,5.9198717843939,"2023-01-01",1076,5.90691766322643,0.0247113297612875,5.88466599443012,5.88906671817559,-0.000872989683616699,-0.000872989683618802,0.000112460068386399,-1,-1,1
39087,"Lawrence","Ohio",0.0282884617748688,5.94239510404553,0.0282884617748724,5.94239510404556,"2023-01-02",1077,5.93110774656709,0.0247517316456454,5.91410126301174,5.91763799314097,-0.000823591731896701,-0.000823591731888,4.04018843579018e-05,-1,-1,1
39087,"Lawrence","Ohio",0.0275101903368101,5.96445739431594,0.0275101903368151,5.96445739431597,"2023-01-03",1078,5.95472646396269,0.0239272919503117,5.93579420722394,5.93937710561045,-0.000778271438058697,-0.000778271438057299,-0.0008244396953337,-1,-1,-1
39087,"Lawrence","Ohio",0.0267735983409102,5.98607484868555,0.0267735983409141,5.98607484868558,"2023-01-04",1079,5.97780018491393,0.0223916353490841,5.95101914475094,5.95540110774277,-0.000736591995899902,-0.000736591995900999,-0.0015356566012276,-1,-1,-1
39087,"Lawrence","Ohio",0.0319652188307613,6.05438141094526,0.031965218830746,6.05438141094515,"2023-01-05",1080,6.00423973859671,0.0245601693346567,5.99514101497643,6.00254606447253,0.0051916204898511,0.0051916204898319,0.0021685339855726,1,1,1
39087,"Lawrence","Ohio",0.0260830352574347,6.0392891611894,0.0260830352574315,6.03928916118938,"2023-01-06",1081,6.02032962750416,0.0211788919681016,6.00005601487474,6.00496015816407,-0.0058821835733266,-0.0058821835733145,-0.0033812773665551,-1,-1,-1
39087,"Lawrence","Ohio",0.0254199686831637,6.06006766385266,0.025419968683158,6.06006766385262,"2023-01-07",1082,6.03616472602589,0.020194486286001,6.01826380467537,6.02348928707253,-0.000663066574270999,-0.000663066574273501,-0.000984405682100602,-1,-1,-1
39087,"Lawrence","Ohio",0.0247897801559174,6.08044612431785,0.0247897801559143,6.08044612431783,"2023-01-08",1083,6.05175297796479,NA,NA,NA,-0.000630188527246299,-0.0006301885272437,NA,-1,-1,NA
39087,"Lawrence","Ohio",0.0241900833406431,6.10043832995159,0.0241900833406534,6.10043832995166,"2023-01-09",1084,6.0671019613136,NA,NA,NA,-0.0005996968152743,-0.000599696815260901,NA,-1,-1,NA
39087,"Lawrence","Ohio",0.0236187173956099,6.12005748573196,0.0236187173956068,6.12005748573194,"2023-01-10",1085,6.08221891037645,NA,NA,NA,-0.000571365945033202,-0.000571365945046597,NA,-1,-1,NA
39087,"Lawrence","Ohio",0.0230737209512311,6.13931623157254,0.0230737209512331,6.13931623157256,"2023-01-11",1086,6.09711073624297,NA,NA,NA,-0.0005449964443788,-0.0005449964443737,NA,-1,-1,NA
39087,"Lawrence","Ohio",0.0264395536827767,6.18931661437614,0.0264395536827795,6.18931661437616,"2023-01-12",1087,6.11336607425034,NA,NA,NA,0.0033658327315456,0.0033658327315464,NA,1,1,NA
39087,"Lawrence","Ohio",0.0160898889074505,6.13295884985631,0.0160898889074499,6.1329588498563,"2023-01-13",1088,6.12280604365947,NA,NA,NA,-0.0103496647753262,-0.0103496647753296,NA,-1,-1,NA
39087,"Lawrence","Ohio",0.0158350985217345,6.14701041567803,0.0158350985217339,6.14701041567803,"2023-01-14",1089,6.13215773276013,NA,NA,NA,-0.000254790385715999,-0.000254790385715999,NA,-1,-1,NA
39087,"Lawrence","Ohio",0.015588251938898,6.16087074153707,0.0155882519388992,6.16087074153708,"2023-01-15",1090,6.14142277741804,NA,NA,NA,-0.000246846582836502,-0.000246846582834701,NA,-1,-1,NA
39087,"Lawrence","Ohio",0.0153489833488142,6.1745448447553,0.0153489833488152,6.17454484475531,"2023-01-16",1091,6.15060276844628,NA,NA,NA,-0.0002392685900838,-0.000239268590084,NA,-1,-1,NA
39087,"Lawrence","Ohio",0.0151169490628425,6.18803755381634,0.0151169490628433,6.18803755381635,"2023-01-17",1092,6.15969925324458,NA,NA,NA,-0.0002320342859717,-0.000232034285971901,NA,-1,-1,NA
39087,"Lawrence","Ohio",0.0148918258665245,6.20135351730864,0.0148918258665232,6.20135351730863,"2023-01-18",1093,6.16871373736479,NA,NA,NA,-0.000225123196317999,-0.0002251231963201,NA,-1,-1,NA
39087,"Lawrence","Ohio",0.0162553380073688,6.22715344030192,0.0162553380073662,6.2271534403019,"2023-01-19",1094,6.16601791425543,NA,NA,NA,0.0013635121408443,0.001363512140843,NA,1,1,NA
39087,"Lawrence","Ohio",0.00943996940913465,6.18888582952341,0.00943996940913294,6.1888858295234,"2023-01-20",1095,6.15909538849193,NA,NA,NA,-0.00681536859823415,-0.00681536859823326,NA,-1,-1,NA
39087,"Lawrence","Ohio",0.00935168910065534,6.19761955646471,0.00935168910065709,6.19761955646473,"2023-01-21",1096,6.15212460712076,0.00902604957379752,6.19501444024985,6.19534007977671,-8.82803084793094e-05,-8.82803084758504e-05,NA,-1,-1,NA
39087,"Lawrence","Ohio",0.00926504465791524,6.20627809002345,0.009265044657913,6.20627809002343,"2023-01-22",1097,6.14510489265522,0.00798985994488058,6.19607661231917,6.1973517970322,-8.66444427401001e-05,-8.664444274409e-05,-0.00103618962891694,-1,-1,-1
39087,"Lawrence","Ohio",0.00917999102824069,6.21486270564396,0.00917999102824041,6.21486270564396,"2023-01-23",1098,6.13803555324031,0.00814463760019375,6.20657987821959,6.20761523164764,-8.50536296745502e-05,-8.505362967259e-05,0.00015477765531317,-1,-1,1
39087,"Lawrence","Ohio",0.00909648479830423,6.22337464683271,0.00909648479830238,6.2233746468327,"2023-01-24",1099,6.1309158822435,0.00661681340651573,6.20353727569841,6.20601694709019,-8.35062299364593e-05,-8.3506229938031e-05,-0.00152782419367802,-1,-1,-1
39087,"Lawrence","Ohio",0.00901448412020599,6.23181512620623,0.00901448412020489,6.23181512620622,"2023-01-25",1100,6.12374515783085,0.00905501804555537,6.23213939760902,6.23209886368368,-8.20006780982395e-05,-8.20006780974901e-05,0.00243820463903964,-1,-1,1
39087,"Lawrence","Ohio",-0.00269582310936073,6.1471471524899,0,6.16601791425543,"2023-01-26",1101,6.11589212548303,-0.00797016756648196,6.10495239683293,6.11022674129006,-0.0117103072295667,-0.00901448412020489,-0.0170251856120373,-1,-1,-1
39087,"Lawrence","Ohio",-0.00692252576349435,6.11063770814747,0,6.15909538849193,"2023-01-27",1102,6.10447430401171,-0.00892144537653548,6.09464635124315,6.09664527085618,-0.00422670265413362,0,-0.000951277810053519,-1,0,-1
39087,"Lawrence","Ohio",-0.00697078137117729,6.10332913752252,0,6.15212460712076,"2023-01-28",1103,6.09292460873244,-0.0102854891375894,6.07681147539121,6.08012618315763,-4.82556076829401e-05,0,-0.00136404376105392,-1,0,-1
39087,"Lawrence","Ohio",-0.0070197144655376,6.09596689139646,0,6.14510489265522,"2023-01-29",1104,6.08123995777746,-0.00919913557951339,6.07853152248465,6.08071094359863,-4.89330943603096e-05,0,0.00108635355807601,-1,0,1
39087,"Lawrence","Ohio",-0.00706933941491017,6.08855017733594,0,6.13803555324031,"2023-01-30",1105,6.0694171599664,-0.010333434975877,6.0624374128482,6.06570150840917,-4.962494937257e-05,0,-0.00113429939636361,-1,0,-1
39087,"Lawrence","Ohio",-0.00711967099681466,6.08107818526579,0,6.1309158822435,"2023-01-31",1106,6.05745290957463,-0.00885448178804356,6.06719969893596,6.0689345097272,-5.03315819044906e-05,0,0.00147895318783344,-1,0,1
39087,"Lawrence","Ohio",-0.00717072441264037,6.07355008694237,0,6.12374515783085,"2023-02-01",1107,6.04534378078489,-0.00964729829484412,6.05373749588475,6.05621406976694,-5.10534158257095e-05,0,-0.00079281650680056,-1,0,-1
39087,"Lawrence","Ohio",-0.00785303234781597,6.06092089904832,0,6.11589212548303,"2023-02-02",1108,6.04432803666505,-0.00954248352190479,6.04740528965561,6.0490947408297,-0.0006823079351756,0,0.000104814772939331,-1,0,1
39087,"Lawrence","Ohio",-0.0114178214713294,6.0245495537124,0,6.10447430401171,"2023-02-03",1109,6.04161433079346,-0.0116890466883708,6.02237975197606,6.02265097719311,-0.00356478912351343,0,-0.00214656316646601,-1,0,-1
39087,"Lawrence","Ohio",-0.0115496952792697,6.01207674177755,0,6.09292460873244,"2023-02-04",1110,6.03889324067909,-0.0121133029782993,6.00756788018531,6.00813148788434,-0.000131873807940299,0,-0.000424256289928501,-1,0,-1
39087,"Lawrence","Ohio",-0.0116846509549706,5.99944740109267,0,6.08123995777746,"2023-02-05",1111,6.03616472602589,-0.0126918625215796,5.9913897085598,5.9923969201264,-0.000134955675700901,0,-0.0005785595432803,-1,0,-1
39087,"Lawrence","Ohio",-0.0118227978110565,5.98665757528901,0,6.0694171599664,"2023-02-06",1112,6.03342874620701,-0.0130866767385286,5.97654654386923,5.9778104227967,-0.000138146856085899,0,-0.000394814216948999,-1,0,-1
39087,"Lawrence","Ohio",-0.0119642503917686,5.97370315683225,0,6.05745290957463,"2023-02-07",1113,6.03068526026126,-0.0136077531203064,5.96055513500395,5.96219863773249,-0.0001414525807121,0,-0.000521076381777801,-1,0,-1
39087,"Lawrence","Ohio",-0.0121091287897513,5.96057987925663,0,6.04534378078489,"2023-02-08",1114,6.02793422688937,-0.0133010819626603,5.95104425387335,5.95223620704627,-0.0001448783979827,0,0.000306671157646101,-1,0,1
39087,"Lawrence","Ohio",-0.00101574411983148,6.03721782782623,0,6.04432803666505,"2023-02-09",1115,6.01720190992398,-0.006381270407821,5.99429361752232,5.9996591438103,0.0110933846699198,0,0.0069198115548393,1,0,1
39087,"Lawrence","Ohio",-0.00271370587159562,6.02261838969229,0,6.04161433079346,"2023-02-10",1116,6.01998258602922,-0.00606633869405847,5.99579732711258,5.99914995993505,-0.00169796175176414,0,0.00031493171376253,-1,0,1
39087,"Lawrence","Ohio",-0.00272109011436074,6.01984560987857,0,6.03889324067909,"2023-02-11",1117,6.02275555141092,-0.00641353528491719,5.99030604851412,5.99399849368467,-7.38424276511968e-06,0,-0.000347196590858721,-1,0,-1
39087,"Lawrence","Ohio",-0.0027285146532063,6.01706512345344,0,6.03616472602589,"2023-02-12",1118,6.02552084871404,-0.00589724099441807,5.99171531272375,5.99488403906496,-7.42453884555998e-06,0,0.00051629429049912,-1,0,1
39087,"Lawrence","Ohio",-0.00273597981887627,6.01427688747488,0,6.03342874620701,"2023-02-13",1119,6.0282785202307,-0.00602855794577686,5.98793626245968,5.99122884058657,-7.46516566997027e-06,0,-0.00013131695135879,-1,0,-1
39087,"Lawrence","Ohio",-0.00274348594575136,6.011480858641,0,6.03068526026126,"2023-02-14",1120,6.03102860790412,-0.0054282826719926,5.99000248483107,5.99268728155731,-7.50612687508987e-06,0,0.00060027527378426,-1,0,1
39087,"Lawrence","Ohio",-0.00275103337188793,6.00867699328616,0,6.02793422688937,"2023-02-15",1121,6.03377115333243,-0.00562703474276749,5.98566898231912,5.98854498369,-7.54742613657015e-06,0,-0.00019875207077489,-1,0,-1
39087,"Lawrence","Ohio",-0.0107323169654042,5.94207569116615,0,6.01720190992398,"2023-02-16",1122,6.01963542407468,-0.0104431476226541,5.94438904590814,5.9440998765654,-0.00798128359351627,0,-0.00481611287988661,-1,0,-1
39087,"Lawrence","Ohio",0.00278067610524054,6.0394473187659,0.00278067610524069,6.0394473187659,"2023-02-17",1123,6.00600123279888,0.00389116119838031,6.04833119951102,6.04722071441788,0.0135129930706447,0.00278067610524069,0.0143343088210344,1,1,1
39087,"Lawrence","Ohio",0.00277296538170637,6.04216630908287,0.00277296538170635,6.04216630908287,"2023-02-18",1124,5.99217857784164,0.00462248755509244,6.05696248646996,6.05511296429657,-7.71072353416983e-06,-7.71072353433983e-06,0.000731326356712129,-1,-1,1
39087,"Lawrence","Ohio",0.00276529730311486,6.04487792983584,0.0027652973031147,6.04487792983584,"2023-02-19",1125,5.9781621758681,0.00462243893375224,6.05973506288094,6.05787792125031,-7.66807859151021e-06,-7.66807859165029e-06,-4.86213401996657e-08,-1,-1,-1
39087,"Lawrence","Ohio",0.00275767151666193,6.04758222084733,0.00275767151666084,6.04758222084732,"2023-02-20",1126,5.96394651821409,0.0042354640667057,6.05940456124769,6.05792676869764,-7.62578645292994e-06,-7.62578645385975e-06,-0.00038697486704654,-1,-1,-1
39087,"Lawrence","Ohio",0.00275008767342265,6.05027922161808,0.002750087673423,6.05027922161808,"2023-02-21",1127,5.94952585788765,0.00336820629791374,6.05522417061401,6.05460605198952,-7.58384323927986e-06,-7.58384323784004e-06,-0.00086725776879196,-1,-1,-1
39087,"Lawrence","Ohio",0.00274254542830607,6.05296897133057,0.00274254542830565,6.05296897133057,"2023-02-22",1128,5.93489419561959,0.00353661652894531,6.05932154013568,6.05852746903505,-7.54224511657995e-06,-7.54224511735017e-06,0.00016841023103157,-1,-1,1
39087,"Lawrence","Ohio",-0.0141357292577503,5.92068531927043,0,6.01963542407468,"2023-02-23",1129,5.93828978462073,-0.0128753599415431,5.93076827380009,5.92950790448388,-0.0168782746860564,-0.00274254542830565,-0.0164119764704884,-1,-1,-1
39087,"Lawrence","Ohio",-0.0136341912758074,5.91056189386822,0,6.00600123279888,"2023-02-24",1130,5.92920913198498,-0.0124614670442249,5.91994368772088,5.91877096348931,0.0005015379819429,0,0.0004138928973182,1,0,1
39087,"Lawrence","Ohio",-0.013822654957239,5.89541999314097,0,5.99217857784164,"2023-02-25",1131,5.92004526487819,-0.0134714452818604,5.898229670544,5.89787846086862,-0.0001884636814316,0,-0.0010099782376355,-1,0,-1
39087,"Lawrence","Ohio",-0.0140164019735313,5.88004736205339,0,5.9781621758681,"2023-02-26",1132,5.91079664404053,-0.0121707391350451,5.89481266476128,5.89296700192278,-0.0001937470162923,0,0.0013007061468153,-1,0,1
39087,"Lawrence","Ohio",-0.0142156576540175,5.86443691463597,0,5.96394651821409,"2023-02-27",1133,5.90146168710448,-0.0129324403948951,5.87470265270894,5.87341943544982,-0.000199255680486199,0,-0.000761701259849999,-1,0,-1
39087,"Lawrence","Ohio",-0.014420660326434,5.84858123560262,0,5.94952585788765,"2023-02-28",1134,5.89203876696997,-0.0127379634382958,5.86204281070772,5.86036011381958,-0.0002050026724165,0,0.000194476956599299,-1,0,1
39087,"Lawrence","Ohio",-0.0146316622680692,5.8324725597431,0,5.93489419561959,"2023-03-01",1135,5.88252621010227,-0.013215499761412,5.84380185979635,5.84238569728971,-0.000211001941635201,0,-0.000477536323116199,-1,0,-1
39087,"Lawrence","Ohio",0.00339558900113536,5.96205890762867,0.00339558900113701,5.96205890762868,"2023-03-02",1136,5.86444253466898,0.00419476985716338,5.9684523544769,5.96765317362087,0.0180272512692046,0.00339558900113701,0.0174102696185754,1,1,1
39087,"Lawrence","Ohio",-0.00908065263574556,5.86564456353476,0,5.92920913198498,"2023-03-03",1137,5.85548117123617,-0.00933065110014248,5.86364457581959,5.86389457428398,-0.0124762416368809,-0.00339558900113701,-0.0135254209573059,-1,-1,-1
39087,"Lawrence","Ohio",-0.00916386710678959,5.85589819513066,0,5.92004526487819,"2023-03-04",1138,5.84643877505773,-0.00823714405660294,5.86331197953216,5.86238525648197,-8.321447104403e-05,0,0.00109350704353954,-1,0,1
39087,"Lawrence","Ohio",-0.00924862083765983,5.84605629817691,0,5.91079664404053,"2023-03-05",1139,5.83731386728073,-0.00924098482767207,5.84611738625681,5.84610975024682,-8.47537308702392e-05,0,-0.00100384077106913,-1,0,-1
39087,"Lawrence","Ohio",-0.00933495693604696,5.83611698855215,0,5.90146168710448,"2023-03-06",1140,5.82810492819541,-0.00896258286637759,5.83909598110951,5.83872360703984,-8.63360983871311e-05,0,0.000278401961294481,-1,0,1
39087,"Lawrence","Ohio",-0.0094229201345026,5.82607832602845,0,5.89203876696997,"2023-03-07",1141,5.81881039571617,-0.00867630069893645,5.83205128151299,5.83130466207741,-8.7963198455639e-05,0,0.00028628216744114,-1,0,1
39087,"Lawrence","Ohio",-0.00951255686769812,5.81593831202839,0,5.88252621010227,"2023-03-08",1142,5.80942866379119,-0.0082262418243943,5.82622883237481,5.82494251733151,-8.96367331955205e-05,0,0.00045005887454215,-1,0,1
39087,"Lawrence","Ohio",-0.0180836754333085,5.73785680663582,0,5.86444253466898,"2023-03-09",1143,5.77499510288147,-0.0155143027292563,5.75841178826822,5.75584241556419,-0.00857111856561038,0,-0.007288060904862,-1,0,-1
39087,"Lawrence","Ohio",-0.0089613634328048,5.79275162720654,0,5.85548117123617,"2023-03-10",1144,5.76160204554503,-0.00880039735856961,5.79403935580042,5.79387838972618,0.0091223120005037,0,0.00671390537068669,1,0,1
39087,"Lawrence","Ohio",-0.00904239617844217,5.78314200180863,0,5.84643877505773,"2023-03-11",1145,5.74802717645396,-0.00921696682461661,5.78174543663924,5.78192000728541,-8.10327456373695e-05,0,-0.000416569466047,-1,0,-1
39087,"Lawrence","Ohio",-0.00912490777699826,5.77343951284174,0,5.83731386728073,"2023-03-12",1146,5.73426549138128,-0.00887617147592205,5.77542940325035,5.77518066694928,-8.25115985560905e-05,0,0.000340795348694559,-1,0,1
39087,"Lawrence","Ohio",-0.00920893908531537,5.76364235459821,0,5.82810492819541,"2023-03-13",1147,5.72031177660741,-0.00962788598496958,5.76029077940097,5.76070972630062,-8.40313083171097e-05,0,-0.00075171450904753,-1,0,-1
39087,"Lawrence","Ohio",-0.00929453247924712,5.75374866836144,0,5.81881039571617,"2023-03-14",1148,5.70616059706117,-0.0102977401717494,5.74572300682141,5.74672621451392,-8.55933939317502e-05,0,-0.00066985418677982,-1,0,-1
39087,"Lawrence","Ohio",-0.0093817319249817,5.74375654031632,0,5.80942866379119,"2023-03-15",1149,5.69180628360948,-0.0104654913417284,5.73508646498234,5.73617022439909,-8.71994457345791e-05,0,-0.000167751169978999,-1,0,-1
39087,"Lawrence","Ohio",-0.0344335609097281,5.53396017651337,0,5.77499510288147,"2023-03-16",1150,5.67675380226828,-0.0263164647374039,5.59889694589196,5.59077984971964,-0.0250518289847464,0,-0.0158509733956755,-1,0,-1
39087,"Lawrence","Ohio",-0.0133930573364397,5.66785064418995,0,5.76160204554503,"2023-03-17",1151,5.63733737524805,-0.0129937695092821,5.67104494680721,5.67064565898005,0.0210405035732884,0,0.0133226952281218,1,0,1
39087,"Lawrence","Ohio",-0.0135748690910655,5.6530030928165,0,5.74802717645396,"2023-03-18",1152,5.59630331413809,-0.0126155019538772,5.66067802991401,5.65971866277682,-0.0001818117546258,0,0.000378267555404899,-1,0,1
39087,"Lawrence","Ohio",-0.013761685072685,5.63793369587248,0,5.73426549138128,"2023-03-19",1153,5.55351314153691,-0.0130572465548349,5.64356920401528,5.64286476549744,-0.000186815981619499,0,-0.000441744600957699,-1,0,-1
39087,"Lawrence","Ohio",-0.0139537147738658,5.62263577319035,0,5.72031177660741,"2023-03-20",1154,5.50880980030869,-0.0134362325725222,5.6267756308011,5.62625814859975,-0.000192029701180801,0,-0.000378986017687301,-1,0,-1
39087,"Lawrence","Ohio",-0.0141511795462446,5.60710234023746,0,5.70616059706117,"2023-03-21",1155,5.46201417350429,-0.0128299897463355,5.61767185863673,5.61635066883682,-0.000197464772378799,0,0.000606242826186701,-1,0,1
39087,"Lawrence","Ohio",-0.0143543134516863,5.59132608944768,0,5.69180628360948,"2023-03-22",1156,5.41292074928704,-0.014979707280158,5.58632293881991,5.58694833264837,-0.0002031339054417,0,-0.0021497175338225,-1,0,-1
39087,"Lawrence","Ohio",-0.0150524813412047,5.57138643287985,0,5.67675380226828,"2023-03-23",1157,5.37726056888815,-0.0149451233293233,5.57224529697489,5.57213793896302,-0.000698167889518399,0,3.45839508346987e-05,-1,0,1
39087,"Lawrence","Ohio",-0.0394164270202382,5.36142238610638,0,5.63733737524805,"2023-03-24",1158,NA,-0.0337014624121867,5.40714210297079,5.40142713836274,-0.0243639456790335,0,-0.0187563390828634,-1,0,-1
39087,"Lawrence","Ohio",-0.0410340611099682,5.30906488636831,0,5.59630331413809,"2023-03-25",1159,NA,-0.0357577884837523,5.35127506737803,5.34599879475182,-0.00161763408973,0,-0.0020563260715656,-1,0,-1
39087,"Lawrence","Ohio",-0.0427901726011959,5.25398193332854,0,5.55351314153691,"2023-03-26",1160,NA,-0.0357797980522683,5.31006492971994,5.30305455517103,-0.0017561114912277,0,-2.20095685160016e-05,-1,0,-1
39087,"Lawrence","Ohio",-0.0447033412282336,5.19588641171105,0,5.50880980030869,"2023-03-27",1161,NA,-0.0399819051913978,5.23365790000573,5.22893646396891,-0.0019131686270377,0,-0.0042021071391295,-1,0,-1
39087,"Lawrence","Ohio",-0.0467956268044235,5.13444478587332,0,5.46201417350429,"2023-03-28",1162,NA,-0.0411414787354834,5.17967797042482,5.17402382235591,-0.0020922855761899,0,-0.0011595735440856,-1,0,-1
39087,"Lawrence","Ohio",-0.0490934242172384,5.06926677976637,0,5.41292074928704,"2023-03-29",1163,NA,-0.0401074386912186,5.14115466397454,5.13216867844851,-0.0022977974128149,0,0.0010340400442648,-1,0,1
39087,"Lawrence","Ohio",-0.0356601803988673,5.12763930609608,0,5.37726056888815,"2023-03-30",1164,NA,-0.0325608926445341,5.15243360813077,5.14933432037641,0.0134332438183711,0,0.0075465460466845,1,0,1
