"fips","county","state","r.lm","predicted.lm","r.slm","predicted.slm","date.y","days_from_start.y","log_rolled_cases.y","tau.hat","predicted.grf.future.0","predicted.grf.future.last","D.r.lm","D.r.slm","D.tau.hat","B.D.r.lm","B.D.r.slm","B.D.tau.hat"
46081,"Lawrence","South Dakota",0.163887855105115,4.34879931349394,0.163887855105116,4.34879931349395,"2020-08-17",209,3.73084365321297,0.0615907904382239,3.53042279615882,3.63271986082571,NA,NA,NA,NA,NA,NA
46081,"Lawrence","South Dakota",0.140772553881086,4.32776475880682,0.140772553881081,4.32776475880679,"2020-08-18",210,3.7744016275521,0.0559488435190172,3.64917507591028,3.73399878627234,-0.023115301224029,-0.023115301224035,-0.0056419469192067,-1,-1,-1
46081,"Lawrence","South Dakota",0.114410351177743,4.25763969106117,0.114410351177744,4.25763969106117,"2020-08-19",211,3.83174217416734,0.0610504577642958,3.83076054375359,3.88412043716704,-0.026362202703343,-0.026362202703337,0.0051016142452786,-1,-1,1
46081,"Lawrence","South Dakota",0.0821195516183767,4.11372364576398,0.082119551618375,4.11372364576397,"2020-08-20",212,3.88890058800729,0.0572488859014462,3.91475832002854,3.93962898574546,-0.0322907995593663,-0.032290799559369,-0.0038015718628496,-1,-1,-1
46081,"Lawrence","South Dakota",0.0485925552368633,3.92762722633025,0.0485925552368651,3.92762722633026,"2020-08-21",213,3.96488649498521,0.048567479258873,3.92742661850632,3.92745169448432,-0.0335269963815134,-0.0335269963815099,-0.0086814066425732,-1,-1,-1
46081,"Lawrence","South Dakota",0.0501068200541785,3.98833390010564,0.0501068200541797,3.98833390010564,"2020-08-22",214,4.04305126783455,0.0494471188122222,3.98305629016999,3.98371599141195,0.0015142648173152,0.0015142648173146,0.000879639553349194,1,1,1
46081,"Lawrence","South Dakota",0.054858360552043,4.07645304414273,0.0548583605520458,4.07645304414275,"2020-08-23",215,4.13173209429372,0.0471674572438412,4.01492581767712,4.02261672098532,0.00475154049786451,0.0047515404978661,-0.002279661568381,1,1,-1
46081,"Lawrence","South Dakota",0.0383991329345382,3.99963758375474,0.0383991329345368,3.99963758375473,"2020-08-24",216,4.22160634183303,0.0390410994320685,4.00477331573498,4.00413134923745,-0.0164592276175048,-0.016459227617509,-0.0081263578117727,-1,-1,-1
46081,"Lawrence","South Dakota",0.0435579743391305,4.07930744792601,0.0435579743391306,4.07930744792601,"2020-08-25",217,4.30599373411057,0.0467096674484244,4.10452099280037,4.10136929969107,0.0051588414045923,0.0051588414045938,0.0076685680163559,1,1,1
46081,"Lawrence","South Dakota",0.0573405466152456,4.23312600047406,0.0573405466152437,4.23312600047405,"2020-08-26",218,4.38202663467388,0.0574136450219519,4.23371078772772,4.233637689321,0.0137825722761151,0.0137825722761131,0.0107039775735275,1,1,1
46081,"Lawrence","South Dakota",0.0571584138399499,4.28900948488694,0.0571584138399501,4.28900948488694,"2020-08-27",219,4.51399430532222,0.0540775455784864,4.26436253879523,4.2674434070567,-0.000182132775295697,-0.000182132775293602,-0.0033360994434655,-1,-1,-1
46081,"Lawrence","South Dakota",0.0759859069779235,4.49678784383068,0.075985906977921,4.49678784383066,"2020-08-28",220,4.64026150579937,0.0675307449502157,4.42914654760902,4.43760170963672,0.0188274931379736,0.0188274931379709,0.0134531993717293,1,1,1
46081,"Lawrence","South Dakota",0.0781647728493365,4.59020467777991,0.0781647728493367,4.59020467777991,"2020-08-29",221,4.75727796418555,0.0673058497978909,4.50333329336834,4.51419221641979,0.002178865871413,0.00217886587141571,-0.000224895152324808,1,1,-1
46081,"Lawrence","South Dakota",0.0886808264591715,4.75249787950792,0.0886808264591705,4.75249787950791,"2020-08-30",222,4.85091356921954,0.0756046220049082,4.64788824387382,4.66096444832808,0.010516053609835,0.0105160536098338,0.0082987722070173,1,1,1
46081,"Lawrence","South Dakota",0.0898742475393095,4.85072607460819,0.0898742475393064,4.85072607460817,"2020-08-31",223,4.93652732194253,0.0741237450107479,4.7247220543797,4.74047255690827,0.00119342108013801,0.0011934210801359,-0.0014808769941603,1,1,-1
46081,"Lawrence","South Dakota",0.0843873922775443,4.89670548005339,0.0843873922775478,4.89670548005341,"2020-09-01",224,5.01158722182164,0.0732494739664899,4.80760213356495,4.818740051876,-0.00548685526176521,-0.0054868552617586,-0.000874271044257996,-1,-1,-1
46081,"Lawrence","South Dakota",0.0760329005633039,4.91425693861701,0.0760329005633062,4.91425693861702,"2020-09-02",225,5.08051665964432,0.0752217316549725,4.90776758735035,4.90857875625869,-0.00835449171424039,-0.0083544917142416,0.00197225768848261,-1,-1,1
46081,"Lawrence","South Dakota",0.131967670648344,5.43776799986063,0.131967670648341,5.43776799986061,"2020-09-03",226,5.11713801433286,0.086454041594297,5.07365896742826,5.1191725964823,0.0559347700850401,0.0559347700850348,0.0112323099393245,1,1,1
46081,"Lawrence","South Dakota",0.126267200477142,5.52413190913936,0.126267200477144,5.52413190913937,"2020-09-04",227,5.15081122943945,0.0971286422053847,5.2910234429653,5.32016200123706,-0.00570047017120201,-0.00570047017119701,0.0106746006110877,-1,-1,1
46081,"Lawrence","South Dakota",0.117016458386183,5.57639317288883,0.11701645838618,5.57639317288881,"2020-09-05",228,5.17614973257383,0.093270206596909,5.38642315857464,5.41016941036391,-0.00925074209095898,-0.00925074209096399,-0.00385843560847569,-1,-1,-1
46081,"Lawrence","South Dakota",0.0936356050339967,5.50636280445752,0.093635605033997,5.50636280445752,"2020-09-06",229,5.19691725210631,0.081704970813082,5.41091773069021,5.42284836491111,-0.0233808533521863,-0.023380853352183,-0.011565235783827,-1,-1,-1
46081,"Lawrence","South Dakota",0.085613752722986,5.53582359100343,0.0856137527229892,5.53582359100346,"2020-09-07",230,5.21260384827401,0.0852179540038099,5.53265720125002,5.5330529999692,-0.0080218523110107,-0.0080218523110078,0.00351298319072789,-1,-1,1
46081,"Lawrence","South Dakota",0.0750598998791046,5.53700652097537,0.075059899879105,5.53700652097537,"2020-09-08",231,5.22881416078107,0.075043775829385,5.53687752857761,5.53689365262734,-0.0105538528438814,-0.0105538528438842,-0.0101741781744249,-1,-1,-1
46081,"Lawrence","South Dakota",0.0689294378226883,5.56302272440314,0.0689294378226863,5.56302272440313,"2020-09-09",232,5.24250258744164,0.0716742464244599,5.58498119321732,5.58223638461554,-0.00613046205641629,-0.00613046205641869,-0.0033695294049251,-1,-1,-1
46081,"Lawrence","South Dakota",0.0366213546885362,5.37348749715261,0.0366213546885366,5.37348749715262,"2020-09-10",233,5.25526073422637,0.0491228148924423,5.47349917878386,5.46099771857996,-0.0323080831341521,-0.0323080831341497,-0.0225514315320176,-1,-1,-1
46081,"Lawrence","South Dakota",0.0336732151065892,5.38652373518557,0.0336732151065897,5.38652373518558,"2020-09-11",234,5.25898236114936,0.0429681184879485,5.46088296223645,5.45158805885509,-0.002948139581947,-0.0029481395819469,-0.0061546964044938,-1,-1,-1
46081,"Lawrence","South Dakota",0.0253385031343796,5.35351925451449,0.0253385031343791,5.35351925451448,"2020-09-12",235,5.25749537202778,0.0320568333857001,5.40726589652505,5.40054756627373,-0.0083347119722096,-0.0083347119722106,-0.0109112851022484,-1,-1,-1
46081,"Lawrence","South Dakota",0.0207675195324792,5.34228988883366,0.0207675195324803,5.34228988883367,"2020-09-13",236,5.25376819663586,0.0309949693154779,5.42410948709765,5.41388203731466,-0.0045709836019004,-0.0045709836018988,-0.0010618640702222,-1,-1,-1
46081,"Lawrence","South Dakota",0.0156865961676996,5.32241002144791,0.0156865961676997,5.32241002144791,"2020-09-14",237,5.2447658852769,0.0216375512460051,5.37001766207435,5.36406670699605,-0.0050809233647796,-0.0050809233647806,-0.0093574180694728,-1,-1,-1
46081,"Lawrence","South Dakota",0.0162103125070574,5.34228634833047,0.0162103125070567,5.34228634833046,"2020-09-15",238,5.22957956456891,0.0233373480174884,5.39930263241392,5.39217559690349,0.000523716339357799,0.000523716339357001,0.0016997967714833,1,1,1
46081,"Lawrence","South Dakota",0.0136884266605739,5.33832157406566,0.0136884266605737,5.33832157406566,"2020-09-16",239,5.21881022971655,0.022029449821471,5.40504975935284,5.39670873619194,-0.0025218858464835,-0.002521885846483,-0.0013078981960174,-1,-1,-1
46081,"Lawrence","South Dakota",0.0127581467847272,5.34456776171946,0.0127581467847282,5.34456776171946,"2020-09-17",240,5.20714148588217,0.0192999748785101,5.39690238646972,5.39036055837594,-0.0009302798758467,-0.000930279875845499,-0.0027294749429609,-1,-1,-1
46081,"Lawrence","South Dakota",0.0037216269229907,5.28503374961029,0.0037216269229905,5.28503374961029,"2020-09-18",241,5.16396931401696,0.0127345813098503,5.35713738470517,5.34812443031831,-0.0090365198617365,-0.0090365198617377,-0.0065653935686598,-1,-1,-1
46081,"Lawrence","South Dakota",-0.00148698912157567,5.24708644817675,0,5.25749537202778,"2020-09-19",242,5.11198778835654,0.00222721222569704,5.27680005895494,5.27308585760766,-0.00520861604456637,-0.0037216269229905,-0.0105073690841533,-1,-1,-1
46081,"Lawrence","South Dakota",-0.00372717539192499,5.22767796889238,0,5.25376819663586,"2020-09-20",243,5.05077133912122,0.00122876028902476,5.26732545433998,5.26236951865903,-0.00224018627034932,0,-0.00099845193667228,-1,0,-1
46081,"Lawrence","South Dakota",-0.00900231135895989,5.18174970576418,0,5.2447658852769,"2020-09-21",244,4.99334379698619,-0.00243831192903763,5.23426170120356,5.22769770177364,-0.0052751359670349,0,-0.00366707221806239,-1,0,-1
46081,"Lawrence","South Dakota",-0.0151863207079842,5.12327531961302,0,5.22957956456891,"2020-09-22",245,4.9406214934752,-0.00526833395247059,5.20261921365713,5.19270122690162,-0.00618400934902431,0,-0.00283002202343296,-1,0,-1
46081,"Lawrence","South Dakota",-0.010769334852367,5.14342488574998,0,5.21881022971655,"2020-09-23",246,4.89570532742228,-0.00637735220543117,5.17856074692546,5.17416876427853,0.0044169858556172,0,-0.00110901825296058,1,0,-1
46081,"Lawrence","South Dakota",-0.0116687438343777,5.12546027904153,0,5.20714148588217,"2020-09-24",247,4.85203026391962,-0.00220586539533321,5.20116330655388,5.19170042811484,-0.000899408982010699,0,0.00417148681009796,-1,0,1
46081,"Lawrence","South Dakota",-0.04317217186521,4.86176411096049,0,5.16396931401696,"2020-09-25",248,4.85091356921954,-0.0195434161138512,5.05079415697136,5.02716540122,-0.0315034280308323,0,-0.017337550718518,-1,0,-1
46081,"Lawrence","South Dakota",-0.0519815256604207,4.7481171087336,0,5.11198778835654,"2020-09-26",249,4.86423230105983,-0.0229440735527737,4.98041672559477,4.95137927348712,-0.00880935379521069,0,-0.0034006574389225,-1,0,-1
46081,"Lawrence","South Dakota",-0.0612164492353146,4.62225619447402,0,5.05077133912122,"2020-09-27",250,4.89356628917353,-0.029257468707796,4.87792803869417,4.84596905816665,-0.0092349235748939,0,-0.0063133951550223,-1,0,-1
46081,"Lawrence","South Dakota",-0.0574275421350289,4.59135100204099,0,4.99334379698619,"2020-09-28",251,4.93035446283545,-0.0267078937211488,4.83710818935203,4.80638854093815,0.0037889071002857,0,0.0025495749866472,1,0,1
46081,"Lawrence","South Dakota",-0.0527223035109887,4.57156536889828,0,4.9406214934752,"2020-09-29",252,4.96882074366325,-0.0295522742992431,4.75692560259225,4.7337555733805,0.0047052386240402,0,-0.0028443805780943,1,0,-1
46081,"Lawrence","South Dakota",-0.0449161660529196,4.58129216505184,0,4.89570532742228,"2020-09-30",253,4.99914091467052,-0.0279707985595326,4.71685510499894,4.69990973750555,0.0078061374580691,0,0.0015814757397105,1,0,1
46081,"Lawrence","South Dakota",-0.0436750635026637,4.54630481940097,0,4.85203026391962,"2020-10-01",254,5.03230359357538,-0.0296865928826004,4.65821258436148,4.64422411374142,0.0012411025502559,0,-0.0017157943230678,1,0,-1
46081,"Lawrence","South Dakota",-0.0011166947000755,4.84309670631901,0,4.85091356921954,"2020-10-02",255,5.06169046489654,-0.00686329347422288,4.79712391612584,4.80287051489998,0.0425583688025882,0,0.0228232994083775,1,0,1
46081,"Lawrence","South Dakota",0.0133187318402829,4.95746342394181,0.0133187318402834,4.95746342394181,"2020-10-03",256,5.09375020080676,0.0126477145975425,4.95209528599988,4.95276630324263,0.0144354265403584,0.0133187318402834,0.0195110080717654,1,1,1
46081,"Lawrence","South Dakota",0.0293339881137003,5.09890420596943,0.0293339881136996,5.09890420596942,"2020-10-04",257,5.1273595684044,0.0255373822803352,5.06853135930251,5.07232796513588,0.0160152562734174,0.0160152562734162,0.0128896676827927,1,1,1
46081,"Lawrence","South Dakota",0.0367881736619241,5.18787167846892,0.0367881736619236,5.18787167846891,"2020-10-05",258,5.15823394393222,0.0315232495040836,5.1457522852062,5.15101720936404,0.0074541855482238,0.007454185548224,0.0059858672237484,1,1,1
46081,"Lawrence","South Dakota",0.0384662808278038,5.23808470945788,0.0384662808278007,5.23808470945785,"2020-10-06",259,5.19216288498903,0.0382553661279913,5.23639739185938,5.23660830655919,0.0016781071658797,0.0016781071658771,0.0067321166239077,1,1,1
46081,"Lawrence","South Dakota",0.0303201710072672,5.21138211172139,0.0303201710072685,5.2113821117214,"2020-10-07",260,5.23796056600714,0.0301323826659757,5.20987980499106,5.21006759333235,-0.0081461098205366,-0.0081461098205322,-0.0081229834620156,-1,-1,-1
46081,"Lawrence","South Dakota",0.0331626789048632,5.26444234590943,0.0331626789048647,5.26444234590944,"2020-10-08",261,5.27446368766863,0.0347152269862706,5.27686273056069,5.27531018247927,0.002842507897596,0.0028425078975962,0.0045828443202949,1,1,1
46081,"Lawrence","South Dakota",0.0293868713211575,5.26739856414464,0.0293868713211571,5.26739856414464,"2020-10-09",262,5.31179752810473,0.0279931193062332,5.25624854802524,5.25764230004017,-0.0037758075837057,-0.0037758075837076,-0.0067221076800374,-1,-1,-1
46081,"Lawrence","South Dakota",0.0320597359102208,5.31816835217831,0.0320597359102219,5.31816835217832,"2020-10-10",263,5.35253495245283,0.0308784776375952,5.3087182859973,5.30989954426993,0.0026728645890633,0.0026728645890648,0.002885358331362,1,1,1
46081,"Lawrence","South Dakota",0.0336093675976354,5.36262514158785,0.033609367597637,5.36262514158786,"2020-10-11",264,5.39037551096598,0.032437862577422,5.35325310142614,5.35442460644635,0.0015496316874146,0.0015496316874151,0.0015593849398268,1,1,1
46081,"Lawrence","South Dakota",0.0308743755278156,5.37435457262692,0.0308743755278158,5.37435457262693,"2020-10-12",265,5.42306025313948,0.029831874956222,5.36601456805418,5.36705706862577,-0.0027349920698198,-0.0027349920698212,-0.0026059876212,-1,-1,-1
46081,"Lawrence","South Dakota",0.0339289410568212,5.42966547238678,0.0339289410568195,5.42966547238677,"2020-10-13",266,5.44673737166631,0.0344548421177295,5.43387268087406,5.43334677981314,0.0030545655290056,0.0030545655290037,0.0046229671615075,1,1,1
46081,"Lawrence","South Dakota",0.0457976810181028,5.55854433313386,0.0457976810181027,5.55854433313386,"2020-10-14",267,5.46564613875585,0.0409871742591509,5.52006027906224,5.5248707858212,0.0118687399612816,0.0118687399612832,0.0065323321414214,1,1,1
46081,"Lawrence","South Dakota",0.0365031216614994,5.52998553929913,0.0365031216614975,5.52998553929912,"2020-10-15",268,5.48063892334199,0.0361250858505498,5.52696125281154,5.52733928862248,-0.00929455935660339,-0.0092945593566052,-0.0048620884086011,-1,-1,-1
46081,"Lawrence","South Dakota",0.0373338404360975,5.57313441115741,0.0373338404360961,5.5731344111574,"2020-10-16",269,5.50009134926881,0.0370004197596068,5.57046704574548,5.57080046642198,0.000830718774598095,0.000830718774598595,0.000875333909057002,1,1,1
46081,"Lawrence","South Dakota",0.0407374243481031,5.63769692288956,0.0407374243481025,5.63769692288955,"2020-10-17",270,5.51342874616498,0.0386307130629462,5.6208432326083,5.62294994389345,0.0034035839120056,0.0034035839120064,0.0016302933033394,1,1,1
46081,"Lawrence","South Dakota",0.0378405585131516,5.65525942055804,0.0378405585131496,5.65525942055803,"2020-10-18",271,5.52886203334256,0.0384339250430642,5.66000635279734,5.65941298626743,-0.0028968658349515,-0.0028968658349529,-0.000196788019882002,-1,-1,-1
46081,"Lawrence","South Dakota",0.0326847421734978,5.65185344835397,0.0326847421734993,5.65185344835398,"2020-10-19",272,5.54796373772825,0.0342215686585285,5.66414806023421,5.66261123374918,-0.0051558163396538,-0.0051558163396503,-0.0042123563845357,-1,-1,-1
46081,"Lawrence","South Dakota",0.0236771185268283,5.61247720135411,0.0236771185268276,5.6124772013541,"2020-10-20",273,5.57323980861451,0.0251869160234697,5.62455558132724,5.6230457838306,-0.0090076236466695,-0.0090076236466717,-0.0090346526350588,-1,-1,-1
46081,"Lawrence","South Dakota",0.0189087670895379,5.59800750838261,0.0189087670895383,5.59800750838262,"2020-10-21",274,5.59364868024572,0.019971689374216,5.60651088666004,5.60544796437536,-0.0047683514372904,-0.0047683514372893,-0.0052152266492537,-1,-1,-1
46081,"Lawrence","South Dakota",0.0149927845861428,5.58558841544499,0.0149927845861431,5.58558841544499,"2020-10-22",275,5.62967450250248,0.0189292540338868,5.61708017102694,5.6131437015792,-0.0039159825033951,-0.0039159825033952,-0.0010424353403292,-1,-1,-1
46081,"Lawrence","South Dakota",0.0194524259268163,5.63625833075652,0.0194524259268167,5.63625833075653,"2020-10-23",276,5.66642668811243,0.0198389499440104,5.63935052289407,5.63896399887688,0.0044596413406735,0.0044596413406736,0.0009096959101236,1,1,1
46081,"Lawrence","South Dakota",0.0133373968961756,5.60679052443821,0.0133373968961745,5.6067905244382,"2020-10-24",277,5.71655766614492,0.0154257998873478,5.62349774836759,5.62140934537641,-0.0061150290306407,-0.0061150290306422,-0.0044131500566626,-1,-1,-1
46081,"Lawrence","South Dakota",0.015433287177576,5.63689504358559,0.0154332871775749,5.63689504358558,"2020-10-25",278,5.76787446754344,0.0167480997992707,5.64741354455915,5.64609873193745,0.0020958902814004,0.0020958902814004,0.0013222999119229,1,1,1
46081,"Lawrence","South Dakota",0.0191017043856877,5.68167566842806,0.0191017043856894,5.68167566842807,"2020-10-26",279,5.81498304679571,0.0194247424536231,5.68425997297155,5.68393693490361,0.0036684172081117,0.0036684172081145,0.0026766426543524,1,1,1
46081,"Lawrence","South Dakota",0.0252760708862626,5.75017230481835,0.025276070886262,5.75017230481834,"2020-10-27",280,5.85384316923194,0.0278217477829114,5.77053771999154,5.76799204309489,0.0061743665005749,0.0061743665005726,0.0083970053292883,1,1,1
46081,"Lawrence","South Dakota",0.0204088716312112,5.7365107816642,0.0204088716312096,5.73651078166419,"2020-10-28",281,5.90067982623587,0.0210279115975531,5.74146310139493,5.74084406142859,-0.0048671992550514,-0.0048671992550524,-0.0067938361853583,-1,-1,-1
46081,"Lawrence","South Dakota",0.0360258222567626,5.88185525829982,0.0360258222567627,5.88185525829982,"2020-10-29",282,5.93678205723371,0.0365117544744068,5.88574271604097,5.88525678382333,0.0156169506255514,0.0156169506255531,0.0154838428768537,1,1,1
46081,"Lawrence","South Dakota",0.0367521856099501,5.92369198738208,0.0367521856099513,5.92369198738209,"2020-10-30",283,5.98357637425898,0.0364984292822164,5.92166193676021,5.92191569308794,0.000726363353187494,0.000726363353188597,-1.33251921903971e-05,1,1,-1
46081,"Lawrence","South Dakota",0.0501309780324882,6.06747451237234,0.0501309780324917,6.06747451237237,"2020-10-31",284,6.02690063506609,0.0432672184307079,6.01256443555809,6.01942819515988,0.0133787924225381,0.0133787924225404,0.0067687891484915,1,1,1
46081,"Lawrence","South Dakota",0.0513168013985217,6.12709207733309,0.0513168013985181,6.12709207733307,"2020-11-01",285,6.07139735863327,0.0475080974790513,6.09662244597733,6.1004311498968,0.0011858233660335,0.0011858233660264,0.00424087904834339,1,1,1
46081,"Lawrence","South Dakota",0.0471085792522672,6.14474310156158,0.0471085792522672,6.14474310156158,"2020-11-02",286,6.11241715752564,0.0426391131520298,6.10898737275968,6.11345683885992,-0.0042082221462545,-0.0042082221462509,-0.0048689843270215,-1,-1,-1
46081,"Lawrence","South Dakota",0.038860122436228,6.12586402628553,0.0388601224362262,6.12586402628552,"2020-11-03",287,6.16601791425543,0.0387781342299396,6.12520812063523,6.12529010884152,-0.0082484568160392,-0.008248456816041,-0.0038609789220902,-1,-1,-1
46081,"Lawrence","South Dakota",0.0468366570039402,6.22853642526345,0.0468366570039374,6.22853642526343,"2020-11-04",288,6.21774602711312,0.0434318327169658,6.20129783096767,6.20470265525463,0.0079765345677122,0.0079765345677112,0.0046536984870262,1,1,1
46081,"Lawrence","South Dakota",0.0361022309978367,6.18949767421857,0.03610223099784,6.18949767421859,"2020-11-05",289,6.27152838867487,0.0360667110504773,6.18921351463969,6.18924903458705,-0.0107344260061035,-0.0107344260060974,-0.00736512166648851,-1,-1,-1
46081,"Lawrence","South Dakota",0.0467943170252644,6.31113659343583,0.0467943170252632,6.31113659343582,"2020-11-06",290,6.32025428755718,0.0439722605970155,6.28856014200983,6.29138219843809,0.0106920860274277,0.0106920860274232,0.0079055495465382,1,1,1
46081,"Lawrence","South Dakota",0.043324260807113,6.33017046071588,0.0433242608071138,6.33017046071589,"2020-11-07",291,6.36475075685191,0.0426119610478711,6.32447206264195,6.32518436240119,-0.0034700562181514,-0.0034700562181494,-0.0013602995491444,-1,-1,-1
46081,"Lawrence","South Dakota",0.0444967235671806,6.38287442360353,0.0444967235671774,6.38287442360351,"2020-11-08",292,6.41205281679037,0.0411684986271665,6.35624862408342,6.35957684902344,0.00117246276006761,0.00117246276006359,-0.0014434624207046,1,1,-1
46081,"Lawrence","South Dakota",0.0410197988923739,6.39955574977226,0.0410197988923766,6.39955574977228,"2020-11-09",293,6.45789035500583,0.0390044018683702,6.38343257358023,6.38544797060423,-0.0034769246748067,-0.0034769246748008,-0.00216409675879629,-1,-1,-1
46081,"Lawrence","South Dakota",0.0536007567297801,6.54122321136389,0.0536007567297814,6.54122321136389,"2020-11-10",294,6.49483387019752,0.0478039974999148,6.49484913752496,6.50064589675483,0.0125809578374062,0.0125809578374048,0.00879959563154459,1,1,1
46081,"Lawrence","South Dakota",0.0517281128576945,6.57984281711698,0.0517281128576945,6.57984281711698,"2020-11-11",295,6.53191831883865,0.0463993931805562,6.53721305969988,6.54254177937701,-0.0018726438720856,-0.0018726438720869,-0.0014046043193586,-1,-1,-1
46081,"Lawrence","South Dakota",0.0537823615617561,6.64800491960717,0.0537823615617539,6.64800491960715,"2020-11-12",296,6.57228254269401,0.0488434557945086,6.60849367346919,6.61343257923643,0.0020542487040616,0.0020542487040594,0.0024440626139524,1,1,1
46081,"Lawrence","South Dakota",0.0487258988823068,6.66133557973333,0.0487258988823056,6.66133557973332,"2020-11-13",297,6.60549121369066,0.0444868368697969,6.62742308363324,6.63166214564576,-0.0050564626794493,-0.0050564626794483,-0.0043566189247117,-1,-1,-1
46081,"Lawrence","South Dakota",0.0444964692947328,6.67622604191504,0.0444964692947316,6.67622604191503,"2020-11-14",298,6.63781956616117,0.0425566227808031,6.6607072698036,6.66264711631753,-0.004229429587574,-0.004229429587574,-0.0019302140889938,-1,-1,-1
46081,"Lawrence","South Dakota",0.0473020599384592,6.74316723635958,0.0473020599384562,6.74316723635956,"2020-11-15",299,6.6603922174327,0.0441656817081983,6.7180762105175,6.72121258874776,0.0028055906437264,0.00280559064372461,0.0016090589273952,1,1,1
46081,"Lawrence","South Dakota",0.0458375382154709,6.77875312251413,0.0458375382154674,6.77875312251411,"2020-11-16",300,6.68264551021438,0.0430781931046216,6.75667836162734,6.75943770673818,-0.0014645217229883,-0.0014645217229888,-0.0010874886035767,-1,-1,-1
46081,"Lawrence","South Dakota",0.0369435151916866,6.75343847653932,0.0369435151916839,6.75343847653931,"2020-11-17",301,6.7049394271736,0.0366842477298277,6.75136433684445,6.75162360430631,-0.0088940230237843,-0.0088940230237835,-0.0063939453747939,-1,-1,-1
46081,"Lawrence","South Dakota",0.0370844486411319,6.79150945932657,0.0370844486411297,6.79150945932656,"2020-11-18",302,6.72486213028922,0.0367973389520813,6.78921258181417,6.78949969150322,0.000140933449445296,0.000140933449445796,0.0001130912222536,1,1,1
46081,"Lawrence","South Dakota",0.0403642238553575,6.85483210968151,0.0403642238553594,6.85483210968152,"2020-11-19",303,6.73459165997295,0.0388247492767237,6.84251631305244,6.84405578763108,0.0032797752142256,0.0032797752142297,0.0020274103246424,1,1,1
46081,"Lawrence","South Dakota",0.0332086709966516,6.83795191066722,0.033208670996653,6.83795191066723,"2020-11-20",304,6.74186934293646,0.0341766677548322,6.84569588473267,6.84472788797449,-0.0071555528587059,-0.0071555528587064,-0.0046480815218915,-1,-1,-1
46081,"Lawrence","South Dakota",0.0323283524705072,6.86411803345472,0.0323283524705076,6.86411803345472,"2020-11-21",305,6.73730582618538,0.0328490605802196,6.86828369833242,6.86776299022271,-0.000880318526144397,-0.000880318526145396,-0.0013276071746126,-1,-1,-1
46081,"Lawrence","South Dakota",0.022572651271533,6.81840077633343,0.0225726512715321,6.81840077633342,"2020-11-22",306,6.72897031819652,0.0240739840645854,6.83041143867785,6.8289101058848,-0.0097557011989742,-0.0097557011989755,-0.0087750765156342,-1,-1,-1
46081,"Lawrence","South Dakota",0.0222532927816854,6.83841855968618,0.0222532927816843,6.83841855968617,"2020-11-23",307,6.71884060671854,0.0240659206383558,6.85291958253955,6.85110695468287,-0.000319358489847599,-0.0003193584898478,-8.06342622959935e-06,-1,-1,-1
46081,"Lawrence","South Dakota",0.0222939169592125,6.86099684588809,0.0222939169592129,6.86099684588809,"2020-11-24",308,6.71139275034557,0.0232226851537876,6.86842699144468,6.86749822325011,4.06241775271002e-05,4.0624177528599e-05,-0.000843235484568199,1,1,-1
46081,"Lawrence","South Dakota",0.0199227031156302,6.86432105209864,0.0199227031156273,6.86432105209862,"2020-11-25",309,6.69668145175526,0.0216090761616023,6.87781203646642,6.87612566342044,-0.0023712138435823,-0.0023712138435856,-0.0016136089921853,-1,-1,-1
46081,"Lawrence","South Dakota",0.00972952968372337,6.80269836775901,0.00972952968372365,6.80269836775901,"2020-11-26",310,6.67726336589816,0.014433790794113,6.84033245664212,6.83562819553174,-0.0101931734319068,-0.0101931734319036,-0.0071752853674893,-1,-1,-1
46081,"Lawrence","South Dakota",0.00727768296350806,6.79281312368101,0.00727768296350906,6.79281312368102,"2020-11-27",311,6.66094091429146,0.0123047506539801,6.83302966520479,6.82800259751432,-0.00245184672021531,-0.00245184672021459,-0.0021290401401329,-1,-1,-1
46081,"Lawrence","South Dakota",-0.00456351675107973,6.70536120892782,0,6.73730582618538,"2020-11-28",312,6.64564812431623,-0.00546410169330124,6.69815652939005,6.69905711433227,-0.0118411997145878,-0.00727768296350906,-0.0177688523472813,-1,-1,-1
46081,"Lawrence","South Dakota",-0.00833550798885856,6.67062176227451,0,6.72897031819652,"2020-11-29",313,6.633130445687,-0.00491889861467762,6.69795463726796,6.69453802789378,-0.00377199123777883,0,0.00054520307862362,-1,0,1
46081,"Lawrence","South Dakota",-0.0101297114779778,6.64793262637269,0,6.71884060671854,"2020-11-30",314,6.61663874408172,-0.0078741462816788,6.66597714794309,6.66372158274679,-0.00179420348911924,0,-0.00295524766700118,-1,0,-1
46081,"Lawrence","South Dakota",-0.00744785637296986,6.65925775573478,0,6.71139275034557,"2020-12-01",315,6.59363144602468,-0.00645520701133662,6.66719895062785,6.66620630126621,0.00268185510500794,0,0.00141893927034218,1,0,1
46081,"Lawrence","South Dakota",-0.0147112985903075,6.59370236162311,0,6.69668145175526,"2020-12-02",316,6.57646956904822,-0.0110983029643821,6.62260632663051,6.61899333100459,-0.00726344221733764,0,-0.00464309595304548,-1,0,-1
46081,"Lawrence","South Dakota",-0.0194180858571046,6.54133676489842,0,6.67726336589816,"2020-12-03",317,6.5606264621724,-0.0148223063404045,6.57810300103202,6.57350722151533,-0.0047067872667971,0,-0.0037240033760224,-1,0,-1
46081,"Lawrence","South Dakota",-0.0163224516066952,6.54668375304459,0,6.66094091429146,"2020-12-04",318,6.53482650535031,-0.0129725440573185,6.57348301343961,6.57013310589023,0.0030956342504094,0,0.001849762283086,1,0,1
46081,"Lawrence","South Dakota",-0.0152927899752292,6.53859859448963,0,6.64564812431623,"2020-12-05",319,6.51471269087253,-0.0137159533825698,6.5512132872309,6.54963645063824,0.001029661631466,0,-0.0007434093252513,1,0,-1
46081,"Lawrence","South Dakota",-0.0125176786292288,6.5455066952824,0,6.633130445687,"2020-12-06",320,6.48920493132532,-0.0114459058769867,6.55408087730034,6.55300910454809,0.0027751113460004,0,0.0022700475055831,1,0,1
46081,"Lawrence","South Dakota",-0.0164917016052861,6.50119683284472,0,6.61663874408172,"2020-12-07",321,6.46481079785041,-0.0137312913981831,6.52328011450154,6.52051970429444,-0.0039740229760573,0,-0.0022853855211964,-1,0,-1
46081,"Lawrence","South Dakota",-0.0230072980570358,6.43258035962543,0,6.59363144602468,"2020-12-08",322,6.43820868813558,-0.0172750891089398,6.4784380312102,6.4727058222621,-0.0065155964517497,0,-0.0035437977107567,-1,0,-1
46081,"Lawrence","South Dakota",-0.0171618769764591,6.45633643021301,0,6.57646956904822,"2020-12-09",323,6.40687998606931,-0.0150957487820072,6.47286545576862,6.47079932757417,0.0058454210805767,0,0.0021793403269326,1,0,1
46081,"Lawrence","South Dakota",-0.015843106875829,6.44972471404159,0,6.5606264621724,"2020-12-10",324,6.37745554538077,-0.0155126869848116,6.45236807316973,6.45203765327872,0.0013187701006301,0,-0.0004169382028044,1,0,-1
46081,"Lawrence","South Dakota",-0.0257999568220892,6.35422680759568,0,6.53482650535031,"2020-12-11",325,6.35437004079735,-0.0209906259287168,6.39270145474267,6.38789212384929,-0.0099568499462602,0,-0.0054779389439052,-1,0,-1
46081,"Lawrence","South Dakota",-0.0201138144777783,6.37391598952808,0,6.51471269087253,"2020-12-12",326,6.33175601179619,-0.018343189523137,6.38808098916521,6.38631036421057,0.0056861423443109,0,0.0026474364055798,1,0,1
46081,"Lawrence","South Dakota",-0.0255077595472124,6.31065061449483,0,6.48920493132532,"2020-12-13",327,6.31716468674728,-0.0232829407610051,6.32844916478449,6.32622434599828,-0.0053939450694341,0,-0.0049397512378681,-1,0,-1
46081,"Lawrence","South Dakota",-0.0243941334749085,6.29405186352605,0,6.46481079785041,"2020-12-14",328,6.30705704594548,-0.0213541824010072,6.31837147211726,6.31533152104336,0.0011136260723039,0,0.0019287583599979,1,0,1
46081,"Lawrence","South Dakota",-0.0266021097148247,6.25199392013181,0,6.43820868813558,"2020-12-15",329,6.29289101681624,-0.0255425356645813,6.26047051253376,6.25941093848351,-0.0022079762399162,0,-0.0041883532635741,-1,0,-1
46081,"Lawrence","South Dakota",-0.0313287020662675,6.18757907160544,0,6.40687998606931,"2020-12-16",330,6.27395459285734,-0.0289087372012292,6.20693879052575,6.20451882566071,-0.0047265923514428,0,-0.0033662015366479,-1,0,-1
46081,"Lawrence","South Dakota",-0.0294244406885471,6.17148446056094,0,6.37745554538077,"2020-12-17",331,6.25245424091231,-0.0268498410915122,6.19208125733721,6.18950665774018,0.0019042613777204,0,0.002058896109717,1,0,1
46081,"Lawrence","South Dakota",-0.0230855045834184,6.19277150871342,0,6.35437004079735,"2020-12-18",332,6.23748722094312,-0.0240142578954116,6.18534148221748,6.18627023552947,0.0063389361051287,0,0.0028355831961006,1,0,1
46081,"Lawrence","South Dakota",-0.022614029001161,6.17345780878806,0,6.33175601179619,"2020-12-19",333,6.20945197127282,-0.0235453413034128,6.16600731037005,6.1669386226723,0.000471475582257401,0,0.0004689165919988,1,0,1
46081,"Lawrence","South Dakota",-0.0145913250489038,6.21502541140496,0,6.31716468674728,"2020-12-20",334,6.18238002255174,-0.0178778584219599,6.18873314442051,6.19201967779356,0.0080227039522572,0,0.0056674828814529,1,0,1
46081,"Lawrence","South Dakota",-0.0101076408018029,6.23630356033286,0,6.30705704594548,"2020-12-21",335,6.1487734996435,-0.0167662940805588,6.18303433410281,6.18969298738157,0.0044836842471009,0,0.0011115643414011,1,0,1
46081,"Lawrence","South Dakota",-0.0141660291292481,6.1937288129115,0,6.29289101681624,"2020-12-22",336,6.11715276227148,-0.0167493552952807,6.17306220358323,6.17564552974927,-0.0040583883274452,0,1.69387852781006e-05,-1,0,1
46081,"Lawrence","South Dakota",-0.0189364239588999,6.14139962514504,0,6.27395459285734,"2020-12-23",337,6.0851500311853,-0.0198941052397205,6.13373817489848,6.1346958561793,-0.0047703948296518,0,-0.0031447499444398,-1,0,-1
46081,"Lawrence","South Dakota",-0.0215003519450315,6.10195177729709,0,6.25245424091231,"2020-12-24",338,6.05108025678234,-0.0213758116098191,6.10294809997879,6.10282355964358,-0.0025639279861316,0,-0.0014817063700986,-1,0,-1
46081,"Lawrence","South Dakota",-0.0149670199691849,6.13271808115883,0,6.23748722094312,"2020-12-25",339,5.99858201487685,-0.0174687328482414,6.11270437812638,6.11520609100543,0.0065333319758466,0,0.0039070787615777,1,0,1
46081,"Lawrence","South Dakota",-0.0280352496703049,6.01320522358069,0,6.20945197127282,"2020-12-26",340,5.95694704222527,-0.0261943272285484,6.02793260311473,6.02609168067298,-0.01306822970112,0,-0.008725594380307,-1,0,-1
46081,"Lawrence","South Dakota",-0.02707194872108,5.99287638150418,0,6.18238002255174,"2020-12-27",341,5.90458303181583,-0.0258991462774914,6.00225880105289,6.0010859986093,0.0009633009492249,0,0.000295180951057,1,0,1
46081,"Lawrence","South Dakota",-0.033606522908239,5.91352783928583,0,6.1487734996435,"2020-12-28",342,5.8562991671918,-0.0319110175363012,5.92709188226133,5.92539637688939,-0.006534574187159,0,-0.0060118712588098,-1,0,-1
46081,"Lawrence","South Dakota",-0.0316207373720181,5.89580760066735,0,6.11715276227148,"2020-12-29",343,5.81753623967205,-0.027670792104877,5.92740716280448,5.92345721753734,0.0019857855362209,0,0.0042402254314242,1,0,1
46081,"Lawrence","South Dakota",-0.0320027310861704,5.86113091358211,0,6.0851500311853,"2020-12-30",344,5.77941988886182,-0.029672887898356,5.87976965908463,5.87743981589681,-0.000381993714152297,0,-0.002002095793479,-1,0,-1
46081,"Lawrence","South Dakota",-0.0340697744029693,5.81259183596155,0,6.05108025678234,"2020-12-31",345,5.74665949901259,-0.032012802223132,5.82904761340024,5.82699064122042,-0.0020670433167989,0,-0.002339914324776,-1,0,-1
46081,"Lawrence","South Dakota",-0.0524982419054884,5.63109432153843,0,5.99858201487685,"2021-01-01",346,5.71984328280639,-0.0436781027472784,5.70165543480411,5.6928352956459,-0.0184284675025191,0,-0.0116653005241464,-1,0,-1
46081,"Lawrence","South Dakota",-0.0416349726515833,5.66550223366418,0,5.95694704222527,"2021-01-02",347,5.69661398517759,-0.0375272335616079,5.69836414638399,5.69425640729401,0.0108632692539051,0,0.0061508691856705,1,0,1
46081,"Lawrence","South Dakota",-0.0523640104094395,5.53803495894975,0,5.90458303181583,"2021-01-03",348,5.68163424143319,-0.0445870002805467,5.6002510399809,5.592474029852,-0.0107290377578562,0,-0.0070597667189388,-1,0,-1
46081,"Lawrence","South Dakota",-0.0482838646240236,5.51831211482364,0,5.8562991671918,"2021-01-04",349,5.66395205185824,-0.0428912189970434,5.56145327983948,5.5560606342125,0.0040801457854159,0,0.0016957812835033,1,0,1
46081,"Lawrence","South Dakota",-0.038762927519753,5.54619574703378,0,5.81753623967205,"2021-01-05",350,5.64241352827991,-0.0388511718099957,5.54548979271183,5.54557803700208,0.0095209371042706,0,0.0040400471870477,1,0,1
46081,"Lawrence","South Dakota",-0.0381163508102299,5.51260543319021,0,5.77941988886182,"2021-01-06",351,5.6250484341137,-0.0367842484770998,5.52326225185525,5.52193014952212,0.000646576709523103,0,0.0020669233328959,1,0,1
46081,"Lawrence","South Dakota",-0.0327603898492307,5.51733677006798,0,5.74665949901259,"2021-01-07",352,5.60527671824084,-0.0329066627680374,5.51616658671752,5.51631285963633,0.0053559609609992,0,0.0038775857090624,1,0,1
46081,"Lawrence","South Dakota",-0.0268162162062028,5.53212976936297,0,5.71984328280639,"2021-01-08",353,5.59258485035815,-0.0299067919395273,5.50740516349637,5.5104957392297,0.0059441736430279,0,0.0029998708285101,1,0,1
46081,"Lawrence","South Dakota",-0.0232292976287967,5.53400890177601,0,5.69661398517759,"2021-01-09",354,5.57757116351818,-0.0270913274883035,5.50311266289996,5.50697469275947,0.0035869185774061,0,0.0028154644512238,1,0,1
46081,"Lawrence","South Dakota",-0.0149797437443977,5.57677603522241,0,5.68163424143319,"2021-01-10",355,5.56123093067229,-0.0192929592125144,5.54227031147748,5.54658352694559,0.008249553884399,0,0.0077983682757891,1,0,1
46081,"Lawrence","South Dakota",-0.0176821895749464,5.54017672483362,0,5.66395205185824,"2021-01-11",356,5.54182361238113,-0.0224595162013525,5.50195811182237,5.50673543844877,-0.0027024458305487,0,-0.0031665569888381,-1,0,-1
46081,"Lawrence","South Dakota",-0.0215385235783349,5.49164386323156,0,5.64241352827991,"2021-01-12",357,5.51573024315326,-0.023280882101758,5.47770499504418,5.4794473535676,-0.0038563340033885,0,-0.000821365900405501,-1,0,-1
46081,"Lawrence","South Dakota",-0.0173650941662145,5.50349277495019,0,5.6250484341137,"2021-01-13",358,5.48893772615669,-0.0202341300864951,5.48054048758795,5.48340952350823,0.0041734294121204,0,0.0030467520152629,1,0,1
46081,"Lawrence","South Dakota",-0.0197717158728615,5.46687470713081,0,5.60527671824084,"2021-01-14",359,5.46986682636008,-0.0209854686282123,5.457164685088,5.45837843784335,-0.002406621706647,0,-0.0007513385417172,-1,0,-1
46081,"Lawrence","South Dakota",-0.0126918678826847,5.50374177517936,0,5.59258485035815,"2021-01-15",360,5.45226394391515,-0.0166718242483431,5.4719021242541,5.47588208061975,0.0070798479901768,0,0.0043136443798692,1,0,1
46081,"Lawrence","South Dakota",-0.0150136868399709,5.47247535563839,0,5.57757116351818,"2021-01-16",361,5.44118008660145,-0.0184671760863647,5.44484744166723,5.44830093091363,-0.0023218189572862,0,-0.0017953518380216,-1,0,-1
46081,"Lawrence","South Dakota",-0.0163402328458873,5.44684930075108,0,5.56123093067229,"2021-01-17",362,5.42934562895444,-0.0174903830735082,5.43764809893011,5.43879824915773,-0.0013265460059164,0,0.000976793012856497,-1,0,1
46081,"Lawrence","South Dakota",-0.0194073182911635,5.40597238434299,0,5.54182361238113,"2021-01-18",363,5.42053499927229,-0.0194997816498842,5.40523267747322,5.40532514083194,-0.0030670854452762,0,-0.002009398576376,-1,0,-1
46081,"Lawrence","South Dakota",-0.0260933692278642,5.33307665855821,0,5.51573024315326,"2021-01-19",364,5.41100809330071,-0.0240003431136898,5.34982086747161,5.34772784135743,-0.0066860509367007,0,-0.0045005614638056,-1,0,-1
46081,"Lawrence","South Dakota",-0.0267925169965802,5.30139010718062,0,5.48893772615669,"2021-01-20",365,5.38252720383985,-0.0254309006935752,5.31228303760466,5.31092142130166,-0.000699147768715998,0,-0.0014305575798854,-1,0,-1
46081,"Lawrence","South Dakota",-0.019070899796611,5.3363705277838,0,5.46986682636008,"2021-01-21",366,5.35388721770285,-0.0191623998324269,5.33563852749728,5.33573002753309,0.0077216171999692,0,0.0062685008611483,1,0,1
46081,"Lawrence","South Dakota",-0.0176028824449267,5.32904376680066,0,5.45226394391515,"2021-01-22",367,5.31461244903454,-0.0187986649196569,5.31947750700282,5.32067328947755,0.0014680173516843,0,0.000363734912769999,1,0,1
46081,"Lawrence","South Dakota",-0.0110838573137059,5.3635930854055,0,5.44118008660145,"2021-01-23",368,5.27519494912718,-0.0127869652642094,5.34996822180147,5.35167132975198,0.0065190251312208,0,0.0060116996554475,1,0,1
46081,"Lawrence","South Dakota",-0.011834457647002,5.34650442542543,0,5.42934562895444,"2021-01-24",369,5.21958332600553,-0.0136504744441952,5.33197629104789,5.33379230784507,-0.0007506003332961,0,-0.000863509179985801,-1,0,-1
46081,"Lawrence","South Dakota",-0.0088106296821532,5.35886059149721,0,5.42053499927229,"2021-01-25",370,5.15576582256413,-0.01098800032474,5.34144162635652,5.34361899699911,0.0030238279648488,0,0.0026624741194552,1,0,1
46081,"Lawrence","South Dakota",-0.00952690597157828,5.34431975149966,0,5.41100809330071,"2021-01-26",371,5.0998664278242,-0.0108012588088165,5.33412492880176,5.33539928163899,-0.000716276289425079,0,0.000186741515923501,-1,0,1
46081,"Lawrence","South Dakota",-0.028480889460855,5.18316097761387,0,5.38252720383985,"2021-01-27",372,5.05259949319529,-0.0231671573021938,5.22567083488316,5.22035710272449,-0.0189539834892767,0,-0.0123658984933773,-1,0,-1
46081,"Lawrence","South Dakota",-0.0286399861370085,5.15340731474379,0,5.35388721770285,"2021-01-28",373,4.99914091467052,-0.0238470046015001,5.19175116702785,5.18695818549235,-0.000159096676153502,0,-0.000679847299306303,-1,0,-1
46081,"Lawrence","South Dakota",-0.0392747686683036,5.03968906835641,0,5.31461244903454,"2021-01-29",374,4.94977254869255,-0.0303436555322518,5.11113797344484,5.10220686030878,-0.0106347825312951,0,-0.0064966509307517,-1,0,-1
46081,"Lawrence","South Dakota",-0.0394174999073522,4.99927244977571,0,5.27519494912718,"2021-01-30",375,4.88712158373089,-0.0307709280728168,5.068445024452,5.05979845261746,-0.0001427312390486,0,-0.000427272540565002,-1,0,-1
46081,"Lawrence","South Dakota",-0.0556116231216512,4.83030196415397,0,5.21958332600553,"2021-01-31",376,4.83514747688087,-0.0411482319275258,4.94600909370697,4.93154570251285,-0.016194123214299,0,-0.010377303854709,-1,0,-1
46081,"Lawrence","South Dakota",-0.0638175034413949,4.70904329847436,0,5.15576582256413,"2021-02-01",377,4.79105680894654,-0.0470740606267475,4.84299084099155,4.8262473981769,-0.0082058803197437,0,-0.0059258286992217,-1,0,-1
46081,"Lawrence","South Dakota",-0.0558993947399178,4.70857066464477,0,5.0998664278242,"2021-02-02",378,4.73745079671096,-0.0412367200516906,4.82587206215061,4.81120938746237,0.00791810870147711,0,0.0058373405750569,1,0,1
46081,"Lawrence","South Dakota",-0.0472669346289144,4.72173095079288,0,5.05259949319529,"2021-02-03",379,4.69527202068527,-0.0390635292654432,4.78735819370065,4.77915478833719,0.0086324601110034,0,0.0021731907862474,1,0,1
46081,"Lawrence","South Dakota",-0.053458578524762,4.62493086499718,0,4.99914091467052,"2021-02-04",380,4.64439089914137,-0.0432010679042105,4.70699094996161,4.69673343934105,-0.00619164389584759,0,-0.0041375386387673,-1,0,-1
46081,"Lawrence","South Dakota",-0.0493683659779688,4.60419398684677,0,4.94977254869255,"2021-02-05",381,4.59943951127911,-0.0431891682315436,4.65362756881817,4.64744837107174,0.0040902125467932,0,1.18996726669041e-05,1,0,1
46081,"Lawrence","South Dakota",-0.0626509649616686,4.44856482899921,0,4.88712158373089,"2021-02-06",382,4.53719720240189,-0.0513510400155905,4.53896422856783,4.52766430362176,-0.0132825989836998,0,-0.0081618717840469,-1,0,-1
46081,"Lawrence","South Dakota",-0.0519741068500177,4.47132872893074,0,4.83514747688087,"2021-02-07",383,4.48219512362928,-0.0442129212417478,4.53341821379691,4.52565702818864,0.0106768581116509,0,0.0071381187738427,1,0,1
46081,"Lawrence","South Dakota",-0.0440906679343327,4.48242213340621,0,4.79105680894654,"2021-02-08",384,4.4188406077966,-0.04267905483404,4.49371503820855,4.49230342510826,0.007883438915685,0,0.0015338664077078,1,0,1
46081,"Lawrence","South Dakota",-0.0536060122355725,4.36220871106195,0,4.73745079671096,"2021-02-09",385,4.34194841110647,-0.0486177837282216,4.40211453912077,4.39712631061341,-0.0095153443012398,0,-0.0059387288941816,-1,0,-1
46081,"Lawrence","South Dakota",-0.0421787760256895,4.40002058850545,0,4.69527202068527,"2021-02-10",386,4.25864761351338,-0.04253097462526,4.39720299970888,4.39755519830845,0.011427236209883,0,0.0060868091029616,1,0,1
46081,"Lawrence","South Dakota",-0.0508811215438921,4.28822304833413,0,4.64439089914137,"2021-02-11",387,4.19612725653204,-0.0484300243995202,4.30783182548911,4.30538072834473,-0.0087023455182026,0,-0.00589904977426019,-1,0,-1
46081,"Lawrence","South Dakota",-0.0449513878622669,4.28477979624324,0,4.59943951127911,"2021-02-12",388,4.12943588203337,-0.0434006042813405,4.29718606489065,4.29563528130973,0.0059297336816252,0,0.00502942011817969,1,0,1
46081,"Lawrence","South Dakota",-0.0622423088772152,4.10150104026138,0,4.53719720240189,"2021-02-13",389,4.0990951649807,-0.0547568136213292,4.16138500230848,4.15389950705259,-0.0172909210149483,0,-0.0113562093399887,-1,0,-1
46081,"Lawrence","South Dakota",-0.0550020787726112,4.097180572221,0,4.48219512362928,"2021-02-14",390,4.07024701064304,-0.052078899473244,4.12056600661594,4.11764282731657,0.007240230104604,0,0.0026779141480852,1,0,1
46081,"Lawrence","South Dakota",-0.0633545158326783,3.97535899696785,0,4.4188406077966,"2021-02-15",391,4.06535702534885,-0.0568791679264622,4.02716178021758,4.02068643231136,-0.0083524370600671,0,-0.0048002684532182,-1,0,-1
46081,"Lawrence","South Dakota",-0.0768921966901322,3.80370303427555,0,4.34194841110647,"2021-02-16",392,4.07511320029421,-0.0659997198696132,3.89084284883969,3.87995037201918,-0.0135376808574539,0,-0.009120551943151,-1,0,-1
46081,"Lawrence","South Dakota",-0.0833007975930863,3.67554203036177,0,4.25864761351338,"2021-02-17",393,4.06780500698749,-0.0665099236088985,3.80986902223528,3.79307814825109,-0.0064086009029541,0,-0.0005102037392853,-1,0,-1
46081,"Lawrence","South Dakota",-0.0625203569813395,3.75848475766267,0,4.19612725653204,"2021-02-18",394,4.05797691805123,-0.0561877971505264,3.80914523630917,3.80281267647836,0.0207804406117468,0,0.0103221264583721,1,0,1
46081,"Lawrence","South Dakota",-0.0666913744986671,3.6625962605427,0,4.12943588203337,"2021-02-19",395,4.05054193956371,-0.0626675500489618,3.69478685614034,3.69076303169064,-0.00417101751732761,0,-0.00647975289843539,-1,0,-1
46081,"Lawrence","South Dakota",-0.0303407170526705,3.88671014561201,0,4.0990951649807,"2021-02-20",396,4.04054185622913,-0.0354046075613155,3.84619902154285,3.85126291205149,0.0363506574459966,0,0.0272629424876463,1,0,1
46081,"Lawrence","South Dakota",-0.0288481543376604,3.86830993027942,0,4.07024701064304,"2021-02-21",397,4.03044076024262,-0.0325611932997664,3.83860561858257,3.84231865754468,0.0014925627150101,0,0.0028434142615491,1,0,1
46081,"Lawrence","South Dakota",-0.00488998529419196,4.0311271282895,0,4.06535702534885,"2021-02-22",398,4.01766919456313,-0.0155366385863801,3.945953901952,3.95660055524419,0.0239581690434684,0,0.0170245547133863,1,0,1
46081,"Lawrence","South Dakota",0.00975617494536555,4.14340642491177,0.00975617494536518,4.14340642491177,"2021-02-23",399,4.01251454397447,0.00333308642934555,4.09202171678361,4.09844480529963,0.0146461602395575,0.00975617494536518,0.0188697250157257,1,1,1
46081,"Lawrence","South Dakota",-0.00730819330672396,4.01664765384042,0,4.06780500698749,"2021-02-24",400,4.02279741093005,-0.0174699287099639,3.9353537706145,3.94551550601774,-0.0170643682520895,-0.00975617494536518,-0.0208030151393095,-1,-1,-1
46081,"Lawrence","South Dakota",-0.00982808893626404,3.98918029549738,0,4.05797691805123,"2021-02-25",401,4.03802613163188,-0.016642516651912,3.93466487377219,3.94147930148785,-0.00251989562954008,0,0.0008274120580519,-1,0,1
46081,"Lawrence","South Dakota",-0.00743497848751614,3.99849709015109,0,4.05054193956371,"2021-02-26",402,4.05054193956371,-0.0148275919227404,3.93935618266931,3.94674879610453,0.0023931104487479,0,0.0018149247291716,1,0,1
46081,"Lawrence","South Dakota",-0.0100000833345833,3.97054127288704,0,4.04054185622913,"2021-02-27",403,4.05550472890584,-0.0156521845883016,3.9253244628573,3.93097656411102,-0.00256510484706716,0,-0.000824592665561201,-1,0,-1
46081,"Lawrence","South Dakota",-0.0101010959865027,3.9597330883371,0,4.03044076024262,"2021-02-28",404,4.06290303638728,-0.0154360905934452,3.91705313148157,3.9223881260885,-0.0001010126519194,0,0.000216093994856401,-1,0,1
46081,"Lawrence","South Dakota",-0.0127715656794883,3.92826823480672,0,4.01766919456313,"2021-03-01",405,4.07268306544092,-0.0150678266644333,3.90989814692715,3.9121944079121,-0.0026704696929856,0,0.000368263929011901,-1,0,1
46081,"Lawrence","South Dakota",-0.00515465058866389,3.97643198985382,0,4.01251454397447,"2021-03-02",406,4.08236837117539,-0.0110140825789218,3.92955653393176,3.93541596592202,0.00761691509082441,0,0.0040537440855115,1,0,1
46081,"Lawrence","South Dakota",0.010282866955585,4.09477747961915,0.0102828669555848,4.09477747961915,"2021-03-03",407,4.0943445622221,0.00683248707872412,4.06717444060426,4.07062482048112,0.0154375175442489,0.0102828669555848,0.0178465696576459,1,1,1
46081,"Lawrence","South Dakota",0.0152287207018221,4.14462717654463,0.015228720701824,4.14462717654465,"2021-03-04",408,4.0943445622221,0.0100760332866786,4.10340567722348,4.10855836463863,0.0049458537462371,0.0049458537462392,0.00324354620795448,1,1,1
46081,"Lawrence","South Dakota",0.01251580793183,4.13815259508652,0.0125158079318304,4.13815259508652,"2021-03-05",409,4.08477511120595,0.00885606291423937,4.10887463494579,4.11253437996339,-0.0027129127699921,-0.0027129127699936,-0.00121997037243923,-1,-1,-1
46081,"Lawrence","South Dakota",0.00496278934212854,4.09024425430074,0.00496278934212846,4.09024425430074,"2021-03-06",410,4.07024701064304,0.00493745838814675,4.09004160666888,4.09006693762287,-0.00755301858970146,-0.00755301858970194,-0.00391860452609262,-1,-1,-1
46081,"Lawrence","South Dakota",0.00739830748144353,4.11469118875739,0.00739830748144499,4.1146911887574,"2021-03-07",411,4.04805127825126,0.00710188099698179,4.11231977688169,4.11261620336615,0.00243551813931499,0.00243551813931653,0.00216442260883504,1,1,1
46081,"Lawrence","South Dakota",0.00978002905364,4.1411432688164,0.00978002905363962,4.1411432688164,"2021-03-08",412,4.01251454397447,0.00845239796433374,4.13052222010195,4.13184985119126,0.00238172157219647,0.00238172157219463,0.00135051696735195,1,1,1
46081,"Lawrence","South Dakota",0.00968530573446417,4.15016551131663,0.00968530573446458,4.15016551131664,"2021-03-09",413,3.97029191355212,0.00805997235134498,4.13716284425168,4.1387881776348,-9.47233191758295e-05,-9.47233191750402e-05,-0.000392425612988761,-1,-1,-1
46081,"Lawrence","South Dakota",0.0119761910467151,4.17817789954911,0.0119761910467151,4.17817789954911,"2021-03-10",414,3.92055790787798,0.0102677316252678,4.16451022417753,4.16621868359897,0.00229088531225093,0.00229088531225052,0.00220775927392282,1,1,1
46081,"Lawrence","South Dakota",0,4.0943445622221,0,4.0943445622221,"2021-03-11",415,3.88008995832514,-0.0111633719240061,4.00503758683005,4.01620095875406,-0.0119761910467151,-0.0119761910467151,-0.0214311035492739,-1,-1,-1
46081,"Lawrence","South Dakota",-0.00956945101615061,4.0177889540929,0,4.08477511120595,"2021-03-12",416,3.84405002184194,-0.0109955021183614,4.00638054527521,4.00780659637742,-0.00956945101615061,0,0.000167869805644701,-1,0,1
46081,"Lawrence","South Dakota",-0.0145281005629122,3.96855030670265,0,4.07024701064304,"2021-03-13",417,3.80666248977032,-0.0152175599439056,3.9630346316547,3.9637240910357,-0.00495864954676159,0,-0.0042220578255442,-1,0,-1
46081,"Lawrence","South Dakota",-0.022195732391786,3.89268115150875,0,4.04805127825126,"2021-03-14",418,3.7744016275521,-0.0202832749312374,3.90798081119314,3.9060683537326,-0.0076676318288738,0,-0.0050657149873318,-1,0,-1
46081,"Lawrence","South Dakota",-0.0355367342767823,3.76375740403699,0,4.01251454397447,"2021-03-15",419,3.74444930526875,-0.0296272812962168,3.81103302788153,3.80512357490095,-0.0133410018849963,0,-0.0093440063649794,-1,0,-1
46081,"Lawrence","South Dakota",-0.0422226304223428,3.67473350059572,0,3.97029191355212,"2021-03-16",420,3.70657903121334,-0.0334972995915064,3.74453614724242,3.73581081641158,-0.0066858961455605,0,-0.0038700182952896,-1,0,-1
46081,"Lawrence","South Dakota",-0.0497340056741344,3.57241986815904,0,3.92055790787798,"2021-03-17",421,3.65620867182439,-0.0377465833178696,3.66831924700916,3.65633182465289,-0.0075113752517916,0,-0.0042492837263632,-1,0,-1
46081,"Lawrence","South Dakota",-0.040467949552842,3.59681431145524,0,3.88008995832514,"2021-03-18",422,3.59926729542425,-0.0307750451189288,3.67435754692655,3.66466464249264,0.0092660561212924,0,0.0069715381989408,1,0,1
46081,"Lawrence","South Dakota",-0.0360399364832002,3.59177046645954,0,3.84405002184194,"2021-03-19",423,3.65251180994306,-0.029792869924797,3.64174699892676,3.63549993236836,0.0044280130696418,0,0.000982175194131803,1,0,1
46081,"Lawrence","South Dakota",-0.0373875320716163,3.54494976526901,0,3.80666248977032,"2021-03-20",424,3.72397077392521,-0.0294252630900731,3.60864791712135,3.60068564813981,-0.0013475955884161,0,0.000367606834723901,-1,0,1
46081,"Lawrence","South Dakota",-0.0322608622182175,3.54857559202458,0,3.7744016275521,"2021-03-21",425,3.78418963391826,-0.0290486833304892,3.57427302312641,3.57106084423868,0.0051266698533988,0,0.000376579759583898,1,0,1
46081,"Lawrence","South Dakota",-0.0299523222833545,3.53478304928527,0,3.74444930526875,"2021-03-22",426,3.84405002184194,-0.0262618692809594,3.56430667330442,3.56061622030203,0.002308539934863,0,0.0027868140495298,1,0,1
46081,"Lawrence","South Dakota",-0.0378702740554032,3.44148711282551,0,3.70657903121334,"2021-03-23",427,3.90052862600241,-0.0322393625418811,3.4865344049337,3.48090349342017,-0.0079179517720487,0,-0.0059774932609217,-1,0,-1
46081,"Lawrence","South Dakota",-0.0503703593889489,3.30361615610174,0,3.65620867182439,"2021-03-24",428,3.96217278911362,-0.039662279039926,3.38928079889393,3.37857271854491,-0.0125000853335457,0,-0.0074229164980449,-1,0,-1
46081,"Lawrence","South Dakota",-0.0569413764001313,3.20067766062333,0,3.59926729542425,"2021-03-25",429,4.01509519056796,-0.0414559747965305,3.32456087345215,3.30907547184854,-0.0065710170111824,0,-0.0017936957566045,-1,0,-1
46081,"Lawrence","South Dakota",0.0532445145188082,4.02522341157472,0.0532445145188123,4.02522341157475,"2021-03-26",430,4.00473240353241,0.0351584763534725,3.88053510625203,3.89862114441737,0.110185890918939,0.0532445145188123,0.076614451150003,1,1,1
46081,"Lawrence","South Dakota",0.0714589639821387,4.22418352180018,0.0714589639821437,4.22418352180021,"2021-03-27",431,3.98898404656427,0.0373695725875238,3.95146839064325,3.98555778203788,0.0182144494633305,0.0182144494633314,0.00221109623405129,1,1,1
46081,"Lawrence","South Dakota",0.0602188599930596,4.20572165386968,0.0602188599930553,4.20572165386965,"2021-03-28",432,3.97834564835922,0.0342115770628128,3.99766339042771,4.02367067335795,-0.0112401039890791,-0.0112401039890884,-0.003157995524711,-1,-1,-1
46081,"Lawrence","South Dakota",0.0598603879236741,4.26307273730766,0.059860387923679,4.26307273730769,"2021-03-29",433,3.97029191355212,0.0356646972456129,4.06950721188316,4.09370290256123,-0.000358472069385503,-0.000358472069376295,0.0014531201828001,-1,-1,1
46081,"Lawrence","South Dakota",0.0564786041604659,4.29587885512567,0.0564786041604703,4.2958788551257,"2021-03-30",434,3.96759285658296,0.0409320325386883,4.17150628215145,4.18705285377323,-0.0033817837632082,-0.0033817837632087,0.0052673352930754,-1,-1,1
46081,"Lawrence","South Dakota",0.061644163111212,4.3936819308921,0.0616441631112079,4.39368193089207,"2021-03-31",435,3.95945169899926,0.0453525361442236,4.2633489151562,4.27964054212319,0.0051655589507461,0.0051655589507376,0.00442050360553529,1,1,1
46081,"Lawrence","South Dakota",0.0529224014543437,4.38555200074837,0.052922401454341,4.38555200074835,"2021-04-01",436,3.97029191355212,0.041182324660764,4.29163138639973,4.30337146319331,-0.0087217616568683,-0.0087217616568669,-0.0041702114834596,-1,-1,-1
46081,"Lawrence","South Dakota",-0.0103627870355435,3.93219289428361,0,4.00473240353241,"2021-04-02",437,3.97834564835922,-0.0104643048971634,3.93138075139065,3.93148226925227,-0.0632851884898872,-0.052922401454341,-0.0516466295579274,-1,-1,-1
46081,"Lawrence","South Dakota",-0.0157483569681385,3.87874554778731,0,3.98898404656427,"2021-04-03",438,3.98898404656427,-0.0144921348019233,3.88879532511702,3.88753910295081,-0.005385569932595,0,-0.0040278299047599,-1,0,-1
46081,"Lawrence","South Dakota",-0.010638398205059,3.90387686092381,0,3.97834564835922,"2021-04-04",439,4.00212484012533,-0.0103661319274039,3.90605499114504,3.90578272486739,0.0051099587630795,0,0.0041260028745194,1,0,1
46081,"Lawrence","South Dakota",-0.00805373480709691,3.91391576990244,0,3.97029191355212,"2021-04-05",440,4.02279741093005,-0.0109562414689832,3.89069571660735,3.89359822326924,0.00258466339796209,0,-0.000590109541579299,1,0,-1
46081,"Lawrence","South Dakota",-0.00269905696916415,3.94869945779881,0,3.96759285658296,"2021-04-06",441,4.04555439805267,-0.00804899713878439,3.90589993644185,3.91124987661147,0.00535467783793276,0,0.00290724433019881,1,0,1
46081,"Lawrence","South Dakota",-0.00814115758369988,3.90246359591336,0,3.95945169899926,"2021-04-07",442,4.07753744390572,-0.0104799006568931,3.88375365132782,3.88609239440101,-0.00544210061453573,0,-0.00243090351810871,-1,0,-1
46081,"Lawrence","South Dakota",0.0108402145528654,4.04617341542218,0.0108402145528657,4.04617341542218,"2021-04-08",443,4.10852919721406,0.0126113310564518,4.06034234745087,4.05857123094728,0.0189813721365653,0.0108402145528657,0.0230912317133449,1,1,1
46081,"Lawrence","South Dakota",0.00805373480709691,4.0347217920089,0.00805373480709637,4.03472179200889,"2021-04-09",444,4.14313472639153,0.010539879545671,4.05461094991749,4.05212480517892,-0.00278647974576849,-0.00278647974576933,-0.0020714515107808,-1,-1,-1
46081,"Lawrence","South Dakota",0.0106383982050557,4.06345283399966,0.0106383982050562,4.06345283399967,"2021-04-10",445,4.10146202999096,0.0138094513888741,4.08882125947021,4.08565020628639,0.00258466339795879,0.00258466339795983,0.0032695718432031,1,1,1
46081,"Lawrence","South Dakota",0.0131407935610578,4.09411039505274,0.0131407935610577,4.09411039505274,"2021-04-11",446,4.04805127825126,0.0149856491973279,4.10886924014289,4.10702438450663,0.0025023953560021,0.0025023953560015,0.0011761978084538,1,1,1
46081,"Lawrence","South Dakota",0.0206725708047221,4.16750540656311,0.0206725708047211,4.1675054065631,"2021-04-12",447,3.99162605602711,0.0189427764758675,4.15366705193227,4.15539684626112,0.0075317772436643,0.0075317772436634,0.0039571272785396,1,1,1
46081,"Lawrence","South Dakota",0.022756987122615,4.20485330791097,0.022756987122615,4.20485330791097,"2021-04-13",448,3.93182563272433,0.0217798008462595,4.19703581770013,4.19801300397649,0.0020844163178929,0.0020844163178939,0.002837024370392,1,1,1
46081,"Lawrence","South Dakota",0.0319830458530502,4.30141876487707,0.0319830458530515,4.30141876487708,"2021-04-14",449,3.86523084392139,0.0316415520408932,4.29868681437982,4.29902830819197,0.0092260587304352,0.0092260587304365,0.0098617511946337,1,1,1
46081,"Lawrence","South Dakota",0.0309917533083352,4.3254714703724,0.0309917533083377,4.32547147037242,"2021-04-15",450,3.77767495289707,0.0311200589595464,4.32649791558209,4.32636960993089,-0.000991292544715,-0.0009912925447138,-0.000521493081346802,-1,-1,-1
46081,"Lawrence","South Dakota",0.034605529177478,4.38537343063388,0.0346055291774752,4.38537343063386,"2021-04-16",451,3.67810735713203,0.0337811609068958,4.37877848446923,4.3796028527398,0.0036137758691428,0.0036137758691375,0.0026611019473494,1,1,1
46081,"Lawrence","South Dakota",-0.0416726964005655,3.80975315518701,0,4.10146202999096,"2021-04-17",452,3.67810735713203,-0.030457620698889,3.89947376080042,3.88825868509874,-0.0762782255780435,-0.0346055291774752,-0.0642387816057848,-1,-1,-1
46081,"Lawrence","South Dakota",-0.0534107517397122,3.67417601607327,0,4.04805127825126,"2021-04-18",453,3.68887945411394,-0.0368299773228964,3.80682221140779,3.79024143699099,-0.0117380553391467,0,-0.0063723566240074,-1,0,-1
46081,"Lawrence","South Dakota",-0.0564252222241489,3.59664950045807,0,3.99162605602711,"2021-04-19",454,3.69953674858792,-0.0401273314347369,3.72703262677337,3.71073473598395,-0.0030144704844367,0,-0.0032973541118405,-1,0,-1
46081,"Lawrence","South Dakota",-0.059800423302781,3.51322266960486,0,3.93182563272433,"2021-04-20",455,3.71357206670431,-0.042860509951373,3.64874197641613,3.63180206306472,-0.0033752010786321,0,-0.0027331785166361,-1,0,-1
46081,"Lawrence","South Dakota",-0.0665947888029266,3.3990673223009,0,3.86523084392139,"2021-04-21",456,3.73084365321297,-0.0430144399340438,3.58771011325198,3.56412976438308,-0.0067943655001456,0,-0.000153929982670803,-1,0,-1
46081,"Lawrence","South Dakota",-0.0875558910243261,3.16478371572678,0,3.77767495289707,"2021-04-22",457,3.76782265645406,-0.0568895048633804,3.41011480501435,3.37944841885341,-0.0209611022213995,0,-0.0138750649293366,-1,0,-1
46081,"Lawrence","South Dakota",-0.0995675957650574,2.98113418677662,0,3.67810735713203,"2021-04-23",458,3.78743112784243,-0.05951397399355,3.30156316094867,3.26150953917718,-0.0120117047407313,0,-0.00262446913016959,-1,0,-1
46081,"Lawrence","South Dakota",0,3.67810735713203,0,3.67810735713203,"2021-04-24",459,3.80666248977032,-0.012637234902894,3.57700947790888,3.58964671281177,0.0995675957650574,0,0.046876739090656,1,0,1
46081,"Lawrence","South Dakota",0.0107720969819123,3.76428413298732,0.0107720969819103,3.76428413298731,"2021-04-25",460,3.82241084673846,0.00927783904038043,3.75233006945507,3.7538243273966,0.0107720969819123,0.0107720969819103,0.0219150739432744,1,1,1
46081,"Lawrence","South Dakota",0.0106572944739878,3.77413780990584,0.0106572944739876,3.77413780990584,"2021-04-26",461,3.83791503327442,0.0116302180280797,3.78192119833858,3.78094827478448,-0.0001148025079245,-0.000114802507922699,0.00235237898769927,-1,-1,1
46081,"Lawrence","South Dakota",0.0140353181163846,3.811819293519,0.0140353181163841,3.811819293519,"2021-04-27",462,3.85620822632175,0.0153881008440677,3.82264155534046,3.82128877261278,0.0033780236423968,0.0033780236423965,0.003757882815988,1,1,1
46081,"Lawrence","South Dakota",0.0172715865086621,3.8517447587736,0.0172715865086603,3.85174475877359,"2021-04-28",463,3.87120101090789,0.0184951241838606,3.86153306017519,3.86030952249999,0.0032362683922775,0.0032362683922762,0.0031070233397929,1,1,1
46081,"Lawrence","South Dakota",0.0369790032410848,4.02667567914165,0.0369790032410879,4.02667567914167,"2021-04-29",464,3.87120101090789,0.0336113555018938,3.99973449722812,4.00310214496732,0.0197074167324227,0.0197074167324276,0.0151162313180332,1,1,1
46081,"Lawrence","South Dakota",0.0196084713883743,3.92469042756105,0.0196084713883748,3.92469042756106,"2021-04-30",465,3.87417278129705,0.0208034087225829,3.93424992623472,3.93305498890051,-0.0173705318527105,-0.0173705318527131,-0.0128079467793109,-1,-1,-1
46081,"Lawrence","South Dakota",0.0192313619278892,3.94128202326554,0.0192313619278885,3.94128202326554,"2021-05-01",466,3.86822038276975,0.0186696837589882,3.93678859791434,3.93735027608324,-0.000377109460485102,-0.000377109460486299,-0.0021337249635947,-1,-1,-1
46081,"Lawrence","South Dakota",0.0157483569681397,3.93264934551544,0.0157483569681389,3.93264934551543,"2021-05-02",467,3.86822038276975,0.0155601475169621,3.93114366990602,3.93133187935719,-0.0034830049597495,-0.0034830049597496,-0.0031095362420261,-1,-1,-1
46081,"Lawrence","South Dakota",0.0155041865359656,3.94644433902618,0.0155041865359649,3.94644433902618,"2021-05-03",468,3.86223234092513,0.0150319696841411,3.94266660421159,3.94313882106341,-0.000244170432174099,-0.000244170432174,-0.000528177832820999,-1,-1,-1
46081,"Lawrence","South Dakota",0.0182931930473251,3.98426057765303,0.0182931930473265,3.98426057765304,"2021-05-04",469,3.86523084392139,0.017599646102235,3.9787122020923,3.97940574903739,0.0027890065113595,0.0027890065113616,0.0025676764180939,1,1,1
46081,"Lawrence","South Dakota",0.0149927845861409,3.97615050301088,0.0149927845861413,3.97615050301088,"2021-05-05",470,3.86523084392139,0.0156554041015113,3.98145145913384,3.98078883961847,-0.0033004084611842,-0.0033004084611852,-0.0019442420007237,-1,-1,-1
46081,"Lawrence","South Dakota",0,3.87120101090789,0,3.87120101090789,"2021-05-06",471,3.86523084392139,-0.00831074043228449,3.80471508744961,3.8130258278819,-0.0149927845861409,-0.0149927845861413,-0.0239661445337958,-1,-1,-1
46081,"Lawrence","South Dakota",0.00297177038915612,3.89497517402114,0.00297177038915653,3.89497517402114,"2021-05-07",472,3.86223234092513,0.00583510573893256,3.91788185681935,3.91501852146958,0.00297177038915612,0.00297177038915653,0.0141458461712171,1,1,1
46081,"Lawrence","South Dakota",-0.00595239852729478,3.82655359307869,0,3.86822038276975,"2021-05-08",473,3.86822038276975,-0.0100168186359255,3.79403823220965,3.79810265231827,-0.0089241689164509,-0.00297177038915653,-0.0158519243748581,-1,-1,-1
46081,"Lawrence","South Dakota",0,3.86822038276975,0,3.86822038276975,"2021-05-09",474,3.87120101090789,-0.0107555425129813,3.7821760426659,3.79293158517888,0.00595239852729478,0,-0.0007387238770558,1,0,-1
46081,"Lawrence","South Dakota",-0.00598804184462494,3.82031604801276,0,3.86223234092513,"2021-05-10",475,3.87713574642771,-0.00878838242910163,3.79791332333694,3.80071366392142,-0.00598804184462494,0,0.00196716008387967,-1,0,1
46081,"Lawrence","South Dakota",0.00299850299625695,3.88622036489519,0.00299850299625604,3.88622036489518,"2021-05-11",476,3.87120101090789,0.00459589977246522,3.89899953910485,3.89740214232865,0.00898654484088189,0.00299850299625604,0.0133842822015669,1,1,1
46081,"Lawrence","South Dakota",6.28036983473404e-16,3.86523084392139,0,3.86523084392139,"2021-05-12",477,3.87713574642771,0.00343035337149963,3.89267367089339,3.88924331752189,-0.00299850299625632,-0.00299850299625604,-0.00116554640096559,-1,-1,-1
46081,"Lawrence","South Dakota",-6.28036983473555e-16,3.86523084392138,0,3.86523084392139,"2021-05-13",478,3.8859723282282,0.000940001735041901,3.87275085780173,3.87181085606668,-1.25607396694696e-15,0,-0.00249035163645773,-1,0,-1
46081,"Lawrence","South Dakota",-0.00299850299625545,3.84124281995134,0,3.86223234092513,"2021-05-14",479,3.88890058800729,-0.0105235405548814,3.78104251948234,3.78856755704096,-0.00299850299625482,0,-0.0114635422899233,-1,0,-1
46081,"Lawrence","South Dakota",0.00598804184462445,3.91013667568213,0.0059880418446232,3.91013667568212,"2021-05-15",480,3.88890058800729,0.00482292141786074,3.90081571226802,3.90198083269478,0.0089865448408799,0.0059880418446232,0.0153464619727421,1,1,1
46081,"Lawrence","South Dakota",0.00298062813813764,3.89206540787485,0.00298062813813704,3.89206540787485,"2021-05-16",481,3.89182029811063,0.0024256917178985,3.88762591651294,3.88818085293318,-0.00300741370648681,-0.00300741370648616,-0.00239722969996224,-1,-1,-1
46081,"Lawrence","South Dakota",0.00593473551981498,3.91867889506641,0.00593473551981472,3.91867889506641,"2021-05-17",482,3.89473150831808,0.00271263069013631,3.89290205642898,3.89612416125866,0.00295410738167734,0.00295410738167768,0.00028693897223781,1,1,1
46081,"Lawrence","South Dakota",-0.00593473551981671,3.82965786226917,0,3.87120101090789,"2021-05-18",483,3.89182029811063,-0.012472927478508,3.77735232659965,3.78389051855833,-0.0118694710396317,-0.00593473551981472,-0.0151855581686443,-1,-1,-1
46081,"Lawrence","South Dakota",0.00593473551981671,3.91867889506642,0.00593473551981472,3.91867889506641,"2021-05-19",484,3.85922481986117,0.00540542392867984,3.91444440233733,3.91497371392847,0.0118694710396334,0.00593473551981472,0.0178783514071878,1,1,1
46081,"Lawrence","South Dakota",0.00883658180049775,3.94782840083169,0.00883658180049718,3.94782840083168,"2021-05-20",485,3.81928095372953,0.0064240854204979,3.92852842979169,3.93094092617169,0.00290184628068104,0.00290184628068246,0.00101866149181806,1,1,1
46081,"Lawrence","South Dakota",0.00292825977908972,3.90939840646092,0.00292825977908961,3.90939840646092,"2021-05-21",486,3.79066214842388,0.00273483467956306,3.9078510056647,3.90804443076423,-0.00590832202140803,-0.00590832202140757,-0.00368925074093484,-1,-1,-1
46081,"Lawrence","South Dakota",1.25607396694701e-15,3.8889005880073,0,3.88890058800729,"2021-05-22",487,3.76120011569356,0.00281446866000361,3.91141633728732,3.90860186862732,-0.00292825977908846,-0.00292825977908961,7.96339804405499e-05,-1,-1,1
46081,"Lawrence","South Dakota",0.00291971010333322,3.91225826883396,0.00291971010333381,3.91225826883396,"2021-05-23",488,3.73084365321297,0.00316879118985194,3.91425091752611,3.91400183643959,0.00291971010333196,0.00291971010333381,0.00035432252984833,1,1,1
46081,"Lawrence","South Dakota",0.00291121020745727,3.91510997977029,0.00291121020745777,3.91510997977029,"2021-05-24",489,3.6959969218828,0.00367844807539033,3.92124788271375,3.92048064484581,-8.49989587594973e-06,-8.49989587603994e-06,0.00050965688553839,-1,-1,1
46081,"Lawrence","South Dakota",-0.00291121020745704,3.87144182665843,0,3.89182029811063,"2021-05-25",490,3.67449071666184,-0.0128416876301411,3.79199800727695,3.80192848469964,-0.00582242041491431,-0.00291121020745777,-0.0165201357055314,-1,-1,-1
46081,"Lawrence","South Dakota",-0.032595478249458,3.63105647211497,0,3.85922481986117,"2021-05-26",491,3.65620867182439,-0.0318565563400337,3.63696784739036,3.63622892548093,-0.029684268042001,0,-0.0190148687098926,-1,0,-1
46081,"Lawrence","South Dakota",-0.0399438661316461,3.53967389080801,0,3.81928095372953,"2021-05-27",492,3.63758615972639,-0.037427806570006,3.55980236730112,3.55728630773949,-0.0073483878821881,0,-0.0055712502299723,-1,0,-1
46081,"Lawrence","South Dakota",-0.02861880530565,3.59033051128433,0,3.79066214842388,"2021-05-28",493,3.61091791264422,-0.0274572663542193,3.59962282289578,3.59846128394435,0.0113250608259961,0,0.0099705402157867,1,0,1
46081,"Lawrence","South Dakota",-0.0294620327303194,3.55496588658133,0,3.76120011569356,"2021-05-29",494,3.59926729542425,-0.0291416510842736,3.55752893974969,3.55720855810365,-0.000843227424669402,0,-0.0016843847300543,-1,0,-1
46081,"Lawrence","South Dakota",-0.0303564624805905,3.51834841584883,0,3.73084365321297,"2021-05-30",495,3.58747933967221,-0.029549977821414,3.52480029312225,3.52399380846307,-0.000894429750271097,0,-0.000408326737140401,-1,0,-1
46081,"Lawrence","South Dakota",-0.0348467313301729,3.45206980257159,0,3.6959969218828,"2021-05-31",496,3.57555076880693,-0.0323576437242056,3.47198250341933,3.46949341581336,-0.0044902688495824,0,-0.0028076659027916,-1,0,-1
46081,"Lawrence","South Dakota",-0.0215062052209669,3.52394728011507,0,3.67449071666184,"2021-06-01",497,3.53888678443534,-0.0248016213807643,3.49758395083669,3.50087936699649,0.013340526109206,0,0.0075560223434413,1,0,1
46081,"Lawrence","South Dakota",-0.0182820448374444,3.52823435796228,0,3.65620867182439,"2021-06-02",498,3.500827222611,-0.0210354794061554,3.5062068814126,3.5089603159813,0.0032241603835225,0,0.0037661419746089,1,0,1
46081,"Lawrence","South Dakota",-0.0186225120980007,3.50722857504038,0,3.63758615972639,"2021-06-03",499,3.43858491373377,-0.0221230172916471,3.47922453349121,3.48272503868486,-0.000340467260556299,0,-0.0010875378854917,-1,0,-1
46081,"Lawrence","South Dakota",-0.0266682470821586,3.42424018306911,0,3.61091791264422,"2021-06-04",500,3.3770998300831,-0.0273543867588635,3.41875106565548,3.41943720533218,-0.0080457349841579,0,-0.0052313694672164,-1,0,-1
46081,"Lawrence","South Dakota",-0.0116506172199744,3.51771297488443,0,3.59926729542425,"2021-06-05",501,3.30636327899132,-0.0156395839317931,3.48580124118988,3.4897902079017,0.0150176298621842,0,0.0117148028270704,1,0,1
46081,"Lawrence","South Dakota",-0.0117879557520455,3.50496364940789,0,3.58747933967221,"2021-06-06",502,3.23023958351852,-0.01885847109032,3.44839952670169,3.45547004203997,-0.0001373385320711,0,-0.0032188871585269,-1,0,-1
46081,"Lawrence","South Dakota",-0.011928570865274,3.49205077275001,0,3.57555076880693,"2021-06-07",503,3.14784005175145,-0.0175581707471628,3.44701397369491,3.45264357357679,-0.0001406151132285,0,0.0013003003431572,-1,0,1
46081,"Lawrence","South Dakota",-0.0366639843715948,3.28223889383418,0,3.53888678443534,"2021-06-08",504,3.06472514504094,-0.0344060376154055,3.30030246788369,3.2980445211275,-0.0247354135063208,0,-0.0168478668682427,-1,0,-1
46081,"Lawrence","South Dakota",0.0555698511548168,3.44029108279252,0.0555698511548091,3.44029108279246,"2021-08-06",563,3.35240721749272,0.0471405494072473,3.37285666881197,3.38128597055953,0.0922338355264116,0.0555698511548091,0.0815465870226528,1,1,1
46081,"Lawrence","South Dakota",0.0590335315841939,3.52357037738235,0.0590335315841934,3.52357037738235,"2021-08-07",564,3.3722098447889,0.0451720889596608,3.41267883638609,3.42654027901062,0.0034636804293771,0.0034636804293843,-0.0019684604475865,1,1,-1
46081,"Lawrence","South Dakota",0.0557419830082361,3.55627152035888,0.055741983008236,3.55627152035888,"2021-08-08",565,3.391627930646,0.0483975822037283,3.49751631392282,3.50486071472733,-0.0032915485759578,-0.00329154857595741,0.0032254932440675,-1,-1,1
46081,"Lawrence","South Dakota",0.0527981855669708,3.588463123837,0.0527981855669712,3.588463123837,"2021-08-09",566,3.4106761256167,0.0465720076331443,3.53865370036638,3.54487987830021,-0.0029437974412653,-0.0029437974412648,-0.001825574570584,-1,-1,-1
46081,"Lawrence","South Dakota",0.0501497836854714,3.62007409435197,0.0501497836854723,3.62007409435198,"2021-08-10",567,3.42936825862885,0.0443910602199894,3.57400430662812,3.5797630300936,-0.0026484018814994,-0.0026484018814989,-0.0021809474131549,-1,-1,-1
46081,"Lawrence","South Dakota",0.0425596144187875,3.60950252390398,0.0425596144187943,3.60950252390403,"2021-08-11",568,3.52214999207982,0.0424079362038229,3.60828909818425,3.60844077639923,-0.0075901692666839,-0.007590169266678,-0.00198312401616649,-1,-1,-1
46081,"Lawrence","South Dakota",0.0206192872027354,3.47653952059435,0.0206192872027366,3.47653952059436,"2021-08-12",569,3.61091791264422,0.029586204937579,3.5482748624731,3.53930794473825,-0.0219403272160521,-0.0219403272160577,-0.0128217312662439,-1,-1,-1
46081,"Lawrence","South Dakota",0.0202027073175186,3.49382616871535,0.0202027073175208,3.49382616871537,"2021-08-13",570,3.71008166176454,0.0291643414189673,3.56551924152694,3.55655760742549,-0.000416579885216803,-0.000416579885215797,-0.000421863518611697,-1,-1,-1
46081,"Lawrence","South Dakota",0.0198026272961736,3.51082823586212,0.0198026272961771,3.51082823586214,"2021-08-14",571,3.80029304148484,0.0284770458789637,3.58022358452443,3.57154916594165,-0.000400080021344999,-0.000400080021343702,-0.000687295540003602,-1,-1,-1
46081,"Lawrence","South Dakota",0.0194180858570999,3.5275545316457,0.0194180858571027,3.52755453164572,"2021-08-15",572,3.88303546855489,0.0287469357882668,3.60218533109503,3.59285648116387,-0.0003845414390737,-0.0003845414390744,0.0002698899093031,-1,-1,1
46081,"Lawrence","South Dakota",0.0190481949706982,3.54401349041159,0.0190481949706953,3.54401349041157,"2021-08-16",573,3.9756682705885,0.027833189450845,3.61429344625276,3.60550845177262,-0.0003698908864017,-0.0003698908864074,-0.000913746337421799,-1,-1,-1
46081,"Lawrence","South Dakota",0.0186921330121512,3.56021318971391,0.0186921330121534,3.56021318971393,"2021-08-17",574,4.12019794104843,0.0308362764912068,3.65736633754635,3.6452221940673,-0.000356061958547,-0.0003560619585419,0.0030030870403618,-1,-1,1
46081,"Lawrence","South Dakota",0.0927817334509796,4.17162212623668,0.0927817334509657,4.17162212623658,"2021-08-18",575,4.27468002104443,0.0850356568810498,4.10965351367725,4.11739959024717,0.0740896004388284,0.0740896004388123,0.054199380389843,1,1,1
46081,"Lawrence","South Dakota",0.0887679205644182,4.23229335659515,0.0887679205644054,4.23229335659506,"2021-08-19",576,4.42399083377291,0.0790370136220923,4.15444610105656,4.16417700799887,-0.0040138128865614,-0.0040138128865603,-0.00599864325895751,-1,-1,-1
46081,"Lawrence","South Dakota",0.099163749120316,4.40422790560675,0.0991637491203159,4.40422790560675,"2021-08-20",577,4.5613675633297,0.0963115467608455,4.38141028673098,4.38426248909046,0.0103958285558978,0.0103958285559105,0.0172745331387532,1,1,1
46081,"Lawrence","South Dakota",0.0902113797203134,4.43177269952703,0.0902113797202992,4.43177269952693,"2021-08-21",578,4.68213122712422,0.0880963325148581,4.4148523218834,4.41696736908885,-0.0089523694000026,-0.0089523694000167,-0.0082152142459874,-1,-1,-1
46081,"Lawrence","South Dakota",0.082742427070055,4.46223245804528,0.082742427070055,4.46223245804528,"2021-08-22",579,4.78986986518701,0.0918160544188454,4.5348214768356,4.52574784948681,-0.0074689526502584,-0.00746895265024421,0.0037197219039873,-1,-1,1
46081,"Lawrence","South Dakota",0.0926328020336216,4.62409788482385,0.092632802033608,4.62409788482376,"2021-08-23",580,4.91370475459889,0.0934079651141506,4.6302991894681,4.62952402638755,0.00989037496356661,0.00989037496355301,0.0015919106953052,1,1,1
46081,"Lawrence","South Dakota",0.144529670459933,5.13190563426796,0.144529670459932,5.13190563426796,"2021-08-24",581,5.06078507778173,0.124759293970036,4.97374262234879,4.99351299883868,0.0518968684263114,0.051896868426324,0.0313513288558854,1,1,1
46081,"Lawrence","South Dakota",0.154482079996015,5.35605458101653,0.154482079995992,5.35605458101637,"2021-08-25",582,5.17776263614929,0.117287098466089,5.05849472877714,5.09568971030705,0.00995240953608198,0.00995240953606,-0.00747219550394701,1,1,-1
46081,"Lawrence","South Dakota",0.149310812728484,5.4691665228723,0.149310812728487,5.46916652287232,"2021-08-26",583,5.28898827125952,0.122133494563306,5.25174797755088,5.27892529571605,-0.00517126726753098,-0.005171267267505,0.004846396097217,-1,-1,1
46081,"Lawrence","South Dakota",0.137376729556784,5.52300467022718,0.137376729556784,5.52300467022719,"2021-08-27",584,5.40588972000246,0.112640557693045,5.32511529531727,5.34985146718101,-0.0119340831717,-0.011934083171703,-0.009492936870261,-1,-1,-1
46081,"Lawrence","South Dakota",0.120763663794521,5.52747687368587,0.120763663794522,5.52747687368587,"2021-08-28",585,5.51054440612089,0.108270328116044,5.42753018825806,5.44002352393653,-0.016613065762263,-0.016613065762262,-0.00437022957700099,-1,-1,-1
46081,"Lawrence","South Dakota",0.10773863806279,5.54404033162654,0.107738638062791,5.54404033162655,"2021-08-29",586,5.60527671824084,0.0982874441361395,5.46843078021334,5.47788197413999,-0.013025025731731,-0.013025025731731,-0.0099828839799045,-1,-1,-1
46081,"Lawrence","South Dakota",0.123834889411875,5.78054898048201,0.123834889411876,5.78054898048202,"2021-08-30",587,5.69035945432406,0.109488868209659,5.66578081086428,5.6801268320665,0.016096251349085,0.016096251349085,0.0112014240735195,1,1,1
46081,"Lawrence","South Dakota",0.14708032318284,6.09034734006161,0.147080323182842,6.09034734006162,"2021-08-31",588,5.77010511758728,0.11793951542455,5.85722087799529,5.88636168575358,0.023245433770965,0.023245433770966,0.008450647214891,1,1,1
46081,"Lawrence","South Dakota",0.116977558367561,5.99660554472222,0.116977558367562,5.99660554472223,"2021-09-01",589,5.84850105667129,0.10761319887078,5.92169066874797,5.93105502824475,-0.030102764815279,-0.03010276481528,-0.01032631655377,-1,-1,-1
46081,"Lawrence","South Dakota",0.111225635110207,6.06756771703097,0.111225635110226,6.0675677170311,"2021-09-02",590,5.92004526487819,0.102752270492097,5.99978080008607,6.0082541647042,-0.00575192325735401,-0.00575192325733601,-0.004860928378683,-1,-1,-1
46081,"Lawrence","South Dakota",0.116901448742965,6.22419986120322,0.116901448742947,6.2241998612031,"2021-09-03",591,5.98465570517865,0.106841725543094,6.14372207560427,6.15378179880412,0.005675813632758,0.005675813632721,0.004089455050997,1,1,1
46081,"Lawrence","South Dakota",0.104654686118446,6.24312720895002,0.10465468611843,6.2431272089499,"2021-09-04",592,6.04365030027855,0.0972250446709042,6.18369007736969,6.19111971881722,-0.012246762624519,-0.012246762624517,-0.0096166808721898,-1,-1,-1
46081,"Lawrence","South Dakota",0.0947323121199276,6.26840290308033,0.0947323121199419,6.26840290308043,"2021-09-05",593,6.09935756755249,0.0918294685261413,6.24518015433002,6.24808299792383,-0.00992237399851841,-0.0099223739984881,-0.00539557614476291,-1,-1,-1
46081,"Lawrence","South Dakota",0.0850827360832359,6.28593860690671,0.0850827360832236,6.28593860690663,"2021-09-06",594,6.14357232530544,0.0841710104003795,6.27864480144388,6.27955652712672,-0.0096495760366917,-0.0096495760367183,-0.0076584581257618,-1,-1,-1
46081,"Lawrence","South Dakota",0.079745663263204,6.3283247604297,0.079745663263215,6.32832476042978,"2021-09-07",595,6.17050692373889,0.0804926739239812,6.33430084571591,6.33355383505515,-0.0053370728200319,-0.0053370728200086,-0.0036783364763983,-1,-1,-1
46081,"Lawrence","South Dakota",0.0783959390840128,6.39727263025938,0.0783959390840137,6.39727263025938,"2021-09-08",596,6.19963948272827,0.0785209688772768,6.39827286860549,6.39814783881223,-0.0013497241791912,-0.0013497241792013,-0.00197170504670439,-1,-1,-1
46081,"Lawrence","South Dakota",0.0715442082069071,6.42085472232654,0.0715442082068982,6.42085472232647,"2021-09-09",597,6.22399249830383,0.0740652758898345,6.44102326378997,6.43850219610703,-0.00685173087710569,-0.00685173087711549,-0.00445569298744231,-1,-1,-1
46081,"Lawrence","South Dakota",0.0646104403004646,6.4369287872819,0.0646104403004637,6.4369287872819,"2021-09-10",598,6.24222326545517,0.0649982468027854,6.44003123930047,6.43964343279815,-0.0069337679064425,-0.0069337679064345,-0.00906702908704909,-1,-1,-1
46081,"Lawrence","South Dakota",0.0589945950999079,6.45661246597791,0.0589945950999002,6.45661246597785,"2021-09-11",599,6.2587616798955,0.0607231393948068,6.4704408203371,6.4687122760422,-0.0056158452005567,-0.0056158452005635,-0.0042751074079786,-1,-1,-1
46081,"Lawrence","South Dakota",0.0557072672739408,6.48930843847008,0.0557072672739398,6.48930843847007,"2021-09-12",600,6.27503101922608,0.0564106137716352,6.49493521045163,6.49423186395394,-0.0032873278259671,-0.0032873278259604,-0.0043125256231716,-1,-1,-1
46081,"Lawrence","South Dakota",0.0442147577529432,6.45307562957604,0.0442147577529504,6.45307562957609,"2021-09-13",601,6.29842389880078,0.0438121496767029,6.44985476496611,6.45025737304236,-0.0114925095209976,-0.0114925095209894,-0.0125984640949323,-1,-1,-1
46081,"Lawrence","South Dakota",0.0269345984334475,6.35904911277302,0.0269345984334493,6.35904911277304,"2021-09-14",602,6.31974001652502,0.0300471935237748,6.38394987349564,6.38083727840531,-0.0172801593194957,-0.0172801593195011,-0.0137649561529281,-1,-1,-1
46081,"Lawrence","South Dakota",0.0291325589893772,6.40356739565391,0.0291325589893807,6.40356739565394,"2021-09-15",603,6.31768028356201,0.0308348687876298,6.41718587403993,6.41548356424168,0.0021979605559297,0.0021979605559314,0.000787675263854998,1,1,1
46081,"Lawrence","South Dakota",0.0243530155755639,6.39446360733278,0.0243530155755618,6.39446360733277,"2021-09-16",604,6.31613269491163,0.0258308975895215,6.40628666344444,6.40480878143048,-0.0047795434138133,-0.0047795434138189,-0.0050039711981083,-1,-1,-1
46081,"Lawrence","South Dakota",0.0182307671513339,6.3698386355145,0.0182307671513326,6.36983863551449,"2021-09-17",605,6.310956699919,0.021374559841623,6.39498897703681,6.39184518434653,-0.00612224842423,-0.0061222484242292,-0.0044563377478985,-1,-1,-1
46081,"Lawrence","South Dakota",0.0165384144403305,6.37453058097781,0.0165384144403333,6.37453058097783,"2021-09-18",606,6.29894924685594,0.0195988126007207,6.39901376626093,6.39595336810054,-0.0016923527110034,-0.0016923527109993,-0.0017757472409023,-1,-1,-1
46081,"Lawrence","South Dakota",0.0162693393305761,6.38891639454011,0.0162693393305773,6.38891639454012,"2021-09-19",607,6.28679586080566,0.0197685800228502,6.4169103200783,6.41341107938603,-0.000269075109754401,-0.000269075109756,0.000169767422129499,-1,-1,1
46081,"Lawrence","South Dakota",0.0233928795747066,6.46217405582373,0.0233928795747058,6.46217405582372,"2021-09-20",608,6.27206805409542,0.0255812466484635,6.47968099241379,6.47749262534002,0.0071235402441305,0.0071235402441285,0.0058126666256133,1,1,1
46081,"Lawrence","South Dakota",0.0213161177242337,6.46895284059465,0.0213161177242336,6.46895284059465,"2021-09-21",609,6.25382881157547,0.0243266390315447,6.49303701105314,6.49002648974583,-0.0020767618504729,-0.0020767618504722,-0.0012546076169188,-1,-1,-1
46081,"Lawrence","South Dakota",-0.00205973296300976,6.30326215282094,0,6.31768028356201,"2021-09-22",610,6.23441072571837,0.00221583389305912,6.33746668766949,6.33319112081342,-0.0233758506872435,-0.0213161177242336,-0.0221108051384856,-1,-1,-1
46081,"Lawrence","South Dakota",-0.00154758865037524,6.305299574359,0,6.31613269491163,"2021-09-23",611,6.21260609575152,-0.000880729579764364,6.31063444692389,6.30996758785328,0.00051214431263452,0,-0.00309656347282348,1,0,-1
46081,"Lawrence","South Dakota",-0.0051759949926303,6.27472473497059,0,6.310956699919,"2021-09-24",612,6.1853264006408,-0.00194704199250805,6.30055635897157,6.29732740597144,-0.00362840634225506,0,-0.00106631241274369,-1,0,-1
46081,"Lawrence","South Dakota",-0.0120074530630604,6.21489707541452,0,6.29894924685594,"2021-09-25",613,6.15788656392648,-0.00604772642100022,6.262574888551,6.25661516190894,-0.0068314580704301,0,-0.00410068442849217,-1,0,-1
46081,"Lawrence","South Dakota",-0.0121533860502826,6.20172215845368,0,6.28679586080566,"2021-09-26",614,6.12967248761641,-0.00719454484313538,6.24139288811086,6.23643404690371,-0.000145932987222199,0,-0.00114681842213516,-1,0,-1
46081,"Lawrence","South Dakota",-0.0147278067102444,6.16897340712371,0,6.27206805409542,"2021-09-27",615,6.09646785611797,-0.00936868289068147,6.21184639768021,6.20648727386065,-0.0025744206599618,0,-0.00217413804754609,-1,0,-1
46081,"Lawrence","South Dakota",-0.0182392425199457,6.12615411393585,0,6.25382881157547,"2021-09-28",616,6.07073772800249,-0.0099114216651101,6.19277668077454,6.1844488599197,-0.0035114358097013,0,-0.000542738774428632,-1,0,-1
46081,"Lawrence","South Dakota",-0.019418085857103,6.09848412471865,0,6.23441072571837,"2021-09-29",617,6.06444943986447,-0.0115805253718584,6.1611846086006,6.15334704811536,-0.0011788433371573,0,-0.0016691037067483,-1,0,-1
46081,"Lawrence","South Dakota",-0.0218046299668518,6.05997368598356,0,6.21260609575152,"2021-09-30",618,6.04365030027855,-0.0160323663194284,6.10615179516294,6.10037953151552,-0.0023865441097488,0,-0.00445184094757,-1,0,-1
46081,"Lawrence","South Dakota",-0.0272796951107197,5.99436853486577,0,6.1853264006408,"2021-10-01",619,6.02137002988689,-0.0166953267271292,6.07904348193449,6.0684591135509,-0.0054750651438679,0,-0.000662960407700801,-1,0,-1
46081,"Lawrence","South Dakota",-0.0274398367143308,5.96580770692616,0,6.15788656392648,"2021-10-02",620,6.00176842224625,-0.0187951979833299,6.03496481677416,6.02632017804317,-0.000160141603611101,0,-0.0020998712562007,-1,0,-1
46081,"Lawrence","South Dakota",-0.0282140763100715,5.93217395344591,0,6.12967248761641,"2021-10-03",621,5.98177489656046,-0.0197900469092691,5.99956618865233,5.99114215925153,-0.000774239595740699,0,-0.0009948489259392,-1,0,-1
46081,"Lawrence","South Dakota",-0.033204631498448,5.86403543562883,0,6.09646785611797,"2021-10-04",622,5.96431355804203,-0.0220901941416414,5.95295093448328,5.94183649712648,-0.0049905551883765,0,-0.0023001472323723,-1,0,-1
46081,"Lawrence","South Dakota",-0.0257301281154706,5.8906268311942,0,6.07073772800249,"2021-10-05",623,5.93564976800158,-0.0192813818032779,5.94221680169175,5.93576805537954,0.0074745033829774,0,0.0028088123383635,1,0,1
46081,"Lawrence","South Dakota",-0.00628828813802054,6.02043142289833,0,6.06444943986447,"2021-10-06",624,5.89006443266625,-0.00830926410416353,6.00426361516918,6.00628459113533,0.0194418399774501,0,0.0109721176991144,1,0,1
46081,"Lawrence","South Dakota",-0.0207991395859231,5.89805632317709,0,6.04365030027855,"2021-10-07",625,5.86200647987109,-0.0177770191344734,5.92223328678868,5.91921116633724,-0.0145108514479026,0,-0.00946775503030987,-1,0,-1
46081,"Lawrence","South Dakota",-0.022280270391666,5.86540813714522,0,6.02137002988689,"2021-10-08",626,5.83648018653215,-0.0161754483671074,5.91424671334169,5.90814189131714,-0.0014811308057429,0,0.001601570767366,-1,0,1
46081,"Lawrence","South Dakota",-0.0196016076406317,5.86455716876183,0,6.00176842224625,"2021-10-09",627,5.81285039510235,-0.0165403192614235,5.8890474757955,5.88598618741629,0.0026786627510343,0,-0.0003648708943161,1,0,-1
46081,"Lawrence","South Dakota",-0.0199935256857911,5.84182021675993,0,5.98177489656046,"2021-10-10",628,5.78864869529944,-0.0166259951745385,5.86876046084994,5.86539293033869,-0.000391918045159399,0,-8.56759131150006e-05,-1,0,-1
46081,"Lawrence","South Dakota",-0.0174613385184306,5.84208418841302,0,5.96431355804203,"2021-10-11",629,5.75754889881186,-0.0163833679780322,5.8507079527362,5.8496299821958,0.0025321871673605,0,0.0002426271965063,1,0,1
46081,"Lawrence","South Dakota",-0.0286637900404389,5.73500323771851,0,5.93564976800158,"2021-10-12",630,5.72451837313538,-0.0245607760493788,5.767827349647,5.76372433565593,-0.0112024515220083,0,-0.0081774080713466,-1,0,-1
46081,"Lawrence","South Dakota",-0.0455853353353255,5.57096708531897,0,5.89006443266625,"2021-10-13",631,5.70711026474888,-0.0310739519223074,5.68705815262312,5.6725467692101,-0.0169215452948866,0,-0.0065131758729286,-1,0,-1
46081,"Lawrence","South Dakota",-0.0280579527951619,5.66560081030496,0,5.86200647987109,"2021-10-14",632,5.68552151552159,-0.0240367214756006,5.69777066086144,5.69374942954189,0.0175273825401636,0,0.0070372304467068,1,0,1
46081,"Lawrence","South Dakota",-0.0255262933389408,5.65779613315956,0,5.83648018653215,"2021-10-15",633,5.65798781946657,-0.0232201120493731,5.67624558347611,5.67393940218654,0.0025316594562211,0,0.000816609426227501,1,0,1
46081,"Lawrence","South Dakota",-0.0236297914297994,5.64744185509376,0,5.81285039510235,"2021-10-16",634,5.63121178182137,-0.0219627240238624,5.66077839434125,5.65911132693531,0.0018965019091414,0,0.0012573880255107,1,0,1
46081,"Lawrence","South Dakota",-0.024201699802912,5.61923679667906,0,5.78864869529944,"2021-10-17",635,5.60369901609922,-0.0228153182954618,5.63032784873866,5.62894146723121,-0.000571908373112599,0,-0.000852594271599397,-1,0,-1
46081,"Lawrence","South Dakota",-0.0310997964875809,5.5398503233988,0,5.75754889881186,"2021-10-18",636,5.58026876429083,-0.0278605047254769,5.56576465749562,5.56252536573352,-0.0068980966846689,0,-0.0050451864300151,-1,0,-1
46081,"Lawrence","South Dakota",-0.0330305256764825,5.4933046934,0,5.72451837313538,"2021-10-19",637,5.56943442212512,-0.0293352394872747,5.52286698291366,5.51917169672446,-0.0019307291889016,0,-0.0014747347617978,-1,0,-1
46081,"Lawrence","South Dakota",-0.0174081083865058,5.58525350604333,0,5.70711026474888,"2021-10-20",638,5.55018719612064,-0.0173024110695428,5.58609908457904,5.58599338726208,0.0156224172899767,0,0.0120328284177319,1,0,1
46081,"Lawrence","South Dakota",-0.0215887492272771,5.53440027093065,0,5.68552151552159,"2021-10-21",639,5.51745289646471,-0.0211036504902958,5.53828106082651,5.53779596208952,-0.0041806408407713,0,-0.003801239420753,-1,0,-1
46081,"Lawrence","South Dakota",-0.027533696055029,5.46525194708137,0,5.65798781946657,"2021-10-22",640,5.49188497261662,-0.0252541478002101,5.48348833311991,5.4812087848651,-0.0059449468277519,0,-0.0041504973099143,-1,0,-1
46081,"Lawrence","South Dakota",-0.0267760376452094,5.4437795183049,0,5.63121178182137,"2021-10-23",641,5.46745718663993,-0.0249371476762695,5.45849063805641,5.45665174808748,0.0007576584098196,0,0.000317000123940602,1,0,1
46081,"Lawrence","South Dakota",-0.0275127657221464,5.41110965604419,0,5.60369901609922,"2021-10-24",642,5.44241771052179,-0.0239142215135085,5.4398980097133,5.43629946550466,-0.000736728076937001,0,0.001022926162761,-1,0,1
46081,"Lawrence","South Dakota",-0.0234302518083888,5.41625700163211,0,5.58026876429083,"2021-10-25",643,5.41610040220442,-0.0233921980959042,5.41656143133199,5.4165233776195,0.0040825139137576,0,0.000522023417604298,1,0,1
46081,"Lawrence","South Dakota",-0.0108343421657087,5.49359402696516,0,5.56943442212512,"2021-10-26",644,5.38580482067115,-0.012932876779305,5.47680575005639,5.47890428466999,0.0125959096426801,0,0.0104593213165992,1,0,1
46081,"Lawrence","South Dakota",-0.0192472260044794,5.41545661408929,0,5.55018719612064,"2021-10-27",645,5.35388721770285,-0.019873930925311,5.41044297472263,5.41106967964346,-0.0084128838387707,0,-0.006941054146006,-1,0,-1
46081,"Lawrence","South Dakota",-0.0327342996559346,5.28831279887317,0,5.51745289646471,"2021-10-28",646,5.34438273339128,-0.0285054116241793,5.32214390312721,5.31791501509545,-0.0134870736514552,0,-0.0086314806988683,-1,0,-1
46081,"Lawrence","South Dakota",-0.0255679238480896,5.31290950567999,0,5.49188497261662,"2021-10-29",647,5.33822465713989,-0.0235407053610837,5.32912725357604,5.32710003508903,0.007166375807845,0,0.0049647062630956,1,0,1
46081,"Lawrence","South Dakota",-0.0244277859766906,5.29646268480309,0,5.46745718663993,"2021-10-30",648,5.33478704632943,-0.0228746599238883,5.30888769322551,5.30733456717271,0.001140137871399,0,0.000666045437195398,1,0,1
46081,"Lawrence","South Dakota",-0.0250394761181359,5.26714137769484,0,5.44241771052179,"2021-10-31",649,5.33133757757617,-0.0240001375595462,5.27545608616356,5.27441674760497,-0.000611690141445298,0,-0.0011254776356579,-1,0,-1
46081,"Lawrence","South Dakota",-0.0263173083173678,5.23187924398285,0,5.41610040220442,"2021-11-01",650,5.32926217039746,-0.0239284417306683,5.25099017667644,5.24860131008974,-0.0012778321992319,0,7.16958288779004e-05,-1,0,1
46081,"Lawrence","South Dakota",-0.0302955815332639,5.1737357499383,0,5.38580482067115,"2021-11-02",651,5.33409810382887,-0.0262676671686675,5.20595906485508,5.20193115049048,-0.0039782732158961,0,-0.0023392254379992,-1,0,-1
46081,"Lawrence","South Dakota",-0.0319176029682995,5.13046399692475,0,5.35388721770285,"2021-11-03",652,5.34506462908767,-0.0284182386848911,5.15845891119202,5.15495954690861,-0.0016220214350356,0,-0.0021505715162236,-1,0,-1
46081,"Lawrence","South Dakota",-0.00950448431156276,5.27785134321034,0,5.34438273339128,"2021-11-04",653,5.34370037239585,-0.0141558115111003,5.24064072561405,5.24529205281358,0.0224131186567367,0,0.0142624271737908,1,0,1
46081,"Lawrence","South Dakota",-0.00615807625139208,5.29511812338015,0,5.33822465713989,"2021-11-05",654,5.35118085610511,-0.0111668241823213,5.25504813993271,5.26005688786364,0.00334640806017068,0,0.002988987328779,1,0,1
46081,"Lawrence","South Dakota",-0.00343761081046296,5.31072377065619,0,5.33478704632943,"2021-11-06",655,5.36330221663745,-0.0105414419110481,5.25389312185151,5.26099695295209,0.00272046544092912,0,0.000625382271273199,1,0,1
46081,"Lawrence","South Dakota",-0.00344946875325181,5.30719129630341,0,5.33133757757617,"2021-11-07",656,5.37527840768417,-0.00924299757735012,5.26084306571063,5.26663659453472,-1.18579427888501e-05,0,0.00129844433369798,-1,0,1
46081,"Lawrence","South Dakota",-0.00207540717871392,5.31473432014646,0,5.32926217039746,"2021-11-08",657,5.39167759448328,-0.00721159594641632,5.27364481000484,5.27878099877255,0.00137406157453789,0,0.0020314016309338,1,0,1
46081,"Lawrence","South Dakota",0.00483593343141654,5.36794963784879,0.00483593343141653,5.36794963784879,"2021-11-09",658,5.40396355568302,0.00495253121487903,5.36888242011649,5.36876582233302,0.00691134061013046,0.00483593343141653,0.0121641271612953,1,1,1
46081,"Lawrence","South Dakota",0.010966525258798,5.42183030589926,0.0109665252587972,5.42183030589925,"2021-11-10",659,5.41036972749544,0.0103953582044824,5.41726096946473,5.41783213651905,0.00613059182738146,0.00613059182738067,0.00544282698960337,1,1,1
46081,"Lawrence","South Dakota",-0.00136425669181916,5.33415057555312,0,5.34370037239585,"2021-11-11",660,5.41736943790772,-0.00675173857667547,5.29105072047427,5.29643820235912,-0.0123307819506172,-0.0109665252587972,-0.0171470967811579,-1,-1,-1
46081,"Lawrence","South Dakota",0.00748048370925295,5.40354424206988,0.00748048370925236,5.40354424206987,"2021-11-12",661,5.42934562895444,0.00804686458618543,5.40807528908533,5.40750890820841,0.00884474040107211,0.00748048370925236,0.0147986031628609,1,1,1
46081,"Lawrence","South Dakota",0.0121213605323437,5.44815174036385,0.0121213605323423,5.44815174036384,"2021-11-13",662,5.43745799793707,0.0114518639220736,5.4427957674817,5.44346526409197,0.00464087682309075,0.00464087682308994,0.00340499933588817,1,1,1
46081,"Lawrence","South Dakota",0.011976191046718,5.45911174501119,0.0119761910467178,5.45911174501119,"2021-11-14",663,5.44550508562005,0.00982166428619114,5.44187553092698,5.44403005768751,-0.0001451694856257,-0.000145169485624499,-0.00163019963588246,-1,-1,-1
46081,"Lawrence","South Dakota",0.0163991867991203,5.50647190207713,0.0163991867991191,5.50647190207712,"2021-11-15",664,5.45958551414416,0.0142321475176048,5.48913558782501,5.49130262710651,0.0044229957524023,0.0044229957524013,0.00441048323141366,1,1,1
46081,"Lawrence","South Dakota",0.0122859611997376,5.48996528408119,0.0122859611997379,5.48996528408119,"2021-11-16",665,5.4812339843533,0.010760411227168,5.47776088430062,5.4792864342732,-0.0041132255993827,-0.0041132255993812,-0.0034717362904368,-1,-1,-1
46081,"Lawrence","South Dakota",0.00640617181241162,5.45521293018232,0.00640617181241421,5.45521293018234,"2021-11-17",666,5.49775353406028,0.00683115769274975,5.45861281722502,5.45818783134469,-0.00587978938732598,-0.00587978938732369,-0.00392925353441825,-1,-1,-1
46081,"Lawrence","South Dakota",0.00699971041228748,5.46636741079374,0.00699971041228764,5.46636741079374,"2021-11-18",667,5.52317373586592,0.00674398515486437,5.46432160873436,5.46457733399177,0.00059353859987586,0.00059353859987343,-8.71725378853803e-05,1,1,-1
46081,"Lawrence","South Dakota",0.0119761910467161,5.51317896628145,0.0119761910467169,5.51317896628146,"2021-11-19",668,5.53733426701854,0.0120996064911428,5.51416628983686,5.51404287439244,0.00497648063442862,0.00497648063442926,0.00535562133627843,1,1,1
46081,"Lawrence","South Dakota",0.00811236898262897,5.49424458081547,0.0081123689826299,5.49424458081548,"2021-11-20",669,5.54963179482894,0.0079331266264833,5.49281064196631,5.49298988432245,-0.00386382206408713,-0.003863822064087,-0.0041664798646595,-1,-1,-1
46081,"Lawrence","South Dakota",0.00804708768297408,5.50183469940086,0.00804708768297502,5.50183469940087,"2021-11-21",670,5.56177992876459,0.00879448031461186,5.50781384045396,5.50706644782233,-6.52812996548898e-05,-6.52812996548794e-05,0.00086135368812856,-1,-1,1
46081,"Lawrence","South Dakota",0.0140804285241143,5.55814851381296,0.014080428524113,5.55814851381295,"2021-11-22",671,5.56725339617876,0.0127001580721969,5.54710635019763,5.54848662064954,0.00603334084114022,0.00603334084113798,0.00390567775758504,1,1,1
46081,"Lawrence","South Dakota",0.0216484702091408,5.63277327581729,0.0216484702091426,5.6327732758173,"2021-11-23",672,5.56287702157896,0.0197765565037293,5.61779796617399,5.6196698798794,0.0075680416850265,0.0075680416850296,0.0070763984315324,1,1,1
46081,"Lawrence","South Dakota",0.0165195497069726,5.61339038200909,0.0165195497069757,5.61339038200911,"2021-11-24",673,5.56342511696128,0.0130451613860075,5.58559527544136,5.58906966376233,-0.0051289205021682,-0.0051289205021669,-0.0067313951177218,-1,-1,-1
46081,"Lawrence","South Dakota",0.0254202018056461,5.70111514850544,0.025420201805642,5.70111514850541,"2021-11-25",674,5.55737948161977,0.0230596246401876,5.68223053118178,5.68459110834723,0.0089006520986735,0.0089006520986663,0.0100144632541801,1,1,1
46081,"Lawrence","South Dakota",0.0141605311526184,5.63645798508687,0.0141605311526174,5.63645798508686,"2021-11-26",675,5.54573532454982,0.0137762909797217,5.63338406370369,5.63376830387659,-0.0112596706530277,-0.0112596706530246,-0.0092833336604659,-1,-1,-1
46081,"Lawrence","South Dakota",0.0122975278104061,5.63571448950178,0.0122975278104054,5.63571448950178,"2021-11-27",676,5.53112832326438,0.0129928926703666,5.64127740838147,5.64058204352151,-0.0018630033422123,-0.001863003342212,-0.0007833983093551,-1,-1,-1
46081,"Lawrence","South Dakota",0.0121481339356483,5.64681686631413,0.0121481339356473,5.64681686631412,"2021-11-28",677,5.51630479071288,0.0124085686307444,5.6489003438749,5.6486399091798,-0.0001493938747578,-0.0001493938747581,-0.0005843240396222,-1,-1,-1
46081,"Lawrence","South Dakota",0.00547346741417518,5.60556766807799,0.00547346741417432,5.60556766807798,"2021-11-29",678,5.49833850044139,0.00633926190687859,5.61249402401962,5.61162822952691,-0.00667466652147312,-0.00667466652147298,-0.00606930672386581,-1,-1,-1
46081,"Lawrence","South Dakota",-0.00437637459979683,5.53224239938039,0,5.56287702157896,"2021-11-30",679,5.48538952610059,-0.00636051295175103,5.51636929256475,5.5183534309167,-0.00984984201397201,-0.00547346741417432,-0.0126997748586296,-1,-1,-1
46081,"Lawrence","South Dakota",0.000548095382314298,5.56726178463748,0.000548095382314706,5.56726178463748,"2021-12-01",680,5.46986682636008,0.00422771483092411,5.59669874022635,5.59301912077775,0.00492446998211113,0.000548095382314706,0.0105882277826751,1,1,1
46081,"Lawrence","South Dakota",-0.00604563534151262,5.51506003422918,0,5.55737948161977,"2021-12-02",681,5.45958551414416,-0.00645711869753795,5.51176816738098,5.512179650737,-0.00659373072382692,-0.000548095382314706,-0.0106848335284621,-1,-1,-1
46081,"Lawrence","South Dakota",-0.0116441570699471,5.46422622506019,0,5.54573532454982,"2021-12-03",682,5.46926496055798,-0.010079152765287,5.47674625949747,5.47518125519281,-0.00559852172843448,0,-0.00362203406774905,-1,0,-1
46081,"Lawrence","South Dakota",-0.0146070012854347,5.42887931426634,0,5.53112832326438,"2021-12-04",683,5.47944773797184,-0.0130451437967416,5.44137417417589,5.43981231668719,-0.0029628442154876,0,-0.0029659910314546,-1,0,-1
46081,"Lawrence","South Dakota",-0.0148235325515074,5.41254006285233,0,5.51630479071288,"2021-12-05",684,5.48952787075924,-0.0128707590980301,5.42816225048014,5.42620947702667,-0.000216531266072699,0,0.0001743846987115,-1,0,1
46081,"Lawrence","South Dakota",-0.0179662902714866,5.37257446854098,0,5.49833850044139,"2021-12-06",685,5.49892312483688,-0.0154900182185073,5.39238464496482,5.38990837291184,-0.0031427577199792,0,-0.0026192591204772,-1,0,-1
46081,"Lawrence","South Dakota",-0.0129489743408003,5.39474670571499,0,5.48538952610059,"2021-12-07",686,5.49599657899631,-0.0116806462329895,5.40489333057747,5.40362500246966,0.0050173159306863,0,0.0038093719855178,1,0,1
46081,"Lawrence","South Dakota",-0.0155226997405107,5.3612079281765,0,5.46986682636008,"2021-12-08",687,5.48301704574696,-0.0136159292905769,5.37646209177598,5.37455532132604,-0.0025737253997104,0,-0.0019352830575874,-1,0,-1
46081,"Lawrence","South Dakota",-0.0102813122159204,5.38761632863272,0,5.45958551414416,"2021-12-09",688,5.47227067367148,-0.0102730821142886,5.38768216944577,5.38767393934414,0.0052413875245903,0,0.0033428471762883,1,0,1
46081,"Lawrence","South Dakota",0.00967944641381994,5.53702108545472,0.00967944641382168,5.53702108545473,"2021-12-10",689,5.44673737166631,0.0109877528552941,5.54748753698651,5.54617923054504,0.0199607586297403,0.00967944641382168,0.0212608349695827,1,1,1
46081,"Lawrence","South Dakota",0.0101827774138589,5.55072717986885,0.010182777413859,5.55072717986885,"2021-12-11",690,5.4249500174814,0.0112373231076972,5.55916354541956,5.55810899972572,0.000503331000038961,0.00050333100003732,0.000249570252403101,1,1,1
46081,"Lawrence","South Dakota",0.0100801327873971,5.56008880027102,0.0100801327873974,5.56008880027102,"2021-12-12",691,5.40267738187228,0.0120523510561471,5.57586654642102,5.57389432815227,-0.000102644626461802,-0.0001026446264616,0.0008150279484499,-1,-1,1
46081,"Lawrence","South Dakota",0.0093952540776413,5.56468990338037,0.00939525407764119,5.56468990338037,"2021-12-13",692,5.38252720383985,0.0106889079776083,5.57503913458011,5.57374548068014,-0.000684878709755799,-0.000684878709756209,-0.0013634430785388,-1,-1,-1
46081,"Lawrence","South Dakota",-0.00292654584056484,5.47551075811236,0,5.49599657899631,"2021-12-14",693,5.36129216570943,-0.00199718611668638,5.48294563590339,5.48201627617951,-0.0123217999182061,-0.00939525407764119,-0.0126860940942947,-1,-1,-1
46081,"Lawrence","South Dakota",-0.0129795332493544,5.39216031300148,0,5.48301704574696,"2021-12-15",694,5.34914626740732,-0.00951288043156072,5.41989353554382,5.41642688272603,-0.0100529874087896,0,-0.00751569431487434,-1,0,-1
46081,"Lawrence","South Dakota",-0.0107463720754849,5.39704606914308,0,5.47227067367148,"2021-12-16",695,5.33409810382887,-0.00893379102401601,5.41154671755483,5.40973413650337,0.0022331611738695,0,0.000579089407544711,1,0,1
46081,"Lawrence","South Dakota",-0.0255333020051692,5.26800425763013,0,5.44673737166631,"2021-12-17",696,5.32926217039746,-0.0198796926558674,5.31323313242454,5.30757952307524,-0.0147869299296843,0,-0.0109459016318514,-1,0,-1
46081,"Lawrence","South Dakota",-0.0217873541849107,5.27243853818703,0,5.4249500174814,"2021-12-18",697,5.32995445149122,-0.016292199667347,5.31639977432753,5.31090461980997,0.0037459478202585,0,0.0035874929885204,1,0,1
46081,"Lawrence","South Dakota",-0.0222726356091189,5.24676893260845,0,5.40267738187228,"2021-12-19",698,5.3306462536634,-0.0189547897568702,5.27331169942644,5.26999385357419,-0.0004852814242082,0,-0.0026625900895232,-1,0,-1
46081,"Lawrence","South Dakota",-0.0201501780324266,5.24147595761286,0,5.38252720383985,"2021-12-20",699,5.32718244694421,-0.0160000402924614,5.27467705953259,5.27052692179262,0.0021224575766923,0,0.0029547494644088,1,0,1
46081,"Lawrence","South Dakota",-0.0212350381304208,5.21264689879648,0,5.36129216570943,"2021-12-21",700,5.32995445149122,-0.0176853359335678,5.24104451637131,5.23749481417445,-0.0010848600979942,0,-0.0016852956411064,-1,0,-1
46081,"Lawrence","South Dakota",-0.0121458983021135,5.26412497929252,0,5.34914626740732,"2021-12-22",701,5.32161527877286,-0.0120537774242978,5.26486194631505,5.26476982543724,0.0090891398283073,0,0.00563155850927,1,0,1
46081,"Lawrence","South Dakota",-0.0150481635784447,5.22876095877976,0,5.33409810382887,"2021-12-23",702,5.31038709063537,-0.0142033814300557,5.23551921596687,5.23467443381848,-0.0029022652763312,0,-0.0021496040057579,-1,0,-1
46081,"Lawrence","South Dakota",-0.00483593343141528,5.29541063637755,0,5.32926217039746,"2021-12-24",703,5.2853768552723,-0.00703777150321696,5.27779593180313,5.27999776987494,0.0102122301470294,0,0.00716560992683874,1,0,1
46081,"Lawrence","South Dakota",0.000692281093760404,5.33480041914754,0.000692281093759739,5.33480041914753,"2021-12-25",704,5.24702407216049,0.00272880385372983,5.3510926012273,5.34905607846733,0.00552821452517568,0.000692281093759739,0.00976657535694679,1,1,1
46081,"Lawrence","South Dakota",0.00069180217218188,5.33548886886867,0.000691802172181788,5.33548886886867,"2021-12-26",705,5.20714148588217,0.00274914911993928,5.35194764445073,5.34989029750298,-4.78921578523934e-07,-4.78921577951041e-07,2.03452662094501e-05,-1,-1,1
46081,"Lawrence","South Dakota",-0.00346380671918823,5.30293579990989,0,5.32718244694421,"2021-12-27",706,5.16151532505539,-0.00745274331928696,5.2710243071091,5.2750132437092,-0.00415560889137011,-0.000691802172181788,-0.0102018924392262,-1,-1,-1
46081,"Lawrence","South Dakota",0.00277200454700761,5.34935848332027,0.00277200454700743,5.34935848332027,"2021-12-28",707,5.11370747923607,0.00412334594864947,5.36016921453341,5.35881787313177,0.00623581126619584,0.00277200454700743,0.0115760892679364,1,1,1
46081,"Lawrence","South Dakota",-0.00833917271835616,5.26324106974437,0,5.32161527877286,"2021-12-29",708,5.07695793702733,-0.00891740282229323,5.25861522891287,5.25919345901681,-0.0111111772653638,-0.00277200454700743,-0.0130407487709427,-1,-1,-1
46081,"Lawrence","South Dakota",-0.0112281881374927,5.23178977367292,0,5.31038709063537,"2021-12-30",709,5.04802282616788,-0.0109623091900519,5.23391680525244,5.23365092630501,-0.00288901541913654,0,-0.00204490636775867,-1,0,-1
46081,"Lawrence","South Dakota",-0.0250102353630607,5.11030520773087,0,5.2853768552723,"2021-12-31",710,5.01917019654609,-0.0210489808403217,5.1419952439128,5.13803398939005,-0.013782047225568,0,-0.0100866716502698,-1,0,-1
46081,"Lawrence","South Dakota",-0.0383527831118141,4.97855459037779,0,5.24702407216049,"2022-01-01",711,4.99914091467052,-0.0323744079270487,5.02638159185591,5.02040321667115,-0.0133425477487534,0,-0.011325427086727,-1,0,-1
46081,"Lawrence","South Dakota",-0.039882586278309,4.92796338193401,0,5.20714148588217,"2022-01-02",712,4.97870224699324,-0.033387775789077,4.97992186584787,4.97342705535863,-0.0015298031664949,0,-0.0010133678620283,-1,0,-1
46081,"Lawrence","South Dakota",-0.0456261608267887,4.84213219926787,0,5.16151532505539,"2022-01-03",713,4.97771847908311,-0.0389262399193074,4.89573156652771,4.88903164562024,-0.0057435745484797,0,-0.0055384641302304,-1,0,-1
46081,"Lawrence","South Dakota",-0.0478078458193295,4.77905255850076,0,5.11370747923607,"2022-01-04",714,5.01063529409626,-0.0402245714169153,4.83971875372007,4.83213547931766,-0.0021816849925408,0,-0.0012983314976079,-1,0,-1
46081,"Lawrence","South Dakota",-0.0367495422087475,4.81971114156609,0,5.07695793702733,"2022-01-05",715,5.07428055925661,-0.0328584922159579,4.85083954150841,4.84694849151562,0.011058303610582,0,0.0073660792009574,1,0,1
46081,"Lawrence","South Dakota",-0.0289351108594481,4.84547705015174,0,5.04802282616788,"2022-01-06",716,5.17129535410903,-0.0287859943809998,4.84666998197933,4.84652086550088,0.0078144313492994,0,0.0040724978349581,1,0,1
46081,"Lawrence","South Dakota",-0.0288526296217925,4.81720178919354,0,5.01917019654609,"2022-01-07",717,5.28826703069454,-0.0274487197512827,4.82843306815762,4.82702915828711,8.24812376555989e-05,0,0.0013372746297171,1,0,1
46081,"Lawrence","South Dakota",-0.0200292818755709,4.85893594154152,0,4.99914091467052,"2022-01-08",718,5.39232800101028,-0.0199954190504065,4.85920684414284,4.85917298131767,0.0088233477462216,0,0.0074533007008762,1,0,1
46081,"Lawrence","South Dakota",-0.0204386676772686,4.83563157325236,0,4.97870224699324,"2022-01-09",719,5.4865736588618,-0.0202471058461697,4.83716406790116,4.83697250607005,-0.0004093858016977,0,-0.000251686795763203,-1,0,-1
46081,"Lawrence","South Dakota",-0.000983767910132873,4.97083210371218,0,4.97771847908311,"2022-01-10",720,5.58831817721877,-0.00562061199005749,4.93373735107278,4.93837419515271,0.0194548997671357,0,0.0146264938561122,1,0,1
46081,"Lawrence","South Dakota",0.0329168150131387,5.24105299918823,0.0329168150131425,5.24105299918825,"2022-01-11",721,5.7037824746562,0.0317987097613548,5.23210815717395,5.23322626242574,0.0339005829232716,0.0329168150131425,0.0374193217514123,1,1,1
46081,"Lawrence","South Dakota",0.0636452651603658,5.51979741537917,0.063645265160357,5.51979741537911,"2022-01-12",722,5.81668589948476,0.0553702793621261,5.45359752899327,5.46187251479149,0.0307284501472271,0.0307284501472145,0.0235715696007713,1,1,1
46081,"Lawrence","South Dakota",0.0970147948524014,5.85039891807584,0.0970147948524174,5.85039891807595,"2022-01-13",723,5.9246376954524,0.0803990928388295,5.71747330196725,5.73408900398084,0.0333695296920356,0.0333695296920604,0.0250288134767034,1,1,1
46081,"Lawrence","South Dakota",0.116971676585522,6.10706876679319,0.116971676585505,6.10706876679307,"2022-01-14",724,6.03342874620701,0.0922661327457715,5.9094244160752,5.93412995991494,0.0199568817331206,0.0199568817330876,0.011867039906942,1,1,1
46081,"Lawrence","South Dakota",0.104060970315742,6.12075479322047,0.104060970315742,6.12075479322047,"2022-01-15",725,6.13401762170296,0.0908357164531712,6.01495276231991,6.02817801618248,-0.01291070626978,-0.012910706269763,-0.0014304162926003,-1,-1,-1
46081,"Lawrence","South Dakota",0.0942456578515275,6.1462932638225,0.0942456578515269,6.14629326382249,"2022-01-16",726,6.22540672566442,0.0878127222597236,6.09482977908807,6.10126271467986,-0.00981531246421451,-0.0098153124642151,-0.00302299419344761,-1,-1,-1
46081,"Lawrence","South Dakota",0.101744518356971,6.30052980571757,0.101744518356971,6.30052980571757,"2022-01-17",727,6.2957930106745,0.0907441046797793,6.21252649630003,6.22352690997723,0.0074988605054435,0.0074988605054441,0.00293138242005569,1,1,1
46081,"Lawrence","South Dakota",0.115464297437423,6.51203255671816,0.115464297437426,6.51203255671818,"2022-01-18",728,6.35883212058546,0.0995618497499206,6.38481297521813,6.40071542290564,0.013719779080452,0.013719779080455,0.00881774507014131,1,1,1
46081,"Lawrence","South Dakota",0.112903424828538,6.60700987328452,0.112903424828556,6.60700987328465,"2022-01-19",729,6.4375230521814,0.0958453402429639,6.47054519659991,6.48760328118551,-0.00256087260888499,-0.00256087260887,-0.00371650950695671,-1,-1,-1
46081,"Lawrence","South Dakota",0.107951795967625,6.68030026722577,0.107951795967642,6.68030026722589,"2022-01-20",730,6.51195757627611,0.0949867753388942,6.57658010219591,6.58954512282466,-0.00495162886091301,-0.00495162886091401,-0.0008585649040697,-1,-1,-1
46081,"Lawrence","South Dakota",0.108791050754615,6.79496610148932,0.108791050754616,6.79496610148932,"2022-01-21",731,6.5792512120101,0.0955507581520562,6.68904376066885,6.7022840532714,0.000839254786989999,0.000839254786973997,0.000563982813162001,1,1,1
46081,"Lawrence","South Dakota",0.100588875495948,6.8381397501746,0.100588875495947,6.83813975017459,"2022-01-22",732,6.6423005295962,0.0924466916638063,6.77300227951746,6.7811444633496,-0.008202175258667,-0.00820217525866899,-0.0031040664882499,-1,-1,-1
46081,"Lawrence","South Dakota",0.0913891039614542,6.8651304533946,0.0913891039614549,6.8651304533946,"2022-01-23",733,6.7016093040365,0.0901063370651556,6.8548683182242,6.85615108512051,-0.00919977153449381,-0.0091997715344921,-0.0023403545986507,-1,-1,-1
46081,"Lawrence","South Dakota",0.0703862850100974,6.78849700574519,0.0703862850100885,6.78849700574512,"2022-01-24",734,6.76734312526539,0.0716451251886063,6.79856772717327,6.79730888699474,-0.0210028189513568,-0.0210028189513664,-0.0184612118765493,-1,-1,-1
46081,"Lawrence","South Dakota",0.0630391099109558,6.80010588996215,0.063039109910954,6.80010588996214,"2022-01-25",735,6.82700994357115,0.0600537722609925,6.77622318876244,6.77920852641241,-0.0073471750991416,-0.0073471750991345,-0.0115913529276138,-1,-1,-1
46081,"Lawrence","South Dakota",0.0786909315959538,6.98835957335308,0.0786909315959416,6.98835957335299,"2022-01-26",736,6.86469864666047,0.0766913436509448,6.97236286979302,6.97436245773801,0.015651821684998,0.0156518216849876,0.0166375713899523,1,1,1
46081,"Lawrence","South Dakota",0.0744345240947187,7.03299924493914,0.0744345240947091,7.03299924493907,"2022-01-27",737,6.89119026210744,0.0725063532186061,7.01757387793025,7.01950204880635,-0.00425640750123511,-0.00425640750123249,-0.00418499043233869,-1,-1,-1
46081,"Lawrence","South Dakota",0.0672936357339816,7.05030666214797,0.0672936357339919,7.05030666214804,"2022-01-28",738,6.90875477931522,0.0659915595629986,7.0398900527801,7.04119212895109,-0.00714088836073709,-0.0071408883607172,-0.0065147936556075,-1,-1,-1
46081,"Lawrence","South Dakota",0.0630493175861136,7.083645752699,0.0630493175861035,7.08364575269893,"2022-01-29",739,6.92038941679971,0.062900639968811,7.08245633176059,7.08260500937788,-0.00424431814786801,-0.00424431814788839,-0.0030909195941876,-1,-1,-1
46081,"Lawrence","South Dakota",0.0593087744403018,7.11677072511861,0.0593087744402938,7.11677072511856,"2022-01-30",740,6.93189024482726,0.0596269560604162,7.11931617807953,7.11899799645941,-0.0037405431458118,-0.0037405431458097,-0.0032736839083948,-1,-1,-1
46081,"Lawrence","South Dakota",0.0657338212289044,7.22747987386772,0.0657338212288936,7.22747987386765,"2022-01-31",741,6.94229472239971,0.0638684894571937,7.21255721969405,7.21442255146575,0.0064250467886026,0.00642504678859979,0.0042415333967775,1,1,1
46081,"Lawrence","South Dakota",0.0596668183057524,7.24467767171142,0.0596668183057609,7.24467767171148,"2022-02-01",742,6.94422495876353,0.0596226354563245,7.24432420891599,7.24436839176542,-0.00606700292315199,-0.0060670029231327,-0.0042458540008692,-1,-1,-1
46081,"Lawrence","South Dakota",0.0376887030893072,7.12851956828562,0.0376887030893123,7.12851956828565,"2022-02-02",743,6.93773008344836,0.037784928878949,7.12928937460274,7.12919314881311,-0.0219781152164452,-0.0219781152164486,-0.0218377065773755,-1,-1,-1
46081,"Lawrence","South Dakota",0.026491615446977,7.07663157023628,0.026491615446977,7.07663157023628,"2022-02-03",744,6.92559519711047,0.0274456514260199,7.08426385806863,7.08330982208958,-0.0111970876423302,-0.0111970876423353,-0.0103392774529291,-1,-1,-1
46081,"Lawrence","South Dakota",0.0175645172077816,7.03170639976969,0.0175645172077781,7.03170639976967,"2022-02-04",745,6.90704073804427,0.0187886426823441,7.04149940356619,7.04027527809163,-0.0089270982391954,-0.0089270982391989,-0.0086570087436758,-1,-1,-1
46081,"Lawrence","South Dakota",0.0116346374844877,7.00183187919112,0.0116346374844882,7.00183187919113,"2022-02-05",746,6.88404789518017,0.013083721434616,7.01342455079215,7.01197546684202,-0.0059298797232939,-0.0059298797232899,-0.0057049212477281,-1,-1,-1
46081,"Lawrence","South Dakota",0.0115008280275545,7.01239604102014,0.0115008280275513,7.01239604102012,"2022-02-06",747,6.86051391480256,0.012606674401492,7.02124281201165,7.0201369656377,-0.0001338094569332,-0.0001338094569369,-0.000477047033124001,-1,-1,-1
46081,"Lawrence","South Dakota",0.0104044775724509,7.01512606540687,0.0104044775724521,7.01512606540688,"2022-02-07",748,6.83149113781195,0.00982629792852719,7.01050062825548,7.0110788078994,-0.0010963504551036,-0.0010963504550992,-0.00278037647296481,-1,-1,-1
46081,"Lawrence","South Dakota",0.00193023636382158,6.95773661331028,0.00193023636381895,6.95773661331026,"2022-02-08",749,6.80461452006262,0.00569196416761169,6.9878304357406,6.98406870793681,-0.00847424120862932,-0.00847424120863315,-0.0041343337609155,-1,-1,-1
46081,"Lawrence","South Dakota",-0.00649487531517217,6.89226595624215,0,6.93773008344836,"2022-02-09",750,6.77699555194545,-0.00797107914534468,6.88045632560077,6.88193252943095,-0.00842511167899375,-0.00193023636381895,-0.0136630433129564,-1,-1,-1
46081,"Lawrence","South Dakota",-0.012134886337895,6.8406509927452,0,6.92559519711047,"2022-02-10",751,6.73323180934694,-0.012441682216012,6.83819662572026,6.83850342159839,-0.00564001102272283,0,-0.00447060307066732,-1,0,-1
46081,"Lawrence","South Dakota",-0.0185544590662011,6.77715952458086,0,6.90704073804427,"2022-02-11",752,6.68371847169071,-0.01774551672096,6.78363106334279,6.78282212099755,-0.0064195727283061,0,-0.005303834504948,-1,0,-1
46081,"Lawrence","South Dakota",-0.0229928428641038,6.72309799513144,0,6.88404789518017,"2022-02-12",753,6.63256627077782,-0.021380407691291,6.73599747651394,6.73438504134113,-0.0044383837979027,0,-0.003634890970331,-1,0,-1
46081,"Lawrence","South Dakota",-0.0235339803776139,6.69577605215926,0,6.86051391480256,"2022-02-13",754,6.57865579669034,-0.0219191381107815,6.70869479029392,6.70707994802709,-0.000541137513510103,0,-0.000538730419490499,-1,0,-1
46081,"Lawrence","South Dakota",-0.0290227769906055,6.62833169887771,0,6.83149113781195,"2022-02-14",755,6.52020025213161,-0.0287521384538339,6.63049680717189,6.63022616863511,-0.0054887966129916,0,-0.0068330003430524,-1,0,-1
46081,"Lawrence","South Dakota",-0.0268766177493306,6.61647819581731,0,6.80461452006262,"2022-02-15",756,6.44843721236208,-0.0259677947140795,6.62374878009931,6.62283995706406,0.0021461592412749,0,0.0027843437397544,1,0,1
46081,"Lawrence","South Dakota",-0.0276189681171765,6.58366277512522,0,6.77699555194545,"2022-02-16",757,6.36745180207909,-0.0260871094309904,6.5959176446147,6.59438578592852,-0.000742350367845899,0,-0.000119314716910901,-1,0,-1
46081,"Lawrence","South Dakota",-0.0437637425985104,6.42688561115737,0,6.73323180934694,"2022-02-17",758,6.30104788351286,-0.0430567170653811,6.4325418154224,6.43183478988927,-0.0161447744813339,0,-0.0169696076343907,-1,0,-1
46081,"Lawrence","South Dakota",-0.0495133376562202,6.33712510809717,0,6.68371847169071,"2022-02-18",759,6.24194529464031,-0.0494260588198667,6.33782333878801,6.33773605995164,-0.0057495950577098,0,-0.0063693417544856,-1,0,-1
46081,"Lawrence","South Dakota",-0.0511522009128965,6.27450086438755,0,6.63256627077782,"2022-02-19",760,6.18355961572892,-0.0495295206572318,6.28748230643286,6.2858596261772,-0.0016388632566763,0,-0.0001034618373651,-1,0,-1
46081,"Lawrence","South Dakota",-0.053910474087493,6.20128247807789,0,6.57865579669034,"2022-02-20",761,6.12155251795475,-0.0531344801771689,6.20749042936047,6.20671443545016,-0.0027582731745965,0,-0.00360495951993711,-1,0,-1
46081,"Lawrence","South Dakota",-0.0584555445587389,6.11101144022044,0,6.52020025213161,"2022-02-21",762,6.05108025678234,-0.0551558133693214,6.13740928973577,6.13410955854636,-0.0045450704712459,0,-0.0020213331921525,-1,0,-1
46081,"Lawrence","South Dakota",-0.0717630397695418,5.94609593397529,0,6.44843721236208,"2022-02-22",763,5.96468046320116,-0.0709859085320885,5.9523129838749,5.95153585263746,-0.0133074952108029,0,-0.0158300951627671,-1,0,-1
46081,"Lawrence","South Dakota",-0.0809854102829764,5.80055393009825,0,6.36745180207909,"2022-02-23",764,5.8813307526975,-0.0851841955878201,5.76696364765952,5.77116243296435,-0.00922237051343459,0,-0.0141982870557316,-1,0,-1
46081,"Lawrence","South Dakota",-0.0664039185662219,5.83622045354931,0,6.30104788351286,"2022-02-24",765,5.79865966029918,-0.0705523595609965,5.80303292559112,5.80718136658588,0.0145814917167545,0,0.0146318360268236,1,0,1
46081,"Lawrence","South Dakota",-0.0591025888725632,5.82822717253237,0,6.24194529464031,"2022-02-25",766,5.71373280550937,-0.0636611162838916,5.79175895324173,5.79631748065307,0.0073013296936587,0,0.0068912432771049,1,0,1
46081,"Lawrence","South Dakota",-0.0583856789113912,5.77485986334918,0,6.18355961572892,"2022-02-26",767,5.63478960316925,-0.0621763497187693,5.74453449689016,5.74832516769754,0.000716909961171998,0,0.00148476656512229,1,0,1
46081,"Lawrence","South Dakota",-0.062007097774171,5.68750283353555,0,6.12155251795475,"2022-02-27",768,5.54907608489522,-0.0703597080760154,5.6206819511208,5.62903456142264,-0.0036214188627798,0,-0.0081833583572461,-1,0,-1
46081,"Lawrence","South Dakota",-0.0704722611724077,5.55777442857548,0,6.05108025678234,"2022-02-28",769,5.45409936810738,-0.0745802217762683,5.5249107437446,5.52901870434846,-0.00846516339823669,0,-0.00422051370025291,-1,0,-1
46081,"Lawrence","South Dakota",-0.086399793581173,5.35988190813295,0,5.96468046320116,"2022-03-01",770,5.37063802812766,-0.0856681994416411,5.36573466124921,5.36500306710967,-0.0159275324087653,0,-0.0110879776653728,-1,0,-1
46081,"Lawrence","South Dakota",-0.0833497105036652,5.29788277917184,0,5.8813307526975,"2022-03-02",771,5.29617221020165,-0.0839995118777232,5.29268436817937,5.29333416955344,0.0030500830775078,0,0.0016686875639179,1,0,1
46081,"Lawrence","South Dakota",-0.0826710923983123,5.219962013511,0,5.79865966029918,"2022-03-03",772,5.21958332600553,-0.0819708890463875,5.2255636403264,5.22486343697447,0.000678618105352899,0,0.0020286228313357,1,0,1
46081,"Lawrence","South Dakota",-0.0849268547898142,5.11924482198067,0,5.71373280550937,"2022-03-04",773,5.14249862962008,-0.0839990989823728,5.1266668684402,5.12573911263276,-0.00225576239150189,0,-0.00202820993598531,-1,0,-1
46081,"Lawrence","South Dakota",-0.0789432023401318,5.08218718678833,0,5.63478960316925,"2022-03-05",774,5.06800532575522,-0.0781438794595625,5.08858176983287,5.08778244695231,0.00598365244968239,0,0.0058552195228103,1,0,1
46081,"Lawrence","South Dakota",-0.0857135182740269,4.94908145697703,0,5.54907608489522,"2022-03-06",775,4.9875128766754,-0.086639504940006,4.9416735636492,4.94259955031518,-0.0067703159338951,0,-0.0084956254804435,-1,0,-1
46081,"Lawrence","South Dakota",-0.0949767167878559,4.78926235059239,0,5.45409936810738,"2022-03-07",776,4.90421601709019,-0.0888659828845001,4.83814822181922,4.83203748791588,-0.00926319851382899,0,-0.0022264779444941,-1,0,-1
46081,"Lawrence","South Dakota",-0.0834613399797318,4.78640864826954,0,5.37063802812766,"2022-03-08",777,4.81681935787657,-0.0810794274344957,4.80546394863141,4.80308203608619,0.0115153768081241,0,0.0077865554500044,1,0,1
46081,"Lawrence","South Dakota",-0.0744658179260242,4.77491148471948,0,5.29617221020165,"2022-03-09",778,4.70566172453442,-0.0747508733720707,4.77263104115109,4.77291609659716,0.0089955220537076,0,0.006328554062425,1,0,1
46081,"Lawrence","South Dakota",-0.0765888841961272,4.68346113663264,0,5.21958332600553,"2022-03-10",779,4.59511985013459,-0.0783661889779831,4.66924269837779,4.67102000315965,-0.00212306627010299,0,-0.0036153156059124,-1,0,-1
46081,"Lawrence","South Dakota",-0.0770846963854662,4.60290575492182,0,5.14249862962008,"2022-03-11",780,4.47733681447821,-0.0772899868202202,4.60126343144377,4.60146872187854,-0.000495812189339001,0,0.0010762021577629,-1,0,1
46081,"Lawrence","South Dakota",-0.0744933038648762,4.54655219870108,0,5.06800532575522,"2022-03-12",781,4.34935585238433,-0.07708409712714,4.52582585260296,4.52841664586524,0.00259139252059,0,0.000205889693080205,1,0,1
46081,"Lawrence","South Dakota",-0.0804924490798243,4.42406573311663,0,4.9875128766754,"2022-03-13",782,4.20255814686233,-0.0798800963422562,4.42896455501717,4.42835220227961,-0.0059991452149481,0,-0.0027959992151162,-1,0,-1
46081,"Lawrence","South Dakota",-0.0832968595852025,4.32113799999377,0,4.90421601709019,"2022-03-14",783,4.02279741093005,-0.0824320243164887,4.32805668214349,4.32719184687477,-0.0028044105053782,0,-0.00255192797423251,-1,0,-1
46081,"Lawrence","South Dakota",-0.0873966592136041,4.20504274338134,0,4.81681935787657,"2022-03-15",784,3.84710345932883,-0.08296341902343,4.24050866490275,4.23607542471256,-0.0040997996284016,0,-0.000531394706941302,-1,0,-1
46081,"Lawrence","South Dakota",-0.111157633342169,3.92755829113923,0,4.70566172453442,"2022-03-16",785,3.74782198974739,-0.099809025768905,4.01834715172533,4.00699854415209,-0.0237609741285649,0,-0.016845606745475,-1,0,-1
46081,"Lawrence","South Dakota",-0.110541874399845,3.82132672933567,0,4.59511985013459,"2022-03-17",786,3.65989191724069,-0.0991726693199552,3.91228036997478,3.9009111648949,0.000615758942323991,0,0.000636356448949799,1,0,1
46081,"Lawrence","South Dakota",-0.117783035656381,3.65285556488354,0,4.47733681447821,"2022-03-18",787,3.55534806148941,-0.106135216815409,3.74603811561131,3.73439029677034,-0.007241161256536,0,-0.00696254749545379,-1,0,-1
46081,"Lawrence","South Dakota",-0.127980962093872,3.45348911772723,0,4.34935585238433,"2022-03-19",788,3.45225255246244,-0.110916458074569,3.59000514988166,3.57294064586234,-0.010197926437491,0,-0.00478124125916,-1,0,-1
46081,"Lawrence","South Dakota",-0.146797705522045,3.17497420820802,0,4.20255814686233,"2022-03-20",789,3.33729357968267,-0.121333347684189,3.37868907091082,3.35322471307301,-0.018816743428173,0,-0.01041688960962,-1,0,-1
46081,"Lawrence","South Dakota",-0.17976073593228,2.76447225940409,0,4.02279741093005,"2022-03-21",790,3.21314515015922,-0.126527672101158,3.19033677005307,3.13710370622194,-0.032963030410235,0,-0.005194324416969,-1,0,-1
46081,"Lawrence","South Dakota",-0.17569395160122,2.61724579812029,0,3.84710345932883,"2022-03-22",791,3.07797037179096,-0.132066144518928,2.96626825477862,2.92264044769633,0.00406678433106,0,-0.00553847241777,1,0,-1
46081,"Lawrence","South Dakota",0.0712275092883679,3.62785623119709,0.0712275092883687,3.6278562311971,"2022-05-19",849,3.49216915986788,0.0504247845233295,3.46143443307679,3.48223715784183,0.246921460889588,0.0712275092883687,0.182490929042257,1,1,1
46081,"Lawrence","South Dakota",0.0664897412688289,3.66118159632915,0.0664897412688301,3.66118159632916,"2022-05-20",850,3.52636052461616,0.0588945136985771,3.60041977576714,3.60801500333739,-0.004737768019539,-0.0047377680195386,0.0084697291752476,-1,-1,1
46081,"Lawrence","South Dakota",0.0623431305741359,3.69449845204043,0.0623431305741367,3.69449845204044,"2022-05-21",851,3.55942138687705,0.0579214773260081,3.65912522605541,3.66354687930354,-0.00414661069469299,-0.0041466106946934,-0.000973036372569,-1,-1,-1
46081,"Lawrence","South Dakota",0.0586835018280911,3.72756455264621,0.0586835018280913,3.72756455264621,"2022-05-22",852,3.59142411796322,0.0568753386870034,3.71309924751751,3.71490741065859,-0.0036596287460448,-0.0036596287460454,-0.0010461386390047,-1,-1,-1
46081,"Lawrence","South Dakota",0.0554298049393281,3.7602184793642,0.0554298049393283,3.7602184793642,"2022-05-23",853,3.62243435470578,0.0515580260529592,3.72924424827324,3.73311602715961,-0.003253696888763,-0.003253696888763,-0.0053173126340442,-1,-1,-1
46081,"Lawrence","South Dakota",0.0525180342834541,3.79235411905653,0.0525180342834473,3.79235411905648,"2022-05-24",854,3.65251180994306,0.0521622442296971,3.78950779862648,3.78986358868023,-0.002911770655874,-0.002911770655881,0.000604218176737899,-1,-1,1
46081,"Lawrence","South Dakota",0.0320393537446171,3.68104270902929,0.0320393537446169,3.68104270902928,"2022-05-25",855,3.69953674858792,0.0416612206200931,3.7580176440331,3.74839577715762,-0.020478680538837,-0.0204786805388304,-0.010501023609604,-1,-1,-1
46081,"Lawrence","South Dakota",0.035401927050922,3.73998264922434,0.0354019270509176,3.73998264922431,"2022-05-26",856,3.72397077392521,0.0386858426835375,3.76625397428527,3.76297005865264,0.00336257330630491,0.0033625733063007,-0.0029753779365556,1,1,-1
46081,"Lawrence","South Dakota",0.0341913647482773,3.7657000778541,0.0341913647482781,3.76570007785411,"2022-05-27",857,3.74782198974739,0.0385903423919163,3.80089189900321,3.79649292135957,-0.0012105623026447,-0.0012105623026395,-9.55002916212047e-05,-1,-1,-1
46081,"Lawrence","South Dakota",0.033060862260881,3.79084742270322,0.033060862260887,3.79084742270326,"2022-05-28",858,3.77111755235091,0.0380799747731844,3.83100032280163,3.82598121028934,-0.0011305024873963,-0.0011305024873911,-0.000510367618731897,-1,-1,-1
46081,"Lawrence","South Dakota",0.0320027310861812,3.81544323556649,0.032002731086175,3.81544323556645,"2022-05-29",859,3.79388276312392,0.0367400522509935,3.853341804885,3.84860448372017,-0.0010581311746998,-0.00105813117471201,-0.0013399225221909,-1,-1,-1
46081,"Lawrence","South Dakota",0.0310102367425638,3.83950601190373,0.0310102367425591,3.8395060119037,"2022-05-30",860,3.81614123372486,0.032660544217264,3.85270847170133,3.85105816422663,-0.000992494343617402,-0.000992494343615896,-0.0040795080337295,-1,-1,-1
46081,"Lawrence","South Dakota",0.030077455237285,3.86305399660406,0.0300774552372793,3.86305399660402,"2022-05-31",861,3.83791503327442,0.0341748170969652,3.8958328914815,3.89173552962182,-0.000932781505278799,-0.000932781505279801,0.0015142728797012,-1,-1,1
46081,"Lawrence","South Dakota",0.0470249386448685,4.028711319102,0.0470249386448618,4.02871131910196,"2022-06-01",862,3.87417278129705,0.0460711221373613,4.02108078704195,4.02203460354945,0.0169474834075835,0.0169474834075825,0.0118963050403961,1,1,1
46081,"Lawrence","South Dakota",0.024434025337279,3.89500895128616,0.0244340253372819,3.89500895128618,"2022-06-02",863,3.89182029811063,0.0292806552204951,3.93378199035188,3.92893536046868,-0.0225909133075895,-0.0225909133075799,-0.0167904669168662,-1,-1,-1
46081,"Lawrence","South Dakota",0.0238512158221835,3.91478050050267,0.0238512158221802,3.91478050050265,"2022-06-03",864,3.90916177314711,0.0293066926437786,3.95842431507544,3.95296883825384,-0.000582809515095501,-0.000582809515101698,2.60374232834981e-05,-1,-1,1
46081,"Lawrence","South Dakota",0.023295562603522,3.93418649057556,0.0232955626035221,3.93418649057556,"2022-06-04",865,3.9262076404201,0.0287758500530518,3.9780287901718,3.97254850272227,-0.000555653218661502,-0.000555653218658102,-0.000530842590726797,-1,-1,-1
46081,"Lawrence","South Dakota",0.0227652107730139,3.95323923853502,0.0227652107730121,3.953239238535,"2022-06-05",866,3.94296780927757,0.0266966307387655,3.98469059826103,3.98075917829528,-0.000530351830508098,-0.000530351830509999,-0.0020792193142863,-1,-1,-1
46081,"Lawrence","South Dakota",0.022258470600936,3.97195052793142,0.022258470600943,3.97195052793146,"2022-06-06",867,3.95945169899926,0.0268366191727772,4.00857571650614,4.0039975679343,-0.000506740172077899,-0.000506740172069101,0.000139988434011702,-1,-1,1
46081,"Lawrence","South Dakota",0.0217737995495589,3.99033163012134,0.0217737995495604,3.99033163012135,"2022-06-07",868,3.9756682705885,0.0265325782359327,4.02840185961232,4.02364308092595,-0.000484671051377103,-0.000484671051382599,-0.0003040409368445,-1,-1,-1
46081,"Lawrence","South Dakota",0.0362577480226348,4.12797701745549,0.0362577480226243,4.12797701745542,"2022-06-08",869,4.02023659006838,0.0380217851810443,4.14208931472277,4.14032527756436,0.0144839484730759,0.0144839484730639,0.0114892069451116,1,1,1
46081,"Lawrence","South Dakota",0.0176475168135795,4.01535291580568,0.0176475168135788,4.01535291580568,"2022-06-09",870,4.07268306544092,0.0212242355480949,4.04396666568181,4.04038994694729,-0.0186102312090553,-0.0186102312090455,-0.0167975496329494,-1,-1,-1
46081,"Lawrence","South Dakota",0.0173414750364922,4.03055209840256,0.017341475036488,4.03055209840253,"2022-06-10",871,4.1225154391888,0.0214755193364096,4.06362445280191,4.05949040850198,-0.000306041777087301,-0.000306041777090801,0.0002512837883147,-1,-1,1
46081,"Lawrence","South Dakota",0.0170458672729878,4.04552871133102,0.0170458672729876,4.04552871133102,"2022-06-11",872,4.16998197642772,0.0186540182705352,4.05839391931139,4.05678576831385,-0.000295607763504402,-0.000295607763500398,-0.0028215010658744,-1,-1,-1
46081,"Lawrence","South Dakota",0.0167601688574668,4.06028899127984,0.0167601688574659,4.06028899127983,"2022-06-12",873,4.21529717263976,0.0221409228055555,4.10333502286454,4.09795426891646,-0.000285698415520997,-0.000285698415521701,0.0034869045350203,-1,-1,1
46081,"Lawrence","South Dakota",0.0164838897216892,4.07483892705108,0.0164838897216883,4.07483892705107,"2022-06-13",874,4.25864761351338,0.019362388417998,4.09786691662155,4.09498841792525,-0.000276279135777602,-0.000276279135777598,-0.0027785343875575,-1,-1,-1
46081,"Lawrence","South Dakota",0.0162165715892477,4.08918427171324,0.0162165715892462,4.08918427171323,"2022-06-14",875,4.30019661642625,0.0192812808170484,4.11370194553565,4.11063723630784,-0.000267318132441501,-0.000267318132442101,-8.11076009495995e-05,-1,-1,-1
46081,"Lawrence","South Dakota",0.0445683194798764,4.33221482642751,0.0445683194798763,4.33221482642751,"2022-06-15",876,4.36944785246702,0.043222790099508,4.32145059138456,4.32279612076494,0.0283517478906287,0.0283517478906301,0.0239415092824596,1,1,1
46081,"Lawrence","South Dakota",0.0524464753725496,4.43980839304877,0.052446475372542,4.43980839304871,"2022-06-16",877,4.42570169817654,0.0490562364998272,4.412686482067,4.41607672093971,0.0078781558926732,0.0078781558926657,0.00583344640031919,1,1,1
46081,"Lawrence","South Dakota",0.049832373747877,4.47134205542394,0.0498323737478756,4.47134205542393,"2022-06-17",878,4.47895887485007,0.0494308826202499,4.46813012640292,4.46853161753055,-0.0026141016246726,-0.0026141016246664,0.000374646120422706,-1,-1,1
46081,"Lawrence","South Dakota",0.04746653723893,4.50224773710023,0.0474665372389245,4.50224773710019,"2022-06-18",879,4.52952256764878,0.0465493080003605,4.49490990319168,4.49582713243024,-0.00236583650894701,-0.0023658365089511,-0.0028815746198894,-1,-1,-1
46081,"Lawrence","South Dakota",0.0453151962120496,4.53250354612411,0.0453151962120417,4.53250354612405,"2022-06-19",880,4.5776521570942,0.0490576775870145,4.56244339712384,4.55870091574886,-0.00215134102688039,-0.0021513410268828,0.002508369586654,-1,-1,1
46081,"Lawrence","South Dakota",0.0433504408736199,4.56210069962872,0.0433504408736143,4.56210069962868,"2022-06-20",881,4.62357127135898,0.0460858817809847,4.58398422688764,4.58124878598027,-0.0019647553384297,-0.0019647553384274,-0.0029717958060298,-1,-1,-1
46081,"Lawrence","South Dakota",0.0415490029128654,4.59103963681631,0.0415490029128724,4.59103963681636,"2022-06-21",882,4.66747406932424,0.0457062172468824,4.62429735148844,4.62014013715443,-0.0018014379607545,-0.00180143796074191,-0.000379664534102306,-1,-1,-1
46081,"Lawrence","South Dakota",0.069251236040782,4.8542065047525,0.0692512360407722,4.85420650475243,"2022-06-22",883,4.69918082045033,0.0576833318622375,4.76166327132415,4.77323117550268,0.0277022331279166,0.0277022331278998,0.0119771146153551,1,1,1
46081,"Lawrence","South Dakota",0.0562538457095128,4.81947861814313,0.0562538457095219,4.8194786181432,"2022-06-23",884,4.72358794080257,0.0536976530741108,4.79902907705991,4.80158526969532,-0.0129973903312692,-0.0129973903312503,-0.0039856787881267,-1,-1,-1
46081,"Lawrence","South Dakota",0.0532571766735377,4.85175911156484,0.0532571766735304,4.85175911156479,"2022-06-24",885,4.74741351921463,0.0512885602575776,4.83601018023716,4.83797879665311,-0.0029966690359751,-0.0029966690359915,-0.0024090928165332,-1,-1,-1
46081,"Lawrence","South Dakota",0.0505636927986859,4.88346841723958,0.0505636927987023,4.88346841723969,"2022-06-25",886,4.77068462446567,0.0483397245906062,4.86567667157492,4.86790063978302,-0.0026934838748518,-0.0026934838748281,-0.0029488356669714,-1,-1,-1
46081,"Lawrence","South Dakota",0.0481295894454229,4.91455928321216,0.0481295894454234,4.91455928321216,"2022-06-26",887,4.79342647830186,0.0474414371796312,4.90905406508583,4.90974221735162,-0.002434103353263,-0.0024341033532789,-0.000898287410975002,-1,-1,-1
46081,"Lawrence","South Dakota",0.045919114264786,4.94500507121249,0.0459191142647848,4.94500507121248,"2022-06-27",888,4.81566261974874,0.0452462155810419,4.93962188174253,4.94029478042627,-0.0022104751806369,-0.0022104751806386,-0.0021952215985893,-1,-1,-1
46081,"Lawrence","South Dakota",0.0439027979652558,4.97479365508103,0.0439027979652575,4.97479365508104,"2022-06-28",889,4.83741505154865,0.0419239405634132,4.95896279586629,4.96094165326813,-0.0020163162995302,-0.0020163162995273,-0.0033222750176287,-1,-1,-1
46081,"Lawrence","South Dakota",0.031706751126099,4.92112807833302,0.03170675112609,4.92112807833296,"2022-06-29",890,4.86312915698766,0.0340610904958409,4.93996279329097,4.93760845392122,-0.0121960468391568,-0.0121960468391675,-0.0078628500675723,-1,-1,-1
46081,"Lawrence","South Dakota",0.0244071203522367,4.89443778326823,0.0244071203522376,4.89443778326823,"2022-06-30",891,4.87628724156518,0.0277065985516795,4.92083360886377,4.91753413066433,-0.0072996307738623,-0.0072996307738524,-0.0063544919441614,-1,-1,-1
46081,"Lawrence","South Dakota",0.0238255784120635,4.91419256809908,0.0238255784120636,4.91419256809908,"2022-07-01",892,4.88927443709199,0.0262974020114371,4.93396715689407,4.93149533329469,-0.000581541940173198,-0.000581541940174003,-0.0014091965402424,-1,-1,-1
46081,"Lawrence","South Dakota",0.023271105251033,4.9335823612229,0.0232711052510322,4.93358236122289,"2022-07-02",893,4.90209512552105,0.0267343079403833,4.9612879827377,4.95782478004835,-0.000554473161030501,-0.0005544731610314,0.000436905928946203,-1,-1,1
46081,"Lawrence","South Dakota",0.0227418538362006,4.95261945515527,0.0227418538361981,4.95261945515525,"2022-07-03",894,4.91475352239297,0.0252782660811629,4.97291075311497,4.97037434087,-0.000529251414832399,-0.000529251414834099,-0.0014560418592204,-1,-1,-1
46081,"Lawrence","South Dakota",0.0222361414468769,4.97131560987688,0.0222361414468759,4.97131560987687,"2022-07-04",895,4.92725368515721,0.0239843700788063,4.98530143893231,4.98355321030038,-0.0005057123893237,-0.000505712389322201,-0.0012938960023566,-1,-1,-1
46081,"Lawrence","South Dakota",0.0217524317999084,4.989682074148,0.0217524317999063,4.98968207414799,"2022-07-05",896,4.93959952097951,0.0237369107682743,5.00555790589493,5.00357342692657,-0.000483709646968502,-0.000483709646969598,-0.000247459310532001,-1,-1,-1
46081,"Lawrence","South Dakota",0.0257141054390188,5.04312789506079,0.0257141054390173,5.04312789506078,"2022-07-06",897,4.97476135519337,0.0275459224510672,5.05778243115719,5.05595061414513,0.0039616736391104,0.003961673639111,0.0038090116827929,1,1,1
46081,"Lawrence","South Dakota",0.0131580845775155,4.96839383360779,0.0131580845775137,4.96839383360777,"2022-07-07",898,4.99334379698619,0.0164679922431953,4.99487309493322,4.99156318726755,-0.0125560208615033,-0.0125560208615036,-0.0110779302078719,-1,-1,-1
46081,"Lawrence","South Dakota",0.0129871955268136,4.98018480577969,0.0129871955268133,4.98018480577968,"2022-07-08",899,5.01158722182164,0.0172092947896159,5.01396159988211,5.0097395006193,-0.0001708890507019,-0.000170889050700401,0.000741302546420599,-1,-1,1
46081,"Lawrence","South Dakota",0.012820688429065,4.99183994452451,0.0128206884290636,4.9918399445245,"2022-07-09",900,5.02950377840064,0.0157563533126796,5.01532526359343,5.01238959870981,-0.000166507097748599,-0.000166507097749699,-0.0014529414769363,-1,-1,-1
46081,"Lawrence","South Dakota",0.0126583968719211,5.00336230049642,0.0126583968719176,5.00336230049639,"2022-07-10",901,5.04710497387765,0.0154226027819679,5.02547594777679,5.02271174186675,-0.000162291557143901,-0.000162291557146001,-0.000333750530711701,-1,-1,-1
46081,"Lawrence","South Dakota",0.0125001627642336,5.01475482450684,0.0125001627642343,5.01475482450684,"2022-07-11",902,5.06440171825191,0.0148413226895642,5.03348410390948,5.03114294398416,-0.0001582341076875,-0.0001582341076833,-0.000581280092403701,-1,-1,-1
46081,"Lawrence","South Dakota",0.0123458358222985,5.0260203717356,0.012345835822301,5.02602037173561,"2022-07-12",903,5.08140436498446,0.0147796834415282,5.04549115268944,5.04305730507021,-0.000154326941935101,-0.0001543269419333,-6.16392480360002e-05,-1,-1,-1
46081,"Lawrence","South Dakota",0.0351618342138724,5.22089419469048,0.0351618342138664,5.22089419469044,"2022-07-13",904,5.09899496807406,0.0324025210338914,5.19881968925064,5.20157900243061,0.0228159983915739,0.0228159983915654,0.0176228375923632,1,1,1
46081,"Lawrence","South Dakota",0.0185824417928143,5.12342088953589,0.0185824417928195,5.12342088953593,"2022-07-14",905,5.12311327752295,0.0188155807262953,5.12528600100373,5.12505286207026,-0.0165793924210581,-0.0165793924210469,-0.0135869403075961,-1,-1,-1
46081,"Lawrence","South Dakota",0.0182434248354482,5.13929119566977,0.0182434248354451,5.13929119566975,"2022-07-15",906,5.14666356691937,0.0184281961298567,5.14076936602504,5.14058459473064,-0.000339016957366097,-0.0003390169573744,-0.000387384596438601,-1,-1,-1
46081,"Lawrence","South Dakota",0.0179165565790084,5.1549196744537,0.017916556579002,5.15491967445365,"2022-07-16",907,5.16967197712914,0.0179406790035244,5.15511265384983,5.15508853142531,-0.000326868256439801,-0.0003268682564431,-0.000487517126332299,-1,-1,-1
46081,"Lawrence","South Dakota",0.0176011954770112,5.17031334221673,0.0176011954770106,5.17031334221672,"2022-07-17",908,5.19216288498903,0.0175782917585927,5.17013011246938,5.1701530161878,-0.000315361101997199,-0.000315361101991398,-0.000362387244931702,-1,-1,-1
46081,"Lawrence","South Dakota",0.0172967443742588,5.18547892887173,0.0172967443742644,5.18547892887177,"2022-07-18",909,5.21415905854081,0.017380361700852,5.18614786748447,5.18606425015787,-0.000304451102752401,-0.000304451102746201,-0.0001979300577407,-1,-1,-1
46081,"Lawrence","South Dakota",0.0170026467325511,5.20042289211232,0.017002646732549,5.20042289211231,"2022-07-19",910,5.23568179555655,0.0176233631889967,5.20538862376388,5.20476790730744,-0.000294097641707701,-0.0002940976417154,0.000243001488144701,-1,-1,1
46081,"Lawrence","South Dakota",0.0175906030895958,5.22212918970123,0.0175906030895954,5.22212918970123,"2022-07-20",911,5.25749537202778,0.0181498282785831,5.22660299121312,5.22604376602414,0.0005879563570447,0.0005879563570464,0.000526465089586401,1,1,1
46081,"Lawrence","South Dakota",0.0241183094488868,5.29194144366515,0.0241183094488884,5.29194144366517,"2022-07-21",912,5.27592567623314,0.0228807773252616,5.28204118667615,5.28327871879978,0.006527706359291,0.006527706359293,0.0047309490466785,1,1,1
46081,"Lawrence","South Dakota",0.0235502893964162,5.31151559269428,0.0235502893964199,5.31151559269431,"2022-07-22",913,5.29402244226516,0.0229893274422291,5.30702789706078,5.30758885901497,-0.0005680200524706,-0.000568020052468501,0.000108550116967501,-1,-1,1
46081,"Lawrence","South Dakota",0.0230084102097725,5.33073084859755,0.0230084102097745,5.33073084859756,"2022-07-23",914,5.31179752810473,0.0226892219851456,5.32817734280054,5.32849653102516,-0.000541879186643699,-0.000541879186645399,-0.000300105457083501,-1,-1,-1
46081,"Lawrence","South Dakota",0.022490907859896,5.34959924000831,0.0224909078598934,5.34959924000829,"2022-07-24",915,5.32926217039746,0.0228411373307753,5.35240107577534,5.35205084630446,-0.000517502349876502,-0.000517502349881099,0.000151915345629701,-1,-1,1
46081,"Lawrence","South Dakota",0.0219961735517793,5.36813227340327,0.0219961735517797,5.36813227340327,"2022-07-25",916,5.34642702711856,0.021905162763438,5.36740418709653,5.36749519788488,-0.000494734308116699,-0.000494734308113701,-0.000935974567337301,-1,-1,-1
46081,"Lawrence","South Dakota",0.0215227370157409,5.38634095466674,0.0215227370157383,5.38634095466672,"2022-07-26",917,5.36330221663745,0.0224017368237833,5.39337295313108,5.39249395332303,-0.000473436536038402,-0.000473436536041399,0.000496574060345301,-1,-1,1
46081,"Lawrence","South Dakota",0.0218135764712273,5.41019040732637,0.0218135764712288,5.41019040732638,"2022-07-27",918,5.36664334904728,0.0223641664964309,5.414595127528,5.4140445375028,0.000290839455486403,0.000290839455490501,-3.75703273523993e-05,1,1,-1
46081,"Lawrence","South Dakota",0.0184303042053539,5.40493780567061,0.0184303042053564,5.40493780567063,"2022-07-28",919,5.35456266521249,0.0197758842981586,5.41570244641305,5.41435686632025,-0.0033832722658734,-0.0033832722658724,-0.0025882821982723,-1,-1,-1
46081,"Lawrence","South Dakota",0.0180967660320231,5.42069980448932,0.0180967660320173,5.42069980448928,"2022-07-29",920,5.34233425196481,0.0198925889886422,5.43506638814228,5.43327056518565,-0.000333538173330799,-0.000333538173339101,0.0001167046904836,-1,-1,1
46081,"Lawrence","South Dakota",0.0177750858395741,5.43622312898175,0.0177750858395758,5.43622312898176,"2022-07-30",921,5.32995445149122,0.0166274781754243,5.42704226766855,5.4281898753327,-0.000321680192448999,-0.000321680192441498,-0.0032651108132179,-1,-1,-1
46081,"Lawrence","South Dakota",0.017464642292722,5.45151466644651,0.017464642292726,5.45151466644654,"2022-07-31",922,5.31741946842152,0.0182125760163463,5.4574981362355,5.45675020251188,-0.000310443546852102,-0.000310443546849802,0.001585097840922,-1,-1,1
46081,"Lawrence","South Dakota",0.0171648567211066,5.46658102416631,0.0171648567211076,5.46658102416632,"2022-08-01",923,5.30472536284337,0.0179768670814142,5.47307710704877,5.47226509668846,-0.000299785571615398,-0.000299785571618399,-0.000235708934932102,-1,-1,-1
46081,"Lawrence","South Dakota",0.0168751895188776,5.48142854326959,0.016875189518883,5.48142854326963,"2022-08-02",924,5.29186804286813,0.0185529551351165,5.49485066819949,5.49317290258327,-0.000289667202229001,-0.000289667202224599,0.000576088053702302,-1,-1,1
46081,"Lawrence","South Dakota",0.00334113240983588,5.39003127591613,0.0033411324098358,5.39003127591613,"2022-08-03",925,5.27884325671266,0.00921296264240381,5.43700591777668,5.43113408754411,-0.0135340571090417,-0.0135340571090472,-0.00933999249271269,-1,-1,-1
46081,"Lawrence","South Dakota",-0.0120806838348013,5.26999787836888,0,5.35456266521249,"2022-08-04",926,5.26490830441691,-0.00602706747779792,5.3184268092249,5.3123731928679,-0.0154218162446372,-0.0033411324098358,-0.0152400301202017,-1,-1,-1
46081,"Lawrence","South Dakota",-0.0122284132476793,5.25673535923106,0,5.34233425196481,"2022-08-05",927,5.25077642177904,-0.00764833959243209,5.29337594847303,5.28879587481779,-0.000147729412878,0,-0.00162127211463417,-1,0,-1
46081,"Lawrence","South Dakota",-0.0123798004735888,5.2432958481761,0,5.32995445149122,"2022-08-06",928,5.23644196282995,-0.00855716698166141,5.27387691611152,5.27005428261959,-0.000151387225909501,0,-0.00090882738922932,-1,0,-1
46081,"Lawrence","South Dakota",-0.0125349830696919,5.22967458693368,0,5.31741946842152,"2022-08-07",929,5.22189903526113,-0.00807671680115728,5.26534071708196,5.26088245081342,-0.000155182596103099,0,0.000480450180504129,-1,0,1
46081,"Lawrence","South Dakota",-0.0126941055781576,5.21586662379626,0,5.30472536284337,"2022-08-08",930,5.20714148588217,-0.00868370430696396,5.24794983396581,5.24393943269462,-0.000159122508465701,0,-0.000606987505806679,-1,0,-1
46081,"Lawrence","South Dakota",-0.012857319975234,5.20186680304149,0,5.29186804286813,"2022-08-09",931,5.19216288498903,-0.00948190676757381,5.22887010870278,5.22549469549511,-0.0001632143970764,0,-0.00079820246060985,-1,0,-1
46081,"Lawrence","South Dakota",-0.0130247861554787,5.18766975362431,0,5.27884325671266,"2022-08-10",932,5.18658740260473,-0.00898560225920509,5.21998322479449,5.21594404089822,-0.000167466180244699,0,0.00049630450836872,-1,0,1
46081,"Lawrence","South Dakota",-0.0139349522957528,5.16736363834664,0,5.26490830441691,"2022-08-11",933,5.18017712424381,-0.0112192573468413,5.18908919793793,5.18637350298902,-0.0009101661402741,0,-0.00223365508763621,-1,0,-1
46081,"Lawrence","South Dakota",-0.0141318826378697,5.15185324331395,0,5.25077642177904,"2022-08-12",934,5.17372548896232,-0.0110464922390817,5.17653636650426,5.17345097610547,-0.0001969303421169,0,0.0001727651077596,-1,0,1
46081,"Lawrence","South Dakota",-0.0143344589490926,5.1361007501863,0,5.23644196282995,"2022-08-13",935,5.16723195965177,-0.012833064142941,5.14811190863551,5.14661051382936,-0.000202576311222899,0,-0.0017865719038593,-1,0,-1
46081,"Lawrence","South Dakota",-0.0145429275688238,5.12009854227936,0,5.22189903526113,"2022-08-14",936,5.16069598867199,-0.0125602329829413,5.13596009896642,5.13397740438054,-0.0002084686197312,0,0.000272831159999699,-1,0,1
46081,"Lawrence","South Dakota",-0.0147575493789588,5.10383864022946,0,5.20714148588217,"2022-08-15",937,5.15411701757395,-0.0126132558061662,5.1209929888118,5.11884869523901,-0.000214621810135001,0,-5.30228232248995e-05,-1,0,-1
46081,"Lawrence","South Dakota",-0.0149786008931316,5.08731267873711,0,5.19216288498903,"2022-08-16",938,5.14749447681345,-0.0134963760003205,5.09917047787961,5.09768825298679,-0.0002210515141728,0,-0.0008831201941543,-1,0,-1
46081,"Lawrence","South Dakota",-0.00557548238430643,5.14755902591459,0,5.18658740260473,"2022-08-17",939,5.13747769856998,-0.00709658285849486,5.13539022212107,5.13691132259527,0.00940311850882517,0,0.00639979314182564,1,0,1
46081,"Lawrence","South Dakota",-0.00641027836091889,5.13530517571738,0,5.18017712424381,"2022-08-18",940,5.14416668672078,-0.00693277505711088,5.13112520214784,5.13164769884403,-0.00083479597661246,0,0.00016380780138398,-1,0,1
46081,"Lawrence","South Dakota",-0.00645163528148929,5.1285640419919,0,5.17372548896232,"2022-08-19",941,5.15081122943945,-0.00816295627549193,5.11487347403988,5.11658479503388,-4.13569205703996e-05,0,-0.00123018121838105,-1,0,-1
46081,"Lawrence","South Dakota",-0.00649352931055576,5.12177725447788,0,5.16723195965177,"2022-08-20",942,5.1574119134708,-0.00719887179216969,5.11613451462496,5.11683985710658,-4.18940290664704e-05,0,0.00096408448332224,-1,0,1
46081,"Lawrence","South Dakota",-0.00653597097978775,5.11494419181347,0,5.16069598867199,"2022-08-21",943,5.16396931401696,-0.00681221802736502,5.11273421543285,5.11301046248044,-4.244166923199e-05,0,0.00038665376480467,-1,0,1
46081,"Lawrence","South Dakota",-0.0065789710980404,5.10806421988766,0,5.15411701757395,"2022-08-22",944,5.17048399503815,-0.00913301438759515,5.08763187357123,5.09018591686078,-4.30001182526495e-05,0,-0.00232079636023013,-1,0,-1
46081,"Lawrence","South Dakota",-0.0066225407604957,5.10113669148998,0,5.14749447681345,"2022-08-23",945,5.17695650954377,-0.00798473926460769,5.09023910345709,5.0916013019612,-4.35696624553001e-05,0,0.00114827512298746,-1,0,1
46081,"Lawrence","South Dakota",-0.0100167782434717,5.06736025086568,0,5.13747769856998,"2022-08-24",946,5.17614973257383,-0.0100571198998375,5.06703751761475,5.06707785927112,-0.003394237482976,0,-0.00207238063522981,-1,0,-1
46081,"Lawrence","South Dakota",0.00668898815079311,5.19098960377633,0.00668898815079544,5.19098960377634,"2022-08-25",947,5.17534230418923,0.00627396749909975,5.18766943856278,5.18808445921448,0.0167057663942648,0.00668898815079544,0.0163310873989372,1,1,1
46081,"Lawrence","South Dakota",0.00664454271867338,5.19732302847016,0.0066445427186741,5.19732302847017,"2022-08-26",948,5.17453422333718,0.00741973471330036,5.20352456442718,5.20274937243255,-4.44454321197295e-05,-4.44454321213402e-05,0.00114576721420061,-1,-1,1
46081,"Lawrence","South Dakota",0.00660068403135272,5.20361670169027,0.00660068403135128,5.20361670169026,"2022-08-27",949,5.17372548896232,0.00652031968040593,5.2029737868827,5.20305415123364,-4.38586873206604e-05,-4.38586873228201e-05,-0.00089941503289443,-1,-1,-1
46081,"Lawrence","South Dakota",0.00655740054615779,5.20987111784006,0.00655740054615794,5.20987111784006,"2022-08-28",950,5.17291610000676,0.00699941356644273,5.21340722200234,5.21296520898206,-4.32834851949301e-05,-4.32834851933402e-05,0.0004790938860368,-1,-1,1
46081,"Lawrence","South Dakota",0.00651468102119067,5.21608676218649,0.00651468102119246,5.2160867621865,"2022-08-29",951,5.17210605541002,0.00750877525487875,5.22403951605599,5.2230454218223,-4.27195249671193e-05,-4.271952496548e-05,0.00050936168843602,-1,-1,1
46081,"Lawrence","South Dakota",0.00647251450561706,5.22226411108309,0.00647251450561726,5.22226411108309,"2022-08-30",952,5.17129535410903,0.0055163512748843,5.21461480523722,5.21557096846796,-4.21665155736104e-05,-4.21665155751995e-05,-0.00199242397999445,-1,-1,-1
46081,"Lawrence","South Dakota",-0.000806776969940311,5.17050229378425,0,5.17614973257383,"2022-08-31",953,5.15411701757395,-0.00491655369353843,5.13762407999546,5.14173385671906,-0.00727929147555737,-0.00647251450561726,-0.0104329049684227,-1,-1,-1
46081,"Lawrence","South Dakota",-0.000807428384601786,5.16969030549702,0,5.17534230418923,"2022-09-01",954,5.12651175148206,-0.00435711036301765,5.14129284966969,5.14484253164811,-6.5141466147492e-07,0,0.000559443330520781,-1,0,1
46081,"Lawrence","South Dakota",-0.000808080852051574,5.16887765737282,0,5.17453422333718,"2022-09-02",955,5.09812274821937,-0.00502348381262493,5.13515443368823,5.13936983664881,-6.52467449788045e-07,0,-0.00066637344960728,-1,0,-1
46081,"Lawrence","South Dakota",-0.000808734374851332,5.16806434833837,0,5.17372548896232,"2022-09-03",956,5.06890420222023,-0.00298966785197574,5.15061688052137,5.15279781399849,-6.53522799758002e-07,0,0.00203381596064919,-1,0,1
46081,"Lawrence","South Dakota",-0.000809388955561542,5.16725037731783,0,5.17291610000676,"2022-09-04",957,5.03880617106295,-0.00387073971285295,5.1427595712595,5.14582092201679,-6.54580710209951e-07,0,-0.00088107186087721,-1,0,-1
46081,"Lawrence","South Dakota",-0.000810044596742606,5.16643574323282,0,5.17210605541002,"2022-09-05",958,5.00777406181523,-0.00382964478773635,5.14227894170487,5.14529854189587,-6.55641181063985e-07,0,4.10949251165998e-05,-1,0,1
46081,"Lawrence","South Dakota",-0.000810701300987794,5.16562044500212,0,5.17129535410903,"2022-09-06",959,4.97574803509582,-0.00326564230290555,5.14598091698678,5.14843585798869,-6.56704245188019e-07,0,0.0005640024848308,-1,0,1
46081,"Lawrence","South Dakota",-0.0171783365350846,5.03386866182835,0,5.15411701757395,"2022-09-07",960,4.93035446283545,-0.0135975116502761,5.06251526090682,5.05893443602202,-0.0163676352340968,0,-0.0103318693473705,-1,0,-1
46081,"Lawrence","South Dakota",-0.0276052660918956,4.93327488883879,0,5.12651175148206,"2022-09-08",961,4.88712158373089,-0.0203912699379919,4.99098685807001,4.98377286191612,-0.010426929556811,0,-0.0067937582877158,-1,0,-1
46081,"Lawrence","South Dakota",-0.0283890032626844,4.89939972538058,0,5.09812274821937,"2022-09-09",962,4.84193483325427,-0.0217355690841925,4.95262719880852,4.94597376463002,-0.000783737170788803,0,-0.0013442991462006,-1,0,-1
46081,"Lawrence","South Dakota",-0.0292185459991479,4.8643743802262,0,5.06890420222023,"2022-09-10",963,4.79460921055091,-0.0222330193391289,4.92025859350634,4.91327306684633,-0.000829542736463497,0,-0.000497450254936398,-1,0,-1
46081,"Lawrence","South Dakota",-0.0300980311572909,4.82811995296192,0,5.03880617106295,"2022-09-11",964,4.74493212836325,-0.0238572132701619,4.87804649605893,4.87180567817182,-0.000879485158143001,0,-0.001624193931033,-1,0,-1
46081,"Lawrence","South Dakota",-0.0310321092477183,4.7905492970812,0,5.00777406181523,"2022-09-12",965,4.69265764011121,-0.0252025506375681,4.8371857659624,4.83135620735225,-0.0009340780904274,0,-0.0013453373674062,-1,0,-1
46081,"Lawrence","South Dakota",-0.0320260267194217,4.75156584805986,0,4.97574803509582,"2022-09-13",966,4.63749907310345,-0.0231943226253547,4.82221948081239,4.81338777671834,-0.000993917471703402,0,0.0020082280122134,-1,0,1
46081,"Lawrence","South Dakota",-0.0453935722603651,4.61259945701289,0,4.93035446283545,"2022-09-14",967,4.5776521570942,-0.0324255179847,4.71634389121822,4.70337583694255,-0.0133675455409434,0,-0.0092311953593453,-1,0,-1
46081,"Lawrence","South Dakota",-0.043232879104558,4.58449142999899,0,4.88712158373089,"2022-09-15",968,4.52798054729696,-0.0292257553788924,4.69654841980431,4.68254129607864,0.00216069315580709,0,0.0031997626058076,1,0,1
46081,"Lawrence","South Dakota",-0.0451867504766232,4.52562757991791,0,4.84193483325427,"2022-09-16",969,4.47571211875121,-0.0335360439341881,4.61883323225738,4.60718252571495,-0.00195387137206519,0,-0.0043102885552957,-1,0,-1
46081,"Lawrence","South Dakota",-0.0473256227033725,4.4633298516273,0,4.79460921055091,"2022-09-17",970,4.42056029867613,-0.0329745006915945,4.57813882772151,4.56378770570975,-0.0021388722267493,0,0.000561543242593603,-1,0,1
46081,"Lawrence","South Dakota",-0.0496770821876615,4.39719255304962,0,4.74493212836325,"2022-09-18",971,4.36218829245422,-0.038813488362686,4.48410130364942,4.47323770982445,-0.002351459484289,0,-0.0058389876710915,-1,0,-1
46081,"Lawrence","South Dakota",-0.0522744882520427,4.32673622234691,0,4.69265764011121,"2022-09-19",972,4.30019661642625,-0.0378025695621275,4.44251157186623,4.42803965317632,-0.0025974060643812,0,0.0010109188005585,-1,0,1
46081,"Lawrence","South Dakota",-0.0551585670077554,4.25138910404916,0,4.63749907310345,"2022-09-20",973,4.23410650459726,-0.0388970125852434,4.38148153942926,4.36521998500675,-0.0028840787557127,0,-0.0010944430231159,-1,0,-1
46081,"Lawrence","South Dakota",-0.0598469160092593,4.15872374502938,0,4.5776521570942,"2022-09-21",974,4.14991441337691,-0.0422670615142413,4.29936258098952,4.28178272649451,-0.0046883490015039,0,-0.0033700489289979,-1,0,-1
46081,"Lawrence","South Dakota",-0.049671609797236,4.18027927871631,0,4.52798054729696,"2022-09-22",975,4.1061790198691,-0.0378407073867886,4.27492649799989,4.26309559558944,0.0101753062120233,0,0.00442635412745269,1,0,1
46081,"Lawrence","South Dakota",-0.052268428545747,4.10983311893098,0,4.47571211875121,"2022-09-23",976,4.06044301054642,-0.0403319586956282,4.20532487773193,4.19338840788181,-0.002596818748511,0,-0.0024912513088396,-1,0,-1
46081,"Lawrence","South Dakota",-0.0551518200751079,4.03449755815037,0,4.42056029867613,"2022-09-24",977,4.01251454397447,-0.0422942537261416,4.13735808894208,4.12450052259314,-0.0028833915293609,0,-0.0019622950305134,-1,0,-1
46081,"Lawrence","South Dakota",-0.0583720062219169,3.9535842489008,0,4.36218829245422,"2022-09-25",978,3.96217278911362,-0.0445420395244112,4.06422398248084,4.05039401578334,-0.003220186146809,0,-0.0022477857982696,-1,0,-1
46081,"Lawrence","South Dakota",-0.0619916760279654,3.86625488423049,0,4.30019661642625,"2022-09-26",979,3.90916177314711,-0.0465898454139644,3.9894695291425,3.9740676985285,-0.0036196698060485,0,-0.0020478058895532,-1,0,-1
46081,"Lawrence","South Dakota",-0.0660901118289782,3.77147572179441,0,4.23410650459726,"2022-09-27",980,3.85318250540521,-0.0452554931354277,3.93815267134283,3.91731805264927,-0.0040984358010128,0,0.0013343522785367,-1,0,1
46081,"Lawrence","South Dakota",-0.0841920912203744,3.56056977483429,0,4.14991441337691,"2022-09-28",981,3.81928095372953,-0.0565164602951316,3.78197482223621,3.75429919131099,-0.0181019793913962,0,-0.0112609671597039,-1,0,-1
46081,"Lawrence","South Dakota",-0.0437353935077998,3.80003126531451,0,4.1061790198691,"2022-09-29",982,3.82241084673846,-0.0407966738746789,3.82354102237948,3.82060230274635,0.0404566977125746,0,0.0157197864204527,1,0,1
46081,"Lawrence","South Dakota",-0.0457360093226998,3.74029094528752,0,4.06044301054642,"2022-09-30",983,3.8255309740747,-0.0411354811989052,3.77709517027786,3.77249464215408,-0.0020006158149,0,-0.000338807324226302,-1,0,-1
46081,"Lawrence","South Dakota",-0.0479284665719416,3.67701527797088,0,4.01251454397447,"2022-10-01",984,3.8286413964891,-0.0398209794070509,3.74187517529001,3.73376768812511,-0.0021924572492418,0,0.0013145017918543,-1,0,1
46081,"Lawrence","South Dakota",-0.0503417548608672,3.60978050508755,0,3.96217278911362,"2022-10-02",985,3.83174217416734,-0.0445615226521753,3.65602236275707,3.65024213054839,-0.0024132882889256,0,-0.0047405432451244,-1,0,-1
46081,"Lawrence","South Dakota",-0.0530110159665126,3.53808466138153,0,3.90916177314711,"2022-10-03",986,3.83483336673702,-0.0447238317992719,3.60438213471945,3.59609495055221,-0.0026692611056454,0,-0.000162309147096598,-1,0,-1
46081,"Lawrence","South Dakota",-0.0559792677419014,3.4613276312119,0,3.85318250540521,"2022-10-04",987,3.83791503327442,-0.0474637475391619,3.52945179283381,3.52093627263108,-0.0029682517753888,0,-0.00273991573989001,-1,0,-1
46081,"Lawrence","South Dakota",-0.033901551675679,3.58197009199978,0,3.81928095372953,"2022-10-05",988,3.86223234092513,-0.0348572801967919,3.57432426383087,3.57527999235199,0.0220777160662224,0,0.01260646734237,1,0,1
46081,"Lawrence","South Dakota",0.00312989300892578,3.84432009780094,0.00312989300892674,3.84432009780095,"2022-10-06",989,3.88890058800729,0.00388454962537343,3.85035735073252,3.84960269411607,0.0370314446846048,0.00312989300892674,0.0387418298221653,1,1,1
46081,"Lawrence","South Dakota",0.00312012733624551,3.84737186542842,0.00312012733624467,3.84737186542842,"2022-10-07",990,3.91487607441055,0.00263026945006992,3.84345300233902,3.84394286022519,-9.76567268027011e-06,-9.76567268206989e-06,-0.00125428017530351,-1,-1,-1
46081,"Lawrence","South Dakota",0.00311042241439344,3.85041435338985,0.00311042241439186,3.85041435338984,"2022-10-08",991,3.94019388239484,0.00255471758445294,3.84596871475032,3.84652441958027,-9.70492185207008e-06,-9.70492185280994e-06,-7.55518656169801e-05,-1,-1,-1
46081,"Lawrence","South Dakota",0.00310077767825023,3.8534476179151,0.00310077767824968,3.85344761791509,"2022-10-09",992,3.96488649498521,0.00233722087457048,3.84733916348566,3.84810272028933,-9.64473614320982e-06,-9.64473614218026e-06,-0.00021749670988246,-1,-1,-1
46081,"Lawrence","South Dakota",0.003091192569672,3.85647171472472,0.00309119256967172,3.85647171472472,"2022-10-10",993,3.98898404656427,0.00275943196330616,3.85381762987379,3.85414939048016,-9.58510857823006e-06,-9.58510857795988e-06,0.00042221108873568,-1,-1,1
46081,"Lawrence","South Dakota",0.0030816665374078,3.85948669903628,0.00308166653740694,3.85948669903627,"2022-10-11",994,4.01251454397447,0.00339897402811556,3.86202515896194,3.86170785147123,-9.52603226420014e-06,-9.52603226477998e-06,0.0006395420648094,-1,-1,1
46081,"Lawrence","South Dakota",0.0243173076507108,4.03245349448011,0.0243173076507075,4.03245349448008,"2022-10-12",995,4.01509519056796,0.0166548638531117,3.97115394409931,3.97881638789691,0.021235641113303,0.0212356411133006,0.0132558898249961,1,1,1
46081,"Lawrence","South Dakota",0.026668247082162,4.07557831758243,0.0266682470821618,4.07557831758242,"2022-10-13",996,4.03297561584581,0.0219404888837078,4.03775625199479,4.04248401019324,0.0023509394314512,0.0023509394314543,0.0052856250305961,1,1,1
46081,"Lawrence","South Dakota",0.0259754864032566,4.09670447923335,0.0259754864032611,4.09670447923338,"2022-10-14",997,4.05054193956371,0.0221860830185742,4.06638925215588,4.07017865554057,-0.000692760678905398,-0.0006927606789007,0.000245594134866401,-1,-1,1
46081,"Lawrence","South Dakota",0.0253178079842878,4.11741853828486,0.0253178079842882,4.11741853828486,"2022-10-15",998,4.06780500698749,0.019026534771502,4.06708835258257,4.07337962579535,-0.000657678418968802,-0.0006576784189729,-0.0031595482470722,-1,-1,-1
46081,"Lawrence","South Dakota",0.0246926125903685,4.13773478311779,0.0246926125903717,4.13773478311782,"2022-10-16",999,4.08477511120595,0.0204939547120093,4.10414552009092,4.10834417796928,-0.000625195393919298,-0.000625195393916502,0.0014674199405073,-1,-1,1
46081,"Lawrence","South Dakota",0.0240975515790655,4.15766690761773,0.0240975515790609,4.1576669076177,"2022-10-17",1000,4.10146202999096,0.0181888515004323,4.11039730698867,4.1163060070673,-0.000595061011303001,-0.000595061011310797,-0.002305103211577,-1,-1,-1
46081,"Lawrence","South Dakota",0.0235304974101964,4.17722802584584,0.023530497410194,4.17722802584583,"2022-10-18",1001,4.11787505963229,0.02035106359564,4.15179255532939,4.15497198914395,-0.0005670541688691,-0.0005670541688669,0.0021622120952077,-1,-1,1
46081,"Lawrence","South Dakota",0.00258064659349268,4.03315971672241,0.00258064659349078,4.03315971672239,"2022-10-19",1002,4.13858926401986,0.001165931398624,4.02184199516346,4.02325671035833,-0.0209498508167037,-0.0209498508167032,-0.019185132197016,-1,-1,-1
46081,"Lawrence","South Dakota",0.0178804252778511,4.15813859279077,0.0178804252778484,4.15813859279075,"2022-10-20",1003,4.14086457785699,0.0166973987250509,4.14867438036837,4.14985740692117,0.0152997786843584,0.0152997786843576,0.0155314673264269,1,1,1
46081,"Lawrence","South Dakota",0.0175663237178948,4.17350620558897,0.0175663237179,4.17350620558901,"2022-10-21",1004,4.14313472639153,0.0144330057159177,4.14843966157315,4.15157297957513,-0.000314101559956301,-0.000314101559948397,-0.0022643930091332,-1,-1,-1
46081,"Lawrence","South Dakota",0.0172630674237828,4.18864647895397,0.0172630674237801,4.18864647895395,"2022-10-22",1005,4.14539973302239,0.0165167211360897,4.18267570865243,4.18342205494012,-0.000303256294112,-0.0003032562941199,0.002083715420172,-1,-1,1
46081,"Lawrence","South Dakota",0.0169701042184667,4.20356584073522,0.016970104218462,4.20356584073518,"2022-10-23",1006,4.14765962098982,0.014531704658915,4.18405864425881,4.18649704381836,-0.000292963205316101,-0.0002929632053181,-0.0019850164771747,-1,-1,-1
46081,"Lawrence","South Dakota",0.0166869187850146,4.21827046148607,0.0166869187850143,4.21827046148606,"2022-10-24",1007,4.14991441337691,0.0137145098910725,4.19449119033453,4.19746359922847,-0.000283185433452099,-0.000283185433447703,-0.0008171947678425,-1,-1,-1
46081,"Lawrence","South Dakota",0.0164130296413246,4.23276626712157,0.0164130296413303,4.23276626712161,"2022-10-25",1008,4.15216413311093,0.0154360000519182,4.2249500304063,4.22592705999572,-0.00027388914369,-0.000273889143683998,0.0017214901608457,-1,-1,1
46081,"Lawrence","South Dakota",0.020714204387564,4.28358869473281,0.0207142043875637,4.2835886947328,"2022-10-26",1009,4.16555719044736,0.0166497814934026,4.25107331157951,4.25513773447368,0.0043011747462394,0.0043011747462334,0.0012137814414844,1,1,1
46081,"Lawrence","South Dakota",0.0022753138371366,4.15679177471695,0.00227531383713586,4.15679177471695,"2022-10-27",1010,4.16333743370905,0.0042178069354016,4.17233171950307,4.1703892264048,-0.0184388905504274,-0.0184388905504278,-0.012431974558001,-1,-1,-1
46081,"Lawrence","South Dakota",0.00227014853453968,4.15902576613331,0.00227014853453866,4.1590257661333,"2022-10-28",1011,4.16111273868694,0.00461548367230426,4.17778844723542,4.17544311209766,-5.16530259691986e-06,-5.16530259720002e-06,0.00039767673690266,-1,-1,1
46081,"Lawrence","South Dakota",0.0022650066308543,4.16125477943837,0.00226500663085361,4.16125477943836,"2022-10-29",1012,4.15888308335967,0.00511273832588679,4.18403663299862,4.1811889013036,-5.14190368537974e-06,-5.14190368504971e-06,0.00049725465358253,-1,-1,1
46081,"Lawrence","South Dakota",0.00225988796743612,4.16347883676188,0.00225988796743604,4.16347883676187,"2022-10-30",1013,4.15664844555826,0.0053952465151901,4.18856170514391,4.18542634659615,-5.11866341818034e-06,-5.11866341757015e-06,0.00028250818930331,-1,-1,1
46081,"Lawrence","South Dakota",0.00225479238708878,4.16569796008653,0.00225479238708903,4.16569796008653,"2022-10-31",1014,4.15440880296475,0.00487267291014332,4.18664100427097,4.18402312374791,-5.09558034733973e-06,-5.09558034701013e-06,-0.00052257360504678,-1,-1,-1
46081,"Lawrence","South Dakota",0.00224971973401711,4.16791217124905,0.00224971973401633,4.16791217124904,"2022-11-01",1015,4.15216413311093,0.00462970252034222,4.18695203353965,4.18457205075333,-5.07265307167016e-06,-5.07265307269971e-06,-0.0002429703898011,-1,-1,-1
46081,"Lawrence","South Dakota",0.0133930573364354,4.25930859180241,0.0133930573364367,4.25930859180242,"2022-11-02",1016,4.14313472639153,0.0127692718502487,4.25431830791292,4.2549420933991,0.0111433376024183,0.0111433376024204,0.00813956932990648,1,1,1
46081,"Lawrence","South Dakota",-0.00221975673831412,4.14779913654085,0,4.16333743370905,"2022-11-03",1017,4.15216413311093,-0.00817622680863076,4.10014737597831,4.10610384604863,-0.0156128140747495,-0.0133930573364367,-0.0209454986588795,-1,-1,-1
46081,"Lawrence","South Dakota",-0.00222469502210877,4.14553987353218,0,4.16111273868694,"2022-11-04",1018,4.16111273868694,-0.0054760106304421,4.11952934866551,4.12278066427385,-4.93828379465001e-06,0,0.00270021617818866,-1,0,1
46081,"Lawrence","South Dakota",-0.00222965532726983,4.14327549606878,0,4.15888308335967,"2022-11-05",1019,4.16998197642772,-0.00609752804901338,4.11233251429483,4.11620038701658,-4.96030516105965e-06,0,-0.000621517418571279,-1,0,-1
46081,"Lawrence","South Dakota",-0.0022346378014147,4.14100598094835,0,4.15664844555826,"2022-11-06",1020,4.17877324183889,-0.00510608978256247,4.11803436509917,4.12090581708032,-4.98247414487023e-06,0,0.00099143826645091,-1,0,1
46081,"Lawrence","South Dakota",-0.0022396425935064,4.13873130481021,0,4.15440880296475,"2022-11-07",1021,4.18748789394134,-0.00646678846785465,4.10491413781542,4.10914128368977,-5.00479209169982e-06,0,-0.00136069868529218,-1,0,-1
46081,"Lawrence","South Dakota",-0.00224466985382341,4.13645144413416,0,4.15216413311093,"2022-11-08",1022,4.19612725653204,-0.00753683061496906,4.094114158045,4.09940631880615,-5.02726031701003e-06,0,-0.00107004214711441,-1,0,-1
46081,"Lawrence","South Dakota",-0.00902940671939105,4.0799288793558,0,4.14313472639153,"2022-11-09",1023,4.22787595484662,-0.0111548709222948,4.06292516573257,4.06505062993547,-0.00678473686556764,0,-0.00361804030732574,-1,0,-1
46081,"Lawrence","South Dakota",0.00902940671939541,4.2153699801467,0.00902940671939501,4.21536998014669,"2022-11-10",1024,4.25459902498738,0.0102546971779662,4.22517230381526,4.22394701335669,0.0180588134387865,0.00902940671939501,0.021409568100261,1,1,1
46081,"Lawrence","South Dakota",0.00894860557601415,4.22375297771904,0.0089486055760144,4.22375297771904,"2022-11-11",1025,4.28062652023215,0.0100366781028089,4.2324575579334,4.2313694854066,-8.08011433812601e-05,-8.08011433806113e-05,-0.000218019075157299,-1,-1,-1
46081,"Lawrence","South Dakota",0.00886923774078,4.23206664061318,0.00886923774077886,4.23206664061317,"2022-11-12",1026,4.30599373411058,0.00992951024615702,4.2405488206562,4.23948854815082,-7.93678352341495e-05,-7.9367835235539e-05,-0.000107167856651881,-1,-1,-1
46081,"Lawrence","South Dakota",0.00879126541117303,4.2403120997171,0.00879126541117081,4.24031209971709,"2022-11-13",1027,4.33073334028633,0.0100707060322435,4.25054762468567,4.24926818406459,-7.7972329606971e-05,-7.797232960805e-05,0.000141195786086481,-1,-1,1
46081,"Lawrence","South Dakota",0.00871465210244405,4.24849045865844,0.00871465210244438,4.24849045865845,"2022-11-14",1028,4.35487564560793,0.00983307804992679,4.2574378662383,4.25631944029083,-7.66133087289796e-05,-7.66133087264313e-05,-0.00023762798231671,-1,-1,-1
46081,"Lawrence","South Dakota",0.00863936259070798,4.256602794667,0.00863936259070641,4.25660279466699,"2022-11-15",1029,4.378448813326,0.0103582993246626,4.27035428853864,4.26863535180468,-7.52895117360694e-05,-7.52895117379689e-05,0.00052522127473581,-1,-1,1
46081,"Lawrence","South Dakota",0.0317486983145823,4.4501168430487,0.0317486983145816,4.4501168430487,"2022-11-16",1030,4.39444915467244,0.0257046458728855,4.40176442351512,4.40780847595682,0.0231093357238743,0.0231093357238752,0.0153463465482229,1,1,1
46081,"Lawrence","South Dakota",0.0267230701407438,4.44166051597258,0.0267230701407524,4.44166051597264,"2022-11-17",1031,4.4014790606007,0.0235751356789358,4.41647704027811,4.41962497473993,-0.0050256281738385,-0.0050256281738292,-0.0021295101939497,-1,-1,-1
46081,"Lawrence","South Dakota",0.0260274952447792,4.46281898694561,0.0260274952447759,4.46281898694558,"2022-11-18",1032,4.40845989174204,0.0223452753714487,4.43336122795897,4.43704344783229,-0.000695574895964599,-0.000695574895976502,-0.0012298603074871,-1,-1,-1
46081,"Lawrence","South Dakota",0.0253672138784186,4.48356423125951,0.0253672138784236,4.48356423125954,"2022-11-19",1033,4.41539232851768,0.0240266750512919,4.47283992064248,4.47418045946962,-0.0006602813663606,-0.000660281366352298,0.0016813996798432,-1,-1,1
46081,"Lawrence","South Dakota",0.0247396061757598,4.50391058351665,0.0247396061757552,4.50391058351662,"2022-11-20",1034,4.42227703729518,0.0232152439496344,4.49171568570766,4.49324004793377,-0.000627607702658801,-0.000627607702668401,-0.0008114311016575,-1,-1,-1
46081,"Lawrence","South Dakota",0.024142305321603,4.52387178285915,0.0241423053216003,4.52387178285913,"2022-11-21",1035,4.42911467077278,0.0233180338025671,4.51727761070687,4.5181018822259,-0.000597300854156799,-0.000597300854154898,0.000102789852932703,-1,-1,1
46081,"Lawrence","South Dakota",0.023573167718061,4.54346098735242,0.0235731677180659,4.54346098735246,"2022-11-22",1036,4.43590586835078,0.0230230502992944,4.53906004800228,4.53961016542106,-0.000569137603542002,-0.0005691376035344,-0.0002949835032727,-1,-1,-1
46081,"Lawrence","South Dakota",0.01600034134644,4.50645154409752,0.0160003413464418,4.50645154409753,"2022-11-23",1037,4.41711795448515,0.0169865403513028,4.51434113613642,4.51335493713156,-0.007572826371621,-0.0075728263716241,-0.0060365099479916,-1,-1,-1
46081,"Lawrence","South Dakota",0.00702990592826057,4.45068840209852,0.00702990592825792,4.4506884020985,"2022-11-24",1038,4.40322884232448,0.00968236142460395,4.47190804606927,4.46925559057293,-0.00897043541817943,-0.00897043541818388,-0.00730417892669885,-1,-1,-1
46081,"Lawrence","South Dakota",0.00698083114133926,4.45732570973141,0.00698083114133929,4.45732570973141,"2022-11-25",1039,4.38914410244275,0.0100922506969957,4.48221706617667,4.47910564662101,-4.90747869213107e-05,-4.90747869186297e-05,0.00040988927239175,-1,-1,1
46081,"Lawrence","South Dakota",0.00693243677564591,4.4639193859472,0.00693243677564492,4.4639193859472,"2022-11-26",1040,4.37485814519527,0.00869347290584803,4.47800767498882,4.47624663885862,-4.83943656933499e-05,-4.839436569437e-05,-0.00139877779114767,-1,-1,-1
46081,"Lawrence","South Dakota",0.00688470877749801,4.47046999873767,0.00688470877749836,4.47046999873767,"2022-11-27",1041,4.3603651378927,0.00876694733054061,4.48552790716201,4.48364566860896,-4.77279981478994e-05,-4.77279981465602e-05,7.34744246925802e-05,-1,-1,1
46081,"Lawrence","South Dakota",0.00683763347760536,4.47697810511602,0.00683763347760369,4.47697810511601,"2022-11-28",1042,4.34565899050301,0.00867947873936341,4.49171286721009,4.48987102194832,-4.70752998926504e-05,-4.70752998946696e-05,-8.74685911771995e-05,-1,-1,-1
46081,"Lawrence","South Dakota",0.00679119757800044,4.48344425139679,0.00679119757800084,4.48344425139679,"2022-11-29",1043,4.33073334028633,0.00801723554403473,4.49325255512506,4.49202651715902,-4.64358996049201e-05,-4.64358996028506e-05,-0.00066224319532868,-1,-1,-1
46081,"Lawrence","South Dakota",-0.0187879138656425,4.28560255742566,0,4.41711795448515,"2022-11-30",1044,4.34380542185368,-0.0121950702097777,4.33834530667256,4.33175246301671,-0.0255791114436429,-0.00679119757800084,-0.0202123057538124,-1,-1,-1
46081,"Lawrence","South Dakota",-0.0138891121606643,4.30600505719983,0,4.40322884232448,"2022-12-01",1045,4.33635659784069,-0.0106562356876802,4.33186806898371,4.32863519251072,0.0048988017049782,0,0.0015388345220975,1,0,1
46081,"Lawrence","South Dakota",-0.0140847398817456,4.29055092327053,0,4.38914410244275,"2022-12-02",1046,4.32885187218663,-0.0119372747275282,4.30773064450425,4.30558317935005,-0.000195627721081301,0,-0.001281039039848,-1,0,-1
46081,"Lawrence","South Dakota",-0.0142859572474741,4.27485644446295,0,4.37485814519527,"2022-12-03",1047,4.32129039948605,-0.0123609339953648,4.29025663047983,4.28833160722772,-0.0002012173657285,0,-0.0004236592678366,-1,0,-1
46081,"Lawrence","South Dakota",-0.0144930073025682,4.25891408677473,0,4.3603651378927,"2022-12-04",1048,4.31367131500961,-0.0113026101404168,4.28443726407194,4.28124686690978,-0.0002070500550941,0,0.001058323854948,-1,0,1
46081,"Lawrence","South Dakota",-0.0147061473896992,4.24271595877511,0,4.34565899050301,"2022-12-05",1049,4.30599373411058,-0.0116280748383336,4.26734053918603,4.26426246663467,-0.000213140087130999,0,-0.0003254646979168,-1,0,-1
46081,"Lawrence","South Dakota",-0.0149256502166724,4.22625378876962,0,4.33073334028633,"2022-12-06",1050,4.29825675160842,-0.0136344006217156,4.23658378552928,4.23529253593432,-0.0002195028269732,0,-0.002006325783382,-1,0,-1
46081,"Lawrence","South Dakota",0.0130720815673552,4.43530999282517,0.0130720815673531,4.43530999282516,"2022-12-07",1051,4.26267987704132,0.0143275463844265,4.44535371136174,4.44409824654467,0.0279977317840276,0.0130720815673531,0.0279619470061421,1,1,1
46081,"Lawrence","South Dakota",-0.00744882401299301,4.28421482974974,0,4.33635659784069,"2022-12-08",1052,4.23410650459726,-0.00653667999032073,4.29151198193111,4.29059983790845,-0.0205209055803482,-0.0130720815673531,-0.0208642263747472,-1,-1,-1
46081,"Lawrence","South Dakota",-0.00750472565406408,4.27631879260818,0,4.32885187218663,"2022-12-09",1053,4.20469261939097,-0.00597362710024846,4.2885675810387,4.28703648248489,-5.59016410710701e-05,0,0.00056305289007227,-1,0,1
46081,"Lawrence","South Dakota",-0.00756147270057574,4.26836009058202,0,4.32129039948605,"2022-12-10",1054,4.17438726989564,-0.00679031713773134,4.27452933508478,4.27375817952193,-5.67470465116602e-05,0,-0.00081669003748288,-1,0,-1
46081,"Lawrence","South Dakota",-0.00761908447644095,4.26033772367452,0,4.31367131500961,"2022-12-11",1055,4.14313472639153,-0.00655418601224578,4.26885691138808,4.26779201292389,-5.76117758652097e-05,0,0.00023613112548556,-1,0,1
46081,"Lawrence","South Dakota",-0.00767758089903636,4.25225066781732,0,4.30599373411058,"2022-12-12",1056,4.11087386417331,-0.00658562890949275,4.26098628373367,4.25989433174413,-5.84964225954099e-05,0,-3.14428972469699e-05,-1,0,-1
46081,"Lawrence","South Dakota",-0.00773698250215415,4.24409787409334,0,4.29825675160842,"2022-12-13",1057,4.07753744390572,-0.0062688737452705,4.25584274414842,4.25437463539153,-5.94016031177898e-05,0,0.00031675516422225,-1,0,1
46081,"Lawrence","South Dakota",-0.0355768745671009,4.01364175507161,0,4.26267987704132,"2022-12-14",1058,4.06290303638728,-0.024368171425729,4.10331138020259,4.09210267706122,-0.0278398920649468,0,-0.0180992976804585,-1,0,-1
46081,"Lawrence","South Dakota",-0.0285733724440517,4.0340928974889,0,4.23410650459726,"2022-12-15",1059,4.08477511120595,-0.0184685366168054,4.11493158410688,4.10482674827962,0.0070035021230492,0,0.0058996348089236,1,0,1
46081,"Lawrence","South Dakota",-0.0294138852062884,3.99879542294695,0,4.20469261939097,"2022-12-16",1060,4.1061790198691,-0.0219724085507592,4.05832723619119,4.05088575953566,-0.000840512762236699,0,-0.0035038719339538,-1,0,-1
46081,"Lawrence","South Dakota",-0.0303053494953143,3.96224982342844,0,4.17438726989564,"2022-12-17",1061,4.12713438504509,-0.0203023913158121,4.04227348886447,4.03227053068496,-0.000891464289025898,0,0.0016700172349471,-1,0,1
46081,"Lawrence","South Dakota",-0.0312525435040984,3.92436692186284,0,4.14313472639153,"2022-12-18",1062,4.14765962098982,-0.0232095191057636,3.98871111704953,3.98066809265118,-0.000947194008784104,0,-0.0029071277899515,-1,0,-1
46081,"Lawrence","South Dakota",-0.0322608622182266,3.88504782864573,0,4.11087386417331,"2022-12-19",1063,4.16777203077692,-0.0251921404345683,3.94159760291498,3.93452888113133,-0.0010083187141282,0,-0.0019826213288047,-1,0,-1
46081,"Lawrence","South Dakota",-0.0333364202675982,3.84418250203253,0,4.07753744390572,"2022-12-20",1064,4.18748789394134,-0.0263289291758115,3.90024243076682,3.89323493967504,-0.0010755580493716,0,-0.0011367887412432,-1,0,-1
46081,"Lawrence","South Dakota",-0.0146344075184444,3.96046218375817,0,4.06290303638728,"2022-12-21",1065,4.16998197642772,-0.0145362406303513,3.96124751886291,3.96114935197482,0.0187020127491538,0,0.0117926885454602,1,0,1
46081,"Lawrence","South Dakota",0.0218720748186633,4.23787963493659,0.0218720748186669,4.23787963493662,"2022-12-22",1066,4.11787505963229,0.0189991111867112,4.21489592588097,4.21776888951293,0.0365064823371077,0.0218720748186669,0.0335353518170625,1,1,1
46081,"Lawrence","South Dakota",0.0214039086631513,4.25600638051116,0.0214039086631539,4.25600638051118,"2022-12-23",1067,4.06290303638728,0.0196730110369362,4.24215919950144,4.24389009712765,-0.000468166155511998,-0.000468166155513001,0.000673899850225,-1,-1,1
46081,"Lawrence","South Dakota",0.0209553651759853,4.27382194127699,0.020955365175988,4.27382194127701,"2022-12-24",1068,4.00473240353241,0.0180749712979161,4.25077879025243,4.2536591841305,-0.000448543487166001,-0.000448543487165901,-0.0015980397390201,-1,-1,-1
46081,"Lawrence","South Dakota",0.020525235944733,4.29133627260295,0.0205252359447305,4.29133627260294,"2022-12-25",1069,3.94296780927757,0.018224311346946,4.27292887582066,4.27522980041844,-0.0004301292312523,-0.000430129231257497,0.000149340049029899,-1,-1,1
46081,"Lawrence","South Dakota",0.0201124097870985,4.30855889928661,0.0201124097870959,4.30855889928659,"2022-12-26",1070,3.87713574642771,0.018647865389066,4.29684254410235,4.29830708850038,-0.000412826157634501,-0.000412826157634601,0.000423554042120002,-1,-1,1
46081,"Lawrence","South Dakota",0.0197158631644195,4.32549893609227,0.0197158631644179,4.32549893609226,"2022-12-27",1071,3.80666248977032,0.0176497289237589,4.30896986216699,4.31103599640765,-0.000396546622679,-0.000396546622678001,-0.000998136465307102,-1,-1,-1
46081,"Lawrence","South Dakota",-0.0175059175136127,4.04744055383243,0,4.16998197642772,"2022-12-28",1072,3.72051653905712,-0.0163858456581101,4.05640112867646,4.05528105682095,-0.0372217806780322,-0.0197158631644179,-0.034035574581869,-1,-1,-1
46081,"Lawrence","South Dakota",-0.0521069167954164,3.75312664206438,0,4.11787505963229,"2022-12-29",1073,3.67810735713203,-0.0372341527719803,3.87210875425188,3.85723599022843,-0.0346009992818037,0,-0.0208483071138702,-1,0,-1
46081,"Lawrence","South Dakota",-0.0549720232450189,3.67809887367215,0,4.06290303638728,"2022-12-30",1074,3.63381967693091,-0.0410310784657164,3.78962643190656,3.77568548712727,-0.0028651064496025,0,-0.0037969256937361,-1,0,-1
46081,"Lawrence","South Dakota",-0.0581706328548576,3.59753797354841,0,4.00473240353241,"2022-12-31",1075,3.58747933967221,-0.0431765176945992,3.71749089483049,3.70249677967022,-0.0031986096098387,0,-0.0021454392288828,-1,0,-1
46081,"Lawrence","South Dakota",-0.0617645942548563,3.51061564949357,0,3.94296780927757,"2023-01-01",1076,3.53888678443534,-0.0448132111382878,3.64622671442611,3.62927533130956,-0.0035939613999987,0,-0.0016366934436886,-1,0,-1
46081,"Lawrence","South Dakota",-0.0658320628498728,3.4163113064786,0,3.87713574642771,"2023-01-02",1077,3.48781185449893,-0.0497062928040281,3.54531746684535,3.52919169679951,-0.00406746859501649,0,-0.0048930816657403,-1,0,-1
46081,"Lawrence","South Dakota",-0.0704732566573744,3.3133496931687,0,3.80666248977032,"2023-01-03",1078,3.43398720448515,-0.0555767144243282,3.43252203103308,3.41762548880002,-0.00464119380750161,0,-0.0058704216203001,-1,0,-1
46081,"Lawrence","South Dakota",-0.0861459507131859,3.11749488406482,0,3.72051653905712,"2023-01-04",1079,3.41538201665411,-0.0629125673107002,3.30336195128472,3.28012856788222,-0.0156726940558115,0,-0.00733585288637201,-1,0,-1
46081,"Lawrence","South Dakota",-0.042409181925099,3.38124308365633,0,3.67810735713203,"2023-01-05",1080,3.35739475900376,-0.0406147790484457,3.39559830666956,3.39380390379291,0.0437367687880869,0,0.0222977882622545,1,0,1
46081,"Lawrence","South Dakota",-0.0442876802011078,3.32380591552316,0,3.63381967693091,"2023-01-06",1081,3.29583686600433,-0.0463652664523413,3.3071852255133,3.30926281176452,-0.0018784982760088,0,-0.0057504874038956,-1,0,-1
46081,"Lawrence","South Dakota",-0.0463403372587227,3.26309697886115,0,3.58747933967221,"2023-01-07",1082,3.23023958351852,-0.0436185455517901,3.28487131251659,3.28214952080968,-0.0020526570576149,0,0.0027467209005512,-1,0,1
46081,"Lawrence","South Dakota",-0.0485925552368756,3.19873889777721,0,3.53888678443534,"2023-01-08",1083,3.16003532484527,-0.0482696797098133,3.2013219019937,3.20099902646665,-0.0022522179781529,0,-0.0046511341580232,-1,0,-1
46081,"Lawrence","South Dakota",-0.0510749299363892,3.1302873449442,0,3.48781185449893,"2023-01-09",1084,3.08452777233712,-0.0475302844171283,3.15864450909831,3.15509986357903,-0.0024823746995136,0,0.000739395292684998,-1,0,1
46081,"Lawrence","South Dakota",-0.0538246500137703,3.05721465438875,0,3.43398720448515,"2023-01-10",1085,3.00284974132285,-0.0504178869559646,3.08446875885121,3.0810619957934,-0.0027497200773811,0,-0.0028876025388363,-1,0,-1
46081,"Lawrence","South Dakota",-0.0615578929994428,2.86493161500823,0,3.29583686600433,"2023-01-13",1088,3.03082359336526,-0.0542522035772411,2.92337713038583,2.91607144096364,-0.0077332429856725,0,-0.0038343166212765,-1,0,-1
46081,"Lawrence","South Dakota",-0.0655972824858012,2.77105860611791,0,3.23023958351852,"2023-01-14",1089,3.07797037179096,-0.0584354591779786,2.8283531925805,2.82119136927267,-0.0040393894863584,0,-0.0041832556007375,-1,0,-1
46081,"Lawrence","South Dakota",-0.0702042586732352,2.66860551413262,0,3.16003532484527,"2023-01-15",1090,3.12299405316492,-0.0605331702061765,2.74597422186911,2.73630313340203,-0.004606976187434,0,-0.0020977110281979,-1,0,-1
46081,"Lawrence","South Dakota",-0.0755075525081309,2.55597490478021,0,3.08452777233712,"2023-01-16",1091,3.16607763930123,-0.0672479718099842,2.6220515503654,2.61379196966723,-0.00530329383489571,0,-0.0067148016038077,-1,0,-1
46081,"Lawrence","South Dakota",-0.0816780310142843,2.43110352422286,0,3.00284974132285,"2023-01-17",1092,3.20738144544247,-0.0647110528272058,2.56683934971947,2.54987237153241,-0.00617047850615339,0,0.0025369189827784,-1,0,1
46081,"Lawrence","South Dakota",0.0471467784256948,3.40799782077083,0.0471467784257023,3.40799782077088,"2023-01-21",1096,3.34235688163922,0.0197125021064854,3.18852361021714,3.21595788653636,0.128824809439979,0.0471467784257023,0.0844235549336912,1,1,1
46081,"Lawrence","South Dakota",0.0450236813739468,3.43815982278255,0.0450236813739551,3.4381598227826,"2023-01-22",1097,3.3770998300831,0.0258594319853618,3.28484582767385,3.30401007706245,-0.002123097051748,-0.0021230970517472,0.0061469298788764,-1,-1,1
46081,"Lawrence","South Dakota",0.0430835861363039,3.46766274225536,0.0430835861363117,3.46766274225541,"2023-01-23",1098,3.4106761256167,0.0307501333104492,3.36899511964851,3.38132857247437,-0.0019400952376429,-0.0019400952376434,0.0048907013250874,-1,-1,1
46081,"Lawrence","South Dakota",0.0413038061412521,3.49650808843123,0.0413038061412356,3.49650808843111,"2023-01-24",1099,3.44316158076119,0.0274170477306618,3.38541402114652,3.3993007795571,-0.0017797799950518,-0.0017797799950761,-0.0033330855797874,-1,-1,-1
46081,"Lawrence","South Dakota",0.0228581380760483,3.39024655005085,0.0228581380760513,3.39024655005088,"2023-01-25",1100,3.47462485021697,0.0220749133007868,3.38398075184876,3.38476397662403,-0.0184456680652038,-0.0184456680651843,-0.005342134429875,-1,-1,-1
46081,"Lawrence","South Dakota",0.0387860250351595,3.54052778379979,0.0387860250351566,3.54052778379977,"2023-01-26",1101,3.47019025314911,0.0282376097462342,3.45614046148839,3.46668887677731,0.0159278869591112,0.0159278869591053,0.0061626964454474,1,1,1
46081,"Lawrence","South Dakota",0.0373376704376492,3.56772697205486,0.037337670437644,3.56772697205483,"2023-01-27",1102,3.46573590279973,0.034285624514279,3.5433106046679,3.54636265059127,-0.0014483545975103,-0.0014483545975126,0.0060480147680448,-1,-1,1
46081,"Lawrence","South Dakota",0.0359936026479179,3.59431210017465,0.0359936026479053,3.59431210017456,"2023-01-28",1103,3.46126162240481,0.0306278363422915,3.55138596972965,3.55675173603526,-0.0013440677897313,-0.0013440677897387,-0.0036577881719875,-1,-1,-1
46081,"Lawrence","South Dakota",0.0347429484438709,3.62030046919019,0.0347429484438733,3.62030046919021,"2023-01-29",1104,3.45676723281697,0.0299092255480019,3.58163068602324,3.58646440891911,-0.001250654204047,-0.001250654204032,-0.000718610794289601,-1,-1,-1
46081,"Lawrence","South Dakota",0.0335762955336016,3.64571019435191,0.0335762955336043,3.64571019435193,"2023-01-30",1105,3.45225255246244,0.031700323026283,3.63070241429336,3.63257838680068,-0.0011666529102693,-0.001166652910269,0.0017910974782811,-1,-1,1
46081,"Lawrence","South Dakota",0.0324854551444917,3.67055976677263,0.0324854551444882,3.67055976677261,"2023-01-31",1106,3.44771739729705,0.0296248104585839,3.64767460928537,3.65053525397128,-0.0010908403891099,-0.0010908403891161,-0.0020755125676991,-1,-1,-1
46081,"Lawrence","South Dakota",0.0314632694557951,3.69486773640754,0.0314632694557848,3.69486773640747,"2023-02-01",1107,3.47019025314911,0.0324029477209132,3.7023851625285,3.70144548426336,-0.0010221856886966,-0.0010221856887034,0.0027781372623293,-1,-1,1
46081,"Lawrence","South Dakota",-0.0044345970678631,3.43914807367407,0,3.47019025314911,"2023-02-02",1108,3.48343547989913,-0.00388027832740392,3.44358262359774,3.44302830485728,-0.0358978665236582,-0.0314632694557848,-0.0362832260483171,-1,-1,-1
46081,"Lawrence","South Dakota",-0.004454350349382,3.43455545035405,0,3.46573590279973,"2023-02-03",1109,3.49650756146648,-0.00233525440246108,3.45150821792942,3.4493891219825,-1.97532815189002e-05,0,0.00154502392494284,-1,0,1
46081,"Lawrence","South Dakota",-0.0044742803949176,3.42994165964038,0,3.46126162240481,"2023-02-04",1110,3.50941096630239,-0.00392799248908184,3.43431196288708,3.43376567498124,-1.99300455356001e-05,0,-0.00159273808662076,-1,0,-1
46081,"Lawrence","South Dakota",-0.00449438958784214,3.42530650570207,0,3.45676723281697,"2023-02-05",1111,3.52214999207982,-0.00257443744221166,3.44066612286712,3.43874617072149,-2.010919292454e-05,0,0.00135355504687018,-1,0,1
46081,"Lawrence","South Dakota",-0.00451468035452381,3.42064978998077,0,3.45225255246244,"2023-02-06",1112,3.53472877428668,-0.00269726368730373,3.43518912331854,3.43337170665131,-2.02907666816696e-05,0,-0.00012282624509207,-1,0,-1
46081,"Lawrence","South Dakota",-0.00453515516539126,3.41597131113931,0,3.44771739729705,"2023-02-07",1113,3.54715129428524,-0.00400916917026012,3.42017919910036,3.41965321310523,-2.04748108674499e-05,0,-0.00131190548295639,-1,0,-1
46081,"Lawrence","South Dakota",0.0224728558520651,3.62750024411356,0.0224728558520617,3.62750024411354,"2023-02-08",1114,3.5715427474094,0.022682297587565,3.62917577799757,3.62896633626206,0.0270080110174564,0.0224728558520617,0.0266914667578251,1,1,1
46081,"Lawrence","South Dakota",0.0132452267500211,3.57615206714928,0.0132452267500196,3.57615206714927,"2023-02-09",1115,3.60704943586631,0.0159793984515028,3.59802544076113,3.59529126905965,-0.009227629102044,-0.0092276291020421,-0.0067028991360622,-1,-1,-1
46081,"Lawrence","South Dakota",0.0130720815673539,3.58801213243796,0.0130720815673517,3.58801213243794,"2023-02-10",1116,3.64133850934494,0.0166427342445132,3.61657735385524,3.61300670117807,-0.0001731451826672,-0.000173145182667901,0.000663335793010401,-1,-1,1
46081,"Lawrence","South Dakota",0.0129034048359057,3.59973480015373,0.0129034048359071,3.59973480015374,"2023-02-11",1117,3.67449071666184,0.0148615412517404,3.6153998914804,3.61344175506457,-0.000168676731448198,-0.000168676731444599,-0.0017811929927728,-1,-1,-1
46081,"Lawrence","South Dakota",0.0127390257774336,3.61132317252185,0.0127390257774316,3.61132317252184,"2023-02-12",1118,3.70657903121334,0.0146362617786824,3.62650106053185,3.6246038245306,-0.000164379058472101,-0.000164379058475501,-0.000225279473058001,-1,-1,-1
46081,"Lawrence","South Dakota",0.0125787822068602,3.6227802497347,0.0125787822068593,3.62278024973469,"2023-02-13",1119,3.73766961828337,0.0156110023466589,3.64703801085309,3.64400579071329,-0.0001602435705734,-0.000160243570572299,0.000974740567976501,-1,-1,1
46081,"Lawrence","South Dakota",0.0124225199985585,3.63410893427514,0.0124225199985566,3.63410893427513,"2023-02-14",1120,3.76782265645406,0.0162902832190059,3.66505104003873,3.66118327681828,-0.0001562622083017,-0.000156262208302701,0.000679280872346999,-1,-1,1
46081,"Lawrence","South Dakota",0.0243914531241576,3.7422829192785,0.0243914531241605,3.74228291927852,"2023-02-15",1121,3.80029304148484,0.0271107272965786,3.76403711265787,3.76131783848545,0.0119689331255991,0.0119689331256039,0.0108204440775727,1,1,1
46081,"Lawrence","South Dakota",0.0355066884569271,3.8555962550648,0.03550668845691,3.85559625506468,"2023-02-16",1122,3.83174217416734,0.0331622444139626,3.8368407027211,3.83918514676405,0.0111152353327695,0.0111152353327495,0.006051517117384,1,1,1
46081,"Lawrence","South Dakota",0.0342890734786378,3.8813620236954,0.0342890734786328,3.88136202369537,"2023-02-17",1123,3.86223234092513,0.0334781814459703,3.87487488743407,3.87568577946673,-0.0012176149782893,-0.00121761497827719,0.000315937032007697,-1,-1,1
46081,"Lawrence","South Dakota",0.0331522073169121,3.90655616788022,0.0331522073168982,3.90655616788012,"2023-02-18",1124,3.89182029811063,0.0309121547919276,3.88863574768036,3.89087580020533,-0.0011368661617257,-0.00113686616173461,-0.0025660266540427,-1,-1,-1
46081,"Lawrence","South Dakota",0.0320883145514964,3.93119723307381,0.0320883145515007,3.93119723307384,"2023-02-19",1125,3.92055790787798,0.0331858902427413,3.93997783860377,3.93888026291253,-0.0010638927654157,-0.0010638927653975,0.0022737354508137,-1,-1,1
46081,"Lawrence","South Dakota",0.0310905870700462,3.95530372777369,0.0310905870700315,3.95530372777359,"2023-02-20",1126,3.94849268520954,0.0311366016036915,3.95567184404287,3.95562582950921,-0.000997727481450196,-0.000997727481469198,-0.0020492886390498,-1,-1,-1
46081,"Lawrence","South Dakota",0.0301530381706832,3.97889392364884,0.0301530381706878,3.97889392364887,"2023-02-21",1127,3.9756682705885,0.0293063885249531,3.972120726483,3.97296737612873,-0.000937548899363001,-0.0009375488993437,-0.0018302130787384,-1,-1,-1
46081,"Lawrence","South Dakota",0.0324703850307781,4.02758573670029,0.0324703850307833,4.02758573670032,"2023-02-22",1128,4.00212484012533,0.0331097099935489,4.03270033640245,4.03206101143968,0.0023173468600949,0.0023173468600955,0.0038033214685958,1,1,1
46081,"Lawrence","South Dakota",0.031449132682509,4.05188610294491,0.0314491326825053,4.05188610294488,"2023-02-23",1129,4.01251454397447,0.0320451723157039,4.05665442001047,4.05605838037727,-0.0010212523482691,-0.001021252348278,-0.001064537677845,-1,-1,-1
46081,"Lawrence","South Dakota",0.0304901667577902,4.07566350822966,0.0304901667577862,4.07566350822963,"2023-02-24",1130,4.02279741093005,0.0306499019191536,4.07694138952057,4.07678165435921,-0.000958965924718797,-0.000958965924719099,-0.0013952703965503,-1,-1,-1
46081,"Lawrence","South Dakota",0.0295879571854999,4.09893599840913,0.0295879571854956,4.0989359984091,"2023-02-25",1131,4.03297561584581,0.0299225585519551,4.10161280934077,4.10127820797432,-0.0009022095722903,-0.000902209572290601,-0.000727343367198499,-1,-1,-1
46081,"Lawrence","South Dakota",0.0287376097673611,4.12172117624951,0.0287376097673566,4.12172117624948,"2023-02-26",1132,4.04305126783455,0.0307924494141872,4.13815989342413,4.13610505377729,-0.000850347418138803,-0.000850347418139,0.0008698908622321,-1,-1,1
46081,"Lawrence","South Dakota",0.027934777331551,4.1440361265304,0.0279347773315553,4.14403612653043,"2023-02-27",1133,4.05302641289137,0.0287125266189991,4.15025812082997,4.14948037154253,-0.0008028324358101,-0.000802832435801298,-0.0020799227951881,-1,-1,-1
46081,"Lawrence","South Dakota",0.0271755853789679,4.16589736824128,0.0271755853789641,4.16589736824125,"2023-02-28",1134,4.06290303638728,0.0269809663150892,4.16434041573025,4.16453503479412,-0.000759191952583099,-0.000759191952591203,-0.0017315603039099,-1,-1,-1
46081,"Lawrence","South Dakota",0.0264565695368351,4.18732082688318,0.0264565695368297,4.18732082688314,"2023-03-01",1135,4.06780500698749,0.0266150212011638,4.18858844019781,4.18842998853348,-0.000719015842132801,-0.000719015842134397,-0.0003659451139254,-1,-1,-1
46081,"Lawrence","South Dakota",0.0103897038491363,4.08524247091842,0.0103897038491363,4.08524247091842,"2023-03-02",1136,4.06535702534885,0.0146192924072321,4.11907917938319,4.1148495908251,-0.0160668656876988,-0.0160668656876934,-0.0119957287939317,-1,-1,-1
46081,"Lawrence","South Dakota",0.0102828669555858,4.09477747961915,0.0102828669555848,4.09477747961915,"2023-03-03",1137,4.06290303638728,0.0146509193440193,4.12972189872662,4.12535384633818,-0.0001068368935505,-0.000106836893551499,3.16269367871998e-05,-1,-1,1
46081,"Lawrence","South Dakota",0.0101782049157566,4.1042230502561,0.0101782049157544,4.10422305025609,"2023-03-04",1138,4.06044301054642,0.0139321458593577,4.13425457780491,4.13050063686131,-0.000104662039829199,-0.0001046620398304,-0.0007187734846616,-1,-1,-1
46081,"Lawrence","South Dakota",0.0100756519887395,4.11358083175573,0.0100756519887426,4.11358083175575,"2023-03-05",1139,4.05797691805123,0.0135735387564814,4.14156392589766,4.13806603912992,-0.000102552927017101,-0.000102552927011801,-0.0003586071028763,-1,-1,-1
46081,"Lawrence","South Dakota",0.00997514505681791,4.1228524282891,0.00997514505681973,4.12285242828911,"2023-03-06",1140,4.05550472890584,0.0126978388803061,4.144633978877,4.14191128505351,-0.00010050693192159,-0.000100506931922869,-0.0008756998761753,-1,-1,-1
46081,"Lawrence","South Dakota",0.00987662349591642,4.1320394008587,0.0098766234959129,4.13203940085867,"2023-03-07",1141,4.05302641289137,0.0133896235211111,4.16014340106026,4.15663040103506,-9.85215609014892e-05,-9.85215609068304e-05,0.000691784640805,-1,-1,1
46081,"Lawrence","South Dakota",0.00490197060020483,4.10211880118892,0.00490197060020492,4.10211880118892,"2023-03-08",1142,4.03802613163188,0.00797671140769969,4.12671672764888,4.12364198684139,-0.00497465289571159,-0.00497465289570798,-0.00541291211341141,-1,-1,-1
46081,"Lawrence","South Dakota",-0.00244798163863842,4.04822115387838,0,4.06535702534885,"2023-03-09",1143,4.02023659006838,-0.00302374702521806,4.04361503078575,4.04419079617232,-0.00734995223884325,-0.00490197060020492,-0.0110004584329177,-1,-1,-1
46081,"Lawrence","South Dakota",-0.00245398896156673,4.04572511365632,0,4.06290303638728,"2023-03-10",1144,4.00212484012533,-0.00221435493983186,4.04764218583019,4.04740255180846,-6.00732292831011e-06,0,0.0008093920853862,-1,0,1
46081,"Lawrence","South Dakota",-0.00246002584086225,4.04322282966038,0,4.06044301054642,"2023-03-11",1145,3.98367899433458,-0.00480681337337964,4.02444852940024,4.02679531693276,-6.0368792955197e-06,0,-0.00259245843354778,-1,0,-1
46081,"Lawrence","South Dakota",-0.0024660924951946,4.04071427058486,0,4.05797691805123,"2023-03-12",1146,3.96488649498521,-0.00571183874679062,4.0147483005721,4.01799404682369,-6.06665433235034e-06,0,-0.00090502537341098,-1,0,-1
46081,"Lawrence","South Dakota",-0.0024721891453886,4.03819940488812,0,4.05550472890584,"2023-03-13",1147,3.94573406277046,-0.00621120210306683,4.0082873012267,4.01202631418437,-6.09665019399991e-06,0,-0.00049936335627621,-1,0,-1
46081,"Lawrence","South Dakota",-0.00247831601446463,4.03567820079012,0,4.05302641289137,"2023-03-14",1148,3.9262076404201,-0.00600080042986837,4.00749832546689,4.01102080988229,-6.12686907602985e-06,0,0.00021040167319846,-1,0,1
46081,"Lawrence","South Dakota",-0.01500028125949,3.93302416281545,0,4.03802613163188,"2023-03-15",1149,3.90052862600241,-0.0123302165006951,3.95438468088581,3.95171461612701,-0.0125219652450254,0,-0.00632941607082673,-1,0,-1
46081,"Lawrence","South Dakota",-0.017789541563502,3.89570979912386,0,4.02023659006838,"2023-03-16",1150,3.87417278129705,-0.0152373132839955,3.91612762535992,3.91357539708041,-0.002789260304012,0,-0.0029070967833004,-1,0,-1
46081,"Lawrence","South Dakota",-0.0181117499430504,3.87534259052398,0,4.00212484012533,"2023-03-17",1151,3.84710345932883,-0.0158260839964406,3.89362791809685,3.89134225215025,-0.000322208379548401,0,-0.000588770712445102,-1,0,-1
46081,"Lawrence","South Dakota",-0.0184458457907474,3.85455807379935,0,3.98367899433458,"2023-03-18",1152,3.81928095372953,-0.0161489815555983,3.87293298768054,3.87063612344539,-0.000334095847696999,0,-0.000322897559157698,-1,0,-1
46081,"Lawrence","South Dakota",-0.0187924993493703,3.83333899953962,0,3.96488649498521,"2023-03-19",1153,3.79066214842388,-0.0178147331751342,3.84116112893351,3.84018336275927,-0.0003466535586229,0,-0.0016657516195359,-1,0,-1
46081,"Lawrence","South Dakota",-0.0191524322147583,3.81166703726715,0,3.94573406277046,"2023-03-20",1154,3.76120011569356,-0.0175772013046606,3.82426888454793,3.82269365363784,-0.000359932865387998,0,0.000237531870473602,-1,0,1
46081,"Lawrence","South Dakota",-0.0195264223503597,3.78952268396758,0,3.9262076404201,"2023-03-21",1155,3.73084365321297,-0.0183341788412459,3.79906063204049,3.79786838853138,-0.000373990135601403,0,-0.000756977536585299,-1,0,-1
46081,"Lawrence","South Dakota",-0.0256790144176955,3.72077552507854,0,3.90052862600241,"2023-03-22",1156,3.68887945411394,-0.0223742876907314,3.74721333889425,3.74390861216729,-0.0061525920673358,0,-0.0040401088494855,-1,0,-1
46081,"Lawrence","South Dakota",-0.0263558447053655,3.68968186835949,0,3.87417278129705,"2023-03-23",1157,3.65251180994306,-0.0221373757712223,3.72342961983263,3.71921115089849,-0.000676830287669999,0,0.0002369119195091,-1,0,1
46081,"Lawrence","South Dakota",-0.0270693219682145,3.65761820555133,0,3.84710345932883,"2023-03-24",1158,NA,-0.0243357841259633,3.67948650828934,3.67675297044709,-0.000713477262849,0,-0.002198408354741,-1,0,-1
46081,"Lawrence","South Dakota",-0.0278225055992929,3.62452341453448,0,3.81928095372953,"2023-03-25",1159,NA,-0.025988725394423,3.63919365617345,3.63735987596857,-0.000753183631078402,0,-0.0016529412684597,-1,0,-1
46081,"Lawrence","South Dakota",-0.0286188053056668,3.59033051128421,0,3.79066214842388,"2023-03-26",1160,NA,-0.0250266432728862,3.61906780754644,3.61547564551368,-0.000796299706373901,0,0.000962082121536798,-1,0,1
46081,"Lawrence","South Dakota",-0.0294620327303217,3.55496588658131,0,3.76120011569356,"2023-03-27",1161,NA,-0.0259399679572628,3.58314240476578,3.57962033999272,-0.0008432274246549,0,-0.000913324684376601,-1,0,-1
46081,"Lawrence","South Dakota",-0.0303564624805978,3.51834841584878,0,3.73084365321297,"2023-03-28",1162,NA,-0.0264314034350651,3.54974888821304,3.54582382916751,-0.000894429750276097,0,-0.0004914354778023,-1,0,-1
46081,"Lawrence","South Dakota",-0.0419641990990393,3.39513006042066,0,3.68887945411394,"2023-03-29",1163,NA,-0.0368557514198035,3.43599764185454,3.43088919417532,-0.0116077366184415,0,-0.0104243479847384,-1,0,-1
46081,"Lawrence","South Dakota",-0.0363676441708914,3.39793830074682,0,3.65251180994306,"2023-03-30",1164,NA,-0.0318393767135729,3.43416444040536,3.42963617294805,0.0055965549281479,0,0.0050163747062306,1,0,1
