"fips","county","state","r.lm","predicted.lm","r.slm","predicted.slm","date.y","days_from_start.y","log_rolled_cases.y","tau.hat","predicted.grf.future.0","predicted.grf.future.last","D.r.lm","D.r.slm","D.tau.hat","B.D.r.lm","B.D.r.slm","B.D.tau.hat"
48403,"Sabine","Texas",0.0610358905863695,3.50522160589555,0.0610358905863699,3.50522160589555,"2020-08-22",214,3.42472787907235,0.0549791496273242,3.45676767822318,3.46282441918223,NA,NA,NA,NA,NA,NA
48403,"Sabine","Texas",0.0820649530543026,3.73448999622539,0.0820649530543061,3.73448999622541,"2020-08-23",215,3.42006586596654,0.0597852996599981,3.55625276907094,3.57853242246526,0.0210290624679331,0.0210290624679362,0.0048061500326739,1,1,1
48403,"Sabine","Texas",0.0758380763915018,3.76673993597728,0.0758380763915021,3.76673993597729,"2020-08-24",216,3.41538201665411,0.0491547528689455,3.55327334779683,3.57995667131939,-0.00622687666280081,-0.006226876662804,-0.0106305467910526,-1,-1,-1
48403,"Sabine","Texas",0.0167134809737433,3.36958124902672,0.0167134809737433,3.36958124902672,"2020-08-25",217,3.4106761256167,0.0144646114062462,3.35159029248674,3.35383916205423,-0.0591245954177585,-0.0591245954177588,-0.0346901414626993,-1,-1,-1
48403,"Sabine","Texas",0.0485270408946582,3.64080320936778,0.0485270408946574,3.64080320936777,"2020-08-26",218,3.36729582998647,0.0431424112163045,3.59772617194095,3.6031108016193,0.0318135599209149,0.0318135599209141,0.0286777998100583,1,1,1
48403,"Sabine","Texas",0.0361796565775025,3.59055117572519,0.0361796565775023,3.59055117572519,"2020-08-27",219,3.32194801000801,0.030421051058946,3.54448233157674,3.55024093709529,-0.0123473843171557,-0.0123473843171551,-0.0127213601573585,-1,-1,-1
48403,"Sabine","Texas",0.0495150645273803,3.73341409590172,0.049515064527383,3.73341409590174,"2020-08-28",220,3.25809653802148,0.0415565028912069,3.66974560281233,3.67770416444851,0.0133354079498778,0.0133354079498807,0.0111354518322609,1,1,1
48403,"Sabine","Texas",0.0379192348622926,3.6901625231084,0.0379192348622923,3.6901625231084,"2020-08-29",221,3.18988828799495,0.0350392512538734,3.66712265424105,3.67000263784946,-0.0115958296650877,-0.0115958296650907,-0.0065172516373335,-1,-1,-1
48403,"Sabine","Texas",-0.00466201310580948,3.38743177422587,0,3.42006586596654,"2020-08-30",222,3.14784005175145,-0.0140275566122555,3.31250742617431,3.32187296968075,-0.0425812479681021,-0.0379192348622923,-0.0490668078661289,-1,-1,-1
48403,"Sabine","Texas",-0.00468384931242805,3.38259507146711,0,3.41538201665411,"2020-08-31",223,3.10394585819422,-0.0113356751333281,3.32938046489992,3.33603229072081,-2.18362066185702e-05,0,0.0026918814789274,-1,0,1
48403,"Sabine","Texas",-0.00470589103741181,3.37773488835482,0,3.4106761256167,"2020-09-01",224,3.06472514504094,-0.0099466174874427,3.33580907675457,3.3410498032046,-2.20417249837601e-05,0,0.0013890576458854,-1,0,1
48403,"Sabine","Texas",0.0346055291774768,3.28676114196576,0.0346055291774747,3.28676114196575,"2020-11-15",299,3.12926366617852,0.0399478427946279,3.32949965090297,3.32415733728582,0.0393114202148886,0.0346055291774747,0.0498944602820706,1,1,1
48403,"Sabine","Texas",0.0334479340675408,3.31210591026375,0.0334479340675395,3.31210591026374,"2020-11-16",300,3.14784005175145,0.0366692973868565,3.33787681681827,3.33465545349896,-0.001157595109936,-0.0011575951099352,-0.0032785454077714,-1,-1,-1
48403,"Sabine","Texas",0.0130720815673547,3.1825470243298,0.0130720815673535,3.18254702432979,"2020-11-17",301,3.15395627876888,0.0156099788566228,3.20285020264394,3.20031230535468,-0.0203758525001861,-0.020375852500186,-0.0210593185302337,-1,-1,-1
48403,"Sabine","Texas",0.00647251450561507,3.14282256940324,0.00647251450561548,3.14282256940324,"2020-11-18",302,3.17805383034795,0.0139702376533576,3.20280435458518,3.19530663143743,-0.00659956706173963,-0.00659956706173802,-0.0016397412032652,-1,-1,-1
48403,"Sabine","Texas",-0.00647251450561403,3.04573485181902,0,3.09104245335832,"2020-11-19",303,3.17208366336144,-0.0079949989027325,3.03355497664207,3.03507746103919,-0.0129450290112291,-0.00647251450561548,-0.0219652365560901,-1,-1,-1
48403,"Sabine","Texas",0.0129034048359077,3.19426969204558,0.0129034048359085,3.19426969204558,"2020-11-20",304,3.15395627876888,0.0151620368796393,3.21233874839543,3.2100801163517,0.0193759193415217,0.0129034048359085,0.0231570357823718,1,1,1
48403,"Sabine","Texas",0.00638979809876915,3.15506424298438,0.00638979809876883,3.15506424298438,"2020-11-21",305,3.12926366617852,0.0101653455942321,3.18526862294808,3.18149307545261,-0.00651360673713855,-0.00651360673713967,-0.0049966912854072,-1,-1,-1
48403,"Sabine","Texas",0.0189280098855227,3.26175973537717,0.018928009885522,3.26175973537717,"2020-11-22",306,3.09104245335832,0.0221057180777394,3.28718140091491,3.2840036927227,0.0125382117867535,0.0125382117867532,0.0119403724835073,1,1,1
48403,"Sabine","Texas",0.0185763855729349,3.27787475076199,0.0185763855729344,3.27787475076199,"2020-11-23",307,3.0513021247088,0.0189920494339982,3.28120006165051,3.28078439778944,-0.000351624312587798,-0.0003516243125876,-0.0031136686437412,-1,-1,-1
48403,"Sabine","Texas",0.00611622701743406,3.19676986789092,0.00611622701743419,3.19676986789092,"2020-11-24",308,3.03082359336526,0.0102272921729834,3.22965838913532,3.22554732397976,-0.0124601585555008,-0.0124601585555002,-0.0087647572610148,-1,-1,-1
48403,"Sabine","Texas",0.498016665473406,7.4318507210843,0.49801666547341,7.43185072108433,"2020-12-19",333,5.17048399503815,0.248551212373079,5.43612709628168,5.68559254938201,0.491900438455972,0.491900438455976,0.238323920200096,1,1,1
48403,"Sabine","Texas",0.320961883925744,6.51342913417641,0.320961883925748,6.51342913417644,"2020-12-20",334,5.22420939439432,0.290476341926088,6.26954479817917,6.30003034017883,-0.177054781547662,-0.177054781547662,0.041925129553009,-1,-1,1
48403,"Sabine","Texas",0.248862080602217,6.25759259151392,0.248862080602199,6.25759259151379,"2020-12-21",335,5.27519494912718,0.207679514486332,5.92813206258687,5.96931462870273,-0.072099803323527,-0.072099803323549,-0.082796827439756,-1,-1,-1
48403,"Sabine","Texas",0.19782574332993,6.09816397393783,0.197825743329917,6.09816397393774,"2020-12-22",336,5.33616350903815,0.182028670905558,5.97178739454286,5.98758446696722,-0.051036337272287,-0.051036337272282,-0.025650843580774,-1,-1,-1
48403,"Sabine","Texas",0.180182518545191,6.15484391898986,0.180182518545205,6.15484391898996,"2020-12-23",337,5.38972383287189,0.168259205718502,6.05945741637634,6.07138072920304,-0.017643224784739,-0.017643224784712,-0.013769465187056,-1,-1,-1
48403,"Sabine","Texas",0.165405551484004,6.21681070104557,0.165405551484018,6.21681070104567,"2020-12-24",338,5.43309797857299,0.149830676181446,6.0922116986251,6.10778657392766,-0.014776967061187,-0.014776967061187,-0.018428529537056,-1,-1,-1
48403,"Sabine","Texas",0.0555943762869449,5.5037268509531,0.0555943762869413,5.50372685095307,"2020-12-25",339,5.45654137176293,0.0505082480748194,5.46303782525609,5.46812395346823,-0.109811175197059,-0.109811175197077,-0.0993224281066266,-1,-1,-1
48403,"Sabine","Texas",0.0559177780936693,5.56190844169384,0.0559177780936659,5.56190844169381,"2020-12-26",340,5.47586564458933,0.0490379331107503,5.50686968183049,5.5137495268134,0.000323401806724403,0.000323401806724605,-0.0014703149640691,1,1,-1
48403,"Sabine","Texas",0.0537253993561643,5.60028718988747,0.053725399356165,5.60028718988747,"2020-12-27",341,5.49482355833395,0.047702301610881,5.5521024079252,5.55812550567049,-0.002192378737505,-0.0021923787375009,-0.0013356314998693,-1,-1,-1
48403,"Sabine","Texas",0.0509855547328646,5.63209383225723,0.0509855547328639,5.63209383225723,"2020-12-28",342,5.51112194006707,0.0463778178683108,5.59523193734081,5.59983967420536,-0.0027398446232997,-0.0027398446233011,-0.0013244837425702,-1,-1,-1
48403,"Sabine","Texas",0.0609685599109715,5.76294342841495,0.0609685599109726,5.76294342841496,"2020-12-29",343,5.52374402387682,0.0524092141094882,5.69446866200309,5.70302800780457,0.0099830051781069,0.0099830051781087,0.0060313962411774,1,1,1
48403,"Sabine","Texas",0.0535603238337303,5.764646099708,0.053560323833735,5.76464609970803,"2020-12-30",344,5.53169409414228,0.0461293459105867,5.70519827632284,5.712629254246,-0.0074082360772412,-0.0074082360772376,-0.0062798681989015,-1,-1,-1
48403,"Sabine","Texas",0.0433741457011057,5.73671699848073,0.0433741457011037,5.73671699848072,"2020-12-31",345,5.5362087744968,0.0416237150665791,5.72271355340452,5.72446398403904,-0.0101861781326246,-0.0101861781326313,-0.0045056308440076,-1,-1,-1
48403,"Sabine","Texas",0.0234433931899388,5.6206451240925,0.0234433931899378,5.62064512409249,"2021-01-01",346,5.54014246880783,0.0215954041463629,5.60586121174389,5.60770920078747,-0.0199307525111669,-0.0199307525111659,-0.0200283109202162,-1,-1,-1
48403,"Sabine","Texas",0.0193242728264065,5.61113555437418,0.0193242728264051,5.61113555437417,"2021-01-02",347,5.46564613875585,0.0181305840270033,5.60158604397896,5.60277973277835,-0.0041191203635323,-0.0041191203635327,-0.0034648201193596,-1,-1,-1
48403,"Sabine","Texas",0.0189579137446105,5.62752895454622,0.018957913744611,5.62752895454622,"2021-01-03",348,5.3838395399862,0.0176765431550832,5.61727798983,5.61855936041953,-0.000366359081795997,-0.000366359081794099,-0.000454040871920101,-1,-1,-1
48403,"Sabine","Texas",0.0162983817331212,5.62521061219891,0.0162983817331197,5.6252106121989,"2021-01-04",349,5.29760282561017,0.0155622025653662,5.61932117885688,5.62005735802463,-0.0026595320114893,-0.0026595320114913,-0.002114340589717,-1,-1,-1
48403,"Sabine","Texas",0.0126220838097523,5.61209861054508,0.0126220838097515,5.61209861054508,"2021-01-05",350,5.21493575760899,0.0118090177495494,5.60559408206346,5.60640714812367,-0.0036762979233689,-0.0036762979233682,-0.0037531848158168,-1,-1,-1
48403,"Sabine","Texas",0.00795007026546034,5.5873445860005,0.00795007026546024,5.5873445860005,"2021-01-06",351,5.1197032145424,0.00818889271875041,5.58925516562682,5.58901634317353,-0.00467201354429196,-0.00467201354429126,-0.00362012503079899,-1,-1,-1
48403,"Sabine","Texas",0.00451468035452616,5.56781153697849,0.00451468035452596,5.56781153697848,"2021-01-07",352,5.00968245934098,0.00661669378698485,5.58462764443816,5.58252563100569,-0.00343538991093418,-0.00343538991093428,-0.00157219893176556,-1,-1,-1
48403,"Sabine","Texas",0.00393369431102608,5.56767832898501,0.00393369431102553,5.56767832898501,"2021-01-08",353,5.04526673806589,0.00684353658965247,5.59095706721402,5.5880472249354,-0.000580986043500081,-0.00058098604350043,0.00022684280266762,-1,-1,1
48403,"Sabine","Texas",-0.0744963300519789,4.944171828392,0,5.46564613875585,"2021-01-09",354,5.16885929931115,-0.0669703679476542,5.0043795252266,4.99685356312227,-0.078430024363005,-0.00393369431102553,-0.0738139045373067,-1,-1,-1
48403,"Sabine","Texas",-0.0818065987696409,4.81119334859871,0,5.3838395399862,"2021-01-10",355,5.27592567623314,-0.0719217550736565,4.8902720981666,4.8803872544706,-0.00731026871766199,0,-0.00495138712600231,-1,0,-1
48403,"Sabine","Texas",-0.0862367143760379,4.6939458249779,0,5.29760282561017,"2021-01-11",356,5.37262939951259,-0.0804757228711936,4.74003375701665,4.73427276551181,-0.004430115606397,0,-0.0085539677975371,-1,0,-1
48403,"Sabine","Texas",-0.0826670680011902,4.63626628160065,0,5.21493575760899,"2021-01-12",357,5.44673737166631,-0.0765406332618205,4.68527775951561,4.67915132477625,0.0035696463748477,0,0.0039350896093731,1,0,1
48403,"Sabine","Texas",-0.0952325430665747,4.45307541307638,0,5.1197032145424,"2021-01-13",358,5.50707218041015,-0.0894569984935349,4.49927976966071,4.49350422508766,-0.0125654750653845,0,-0.0129163652317144,-1,0,-1
48403,"Sabine","Texas",-0.110020755201425,4.23953717293101,0,5.00968245934098,"2021-01-14",359,5.56506760295878,-0.106276114898191,4.26949429535687,4.26574965505364,-0.0147882121348503,0,-0.0168191164046561,-1,0,-1
48403,"Sabine","Texas",0.0355842787249082,5.29435668914025,0.0355842787249099,5.29435668914026,"2021-01-15",360,5.53451815701889,0.0179591532777317,5.15335568556283,5.17098081101001,0.145605033926333,0.0355842787249099,0.124235268175923,1,1,1
48403,"Sabine","Texas",0.123592561245266,6.03400722802801,0.123592561245257,6.03400722802795,"2021-01-16",361,5.52088932596329,0.0716024070573021,5.61808599452431,5.67007614871226,0.0880082825203578,0.0880082825203471,0.0536432537795704,1,1,1
48403,"Sabine","Texas",0.107066376921995,6.0253903146871,0.107066376921987,6.02539031468704,"2021-01-17",362,5.40909177204994,0.0670046303087173,5.70489634178089,5.74495808839416,-0.016526184323271,-0.01652618432327,-0.0045977767485848,-1,-1,-1
48403,"Sabine","Texas",0.096703723279441,6.04955546246867,0.0967037232794485,6.04955546246873,"2021-01-18",363,5.28320372873799,0.0817613443473283,5.93001643101177,5.94495880994389,-0.010362653642554,-0.0103626536425385,0.014756714038611,-1,-1,1
48403,"Sabine","Texas",0.074107972153722,5.96549317674236,0.0741079721537234,5.96549317674237,"2021-01-19",364,5.14082778545526,0.0666162203942498,5.90555916266659,5.91305091442606,-0.022595751125719,-0.0225957511257251,-0.0151451239530785,-1,-1,-1
48403,"Sabine","Texas",0.0603348087438301,5.92941584161696,0.0603348087438356,5.92941584161699,"2021-01-20",365,4.97771847908311,0.0626889831717187,5.94824923704006,5.94589506261218,-0.0137731634098919,-0.0137731634098878,-0.0039272372225311,-1,-1,-1
48403,"Sabine","Texas",0.0579954225486407,5.97103556079927,0.0579954225486361,5.97103556079923,"2021-01-21",366,4.79697048673659,0.0580939405389933,5.9718237047221,5.97172518673173,-0.0023393861951894,-0.0023393861951995,-0.0045950426327254,-1,-1,-1
48403,"Sabine","Texas",-0.0305494459398872,5.32067203543968,0,5.53451815701889,"2021-01-22",367,4.57471097850338,-0.0103797709633035,5.48202943525235,5.46185976027577,-0.0885448684885279,-0.0579954225486361,-0.0684737115022968,-1,-1,-1
48403,"Sabine","Texas",-0.0136288310556036,5.42548750857406,0,5.52088932596329,"2021-01-23",368,4.28850057666306,-0.00639753214756406,5.48333789983838,5.47610660093034,0.0169206148842836,0,0.00398223881573944,1,0,1
48403,"Sabine","Texas",-0.111797553913348,4.62650889465651,0,5.40909177204994,"2021-01-24",369,4.28457129852317,-0.0600532772451584,5.04046310800202,4.98871883133383,-0.0981687228577444,0,-0.0536557450975943,-1,0,-1
48403,"Sabine","Texas",-0.125888043311941,4.4019874255544,0,5.28320372873799,"2021-01-25",370,4.28062652023215,-0.0663295329368655,4.87845550855502,4.81889699817993,-0.014090489398593,0,-0.0062762556917071,-1,0,-1
48403,"Sabine","Texas",-0.142375943282735,4.14419618247612,0,5.14082778545526,"2021-01-26",371,4.26468992796934,-0.0725757779064094,4.70259750548671,4.63279734011039,-0.016487899970794,0,-0.0062462449695439,-1,0,-1
48403,"Sabine","Texas",-0.163109306372136,3.83595333447816,0,4.97771847908311,"2021-01-27",372,4.22787595484662,-0.0782039823293556,4.51519592682042,4.43029060277762,-0.020733363089401,0,-0.0056282044229462,-1,0,-1
48403,"Sabine","Texas",-0.18074799234654,3.53173454031081,0,4.79697048673659,"2021-01-28",373,4.18748789394134,-0.0822355635847718,4.31983397040494,4.22132154164319,-0.017638685974404,0,-0.00403158125541619,-1,0,-1
48403,"Sabine","Texas",-0.222259508233185,3.01889442087109,0,4.57471097850338,"2021-01-29",374,4.1225154391888,-0.0937852344067517,4.04668861148258,3.91821433765612,-0.041511515886645,0,-0.0115496708219799,-1,0,-1
48403,"Sabine","Texas",-0.286210401840345,2.28502776378064,0,4.28850057666306,"2021-01-30",375,3.49650756146648,-0.116993085470251,3.63876629474137,3.4695489783713,-0.06395089360716,0,-0.0232078510634993,-1,0,-1
48403,"Sabine","Texas",-0.0253178079842837,3.14986475361845,0,3.32708940950844,"2021-02-22",398,3.09751496786393,-0.026369374986187,3.14145221760322,3.14250378460513,0.260892593856061,0,0.090623710484064,1,0,1
48403,"Sabine","Texas",-0.0259754864032612,3.11928551828234,0,3.30111392310517,"2021-02-23",399,3.06472514504094,-0.0249682519949825,3.12734339354858,3.12633615914029,-0.0006576784189775,0,0.0014011229912045,-1,0,1
48403,"Sabine","Texas",-0.00527705710084157,3.25889746629844,0,3.29583686600433,"2021-02-24",400,3.02390315052069,-0.01765836143411,3.15984703163229,3.17222833596556,0.0206984293024196,0,0.0073098905608725,1,0,1
48403,"Sabine","Texas",-0.0712630200214976,2.72573270583235,0,3.22457384598284,"2021-02-25",401,3.02390315052069,-0.0643947007710428,2.78067925983599,2.77381094058554,-0.065985962920656,0,-0.0467363393369328,-1,0,-1
48403,"Sabine","Texas",-0.0288204385354879,2.99401033769893,0,3.19575340744735,"2021-02-26",402,3.00284974132285,-0.0357647337297698,2.93845597614468,2.94540027133896,0.0424425814860097,0,0.028629967041273,1,0,1
48403,"Sabine","Texas",0.59889464231375,8.08699400451433,0.598894642313755,8.08699400451437,"2021-08-07",564,5.10421237121375,0.126357860035815,4.30669974629085,4.77923652856879,0.627715080849238,0.598894642313755,0.162122593765585,1,1,1
48403,"Sabine","Texas",0.371964438378118,6.87044701534303,0.371964438378121,6.87044701534305,"2021-08-08",565,5.11112683264258,0.131418987571422,4.94608340888945,5.18662885969616,-0.226930203935632,-0.226930203935634,0.005061127535607,-1,-1,1
48403,"Sabine","Texas",0.270501255705677,6.43070599234162,0.27050125570568,6.43070599234165,"2021-08-09",566,5.11799381241676,0.152350515723978,5.48550007248803,5.60365081246973,-0.101463182672441,-0.101463182672441,0.020931528152556,-1,-1,1
48403,"Sabine","Texas",0.218853014545338,6.28802131876459,0.218853014545339,6.2880213187646,"2021-08-10",567,5.12651175148206,0.143604677728376,5.6860346242289,5.76128296104585,-0.051648241160339,-0.051648241160341,-0.008745837995602,-1,-1,-1
48403,"Sabine","Texas",0.177395438457872,6.17521372461023,0.177395438457902,6.17521372461044,"2021-08-11",568,5.13915414489724,0.146168431175414,5.92539766635053,5.95662467363303,-0.041457576087466,-0.041457576087437,0.00256375344703799,-1,-1,1
48403,"Sabine","Texas",0.155912794820629,6.18074801397019,0.155912794820655,6.18074801397037,"2021-08-12",569,5.15411701757395,0.127735658196332,5.95533092097579,5.9835080576001,-0.021482643637243,-0.021482643637247,-0.018432772979082,-1,-1,-1
48403,"Sabine","Texas",0.00789131670724535,5.15248898388375,0.00789131670724785,5.15248898388376,"2021-08-13",570,5.16967197712914,0.0281732536366089,5.31474447931865,5.29446254238929,-0.148021478113384,-0.148021478113407,-0.0995624045597231,-1,-1,-1
48403,"Sabine","Texas",0.00696260428071748,5.15295060117877,0.0069626042807176,5.15295060117877,"2021-08-14",571,5.18498868124104,0.0253819621288826,5.30030546396409,5.28188610611593,-0.000928712426527869,-0.000928712426530249,-0.0027912915077263,-1,-1,-1
48403,"Sabine","Texas",0.0069144614288325,5.15952806264441,0.00691446142883212,5.1595280626444,"2021-08-15",572,5.20007431865907,0.0211210506422264,5.27318077635156,5.25897418713816,-4.81428518849802e-05,-4.81428518854798e-05,-0.0042609114866562,-1,-1,-1
48403,"Sabine","Texas",0.00686697977417637,5.16606267083599,0.00686697977417605,5.16606267083599,"2021-08-16",573,5.21493575760899,0.0201158582701908,5.27205369880411,5.2588048203081,-4.74816546561299e-05,-4.74816546560701e-05,-0.0010051923720356,-1,-1,-1
48403,"Sabine","Texas",0.0085179390652998,5.18613732493915,0.00851793906529963,5.18613732493915,"2021-08-17",574,5.23263533470838,0.0217653162948755,5.29211634277576,5.27886896554619,0.00165095929112343,0.00165095929112358,0.0016494580246847,1,1,1
48403,"Sabine","Texas",0.012642393415183,5.22765089880352,0.0126423934151818,5.22765089880351,"2021-08-18",575,5.25077642177904,0.0227724611588968,5.30869144075323,5.29856137300952,0.0041244543498832,0.00412445434988217,0.0010071448640213,1,1,1
48403,"Sabine","Texas",0.0149628726767065,5.25885712631089,0.0149628726767084,5.2588571263109,"2021-08-19",576,5.26638431944503,0.0227755424433921,5.32135848444438,5.31354581467769,0.0023204792615235,0.0023204792615266,3.08128449530085e-06,1,1,1
48403,"Sabine","Texas",0.0155549595551978,5.27855669401553,0.015554959555196,5.27855669401551,"2021-08-20",577,5.28320372873799,0.0234482020039747,5.34170263360575,5.33380939115696,0.000592086878491299,0.000592086878487601,0.0006726595605826,1,1,1
48403,"Sabine","Texas",0.0153167041118949,5.2922056100243,0.0153167041118945,5.2922056100243,"2021-08-21",578,5.18258579662472,0.0218228403466214,5.34425469990211,5.33774856366739,-0.000238255443302899,-0.000238255443301501,-0.0016253616573533,-1,-1,-1
48403,"Sabine","Texas",0.0150856374180378,5.30567378058534,0.0150856374180366,5.30567378058533,"2021-08-22",579,5.0706995348389,0.0236466283459976,5.37416170800902,5.36560071708105,-0.000231066693857101,-0.000231066693857898,0.0018237879993762,-1,-1,1
48403,"Sabine","Texas",0.014861438949916,5.3189658302584,0.0148614389499135,5.31896583025838,"2021-08-23",580,4.94469897109185,0.0210772682088669,5.36869246433,5.36247663507106,-0.0002241984681218,-0.000224198468123101,-0.0025693601371307,-1,-1,-1
48403,"Sabine","Texas",0.0176995770993992,5.35653237440418,0.0176995770993988,5.35653237440418,"2021-08-24",581,4.80402104473326,0.0228601029806021,5.39781658145381,5.3926560555726,0.0028381381494832,0.0028381381494853,0.0017828347717352,1,1,1
48403,"Sabine","Texas",0.0181410870706554,5.37776403127363,0.0181410870706538,5.37776403127361,"2021-08-25",582,4.6388812433304,0.0230992369112991,5.41742922999877,5.41247108015813,0.0004415099712562,0.000441509971255,0.000239133930697001,1,1,1
48403,"Sabine","Texas",0.0156078976659898,5.37563960310696,0.0156078976659906,5.37563960310696,"2021-08-26",583,4.43251603459627,0.0211193972746279,5.41973159997606,5.41422010036742,-0.0025331894046656,-0.0025331894046632,-0.0019798396366712,-1,-1,-1
48403,"Sabine","Texas",0.0168194092929614,5.40093959378872,0.0168194092929594,5.4009395937887,"2021-08-27",584,4.16555719044736,0.020521484802013,5.43055619786113,5.42685412235208,0.0012115116269716,0.0012115116269688,-0.000597912472614898,1,1,-1
48403,"Sabine","Texas",-0.100617932113264,4.47826027183188,0,5.18258579662472,"2021-08-28",585,4.20255814686233,-0.0164246013162992,5.1518069182076,5.06761358741063,-0.117437341406225,-0.0168194092929594,-0.0369460861183122,-1,-1,-1
48403,"Sabine","Texas",-0.111886261785818,4.28749570233818,0,5.0706995348389,"2021-08-29",586,4.23823874188217,-0.0249400105331217,4.98306571235975,4.89611946110705,-0.011268329672554,0,-0.0085154092168225,-1,0,-1
48403,"Sabine","Texas",-0.126000563747052,4.06269502486248,0,4.94469897109185,"2021-08-30",587,4.27268997063642,-0.0332535548582751,4.8046710959727,4.71192408708392,-0.014114301961234,0,-0.0083135443251534,-1,0,-1
48403,"Sabine","Texas",-0.140677926358593,3.8192755602231,0,4.80402104473326,"2021-08-31",588,4.31748811353631,-0.0392098886031302,4.63101986226681,4.52955182451135,-0.014677362611541,0,-0.0059563337448551,-1,0,-1
48403,"Sabine","Texas",-0.165139801402828,3.4829026335106,0,4.6388812433304,"2021-09-01",589,4.3603651378927,-0.0463718093963831,4.43304656956219,4.31427857755572,-0.024461875044235,0,-0.0071619207932529,-1,0,-1
48403,"Sabine","Texas",-0.206365208734124,2.9879595734574,0,4.43251603459627,"2021-09-02",590,4.39621126966584,-0.0408507854394334,4.31207495981493,4.14656053652024,-0.041225407331296,0,0.0055210239569497,-1,0,1
48403,"Sabine","Texas",-0.266958844148863,2.29684528140532,0,4.16555719044736,"2021-09-03",591,4.43251603459627,-0.0522789660906091,4.0142843058714,3.7996044278131,-0.060593635414739,0,-0.0114281806511757,-1,0,-1
48403,"Sabine","Texas",0.0370009564149754,4.46156484176716,0.0370009564149703,4.46156484176713,"2021-09-04",592,4.46590811865458,0.0301896166069466,4.40707412330293,4.41388546311096,0.303959800563838,0.0370009564149703,0.0824685826975557,1,1,1
48403,"Sabine","Texas",0.0356805950198298,4.48800290702098,0.0356805950198353,4.48800290702102,"2021-09-05",593,4.49822110764513,0.0270632516561052,4.41906416011117,4.42768150347491,-0.0013203613951456,-0.001320361395135,-0.0031263649508414,-1,-1,-1
48403,"Sabine","Texas",0.034451228754246,4.51384857191614,0.0344512287542456,4.51384857191613,"2021-09-06",594,4.52952256764878,0.0297123574272915,4.4759376013005,4.48067647262746,-0.0012293662655838,-0.00122936626558971,0.0026491057711863,-1,-1,1
48403,"Sabine","Texas",0.0447981428999005,4.63107511383561,0.0447981428998947,4.63107511383557,"2021-09-07",595,4.52952256764878,0.0387812759942645,4.58294017859054,4.58895704549616,0.0103469141456545,0.0103469141456491,0.009068918566973,1,1,1
48403,"Sabine","Texas",0.0428770243563906,4.66050430838744,0.0428770243563923,4.66050430838745,"2021-09-08",596,4.53566698022112,0.0403269926792351,4.64010405497019,4.64265408664735,-0.0019211185435099,-0.0019211185435024,0.0015457166849706,-1,-1,1
48403,"Sabine","Texas",0.0358461317731404,4.64713419207782,0.0358461317731349,4.64713419207778,"2021-09-09",597,4.54329478227,0.0338740667349562,4.63135767177235,4.63332973681053,-0.0070308925832502,-0.0070308925832574,-0.0064529259442789,-1,-1,-1
48403,"Sabine","Texas",0.0363047649304369,4.68664938910933,0.0363047649304358,4.68664938910932,"2021-09-10",598,4.54481338544719,0.0350355340866624,4.67649554235914,4.67776477320291,0.000458633157296495,0.000458633157300901,0.0011614673517062,1,1,1
48403,"Sabine","Texas",0.0333920840583144,4.69965270706278,0.0333920840583106,4.69965270706276,"2021-09-11",599,4.54329478227,0.0302798172946876,4.67475457295377,4.67786683971739,-0.0029126808721225,-0.0029126808721252,-0.0047557167919748,-1,-1,-1
48403,"Sabine","Texas",0.0323129889905445,4.72441203057894,0.0323129889905438,4.72441203057893,"2021-09-12",600,4.5417738694293,0.0314457994780401,4.7174745144789,4.71834170399141,-0.0010790950677699,-0.0010790950677668,0.0011659821833525,-1,-1,1
48403,"Sabine","Texas",0.031301460003652,4.74863278767434,0.0313014600036485,4.74863278767432,"2021-09-13",601,4.54025063988878,0.0311802999391188,4.74766350715808,4.74778466722261,-0.0010115289868925,-0.0010115289868953,-0.000265499538921295,-1,-1,-1
48403,"Sabine","Texas",1.25607396694701e-15,4.52952256764878,0,4.52952256764878,"2021-09-14",602,4.53872508657994,0.00646278638825995,4.58122485875486,4.5747620723666,-0.0313014600036507,-0.0313014600036485,-0.0247175135508589,-1,-1,-1
48403,"Sabine","Texas",0.00614441257234118,4.57867786822751,0.00614441257234155,4.57867786822751,"2021-09-15",603,4.50456027308886,0.0103147753839846,4.61204077072066,4.60787040790901,0.00614441257233992,0.00614441257234155,0.00385198899572465,1,1,1
48403,"Sabine","Texas",0.00762780204888705,4.59668939661221,0.00762780204888625,4.59668939661221,"2021-09-16",604,4.45931830897553,0.00967558369749559,4.61307164980108,4.61102386815247,0.00148338947654587,0.0014833894765447,-0.000639191686489009,1,1,-1
48403,"Sabine","Texas",0.00151860317719009,4.55544360768752,0.00151860317718988,4.55544360768752,"2021-09-17",605,4.41539232851768,0.00605053176739094,4.59169903640913,4.58716710781893,-0.00610919887169696,-0.00610919887169637,-0.00362505193010465,-1,-1,-1
48403,"Sabine","Texas",-0.00151860317718984,4.53266456002967,0,4.54329478227,"2021-09-18",606,4.41711795448515,-0.00605340668794082,4.49638613194366,4.50092093545441,-0.00303720635437993,-0.00151860317718988,-0.0121039384553318,-1,-1,-1
48403,"Sabine","Texas",-0.00152091284070717,4.53112747954435,0,4.5417738694293,"2021-09-19",607,4.4188406077966,-0.00696944682379845,4.48753920767961,4.49298774166271,-2.30966351733009e-06,0,-0.000916040135857631,-1,0,-1
48403,"Sabine","Texas",-0.00152322954052351,4.52958803310511,0,4.54025063988878,"2021-09-20",608,4.42056029867612,-0.00570415796827725,4.49614060568308,4.50032153411084,-2.3166998163399e-06,0,0.0012652888555212,-1,0,1
48403,"Sabine","Texas",-0.00152555330883706,4.52804621341808,0,4.53872508657994,"2021-09-21",609,4.43421238784445,-0.00452913689077997,4.50401754476254,4.50702112834448,-2.32376831354997e-06,0,0.00117502107749728,-1,0,1
48403,"Sabine","Texas",-0.0341648134910708,4.26540657865137,0,4.50456027308886,"2021-09-22",610,4.46754880811204,-0.0262404230563898,4.32880170212882,4.32087731169413,-0.0326392601822337,0,-0.0217112861656098,-1,0,-1
48403,"Sabine","Texas",-0.0452419641133414,4.14262456018214,0,4.45931830897553,"2021-09-23",611,4.50771484983738,-0.0274804356850477,4.28471678760848,4.2669552591802,-0.0110771506222706,0,-0.0012400126286579,-1,0,-1
48403,"Sabine","Texas",-0.0439259804578536,4.10791046531271,0,4.41539232851768,"2021-09-24",612,4.54632968596516,-0.0322225755703123,4.20153770441303,4.18983429952549,0.0013159836554878,0,-0.0047421398852646,1,0,-1
48403,"Sabine","Texas",0.00172562596747274,4.42919733625746,0.00172562596747117,4.42919733625745,"2021-09-25",613,4.53413441287134,0.00438150006964319,4.45044432907483,4.44778845497265,0.0456516064253263,0.00172562596747117,0.0366040756399555,1,1,1
48403,"Sabine","Texas",0.00172265331144513,4.43089918097671,0.00172265331144583,4.43089918097672,"2021-09-26",614,4.52178857704904,0.00520881124499401,4.4587884444451,4.45530228651156,-2.97265602761001e-06,-2.97265602533991e-06,0.000827311175350821,-1,-1,1
48403,"Sabine","Texas",0.00171969087952593,4.4325981348328,0.00171969087952561,4.4325981348328,"2021-09-27",615,4.52643614544559,0.00426979548789995,4.4529989716998,4.45044886709142,-2.96243191920008e-06,-2.96243192022009e-06,-0.00093901575709406,-1,-1,-1
48403,"Sabine","Texas",0.0136520891683297,4.52977701202276,0.0136520891683283,4.52977701202275,"2021-09-28",616,4.53413441287134,0.013195930786808,4.52612774497058,4.52658390335211,0.0119323982888038,0.0119323982888027,0.00892613529890805,1,1,1
48403,"Sabine","Texas",0.0333364202675916,4.70090374998518,0.0333364202675908,4.70090374998518,"2021-09-29",617,4.54935540688169,0.0292993081819553,4.66860685330009,4.67264396538573,0.0196843310992619,0.0196843310992625,0.0161033773951473,1,1,1
48403,"Sabine","Texas",0.0401660417253416,4.78887714191477,0.0401660417253353,4.78887714191473,"2021-09-30",618,4.54784369079637,0.0319320263873774,4.72300501921106,4.73123903454902,0.00682962145775,0.0068296214577445,0.0026327182054221,1,1,1
48403,"Sabine","Texas",0.0386148361277807,4.81663353885962,0.0386148361277803,4.81663353885962,"2021-10-01",619,4.54329478227,0.0305518838316976,4.75212992049096,4.76019287278704,-0.0015512055975609,-0.001551205597555,-0.0013801425556798,-1,-1,-1
48403,"Sabine","Texas",-0.0121952730938169,4.44876750121462,0,4.53413441287134,"2021-10-02",620,4.54935540688169,-0.0189535660263244,4.39470115775457,4.40145945068707,-0.0508101092215976,-0.0386148361277803,-0.049505449858022,-1,-1,-1
48403,"Sabine","Texas",-0.0123458358223012,4.43536772629293,0,4.52178857704904,"2021-10-03",621,4.55537952148507,-0.0160004765413477,4.40613060054056,4.40978524125961,-0.000150562728484301,0,0.0029530894849767,-1,0,1
48403,"Sabine","Texas",0.00464756839654558,4.55896912422141,0.00464756839654612,4.55896912422141,"2021-10-04",622,4.54784369079637,0.00383815728957615,4.55249383536565,4.55330324647262,0.0169934042188468,0.00464756839654612,0.0198386338309238,1,1,1
48403,"Sabine","Texas",0.00769826742575189,4.5880222848516,0.00769826742575219,4.5880222848516,"2021-10-05",623,4.53259949315326,0.00494356121200494,4.56598463514163,4.56873934135537,0.00305069902920631,0.00305069902920607,0.00110540392242879,1,1,1
48403,"Sabine","Texas",0.0152209940103579,4.6559023649542,0.015220994010356,4.65590236495419,"2021-10-06",624,4.51711930786536,0.0129623138283573,4.6378329234982,4.64009160368019,0.00752272658460601,0.00752272658460381,0.00801875261635236,1,1,1
48403,"Sabine","Texas",-0.00151171608532283,4.53726167819911,0,4.54784369079637,"2021-10-07",625,4.52798054729696,-0.0114089641551241,4.4580836936407,4.4679809417105,-0.0167327100956807,-0.015220994010356,-0.0243712779834814,-1,-1,-1
48403,"Sabine","Texas",-0.00454890852636689,4.51145242258544,0,4.54329478227,"2021-10-08",626,4.5417738694293,-0.0139508801692362,4.43623664944248,4.44563862108535,-0.00303719244104406,0,-0.0025419160141121,-1,0,-1
48403,"Sabine","Texas",0.00606062461169073,4.59177977916353,0.00606062461169099,4.59177977916353,"2021-10-09",627,4.55987391107292,0.00510272385209035,4.58411657308672,4.58507447384632,0.0106095331380576,0.00606062461169099,0.0190536040213265,1,1,1
48403,"Sabine","Texas",0.0060241146033799,4.59754832370873,0.00602411460338015,4.59754832370874,"2021-10-10",628,4.53413441287134,0.0019377131768055,4.56485711229613,4.56894351372271,-3.65100083108295e-05,-3.65100083108399e-05,-0.00316501067528485,-1,-1,-1
48403,"Sabine","Texas",-0.00753583068870002,4.49509287597547,0,4.54784369079637,"2021-10-11",629,4.50456027308886,-0.0146385138448153,4.43827141072655,4.44537409388266,-0.0135599452920799,-0.00602411460338015,-0.0165762270216208,-1,-1,-1
48403,"Sabine","Texas",-0.0152441976431157,4.42589010965145,0,4.53259949315326,"2021-10-12",630,4.48702994368387,-0.019472433910085,4.39206421951569,4.39629245578266,-0.00770836695441568,0,-0.0048339200652697,-1,0,-1
48403,"Sabine","Texas",-0.0154801852878954,4.40875801085009,0,4.51711930786536,"2021-10-13",631,4.45268478547989,-0.0267262592717382,4.31878941897935,4.33003549296319,-0.0002359876447797,0,-0.0072538253616532,-1,0,-1
48403,"Sabine","Texas",0.0108612394316034,4.60400922331819,0.0108612394316046,4.60400922331819,"2021-10-14",632,4.38023932409979,0.00591266478036364,4.56442062610827,4.56936920075951,0.0263414247194988,0.0108612394316046,0.0326389240521018,1,1,1
48403,"Sabine","Texas",0.0137933221323366,4.63832712435565,0.0137933221323356,4.63832712435565,"2021-10-15",633,4.29045944114839,0.00762312348965881,4.58896553521423,4.59513573385691,0.0029320827007332,0.002932082700731,0.00171045870929517,1,1,1
48403,"Sabine","Texas",0.0181000416436196,4.68657420257825,0.0181000416436179,4.68657420257824,"2021-10-16",634,4.19181690503092,0.0133379046275676,4.64847710644984,4.65323924346589,0.004306719511283,0.0043067195112823,0.00571478113790879,1,1,1
48403,"Sabine","Texas",-0.0257394982015809,4.35395792546027,0,4.53413441287134,"2021-10-17",635,4.14991441337691,-0.0262607351254841,4.34978803006905,4.35030926699295,-0.0438395398452005,-0.0181000416436179,-0.0395986397530517,-1,-1,-1
48403,"Sabine","Texas",-0.0295741397824755,4.29754129461153,0,4.50456027308886,"2021-10-18",636,4.1061790198691,-0.0303831296818685,4.29106937541639,4.29187836531578,-0.0038346415808946,0,-0.0041223945563844,-1,0,-1
48403,"Sabine","Texas",-0.0175303294049997,4.36431763784887,0,4.48702994368387,"2021-10-19",637,4.00212484012533,-0.0200326135936523,4.34429936433964,4.3468016485283,0.0120438103774758,0,0.0103505160882162,1,0,1
48403,"Sabine","Texas",-0.0343451582039769,4.21226867805206,0,4.45268478547989,"2021-10-20",638,3.88008995832514,-0.033237147337396,4.2211327649847,4.22002475411812,-0.0168148287989772,0,-0.0132045337437437,-1,0,-1
48403,"Sabine","Texas",-0.0724454613800948,3.87312109443912,0,4.38023932409979,"2021-10-21",639,3.79066214842388,-0.0664182382218651,3.92133887970497,3.91531165654673,-0.0381003031761179,0,-0.0331810908844691,-1,0,-1
48403,"Sabine","Texas",-0.0897798829513945,3.66200026048863,0,4.29045944114839,"2021-10-22",640,3.72051653905712,-0.0747677714542707,3.78209715246562,3.7670850409685,-0.0173344215712997,0,-0.0083495332324056,-1,0,-1
48403,"Sabine","Texas",-0.0986425361174869,3.50131915220851,0,4.19181690503092,"2021-10-23",641,3.64507683145554,-0.0810164324490501,3.64232798155599,3.62470187788757,-0.0088626531660924,0,-0.0062486609947794,-1,0,-1
48403,"Sabine","Texas",-0.0419024916540082,3.85659697179885,0,4.14991441337691,"2021-10-24",642,3.56347818757266,-0.0431061427638151,3.8469677629204,3.8481714140302,0.0567400444634787,0,0.037910289685235,1,0,1
48403,"Sabine","Texas",-0.0437353935078151,3.8000312653144,0,4.1061790198691,"2021-10-25",643,3.47462485021697,-0.0481662195188499,3.76458465722611,3.76901548323715,-0.0018329018538069,0,-0.0050600767550348,-1,0,-1
48403,"Sabine","Texas",-0.10405417974377,3.27374558191894,0,4.00212484012533,"2021-10-26",644,3.43858491373377,-0.0849803121361239,3.42633652278011,3.40726265517246,-0.0603187862359549,0,-0.036814092617274,-1,0,-1
48403,"Sabine","Texas",-0.122034881800215,3.02584578572363,0,3.88008995832514,"2021-10-27",645,3.42472787907235,-0.101075640394023,3.19351971697315,3.17256047556698,-0.017980702056445,0,-0.0160953282578991,-1,0,-1
48403,"Sabine","Texas",-0.0894278099012579,3.16466747911507,0,3.79066214842388,"2021-10-28",646,3.4106761256167,-0.0765660688770022,3.26756140730912,3.25469966628486,0.0326070718989571,0,0.0245095715170208,1,0,1
48403,"Sabine","Texas",-0.0701456093667585,3.22949727348981,0,3.72051653905712,"2021-10-29",647,3.3770998300831,-0.0695683159187707,3.23411562107371,3.23353832762573,0.0192822005344994,0,0.00699775295823149,1,0,1
48403,"Sabine","Texas",-0.0754397076015746,3.11699887824452,0,3.64507683145554,"2021-10-30",648,3.34235688163922,-0.0696630095973243,3.16321246227853,3.15743576427427,-0.00529409823481611,0,-9.46936785535951e-05,-1,0,-1
48403,"Sabine","Texas",-0.0815986438828781,2.99228768039252,0,3.56347818757266,"2021-10-31",649,3.30636327899132,-0.075792363733866,3.03873792158461,3.0329316414356,-0.0061589362813035,0,-0.0061293541365417,-1,0,-1
48403,"Sabine","Texas",-0.0888533373556759,2.85265148872724,0,3.47462485021697,"2021-11-01",650,3.26902560855367,-0.0830405788111681,2.89915355708332,2.89334079853879,-0.00725469347279779,0,-0.0072482150773021,-1,0,-1
48403,"Sabine","Texas",-0.0360399364831915,3.18630535835143,0,3.43858491373377,"2021-11-02",651,3.2188758248682,-0.0425638889933249,3.13411373827037,3.1406376907805,0.0528134008724844,0,0.0404766898178432,1,0,1
48403,"Sabine","Texas",-0.0138570346614283,3.32772863644235,0,3.42472787907235,"2021-11-03",652,3.11668488397165,-0.0217686639122802,3.26443560243553,3.27234723168639,0.0221829018217632,0,0.0207952250810447,1,0,1
48403,"Sabine","Texas",-0.0140517534556465,3.31231385142717,0,3.4106761256167,"2021-11-04",653,3.02390315052069,-0.0214449379281329,3.25316837564729,3.26056156011977,-0.0001947187942182,0,0.000323725984147299,-1,0,1
48403,"Sabine","Texas",0.161268147596096,4.41940884694731,0.161268147596122,4.41940884694749,"2022-01-13",723,4.15664844555826,0.141230005009761,4.25910370625661,4.27914184884296,0.175319901051742,0.161268147596122,0.162674942937894,1,1,1
48403,"Sabine","Texas",0.152629766986572,4.51156994966719,0.15262976698655,4.51156994966704,"2022-01-14",724,4.28260085453587,0.145076245533893,4.45114177804579,4.45869529949844,-0.00863838060952402,-0.00863838060957201,0.00384624052413202,-1,-1,1
48403,"Sabine","Texas",0.160004355078718,4.72319642139093,0.160004355078718,4.72319642139093,"2022-01-15",725,4.39972621177328,0.141227019648259,4.57297773794726,4.59175507337772,0.007374588092146,0.00737458809216798,-0.00384922588563399,1,1,-1
48403,"Sabine","Texas",0.148017401610207,4.78730514872154,0.148017401610185,4.78730514872139,"2022-01-16",726,4.50456027308886,0.141176084605748,4.7325746126859,4.73941592969033,-0.011986953468511,-0.011986953468533,-5.09350425110244e-05,-1,-1,-1
48403,"Sabine","Texas",0.111049003475039,4.6395753652504,0.111049003475039,4.63957536525041,"2022-01-17",727,4.60230895370706,0.108343205628086,4.61792898247478,4.62063478032173,-0.036968398135168,-0.036968398135146,-0.032832878977662,-1,-1,-1
48403,"Sabine","Texas",0.102654154060081,4.68346557340578,0.102654154060083,4.68346557340579,"2022-01-18",728,4.69396568477122,0.100774796601189,4.66843071373464,4.67031007119353,-0.00839484941495801,-0.008394849414956,-0.007568409026897,-1,-1,-1
48403,"Sabine","Texas",0.105360515657809,4.8077706202477,0.105360515657827,4.80777062024783,"2022-01-19",729,4.7548209604925,0.104142677404154,4.79802791421844,4.79924575247212,0.00270636159772801,0.002706361597744,0.003367880802965,1,1,1
48403,"Sabine","Texas",0.0864014349152142,4.76145848996476,0.0864014349152153,4.76145848996476,"2022-01-20",730,4.81334512160838,0.0916489638813405,4.80343872169376,4.79819119272764,-0.0189590807425948,-0.0189590807426117,-0.0124937135228135,-1,-1,-1
48403,"Sabine","Texas",0.125952408977592,5.16426771737902,0.125952408977613,5.16426771737916,"2022-01-21",731,4.84755598352469,0.132948361454893,5.2202353371974,5.21323938472012,0.0395509740623778,0.0395509740623977,0.0412993975735525,1,1,1
48403,"Sabine","Texas",0.117125357237413,5.21960371243517,0.117125357237413,5.21960371243517,"2022-01-22",732,4.89034912822175,0.121641188858185,5.25573036540135,5.25121453378058,-0.00882705174017899,-0.0088270517402,-0.011307172596708,-1,-1,-1
48403,"Sabine","Texas",0.104834061315579,5.23839870229792,0.10483406131558,5.23839870229793,"2022-01-23",733,4.93447393313069,0.113450463505795,5.30732991981964,5.29871351762942,-0.012291295921834,-0.012291295921833,-0.00819072535239,-1,-1,-1
48403,"Sabine","Texas",0.0977486806181957,5.28654971803443,0.0977486806181966,5.28654971803444,"2022-01-24",734,4.97673374242057,0.105791163875973,5.35088958409665,5.34284710083887,-0.00708538069738331,-0.0070853806973834,-0.00765929962982201,-1,-1,-1
48403,"Sabine","Texas",0.0916567310641603,5.33556280222034,0.0916567310641607,5.33556280222034,"2022-01-25",735,5.00490461938727,0.0920308369085978,5.33855564897584,5.3381815431314,-0.0060919495540354,-0.0060919495540359,-0.0137603269673752,-1,-1,-1
48403,"Sabine","Texas",0.0608552757212862,5.1808078905415,0.0608552757212761,5.18080789054143,"2022-01-26",736,5.03137119257543,0.0665531142270815,5.22639059858787,5.22069276008207,-0.0308014553428741,-0.0308014553428846,-0.0254777226815163,-1,-1,-1
48403,"Sabine","Texas",0.0585241611158821,5.22301424941955,0.0585241611158827,5.22301424941956,"2022-01-27",737,5.04618627836057,0.0642779352258462,5.26904444229927,5.2632906681893,-0.0023311146054041,-0.0023311146053934,-0.00227517900123531,-1,-1,-1
48403,"Sabine","Texas",0.0342108619163095,5.08703201693886,0.0342108619163142,5.08703201693889,"2022-01-28",738,5.05442431121992,0.0415517649673869,5.14575924134748,5.1384183382964,-0.0243132991995726,-0.0243132991995685,-0.0227261702584593,-1,-1,-1
48403,"Sabine","Texas",0.0427931446970666,5.18990114110122,0.0427931446970611,5.18990114110118,"2022-01-29",739,5.04985600724954,0.0479089968863544,5.23082795861553,5.22571210642623,0.00858228278075709,0.0085822827807469,0.0063572319189675,1,1,1
48403,"Sabine","Texas",0.0441248049089433,5.2433475674933,0.0441248049089378,5.24334756749326,"2022-01-30",740,5.04434635143857,0.0462444824768996,5.26030498803695,5.25818531046899,0.0013316602118767,0.0013316602118767,-0.0016645144094548,1,1,-1
48403,"Sabine","Texas",0.0422598092898886,5.27255240744979,0.0422598092898827,5.27255240744975,"2022-01-31",741,5.03416579150645,0.0454573655086084,5.29813285719956,5.29493530098083,-0.0018649956190547,-0.0018649956190551,-0.000787116968291202,-1,-1,-1
48403,"Sabine","Texas",0.0281708769666995,5.20210075815417,0.028170876966696,5.20210075815414,"2022-02-01",742,5.02856876196973,0.0322480744149854,5.23471833774045,5.23064114029217,-0.0140889323231891,-0.0140889323231867,-0.013209291093623,-1,-1,-1
48403,"Sabine","Texas",0.0264665731881599,5.21663720489255,0.0264665731881628,5.21663720489257,"2022-02-02",743,5.0201140380508,0.0294763078097998,5.24071508186567,5.23770534724403,-0.0017043037785396,-0.0017043037785332,-0.0027717666051856,-1,-1,-1
48403,"Sabine","Texas",0.0148150857851407,5.14989187885656,0.0148150857851386,5.14989187885654,"2022-02-03",744,5.0058620153436,0.0182681324314459,5.177516252027,5.17406320538069,-0.0116514874030192,-0.0116514874030242,-0.0112081753783539,-1,-1,-1
48403,"Sabine","Texas",0.00823803285934916,5.11209054123536,0.00823803285934765,5.11209054123535,"2022-02-04",745,4.99624655664416,0.011081184948092,5.13483575794531,5.13199260585656,-0.00657705292579154,-0.00657705292579095,-0.0071869474833539,-1,-1,-1
48403,"Sabine","Texas",-0.00456830397038402,5.01787787945685,0,5.04985600724954,"2022-02-05",746,4.9638431325895,-0.00345284802523855,5.02680152701801,5.02568607107287,-0.0128063368297332,-0.00823803285934765,-0.0145340329733306,-1,-1,-1
48403,"Sabine","Texas",-0.00550965581097364,5.00577876076175,0,5.04434635143857,"2022-02-06",747,4.92725368515721,-0.00525894226262109,5.00778446914857,5.00753375560022,-0.00094135184058962,0,-0.00180609423738254,-1,0,-1
48403,"Sabine","Texas",-0.0101805599321115,4.96290187198167,0,5.03416579150645,"2022-02-07",748,4.88604341651054,-0.00964725857684691,4.96716828282379,4.96663498146852,-0.00467090412113786,0,-0.00438831631422582,-1,0,-1
48403,"Sabine","Texas",-0.00559702953671891,4.9893895552127,0,5.02856876196973,"2022-02-08",749,4.83967749595261,-0.00743088732525582,4.9747186929044,4.97655255069294,0.00458353039539259,0,0.00221637125159109,1,0,1
48403,"Sabine","Texas",-0.00845472391893546,4.96093097061825,0,5.0201140380508,"2022-02-09",750,4.78868151091763,-0.00893699465245948,4.95707280475005,4.95755507548358,-0.00285769438221655,0,-0.00150610732720366,-1,0,-1
48403,"Sabine","Texas",-0.0142520227072046,4.90609785639316,0,5.0058620153436,"2022-02-10",751,4.7548209604925,-0.0138633485022778,4.90920725003258,4.90881857582766,-0.00579729878826914,0,-0.00492635384981832,-1,0,-1
48403,"Sabine","Texas",-0.00961545869944073,4.92893834574807,0,4.99624655664416,"2022-02-11",752,4.70695288029804,-0.0116886322765147,4.91235295713148,4.91442613070856,0.00463656400776387,0,0.0021747162257631,1,0,1
48403,"Sabine","Texas",-0.0324034240546588,4.73701916420688,0,4.9638431325895,"2022-02-12",753,4.67416305747504,-0.0331635448305225,4.73093819799998,4.73169831877584,-0.0227879653552181,0,-0.0214749125540078,-1,0,-1
48403,"Sabine","Texas",-0.0365894474322915,4.67112755313116,0,4.92725368515721,"2022-02-13",754,4.61794537747681,-0.0444710118825276,4.60807503752928,4.61595660197952,-0.0041860233776327,0,-0.0113074670520051,-1,0,-1
48403,"Sabine","Texas",-0.041210268646665,4.59757153598388,0,4.88604341651054,"2022-02-14",755,4.55537952148507,-0.0412844121103777,4.59697838827419,4.5970525317379,-0.0046208212143735,0,0.0031865997721499,-1,0,1
48403,"Sabine","Texas",-0.0463659205579344,4.51511605204707,0,4.83967749595261,"2022-02-15",756,4.48863636973214,-0.0494516776743025,4.49042999511612,4.49351575223249,-0.0051556519112694,0,-0.0081672655639248,-1,0,-1
48403,"Sabine","Texas",-0.0509959850349697,4.43170961567285,0,4.78868151091763,"2022-02-16",757,4.42227703729518,-0.0551395883107563,4.39856078946656,4.40270439274234,-0.0046300644770353,0,-0.0056879106364538,-1,0,-1
48403,"Sabine","Texas",-0.033860550425137,4.51779710751654,0,4.7548209604925,"2022-02-17",758,4.34565899050301,-0.0428827165787438,4.44561977828768,4.45464194444129,0.0171354346098327,0,0.0122568717320125,1,0,1
48403,"Sabine","Texas",-0.0478680801944681,4.37187631893676,0,4.70695288029804,"2022-02-18",759,4.26468992796934,-0.0596211845723305,4.27785148391386,4.28960458829173,-0.0140075297693311,0,-0.0167384679935867,-1,0,-1
48403,"Sabine","Texas",-0.0327898228230006,4.44463429771404,0,4.67416305747504,"2022-02-19",760,4.18095903505887,-0.0372968666806669,4.4085779468527,4.41308499071037,0.0150782573714675,0,0.0223243178916636,1,0,1
48403,"Sabine","Texas",-0.0562176799982402,4.22442161748913,0,4.61794537747681,"2022-02-20",761,4.1155467698727,-0.0604898467050106,4.19024428383496,4.19451645054174,-0.0234278571752396,0,-0.0231929800243437,-1,0,-1
48403,"Sabine","Texas",-0.0625658559917259,4.11741852954299,0,4.55537952148507,"2022-02-21",762,4.03802613163188,-0.063380390409405,4.11090225420157,4.11171678861923,-0.0063481759934857,0,-0.00289054370439441,-1,0,-1
48403,"Sabine","Texas",-0.0667431517529452,4.02143430746152,0,4.48863636973214,"2022-02-22",763,3.95945169899926,-0.0694081854891104,4.00011403757219,4.00277907130837,-0.00417729576121931,0,-0.0060277950797054,-1,0,-1
48403,"Sabine","Texas",-0.0663593324369485,3.95776171023654,0,4.42227703729518,"2022-02-23",764,3.88008995832514,-0.0683996383303118,3.94143926308965,3.943479568983,0.000383819315996708,0,0.0010085471587986,1,0,1
48403,"Sabine","Texas",-0.0766180467921731,3.80933266295779,0,4.34565899050301,"2022-02-24",765,3.79388276312392,-0.0757605516898581,3.81619262377632,3.815335128674,-0.0102587143552246,0,-0.00736091335954629,-1,0,-1
48403,"Sabine","Texas",-0.0809690625336794,3.69790649023358,0,4.26468992796934,"2022-02-25",766,3.71008166176454,-0.07987434505546,3.70666423005933,3.70556951258112,-0.0043510157415063,0,-0.0041137933656019,-1,0,-1
48403,"Sabine","Texas",-0.0837308929104679,3.5948427846856,0,4.18095903505887,"2022-02-26",767,3.61861025826738,-0.0849473964991135,3.58511075597643,3.58632725956508,-0.0027618303767885,0,-0.0050730514436535,-1,0,-1
48403,"Sabine","Texas",-0.0654122651861652,3.65766091356955,0,4.1155467698727,"2022-02-27",768,3.5179216559703,-0.0667093329039936,3.64728437182692,3.64858143954474,0.0183186277243027,0,0.0182380635951199,1,0,1
48403,"Sabine","Texas",-0.0775206382408257,3.4953816639461,0,4.03802613163188,"2022-02-28",769,3.40594798442075,-0.0781861145331784,3.49005785360727,3.49072332989963,-0.0121083730546605,0,-0.0114767816291848,-1,0,-1
48403,"Sabine","Texas",-0.0785744326326459,3.40943067057074,0,3.95945169899926,"2022-03-01",770,3.30111392310517,-0.0796043510750477,3.4011913230315,3.40222124147393,-0.0010537943918202,0,-0.00141823654186929,-1,0,-1
48403,"Sabine","Texas",-0.0793617406741193,3.3245577736063,0,3.88008995832514,"2022-03-02",771,3.18398856586776,-0.0792137743808987,3.32574150395207,3.32559353765885,-0.000787308041473408,0,0.000390576694148992,-1,0,1
48403,"Sabine","Texas",-0.0862071952012146,3.19043239671542,0,3.79388276312392,"2022-03-03",772,3.06472514504094,-0.0837472477125374,3.21011197662484,3.20765202913616,-0.0068454545270953,0,-0.0045334733316387,-1,0,-1
48403,"Sabine","Texas",0.0934011750884001,3.76414388191179,0.0934011750884007,3.7641438819118,"2022-07-02",893,3.630038954091,0.0781445159417459,3.64209060873856,3.65734726788521,0.179608370289615,0.0934011750884007,0.161891763654283,1,1,1
48403,"Sabine","Texas",0.0854177511543389,3.79367766552772,0.0854177511543521,3.79367766552781,"2022-07-03",894,3.67086094861126,0.0783654484441569,3.73725924384625,3.74431154655645,-0.00798342393406119,-0.00798342393404861,0.000220932502410995,-1,-1,1
48403,"Sabine","Texas",0.0732722011063263,3.78193101629796,0.0732722011063274,3.78193101629796,"2022-07-04",895,3.70306408910589,0.0729658455234639,3.77948017163506,3.77978652721792,-0.0121455500480126,-0.0121455500480247,-0.005399602920693,-1,-1,-1
48403,"Sabine","Texas",0.108074221529405,4.13361938078893,0.108074221529423,4.13361938078905,"2022-07-05",896,3.71705033108063,0.0833893587247693,3.93614047835182,3.96082534115649,0.0348020204230787,0.0348020204230956,0.0104235132013054,1,1,1
48403,"Sabine","Texas",0.0886360727166299,4.08618841181614,0.0886360727166311,4.08618841181614,"2022-07-06",897,3.73426245996176,0.0823861163054753,4.0361887605269,4.04243871693806,-0.0194381488127751,-0.0194381488127919,-0.001003242419294,-1,-1,-1
48403,"Sabine","Texas",0.0648175000764798,3.98427590341155,0.0648175000764697,3.98427590341148,"2022-07-07",898,3.75118333745009,0.0665176069392842,3.997876758314,3.99617665145119,-0.0238185726401501,-0.0238185726401614,-0.0158685093661911,-1,-1,-1
48403,"Sabine","Texas",0.0569259367960077,3.98596089724426,0.0569259367960098,3.98596089724427,"2022-07-08",899,3.76782265645406,0.0595581997149742,4.00701900059599,4.00438673767703,-0.00789156328047209,-0.0078915632804599,-0.00695940722431,-1,-1,-1
48403,"Sabine","Texas",0.04255961441879,3.92795625502253,0.0425596144187965,3.92795625502258,"2022-07-09",900,3.78743112784243,0.0450652475756594,3.94800132027749,3.94549568712062,-0.0143663223772177,-0.0143663223772133,-0.0144929521393148,-1,-1,-1
48403,"Sabine","Texas",0.0408219945202684,3.95661491025314,0.0408219945202557,3.95661491025305,"2022-07-10",901,3.80666248977032,0.040561573499033,3.95453154208326,3.95479196310449,-0.0017376198985216,-0.0017376198985408,-0.0045036740766264,-1,-1,-1
48403,"Sabine","Texas",0.0322031404946293,3.9284860725683,0.032203140494635,3.92848607256834,"2022-07-11",902,3.83483336673702,0.0331065340969778,3.93571322138708,3.93480982778473,-0.0086188540256391,-0.0086188540256207,-0.0074550394020552,-1,-1,-1
48403,"Sabine","Texas",0.0139862419747351,3.81495402490378,0.0139862419747385,3.8149540249038,"2022-07-12",903,3.85922481986117,0.0173870318723602,3.84216034408477,3.83875955418715,-0.0182168985198942,-0.0182168985198965,-0.0157195022246176,-1,-1,-1
48403,"Sabine","Texas",0.017212128881126,3.85474736212964,0.0172121288811233,3.85474736212962,"2022-07-13",904,3.87713574642771,0.0200926168922787,3.87779126621886,3.87491077820771,0.0032258869063909,0.0032258869063848,0.0027055850199185,1,1,1
48403,"Sabine","Texas",0.0169208774883307,3.86962947986841,0.0169208774883365,3.86962947986845,"2022-07-14",905,3.87713574642771,0.0201091080394108,3.89513532427705,3.89194709372597,-0.000291251392795299,-0.000291251392786799,1.64911471321021e-05,-1,-1,1
48403,"Sabine","Texas",0.0166393190039667,3.88429788948182,0.0166393190039646,3.88429788948181,"2022-07-15",906,3.85922481986117,0.0197659581059305,3.90931100229753,3.90618436319557,-0.000281558484363998,-0.000281558484371901,-0.000343149933480301,-1,-1,-1
48403,"Sabine","Texas",0.0196084713883743,3.92469042756105,0.0196084713883748,3.92469042756106,"2022-07-16",907,3.84405002184194,0.021784921018516,3.94210202460219,3.93992557497204,0.0029691523844076,0.0029691523844102,0.0020189629125855,1,1,1
48403,"Sabine","Texas",0.0192313619278892,3.94128202326554,0.0192313619278885,3.94128202326554,"2022-07-17",908,3.8255309740747,0.0225703408082405,3.96799385430835,3.964654875428,-0.000377109460485102,-0.000377109460486299,0.0007854197897245,-1,-1,1
48403,"Sabine","Texas",0.0281708769667053,4.03202950550395,0.0281708769666968,4.03202950550389,"2022-07-18",909,3.80666248977032,0.0294408425480436,4.04218923015467,4.04091926457332,0.0089395150388161,0.0089395150388083,0.0068705017398031,1,1,1
48403,"Sabine","Texas",0.0243914531241571,4.02996499173027,0.0243914531241582,4.02996499173028,"2022-07-19",910,3.78093759853188,0.0271669119550821,4.05216866237768,4.04939320354675,-0.0037794238425482,-0.0037794238425386,-0.0022739305929615,-1,-1,-1
48403,"Sabine","Texas",0.0179109265665368,4.00251223239346,0.0179109265665311,4.00251223239342,"2022-07-20",911,3.75787232560089,0.0197213543658692,4.01699565478812,4.01518522698879,-0.0064805265576203,-0.0064805265576271,-0.0074455575892129,-1,-1,-1
48403,"Sabine","Texas",1.25607396694701e-15,3.87713574642771,0,3.87713574642771,"2022-07-21",912,3.73426245996176,0.00770238016636616,3.93875478775864,3.93105240759227,-0.0179109265665355,-0.0179109265665311,-0.012018974199503,-1,-1,-1
48403,"Sabine","Texas",-0.0179109265665375,3.73384833389541,0,3.85922481986117,"2022-07-22",913,3.71705033108063,-0.012759055294352,3.77506330407289,3.76991143280071,-0.0179109265665388,0,-0.0204614354607182,-1,0,-1
48403,"Sabine","Texas",-0.015174798019234,3.7378264357073,0,3.84405002184194,"2022-07-23",914,3.69953674858792,-0.00798641481872713,3.79533350131135,3.78814511811085,0.0027361285473035,0,0.00477264047562487,1,0,1
48403,"Sabine","Texas",-0.018519047767233,3.69589763970407,0,3.8255309740747,"2022-07-24",915,3.69244452027843,-0.0131114347702252,3.73915854368014,3.73375093068312,-0.003344249747999,0,-0.00512501995149807,-1,0,-1
48403,"Sabine","Texas",-0.0188684843043827,3.67458309963964,0,3.80666248977032,"2022-07-25",916,3.68171096463532,-0.0147092929230668,3.70785663069017,3.70369743930885,-0.000349436537149701,0,-0.0015978581528416,-1,0,-1
48403,"Sabine","Texas",-0.0257248912384399,3.60086335986281,0,3.78093759853188,"2022-07-26",917,3.67810735713203,-0.020743438830898,3.64071497912314,3.63573352671559,-0.0068564069340572,0,-0.0060341459078312,-1,0,-1
48403,"Sabine","Texas",-0.0230652729309953,3.59641541508392,0,3.75787232560089,"2022-07-27",918,3.69244452027843,-0.0189117470465727,3.6296436221593,3.62549009627488,0.0026596183074446,0,0.0018316917843253,1,0,1
48403,"Sabine","Texas",-0.0236098656391295,3.56899340048785,0,3.73426245996176,"2022-07-28",919,3.71008166176454,-0.0191311343697524,3.60482325064287,3.60034451937349,-0.000544592708134201,0,-0.0002193873231797,-1,0,-1
48403,"Sabine","Texas",-0.017212128881126,3.59656542891275,0,3.71705033108063,"2022-07-29",920,3.73084365321297,-0.0125205568343114,3.63409800528727,3.62940643324045,0.0063977367580035,0,0.006610577535441,1,0,1
48403,"Sabine","Texas",-0.0175135824927044,3.57694167113899,0,3.69953674858792,"2022-07-30",921,3.74444930526875,-0.0162564809178047,3.58699848373819,3.58574138216329,-0.000301453611578403,0,-0.0037359240834933,-1,0,-1
48403,"Sabine","Texas",-0.00709222830949361,3.64279892211198,0,3.69244452027843,"2022-07-31",922,3.74444930526875,-0.00794788594734169,3.63595366100919,3.63680931864704,0.0104213541832108,0,0.00830859497046301,1,0,1
48403,"Sabine","Texas",-0.01073355564311,3.60657607513355,0,3.68171096463532,"2022-08-01",923,3.75118333745009,-0.0104774818216158,3.6086246657055,3.60836859188401,-0.00364132733361639,0,-0.00252959587427411,-1,0,-1
48403,"Sabine","Texas",-0.00360360750329873,3.65288210460893,0,3.67810735713203,"2022-08-02",924,3.76451686831956,-0.00312274238817765,3.6567290255299,3.65624816041479,0.00712994813981127,0,0.00735473943343815,1,0,1
48403,"Sabine","Texas",0.0143371631464069,3.79280466230328,0.0143371631464055,3.79280466230327,"2022-08-03",925,3.75118333745009,0.0142171515853976,3.79184456981521,3.79196458137621,0.0179407706497056,0.0143371631464055,0.0173398939735753,1,1,1
48403,"Sabine","Texas",0.0176371414861088,3.8335416521673,0.0176371414861087,3.8335416521673,"2022-08-04",926,3.75453342433537,0.0180870308344988,3.83714076695442,3.83669087760603,0.0032999783397019,0.0032999783397032,0.0038698792491012,1,1,1
48403,"Sabine","Texas",0.0207619914484318,3.87617759335199,0.0207619914484281,3.87617759335196,"2022-08-05",927,3.80029304148484,0.0211221353984114,3.87905874495183,3.87869860100185,0.003124849962323,0.0031248499623194,0.0030351045639126,1,1,1
48403,"Sabine","Texas",0.0136056520557753,3.83968886965917,0.0136056520557792,3.8396888696592,"2022-08-06",928,3.84405002184194,0.0136829836479332,3.84030752239644,3.84023019080428,-0.0071563393926565,-0.0071563393926489,-0.0074391517504782,-1,-1,-1
48403,"Sabine","Texas",-1.25607396694701e-15,3.74444930526874,0,3.74444930526875,"2022-08-07",929,3.8859723282282,0.00270188978768433,3.76606442357022,3.76336253378254,-0.0136056520557766,-0.0136056520557792,-0.0109810938602489,-1,-1,-1
48403,"Sabine","Texas",0.00673403218134467,3.7983215627195,0.00673403218134405,3.7983215627195,"2022-08-08",930,3.92338676407846,0.00804093397120662,3.8087767770384,3.80746987524854,0.00673403218134593,0.00673403218134405,0.00533904418352229,1,1,1
48403,"Sabine","Texas",0.013333530869463,3.8578515844058,0.0133335308694638,3.8578515844058,"2022-08-09",931,3.94849268520954,0.0126565462397462,3.85243570736806,3.85311269199778,0.00659949868811833,0.00659949868811975,0.00461561226853958,1,1,1
48403,"Sabine","Texas",-0.0133335308694609,3.65784862136387,0,3.75118333745009,"2022-08-10",932,3.99426110366512,-0.0138248735702189,3.65391787975781,3.65440922245856,-0.0266670617389239,-0.0133335308694638,-0.0264814198099651,-1,-1,-1
48403,"Sabine","Texas",0.00335008688528135,3.77798403253234,0.00335008688528138,3.77798403253234,"2022-08-11",933,4.01766919456313,0.00646373978580211,3.80289325573651,3.79977960283598,0.0166836177547422,0.00335008688528138,0.020288613356021,1,1,1
48403,"Sabine","Texas",0.0457596171494599,4.12061036153106,0.0457596171494665,4.1206103615311,"2022-08-12",934,4.01766919456313,0.0397840415410651,4.07280575666389,4.0787813322723,0.0424095302641785,0.0424095302641851,0.033320301755263,1,1,1
48403,"Sabine","Texas",0.0437569803571059,4.15034888434168,0.0437569803571005,4.15034888434164,"2022-08-13",935,4.02279741093005,0.0367254931760483,4.09409698689323,4.10112847407428,-0.002002636792354,-0.00200263679236599,-0.0030585483650168,-1,-1,-1
48403,"Sabine","Texas",0.0419223063862556,4.17942847293199,0.041922306386263,4.17942847293204,"2022-08-14",936,4.03044076024262,0.0405395212739349,4.16836619203342,4.16974897714574,-0.0018346739708503,-0.0018346739708375,0.0038140280978866,-1,-1,1
48403,"Sabine","Texas",0.0374144358502574,4.18528781503026,0.0374144358502586,4.18528781503027,"2022-08-15",937,4.03044076024262,0.0351517034527251,4.16718595585,4.16944868824754,-0.0045078705359982,-0.0045078705360044,-0.0053878178212098,-1,-1,-1
48403,"Sabine","Texas",0.0251059211310805,4.1242341331271,0.0251059211310767,4.12423413312708,"2022-08-16",938,4.02789946281395,0.0235418625262941,4.11172166428881,4.1132857228936,-0.0123085147191769,-0.0123085147191819,-0.011609840926431,-1,-1,-1
48403,"Sabine","Texas",0.0457684184556012,4.31464003285433,0.0457684184555802,4.31464003285418,"2022-08-17",939,4.01509519056796,0.0403892133290639,4.27160639184205,4.27698559696857,0.0206624973245207,0.0206624973245035,0.0168473508027698,1,1,1
48403,"Sabine","Texas",0.0234080908980183,4.18152583084926,0.0234080908980148,4.18152583084924,"2022-08-18",940,3.99426110366512,0.0242939492024622,4.18861269728482,4.18772683898037,-0.0223603275575829,-0.0223603275575654,-0.0160952641266017,-1,-1,-1
48403,"Sabine","Texas",1.25607396694721e-15,4.01766919456314,0,4.01766919456313,"2022-08-19",941,3.97298370521783,0.00367592212468951,4.04707657156065,4.04340064943596,-0.023408090898017,-0.0234080908980148,-0.0206180270777727,-1,-1,-1
48403,"Sabine","Texas",0.00512821636692112,4.0586949254985,0.00512821636691996,4.05869492549849,"2022-08-20",942,3.94573406277046,0.00647959546021929,4.06950595824488,4.06815457915159,0.00512821636691986,0.00512821636691996,0.00280367333552978,1,1,1
48403,"Sabine","Texas",0.00764334931256455,4.08394420543057,0.00764334931256716,4.08394420543059,"2022-08-21",943,3.92055790787798,0.00951251701350122,4.09889754703806,4.09702837933713,0.00251513294564343,0.0025151329456472,0.00303292155328193,1,1,1
48403,"Sabine","Texas",0,4.03044076024262,0,4.03044076024262,"2022-08-22",944,3.90052862600241,-0.00754916788204701,3.97004741718624,3.97759658506829,-0.00764334931256455,-0.00764334931256716,-0.0170616848955482,-1,-1,-1
48403,"Sabine","Texas",-0.00254129742867455,4.01011038081322,0,4.02789946281395,"2022-08-23",945,3.88303546855489,-0.0077423750605772,3.968501759758,3.97370283738991,-0.00254129742867455,0,-0.00019320717853019,-1,0,-1
48403,"Sabine","Texas",-0.0128042722459898,3.92546528484603,0,4.01509519056796,"2022-08-24",946,3.85014760171006,-0.0143355563731204,3.91321501182899,3.91474629595612,-0.0102629748173152,0,-0.0065931813125432,-1,0,-1
48403,"Sabine","Texas",-0.0208340869028477,3.84842249534518,0,3.99426110366512,"2022-08-25",947,3.86223234092513,-0.0198517024908873,3.85628157064086,3.85529918622891,-0.0080298146568579,0,-0.0055161461177669,-1,0,-1
48403,"Sabine","Texas",-0.0212773984472845,3.82404191608684,0,3.97298370521783,"2022-08-26",948,3.87417278129705,-0.0228865907883885,3.81116837735801,3.81277756969911,-0.0004433115444368,0,-0.0030348882975012,-1,0,-1
48403,"Sabine","Texas",-0.0272496424473743,3.75498656563884,0,3.94573406277046,"2022-08-27",949,3.85922481986117,-0.0262649842080024,3.76286383155381,3.76187917331444,-0.0059722440000898,0,-0.0033783934196139,-1,0,-1
48403,"Sabine","Texas",-0.0251761548924751,3.74432482363066,0,3.92055790787798,"2022-08-28",950,3.84405002184194,-0.0257090642331439,3.74006154890531,3.74059445824597,0.0020734875548992,0,0.000555919974858501,1,0,1
48403,"Sabine","Texas",-0.0200292818755651,3.76032365287345,0,3.90052862600241,"2022-08-29",951,3.8286413964891,-0.0201418549326324,3.75942306841692,3.75953564147398,0.00514687301691,0,0.0055672093005115,1,0,1
48403,"Sabine","Texas",-0.0174931574475167,3.76058336642228,0,3.88303546855489,"2022-08-30",952,3.8098320645316,-0.0192414748124092,3.74659682750314,3.74834514486803,0.0025361244280484,0,0.000900380120223199,1,0,1
48403,"Sabine","Texas",-0.032887866844847,3.61993253379613,0,3.85014760171006,"2022-08-31",953,3.8098320645316,-0.0312588912579385,3.63296433849138,3.63133536290449,-0.0153947093973303,0,-0.0120174164455293,-1,0,-1
48403,"Sabine","Texas",0.0120847392150731,3.94682551543064,0.0120847392150725,3.94682551543064,"2022-09-01",954,3.7744016275521,0.01025331871981,3.93217415146854,3.9340055719638,0.0449726060599201,0.0120847392150725,0.0415122099777485,1,1,1
48403,"Sabine","Texas",0.0119404403719182,3.95775586390047,0.0119404403719168,3.95775586390047,"2022-09-02",955,3.71705033108063,0.0104891166161045,3.94614527385397,3.94759659760978,-0.000144298843154901,-0.000144298843155701,0.0002357978962945,-1,-1,1
48403,"Sabine","Texas",-0.0149479614358739,3.75458908981006,0,3.85922481986117,"2022-09-03",956,3.68530163276605,-0.0163585398640849,3.74330446238437,3.74471504081258,-0.0268884018077921,-0.0119404403719168,-0.0268476564801894,-1,-1,-1
48403,"Sabine","Texas",-0.0151747980192316,3.73782643570732,0,3.84405002184194,"2022-09-04",957,3.65251180994306,-0.0152178078333949,3.73748235719401,3.73752536700818,-0.0002268365833577,0,0.00114073203069,-1,0,1
48403,"Sabine","Texas",-0.0154086253528442,3.72078101901919,0,3.8286413964891,"2022-09-05",958,3.61861025826738,-0.0157744946511077,3.71785406463308,3.71821993393135,-0.0002338273336126,0,-0.000556686817712799,-1,0,-1
48403,"Sabine","Texas",-0.0188093319575004,3.6781667408291,0,3.8098320645316,"2022-09-06",959,3.58747933967221,-0.0213944373297696,3.65748589785094,3.66007100322321,-0.0034007066046562,0,-0.0056199426786619,-1,0,-1
48403,"Sabine","Texas",-6.28036983473505e-16,3.8098320645316,0,3.8098320645316,"2022-09-07",960,3.55534806148941,-0.00627459539798858,3.75963530134769,3.76590989674568,0.0188093319574998,0,0.015119841931781,1,0,1
48403,"Sabine","Texas",-0.0354304369794947,3.52638856869564,0,3.7744016275521,"2022-09-08",961,3.54302757710137,-0.0331169335977099,3.54489659574992,3.54258309236813,-0.0354304369794941,0,-0.0268423381997213,-1,0,-1
48403,"Sabine","Texas",-0.0573512964714741,3.31559125578032,0,3.71705033108063,"2022-09-09",962,3.54302757710137,-0.048699078941852,3.38480899601728,3.37615677848767,-0.0219208594919794,0,-0.0155821453441421,-1,0,-1
48403,"Sabine","Texas",-0.0317486983145747,3.46306074456403,0,3.68530163276605,"2022-09-10",963,3.54302757710137,-0.0314399768710862,3.46553051611194,3.46522179466845,0.0256025981568994,0,0.0172591020707658,1,0,1
48403,"Sabine","Texas",-0.0327898228229851,3.42298305018217,0,3.65251180994306,"2022-09-11",964,3.54302757710137,-0.0305359971513319,3.44101365555539,3.43875982988374,-0.0010411245084104,0,0.000903979719754297,-1,0,1
48403,"Sabine","Texas",-0.0339015516756761,3.38129939653765,0,3.61861025826738,"2022-09-12",965,3.55125807623789,-0.0335201013563283,3.38435099909243,3.38396954877308,-0.001111728852691,0,-0.0029841042049964,-1,0,-1
48403,"Sabine","Texas",-0.0311309185951818,3.36956290950594,0,3.58747933967221,"2022-09-13",966,3.55534806148941,-0.0299783730803839,3.37878327362431,3.37763072810952,0.0027706330804943,0,0.0035417282759444,1,0,1
48403,"Sabine","Texas",-0.0321312781827945,3.33042911420985,0,3.55534806148941,"2022-09-14",967,3.56347818757266,-0.0299316051559187,3.34802649842486,3.34582682539798,-0.0010003595876127,0,4.67679244651985e-05,-1,0,1
48403,"Sabine","Texas",-0.012320484388039,3.4567841863851,0,3.54302757710137,"2022-09-15",968,3.55942138687705,-0.0133476410563749,3.44856693303841,3.44959408970675,0.0198107937947555,0,0.0165839640995438,1,0,1
48403,"Sabine","Texas",-6.28036983473505e-16,3.54302757710137,0,3.54302757710137,"2022-09-16",969,3.54302757710137,-0.00317023003487828,3.51766573682234,3.52083596685722,0.0123204843880384,0,0.0101774110214966,1,0,1
48403,"Sabine","Texas",6.28036983473303e-16,3.54302757710138,0,3.54302757710137,"2022-09-17",970,3.5179216559703,0.00398170624400883,3.57488122705344,3.57089952080943,1.25607396694681e-15,0,0.00715193627888711,1,0,1
48403,"Sabine","Texas",6.28036983473505e-16,3.54302757710138,0,3.54302757710137,"2022-09-18",971,3.49216915986788,0.00543941387772531,3.58654288812317,3.58110347424545,2.02046999349732e-28,0,0.00145770763371648,1,0,1
48403,"Sabine","Texas",0.00823049913651777,3.60887157019351,0.00823049913651586,3.6088715701935,"2022-09-19",972,3.46126162240481,0.0102114561471805,3.62471922627881,3.62273826926815,0.00823049913651714,0.00823049913651586,0.00477204226945519,1,1,1
48403,"Sabine","Texas",0.00408998525152386,3.58397795825008,0.00408998525152393,3.58397795825008,"2022-09-20",973,3.42936825862885,0.00556184803320931,3.59575286050356,3.59428099772188,-0.00414051388499391,-0.00414051388499193,-0.00464960811397119,-1,-1,-1
48403,"Sabine","Texas",0.00813012608325237,3.62038907015543,0.00813012608325092,3.62038907015542,"2022-09-21",974,3.3770998300831,0.00893352339649607,3.62681624866138,3.62601285134813,0.00404014083172851,0.00404014083172699,0.00337167536328676,1,1,1
48403,"Sabine","Texas",-0.00405680069561584,3.53102378200774,0,3.55942138687705,"2022-09-22",975,3.31158522297247,-0.00738176080222005,3.5044241011549,3.50774906126151,-0.0121869267788682,-0.00813012608325092,-0.0163152841987161,-1,-1,-1
48403,"Sabine","Texas",-0.0163938097756716,3.42827090867167,0,3.54302757710137,"2022-09-23",976,3.26357600378611,-0.0150335240922716,3.43915319413888,3.43779290845547,-0.0123370090800558,0,-0.00765176329005155,-1,0,-1
48403,"Sabine","Texas",-0.0251059211310892,3.34218020805267,0,3.5179216559703,"2022-09-24",977,3.24147565678544,-0.0231271481062139,3.35801039225166,3.3560316192268,-0.0087121113554176,0,-0.0080936240139423,-1,0,-1
48403,"Sabine","Texas",-0.0257524961024082,3.31190168715103,0,3.49216915986788,"2022-09-25",978,3.2188758248682,-0.0230706526260999,3.3333564349615,3.33067459148518,-0.000646574971319001,0,5.64954801139973e-05,-1,0,1
48403,"Sabine","Texas",-0.0309075374630775,3.24490886016326,0,3.46126162240481,"2022-09-26",979,3.18988828799495,-0.0300965365190166,3.25139686771575,3.25058586677169,-0.0051550413606693,0,-0.0070258838929167,-1,0,-1
48403,"Sabine","Texas",-0.0318933637759588,3.20611471219714,0,3.42936825862885,"2022-09-27",980,3.16003532484527,-0.0285861808395915,3.23257217568808,3.22926499275171,-0.000985826312881299,0,0.0015103556794251,-1,0,1
48403,"Sabine","Texas",-0.0522684285457651,3.01122083026274,0,3.3770998300831,"2022-09-28",981,3.14168618617707,-0.0468516063809437,3.0545554075813,3.04913858541649,-0.0203750647698063,0,-0.0182654255413522,-1,0,-1
48403,"Sabine","Texas",-0.0655146071106383,2.852982973198,0,3.31158522297247,"2022-09-29",982,3.13549421592915,-0.0541817074014072,2.94364617087184,2.93231327116262,-0.0132461785648732,0,-0.0073301010204635,-1,0,-1
48403,"Sabine","Texas",-0.0480092191863527,2.92751146948164,0,3.26357600378611,"2022-09-30",983,3.09751496786393,-0.0465996667263028,2.93878788916205,2.93737833670199,0.0175053879242856,0,0.0075820406751044,1,0,1
48403,"Sabine","Texas",-0.0221003470006592,3.08677322778083,0,3.24147565678544,"2022-10-01",984,3.05803615689015,-0.0252431028088932,3.06163118131496,3.06477393712319,0.0259088721856935,0,0.0213565639174096,1,0,1
48403,"Sabine","Texas",-0.022599831917234,3.06067700144756,0,3.2188758248682,"2022-10-02",985,3.01693448120459,-0.0262186387137757,3.03172654707523,3.03534535387177,-0.0004994849165748,0,-0.000975535904882502,-1,0,-1
48403,"Sabine","Texas",0.021053409197833,3.17127701490552,0.0210534091978358,3.17127701490554,"2023-01-25",1100,3.08452777233712,0.0227122171700414,3.18454747868318,3.18288867071098,0.043653241115067,0.0210534091978358,0.0489308558838171,1,1,1
48403,"Sabine","Texas",0.00692044284457388,3.07926669327728,0.00692044284457172,3.07926669327726,"2023-01-26",1101,3.07797037179096,0.00706009576257081,3.08038391662126,3.08024426370326,-0.0141329663532591,-0.0141329663532641,-0.0156521214074706,-1,-1,-1
48403,"Sabine","Texas",0.00687287928776455,3.08580662766738,0.00687287928776481,3.08580662766738,"2023-01-27",1102,3.07136968775961,0.00727823991297761,3.08904951266908,3.08864415204387,-4.756355680933e-05,-4.75635568069092e-05,0.0002181441504068,-1,-1,1
48403,"Sabine","Texas",0.00682596507039933,3.09230419321622,0.0068259650703979,3.09230419321621,"2023-01-28",1103,3.06472514504094,0.00851679299053853,3.10583081657734,3.10413998865719,-4.69142173652199e-05,-4.69142173669104e-05,0.00123855307756092,-1,-1,1
48403,"Sabine","Texas",0.00677968698537702,3.09875993360644,0.0067796869853769,3.09875993360644,"2023-01-29",1104,3.05803615689015,0.00757063931298325,3.10508755222729,3.10429659989968,-4.62780850223107e-05,-4.62780850210001e-05,-0.00094615367755528,-1,-1,-1
48403,"Sabine","Texas",0.00673403218134645,3.10517438215957,0.00673403218134672,3.10517438215957,"2023-01-30",1105,3.0513021247088,0.00794118123934899,3.11483157462359,3.11362442556559,-4.56548040305696e-05,-4.56548040301801e-05,0.00037054192636574,-1,-1,1
48403,"Sabine","Texas",0.00668898815079436,3.1115480620965,0.00668898815079455,3.1115480620965,"2023-01-31",1106,3.04452243772342,0.00757491081255134,3.11863544339056,3.1177495207288,-4.50440305520897e-05,-4.50440305521695e-05,-0.00036627042679765,-1,-1,-1
48403,"Sabine","Texas",0.019802627296182,3.2231461634104,0.0198026272961829,3.2231461634104,"2023-02-01",1107,3.00991690854595,0.0194194758126755,3.22008095154234,3.22046410302585,0.0131136391453876,0.0131136391453884,0.0118445650001242,1,1,1
48403,"Sabine","Texas",0.547115625171272,7.64595060992377,0.54711562517119,7.64595060992319,"2023-03-23",1157,4.94571574799694,0.317486333398312,5.80891627574016,6.03854556751304,0.52731299787509,0.527312997875007,0.298066857585637,1,1,1
48403,"Sabine","Texas",0.35163079705207,6.62918761014141,0.351630797052055,6.62918761014131,"2023-03-24",1158,NA,0.273387186586606,6.00323872641771,6.08148233688316,-0.195484828119202,-0.195484828119135,-0.044099146811706,-1,-1,-1
48403,"Sabine","Texas",0.259637609744828,6.2448729087355,0.259637609744781,6.24487290873516,"2023-03-25",1159,NA,0.212163832392566,5.86508268991745,5.91255646726966,-0.091993187307242,-0.091993187307274,-0.06122335419404,-1,-1,-1
48403,"Sabine","Texas",0.205931422433173,6.074861019987,0.205931422433091,6.07486101998643,"2023-03-26",1160,NA,0.176546059903093,5.83977811974644,5.86916348227644,-0.053706187311655,-0.05370618731169,-0.035617772489473,-1,-1,-1
48403,"Sabine","Texas",0.170679981778441,5.99878091718235,0.170679981778467,5.99878091718253,"2023-03-27",1161,NA,0.158644065524525,5.90249358715099,5.91452950340494,-0.035251440654732,-0.035251440654624,-0.017901994378568,-1,-1,-1
48403,"Sabine","Texas",0.145751503959311,5.97003307640773,0.145751503959297,5.97003307640763,"2023-03-28",1162,NA,0.125871913880014,5.81099635577337,5.83087594585265,-0.02492847781913,-0.02492847781917,-0.032772151644511,-1,-1,-1
48403,"Sabine","Texas",2.69979796923608e-16,4.94977254869256,0,4.94977254869255,"2023-03-29",1163,NA,-0.0155741352728662,4.82517946650962,4.84075360178249,-0.145751503959311,-0.145751503959297,-0.14144604915288,-1,-1,-1
48403,"Sabine","Texas",-0.00405680069561226,4.91731814312766,0,4.94571574799694,"2023-03-30",1164,NA,-0.000268928254688136,4.94762112265505,4.94383325021412,-0.00405680069561253,0,0.0153052070181781,-1,0,1
