fips: 8091
T_interval_start: 589
T_interval_end: 619
sigma: 0.9500000000000001
gamma: 0.1
rmse: 1.8235140576137787
