fips: 8091
T_interval_start: 619
T_interval_end: 650
sigma: 0.7500000000000001
gamma: 0.05
rmse: 10.99762715658144
