fips: 8091
T_interval_start: 558
T_interval_end: 589
sigma: 0.9500000000000001
gamma: 0.05
rmse: 14.108148914108293
