fips: 8091
T_interval_start: 680
T_interval_end: 711
sigma: 0.9900000000000001
gamma: 0.04
rmse: 5.991774511965177
mae: 5.576269999698196
