fips: 8091
T_interval_start: 923
T_interval_end: 954
sigma: 0.9900000000000001
gamma: 0.04
rmse: 3.5476264651453873
mae: 2.6835013611335885
