fips: 8091
T_interval_start: 711
T_interval_end: 742
sigma: 0.9
gamma: 0.04
rmse: 26.017882063686784
mae: 24.40357459915713
