fips: 8091
T_interval_start: 285
T_interval_end: 315
sigma: 0.9900000000000001
gamma: 0.04
rmse: 348.68202051696
mae: 146.6944787097089
