fips: 8091
T_interval_start: 892
T_interval_end: 923
sigma: 0.9900000000000001
gamma: 0.04
rmse: 9.758685216915442
mae: 9.058868986578027
