fips: 8091
T_interval_start: 405
T_interval_end: 436
sigma: 0.9900000000000001
gamma: 0.04
rmse: 16.664084124917487
mae: 16.525185522593038
