fips: 8091
T_interval_start: 558
T_interval_end: 589
sigma: 0.9400000000000001
gamma: 0.04
rmse: 13.59426778640915
mae: 13.561419159613498
