fips: 8091
T_interval_start: 650
T_interval_end: 680
sigma: 0.9900000000000001
gamma: 0.04
rmse: 13.581099499241805
mae: 13.46152189728797
