fips: 8091
T_interval_start: 831
T_interval_end: 862
sigma: 0.9900000000000001
gamma: 0.04
rmse: 16.299471786694706
mae: 16.2876780785152
