fips: 8091
T_interval_start: 405
T_interval_end: 436
sigma: 0.9
gamma: 0.01
rmse: 30.62652558857847
mae: 30.15042016806724
