fips: 8091
T_interval_start: 346
T_interval_end: 377
sigma: 0.9
gamma: 0.01
rmse: 28.350500734767092
mae: 27.840740740734823
