fips: 8091
T_interval_start: 711
T_interval_end: 742
sigma: 0.9
gamma: 0.01
rmse: 145.83377767511223
mae: 141.19677419354838
