fips: 8091
T_interval_start: 315
T_interval_end: 346
sigma: 0.9900000000000001
gamma: 0.04
rmse: 11.880380076950432
mae: 10.953163895983687
