fips: 8091
T_interval_start: 589
T_interval_end: 619
sigma: 0.9900000000000001
gamma: 0.04
rmse: 14.41233682782947
mae: 14.33065690721247
