fips: 8091
T_interval_start: 315
T_interval_end: 346
sigma: 0.9900000000000001
gamma: 0.01
rmse: 40.08586877431777
mae: 37.70616063256086
