fips: 8091
T_interval_start: 346
T_interval_end: 377
sigma: 0.9
gamma: 0.04
rmse: 13.54966037317388
mae: 13.52490112443633
