fips: 8091
T_interval_start: 892
T_interval_end: 923
sigma: 0.9
gamma: 0.01
rmse: 48.40786495056107
mae: 48.003225806451624
