fips: 8091
T_interval_start: 377
T_interval_end: 405
sigma: 0.9
gamma: 0.01
rmse: 46.39765469844394
mae: 46.25816326530613
