fips: 8091
T_interval_start: 558
T_interval_end: 589
sigma: 0.9
gamma: 0.04
rmse: 5.4892580297300775
mae: 5.465151165972048
