fips: 8091
T_interval_start: 285
T_interval_end: 315
sigma: 0.9900000000000001
gamma: 0.01
rmse: 4.387402471990864
mae: 3.580802436107537
