fips: 8091
T_interval_start: 589
T_interval_end: 619
sigma: 0.9900000000000001
gamma: 0.04
rmse: 7.92899117190802
mae: 7.895337099508483
