fips: 8091
T_interval_start: 466
T_interval_end: 497
sigma: 0.05
gamma: 0.05
rmse: 2.0236843332422882
mae: 1.6491208087248288
