fips: 8091
T_interval_start: 650
T_interval_end: 680
sigma: 0.9900000000000001
gamma: 0.04
rmse: 5.722284821381041
mae: 5.668292919059124
