fips: 8091
T_interval_start: 742
T_interval_end: 770
sigma: 0.9
gamma: 0.04
rmse: 11.504165402457772
mae: 10.062404967633952
