fips: 8091
T_interval_start: 862
T_interval_end: 892
sigma: 0.9900000000000001
gamma: 0.04
rmse: 17.477114783137132
mae: 17.437545842399167
