fips: 8091
T_interval_start: 346
T_interval_end: 377
sigma: 0.9
gamma: 0.04
rmse: 12.030285519086101
mae: 12.001702447861533
