fips: 8091
T_interval_start: 770
T_interval_end: 801
sigma: 0.05
gamma: 0.1
rmse: 4.283812784417083
mae: 3.9430712637032777
