fips: 8091
T_interval_start: 680
T_interval_end: 711
sigma: 0.9900000000000001
gamma: 0.04
rmse: 3.3866544697460226
mae: 2.6318069897221275
