fips: 8091
T_interval_start: 436
T_interval_end: 466
sigma: 0.05
gamma: 0.1
rmse: 1.5532522989579387
mae: 1.3606422206145838
