fips: 8091
T_interval_start: 770
T_interval_end: 801
sigma: 0.05
gamma: 0.05
rmse: 2.8889332203305726
mae: 2.5888075890180424
