fips: 8091
T_interval_start: 711
T_interval_end: 742
sigma: 0.9
gamma: 0.04
rmse: 31.21563240150347
mae: 29.304308570932776
