fips: 8091
T_interval_start: 132
T_interval_end: 162
sigma: 0.9500000000000001
gamma: 0.05
rmse: 0.1839765863805459
mae: 0.13554758172239723
