fips: 8091
T_interval_start: 466
T_interval_end: 497
sigma: 0.9500000000000001
gamma: 0.05
rmse: 0.5059238088751415
mae: 0.4368893486030502
