fips: 8091
T_interval_start: 497
T_interval_end: 527
sigma: 0.3
gamma: 0.1
rmse: 0.31242844907783596
mae: 0.25607504667125885
