fips: 8091
T_interval_start: 862
T_interval_end: 892
sigma: 0.9900000000000001
gamma: 0.04
rmse: 6.808220313645568
mae: 6.107380031104157
