fips: 8091
T_interval_start: 680
T_interval_end: 711
sigma: 0.9900000000000001
gamma: 0.04
rmse: 3.8027453525015593
mae: 3.38692371865934
