fips: 8091
T_interval_start: 892
T_interval_end: 923
sigma: 0.9
gamma: 0.04
rmse: 2.0991882966599333
mae: 1.651569646010443
