fips: 8091
T_interval_start: 285
T_interval_end: 315
sigma: 0.9400000000000001
gamma: 0.04
rmse: 2.932945628297554
mae: 2.6246706098078207
