fips: 8091
T_interval_start: 558
T_interval_end: 589
sigma: 0.9900000000000001
gamma: 0.04
rmse: 12.92463782791493
mae: 12.897706313065447
