fips: 8091
T_interval_start: 346
T_interval_end: 377
sigma: 0.9
gamma: 0.04
rmse: 15.49807501503898
mae: 15.400530522989962
