fips: 8091
T_interval_start: 315
T_interval_end: 346
sigma: 0.9900000000000001
gamma: 0.04
rmse: 14.162335166599682
mae: 13.545742005514384
