fips: 8091
T_interval_start: 1015
T_interval_end: 1045
sigma: 0.9500000000000001
gamma: 0.05
rmse: 4.483574971131912
mae: 4.228049027096097
