fips: 8091
T_interval_start: 923
T_interval_end: 954
sigma: 0.9
gamma: 0.04
rmse: 4.103943401574373
mae: 3.582631937535791
