fips: 8091
T_interval_start: 954
T_interval_end: 984
sigma: 0.9500000000000001
gamma: 0.05
rmse: 1.9881308943551852
mae: 1.8031848024646921
