fips: 8091
T_interval_start: 193
T_interval_end: 224
sigma: 0.05
gamma: 0.2
rmse: 0.4739999941788025
mae: 0.3443579360545596
