fips: 8017
T_interval_start: 680
T_interval_end: 711
sigma: 0.9500000000000001
gamma: 0.15000000000000002
rmse: 2.208099111471903
