fips: 8017
T_interval_start: 405
T_interval_end: 436
sigma: 0.8500000000000001
gamma: 0.6000000000000001
rmse: 0.451751044429505
