fips: 8017
T_interval_start: 711
T_interval_end: 742
sigma: 0.9
gamma: 0.01
rmse: 31.732637774380628
mae: 31.39411764705882
