fips: 8017
T_interval_start: 619
T_interval_end: 650
sigma: 0.9
gamma: 0.04
rmse: 13.796805817020342
mae: 13.78683975472884
