fips: 8017
T_interval_start: 285
T_interval_end: 315
sigma: 0.9900000000000001
gamma: 0.04
rmse: 216.15702021305387
mae: 104.88429899048211
