fips: 8017
T_interval_start: 650
T_interval_end: 680
sigma: 0.9
gamma: 0.04
rmse: 13.505011164901342
mae: 13.34013587752231
