fips: 8017
T_interval_start: 680
T_interval_end: 711
sigma: 0.9900000000000001
gamma: 0.04
rmse: 17.12745390518929
mae: 17.108389205053033
