fips: 8017
T_interval_start: 742
T_interval_end: 770
sigma: 0.9900000000000001
gamma: 0.04
rmse: 21.329609801005336
mae: 21.2023674384759
