fips: 8017
T_interval_start: 315
T_interval_end: 346
sigma: 0.9900000000000001
gamma: 0.04
rmse: 9.329214308875477
mae: 8.47273734148849
