fips: 8017
T_interval_start: 346
T_interval_end: 377
sigma: 0.9
gamma: 0.04
rmse: 13.915968116507463
mae: 13.88509213396276
