fips: 8017
T_interval_start: 346
T_interval_end: 377
sigma: 0.9900000000000001
gamma: 0.01
rmse: 23.859740866089467
mae: 23.825274662554616
