fips: 8017
T_interval_start: 711
T_interval_end: 742
sigma: 0.9900000000000001
gamma: 0.04
rmse: 21.696840981245014
mae: 21.513928677124458
