fips: 8017
T_interval_start: 558
T_interval_end: 589
sigma: 0.05
gamma: 0.05
rmse: 8.12074959596819
mae: 6.885693117309299
