fips: 8017
T_interval_start: 315
T_interval_end: 346
sigma: 0.93
gamma: 0.04
rmse: 7.408047491243611
mae: 6.999217400233395
