fips: 8017
T_interval_start: 711
T_interval_end: 742
sigma: 0.9900000000000001
gamma: 0.04
rmse: 19.081390579925902
mae: 18.80466487036449
