fips: 8017
T_interval_start: 680
T_interval_end: 711
sigma: 0.9900000000000001
gamma: 0.04
rmse: 12.673321733845578
mae: 12.651343343077619
