fips: 8017
T_interval_start: 589
T_interval_end: 619
sigma: 0.05
gamma: 0.05
rmse: 3.1185461837813726
mae: 2.479489630882865
