fips: 8017
T_interval_start: 466
T_interval_end: 497
sigma: 0.05
gamma: 0.05
rmse: 0.7727815529693203
mae: 0.4798602448944434
