fips: 8017
T_interval_start: 742
T_interval_end: 770
sigma: 0.9900000000000001
gamma: 0.04
rmse: 17.699186914511117
mae: 17.365810704430313
