fips: 8017
T_interval_start: 285
T_interval_end: 315
sigma: 0.9
gamma: 0.04
rmse: 1.4986483587524915
mae: 1.219442060467762
