fips: 8017
T_interval_start: 619
T_interval_end: 650
sigma: 0.9
gamma: 0.04
rmse: 10.915291260790706
mae: 10.90931363542101
