fips: 8017
T_interval_start: 589
T_interval_end: 619
sigma: 0.9500000000000001
gamma: 0.05
rmse: 0.8010069908567095
mae: 0.67446494317892
