fips: 8017
T_interval_start: 466
T_interval_end: 497
sigma: 0.25
gamma: 0.05
rmse: 0.2692072025644397
mae: 0.2037606728409618
