fips: 8017
T_interval_start: 193
T_interval_end: 224
sigma: 0.9500000000000001
gamma: 0.2
rmse: 0.1133080910576445
mae: 0.09425266265943515
