fips: 8017
T_interval_start: 254
T_interval_end: 285
sigma: 0.9500000000000001
gamma: 0.15000000000000002
rmse: 0.17182738536476397
mae: 0.15467604824319478
