fips: 8017
T_interval_start: 162
T_interval_end: 193
sigma: 0.9500000000000001
gamma: 0.05
rmse: 0.15266567599217593
mae: 0.09065101709543137
