fips: 8017
T_interval_start: 315
T_interval_end: 346
sigma: 0.9900000000000001
gamma: 0.04
rmse: 5.206014225123948
mae: 4.867902377025835
