fips: 8017
T_interval_start: 619
T_interval_end: 650
sigma: 0.9
gamma: 0.04
rmse: 8.275906938799684
mae: 8.275306659683803
