fips: 8017
T_interval_start: 801
T_interval_end: 831
sigma: 0.3
gamma: 0.05
rmse: 0.2692555075569047
mae: 0.23230491179139431
