fips: 8017
T_interval_start: 923
T_interval_end: 954
sigma: 0.6500000000000001
gamma: 0.05
rmse: 0.5381172446590322
mae: 0.47670811080581876
