fips: 8017
T_interval_start: 650
T_interval_end: 680
sigma: 0.9
gamma: 0.04
rmse: 7.829426219098815
mae: 7.794116804815352
