fips: 8017
T_interval_start: 132
T_interval_end: 162
sigma: 0.8
gamma: 0.1
rmse: 0.15505039960221734
mae: 0.14473641464452086
