fips: 8059
T_interval_start: 1045
T_interval_end: 1076
sigma: 0.7500000000000001
gamma: 0.1
rmse: 142.14094179055576
