fips: 8059
T_interval_start: 285
T_interval_end: 315
sigma: 0.9500000000000001
gamma: 0.05
rmse: 578.6917394739556
