fips: 8059
T_interval_start: 711
T_interval_end: 742
sigma: 0.9000000000000001
gamma: 0.05
rmse: 1922.625935152744
