fips: 8059
T_interval_start: 589
T_interval_end: 619
sigma: 0.9500000000000001
gamma: 0.05
rmse: 185.83268401427154
