fips: 8059
T_interval_start: 466
T_interval_end: 497
sigma: 0.9000000000000001
gamma: 0.05
rmse: 116.3408631517384
