fips: 8059
T_interval_start: 71
T_interval_end: 101
sigma: 0.9500000000000001
gamma: 0.15000000000000002
rmse: 45.839002485348125
