fips: 8059
T_interval_start: 770
T_interval_end: 801
sigma: 0.9000000000000001
gamma: 0.05
rmse: 257.8179326784946
