fips: 8059
T_interval_start: 711
T_interval_end: 742
sigma: 0.9
gamma: 0.03
rmse: 7739.679049005898
mae: 7220.11136106371
