fips: 8059
T_interval_start: 984
T_interval_end: 1015
sigma: 0.9
gamma: 0.03
rmse: 259.8255439237618
mae: 253.16060790110137
