fips: 8059
T_interval_start: 193
T_interval_end: 224
sigma: 0.9900000000000001
gamma: 0.04
rmse: 181.34824742062116
mae: 180.3502415098528
