fips: 8059
T_interval_start: 466
T_interval_end: 497
sigma: 0.9900000000000001
gamma: 0.03
rmse: 112.97399757626638
mae: 76.69858195779125
