fips: 8059
T_interval_start: 346
T_interval_end: 377
sigma: 0.9900000000000001
gamma: 0.04
rmse: 318.4727099327387
mae: 279.50118380221704
