fips: 8059
T_interval_start: 224
T_interval_end: 254
sigma: 0.9600000000000001
gamma: 0.04
rmse: 106.04909881839485
mae: 103.70504276451268
