fips: 8059
T_interval_start: 71
T_interval_end: 101
sigma: 0.9
gamma: 0.04
rmse: 93.1069901825415
mae: 81.21927906586092
