fips: 8059
T_interval_start: 862
T_interval_end: 892
sigma: 0.9900000000000001
gamma: 0.03
rmse: 346.0515117030806
mae: 278.29321955270865
