fips: 8059
T_interval_start: 1015
T_interval_end: 1045
sigma: 0.9
gamma: 0.03
rmse: 624.9720408715729
mae: 614.6000457148325
