fips: 8059
T_interval_start: 770
T_interval_end: 801
sigma: 0.9
gamma: 0.04
rmse: 1069.768575619121
mae: 1050.6185723213084
