fips: 8059
T_interval_start: 101
T_interval_end: 132
sigma: 0.9
gamma: 0.04
rmse: 119.84529573310525
mae: 119.29797891748176
