fips: 8059
T_interval_start: 285
T_interval_end: 315
sigma: 0.9
gamma: 0.04
rmse: 140.62792573311108
mae: 133.35512503776357
