fips: 8059
T_interval_start: 497
T_interval_end: 527
sigma: 0.9
gamma: 0.04
rmse: 186.97687754187947
mae: 163.49600679985957
