fips: 8059
T_interval_start: 742
T_interval_end: 770
sigma: 0.9
gamma: 0.03
rmse: 3957.640998748237
mae: 3103.8618863426577
