fips: 8059
T_interval_start: 892
T_interval_end: 923
sigma: 0.9900000000000001
gamma: 0.03
rmse: 271.9486521993152
mae: 224.06996066572484
