fips: 8059
T_interval_start: 162
T_interval_end: 193
sigma: 0.9
gamma: 0.04
rmse: 88.70621606850163
mae: 84.05409850948374
