fips: 8059
T_interval_start: 831
T_interval_end: 862
sigma: 0.9900000000000001
gamma: 0.03
rmse: 1004.4645414315414
mae: 959.685860532092
