fips: 8059
T_interval_start: 558
T_interval_end: 589
sigma: 0.9900000000000001
gamma: 0.03
rmse: 189.89678603284273
mae: 189.1233770704645
