fips: 8059
T_interval_start: 801
T_interval_end: 831
sigma: 0.9900000000000001
gamma: 0.03
rmse: 1345.058606460998
mae: 1344.1539189676112
