fips: 8059
T_interval_start: 405
T_interval_end: 436
sigma: 0.9
gamma: 0.04
rmse: 218.59939016204106
mae: 210.1903453131352
