fips: 8059
T_interval_start: 954
T_interval_end: 984
sigma: 0.9
gamma: 0.03
rmse: 119.61872486753094
mae: 100.15362813614085
