fips: 8059
T_interval_start: 132
T_interval_end: 162
sigma: 0.9900000000000001
gamma: 0.04
rmse: 105.14651239794053
mae: 104.44767034385293
