fips: 8059
T_interval_start: 650
T_interval_end: 680
sigma: 0.9
gamma: 0.03
rmse: 1095.3395861944907
mae: 1072.0839415922287
