fips: 8059
T_interval_start: 680
T_interval_end: 711
sigma: 0.9
gamma: 0.03
rmse: 1161.9091544376631
mae: 1137.2219428593658
