fips: 8059
T_interval_start: 954
T_interval_end: 984
sigma: 0.9900000000000001
gamma: 0.03
rmse: 137.21161372641393
mae: 111.11327317654886
