fips: 8059
T_interval_start: 101
T_interval_end: 132
sigma: 0.9
gamma: 0.04
rmse: 126.68854645584133
mae: 125.76882651404462
