fips: 8059
T_interval_start: 254
T_interval_end: 285
sigma: 0.9
gamma: 0.04
rmse: 54.77084894976997
mae: 52.37543307695487
