fips: 8059
T_interval_start: 862
T_interval_end: 892
sigma: 0.9900000000000001
gamma: 0.03
rmse: 608.1187889886315
mae: 551.8721373516502
