fips: 8059
T_interval_start: 984
T_interval_end: 1015
sigma: 0.9
gamma: 0.03
rmse: 100.36416545254858
mae: 85.57151041611914
