fips: 8059
T_interval_start: 831
T_interval_end: 862
sigma: 0.9900000000000001
gamma: 0.03
rmse: 1179.115055462408
mae: 1161.51064643604
