fips: 8059
T_interval_start: 680
T_interval_end: 711
sigma: 0.9
gamma: 0.03
rmse: 1082.0781687219742
mae: 1064.1507659169486
