fips: 8059
T_interval_start: 466
T_interval_end: 497
sigma: 0.9
gamma: 0.03
rmse: 148.1061974754023
mae: 136.38325289621653
