fips: 8059
T_interval_start: 923
T_interval_end: 954
sigma: 0.9900000000000001
gamma: 0.03
rmse: 328.1727218928511
mae: 311.89090698057186
