fips: 8059
T_interval_start: 892
T_interval_end: 923
sigma: 0.9900000000000001
gamma: 0.03
rmse: 363.77597138221415
mae: 334.9265801263181
