fips: 8059
T_interval_start: 405
T_interval_end: 436
sigma: 0.9900000000000001
gamma: 0.03
rmse: 181.6030980001568
mae: 175.3912711039674
