fips: 8059
T_interval_start: 1015
T_interval_end: 1045
sigma: 0.9
gamma: 0.03
rmse: 473.5366183801875
mae: 455.93432592909846
