fips: 8059
T_interval_start: 1076
T_interval_end: 1107
sigma: 0.9
gamma: 0.03
rmse: 331.8953790728714
mae: 330.8380288254677
