fips: 8059
T_interval_start: 589
T_interval_end: 619
sigma: 0.9900000000000001
gamma: 0.03
rmse: 234.1148864301644
mae: 226.28162761952817
