fips: 8059
T_interval_start: 711
T_interval_end: 742
sigma: 0.9
gamma: 0.03
rmse: 6967.137105855028
mae: 6439.851964358593
