fips: 8059
T_interval_start: 162
T_interval_end: 193
sigma: 0.9
gamma: 0.04
rmse: 71.92391701718195
mae: 70.55259884982381
