fips: 8059
T_interval_start: 619
T_interval_end: 650
sigma: 0.9
gamma: 0.03
rmse: 199.7316897044849
mae: 142.15798239185216
