fips: 8059
T_interval_start: 770
T_interval_end: 801
sigma: 0.9
gamma: 0.04
rmse: 921.9934420058049
mae: 909.3296296597324
