fips: 8059
T_interval_start: 892
T_interval_end: 923
sigma: 0.9900000000000001
gamma: 0.03
rmse: 183.44271139624126
mae: 143.30126882145018
