fips: 8059
T_interval_start: 770
T_interval_end: 801
sigma: 0.9
gamma: 0.04
rmse: 934.9952703944731
mae: 919.8407253351919
