fips: 8059
T_interval_start: 801
T_interval_end: 831
sigma: 0.9
gamma: 0.04
rmse: 1405.2250015028035
mae: 1383.5140714033396
