fips: 8059
T_interval_start: 558
T_interval_end: 589
sigma: 0.9900000000000001
gamma: 0.03
rmse: 553.924991259827
mae: 548.076905275794
