fips: 8059
T_interval_start: 285
T_interval_end: 315
sigma: 0.9
gamma: 0.04
rmse: 154.63176302169907
mae: 148.04811094377152
