fips: 8059
T_interval_start: 862
T_interval_end: 892
sigma: 0.9900000000000001
gamma: 0.03
rmse: 576.2640101770899
mae: 485.14122602755594
