fips: 8059
T_interval_start: 346
T_interval_end: 377
sigma: 0.9900000000000001
gamma: 0.04
rmse: 113.15949327799716
mae: 73.07363976403205
