fips: 8059
T_interval_start: 589
T_interval_end: 619
sigma: 0.9900000000000001
gamma: 0.03
rmse: 617.0251453735774
mae: 616.3002422751596
