fips: 8059
T_interval_start: 497
T_interval_end: 527
sigma: 0.9
gamma: 0.04
rmse: 155.4824314470802
mae: 122.89842801680129
