fips: 8059
T_interval_start: 315
T_interval_end: 346
sigma: 0.9900000000000001
gamma: 0.04
rmse: 234.97112358708569
mae: 232.54289110559301
