fips: 8059
T_interval_start: 680
T_interval_end: 711
sigma: 0.9
gamma: 0.03
rmse: 482.62773100723814
mae: 447.73588582041697
