fips: 8059
T_interval_start: 377
T_interval_end: 405
sigma: 0.9
gamma: 0.04
rmse: 54.30319653739503
mae: 47.99547305996388
