fips: 8059
T_interval_start: 1015
T_interval_end: 1045
sigma: 0.9
gamma: 0.03
rmse: 520.5106088035807
mae: 505.0327987604156
