fips: 8059
T_interval_start: 162
T_interval_end: 193
sigma: 0.9
gamma: 0.04
rmse: 70.21834840576933
mae: 67.05476436735599
