fips: 8059
T_interval_start: 466
T_interval_end: 497
sigma: 0.9900000000000001
gamma: 0.03
rmse: 348.29585149839573
mae: 345.1486854154882
