fips: 8059
T_interval_start: 1045
T_interval_end: 1076
sigma: 0.9
gamma: 0.03
rmse: 680.9918171474808
mae: 678.9192125373343
