fips: 8059
T_interval_start: 224
T_interval_end: 254
sigma: 0.9
gamma: 0.04
rmse: 86.00908001565813
mae: 85.10412199254888
