fips: 8059
T_interval_start: 436
T_interval_end: 466
sigma: 0.9900000000000001
gamma: 0.03
rmse: 378.3236427457307
mae: 376.8115450804866
