fips: 8059
T_interval_start: 923
T_interval_end: 954
sigma: 0.9900000000000001
gamma: 0.03
rmse: 199.26529209015462
mae: 161.76661920133722
