fips: 8059
T_interval_start: 711
T_interval_end: 742
sigma: 0.9
gamma: 0.03
rmse: 6139.1142487858415
mae: 5584.955510894551
