fips: 8059
T_interval_start: 527
T_interval_end: 558
sigma: 0.9
gamma: 0.04
rmse: 119.19820486178303
mae: 108.62417078393685
