fips: 8059
T_interval_start: 132
T_interval_end: 162
sigma: 0.9900000000000001
gamma: 0.04
rmse: 91.03652676878949
mae: 89.67949138857905
