fips: 8059
T_interval_start: 650
T_interval_end: 680
sigma: 0.9
gamma: 0.03
rmse: 244.874075839961
mae: 205.71222653381022
