fips: 8059
T_interval_start: 984
T_interval_end: 1015
sigma: 0.9
gamma: 0.03
rmse: 154.79392796163475
mae: 144.90717101951975
