fips: 8059
T_interval_start: 101
T_interval_end: 132
sigma: 0.9
gamma: 0.04
rmse: 115.739152656385
mae: 115.23268726818306
