fips: 8059
T_interval_start: 71
T_interval_end: 101
sigma: 0.9
gamma: 0.04
rmse: 91.1938594814799
mae: 79.833992813363
