fips: 8059
T_interval_start: 254
T_interval_end: 285
sigma: 0.9
gamma: 0.04
rmse: 109.3186096517857
mae: 108.14490578945983
