fips: 8105
T_interval_start: 1045
T_interval_end: 1076
sigma: 0.9000000000000001
gamma: 0.1
rmse: 1.6784260526244834
