fips: 8105
T_interval_start: 132
T_interval_end: 162
sigma: 0.9500000000000001
gamma: 0.1
rmse: 2.433200720527244
