fips: 8105
T_interval_start: 405
T_interval_end: 436
sigma: 0.9000000000000001
gamma: 0.05
rmse: 4.7216465735272015
