fips: 8105
T_interval_start: 162
T_interval_end: 193
sigma: 0.9500000000000001
gamma: 0.1
rmse: 2.057399824472743
