fips: 8105
T_interval_start: 862
T_interval_end: 892
sigma: 0.9500000000000001
gamma: 0.05
rmse: 4.667109261067939
