fips: 8105
T_interval_start: 770
T_interval_end: 801
sigma: 0.7500000000000001
gamma: 0.05
rmse: 2.247490621154014
