fips: 8105
T_interval_start: 1015
T_interval_end: 1045
sigma: 0.9000000000000001
gamma: 0.05
rmse: 2.0866120144529026
