fips: 8105
T_interval_start: 923
T_interval_end: 954
sigma: 0.7000000000000001
gamma: 0.05
rmse: 2.0519544532372502
