fips: 8105
T_interval_start: 801
T_interval_end: 831
sigma: 0.9
gamma: 0.04
rmse: 10.621566404896754
mae: 10.448934575393194
