fips: 8105
T_interval_start: 1045
T_interval_end: 1076
sigma: 0.9
gamma: 0.03
rmse: 18.132528067426843
mae: 17.628818279352178
