fips: 8105
T_interval_start: 892
T_interval_end: 923
sigma: 0.9
gamma: 0.03
rmse: 28.05101858773542
mae: 27.750149398818117
