fips: 8105
T_interval_start: 436
T_interval_end: 466
sigma: 0.9900000000000001
gamma: 0.04
rmse: 16.541477569500312
mae: 15.825455285305344
