fips: 8105
T_interval_start: 770
T_interval_end: 801
sigma: 0.9
gamma: 0.04
rmse: 29.86540879234108
mae: 26.125268240454428
