fips: 8105
T_interval_start: 377
T_interval_end: 405
sigma: 0.9900000000000001
gamma: 0.04
rmse: 60.001890854952016
mae: 58.423746232692324
