fips: 8105
T_interval_start: 984
T_interval_end: 1015
sigma: 0.9
gamma: 0.03
rmse: 23.376420764625546
mae: 23.18727837702006
