fips: 8105
T_interval_start: 650
T_interval_end: 680
sigma: 0.9
gamma: 0.04
rmse: 45.29946534702953
mae: 41.35500414306717
