fips: 8105
T_interval_start: 527
T_interval_end: 558
sigma: 0.9900000000000001
gamma: 0.04
rmse: 23.94909935789307
mae: 23.873665820214523
