fips: 8105
T_interval_start: 862
T_interval_end: 892
sigma: 0.91
gamma: 0.03
rmse: 11.40760143606556
mae: 8.816121610679264
