fips: 8105
T_interval_start: 954
T_interval_end: 984
sigma: 0.9
gamma: 0.03
rmse: 23.2525877084278
mae: 22.948175709671137
