fips: 8105
T_interval_start: 680
T_interval_end: 711
sigma: 0.9
gamma: 0.04
rmse: 48.27374944615471
mae: 43.94239319056355
