fips: 8105
T_interval_start: 132
T_interval_end: 162
sigma: 0.9
gamma: 0.04
rmse: 9.041825091780739
mae: 7.948892156572334
