fips: 8105
T_interval_start: 831
T_interval_end: 862
sigma: 0.9
gamma: 0.04
rmse: 24.50166828025008
mae: 24.052071124380728
