fips: 8105
T_interval_start: 285
T_interval_end: 315
sigma: 0.9
gamma: 0.04
rmse: 13.173087257662766
mae: 12.665466477281882
