fips: 8105
T_interval_start: 619
T_interval_end: 650
sigma: 0.9
gamma: 0.04
rmse: 26.831730195048156
mae: 23.692357615165733
