fips: 8105
T_interval_start: 466
T_interval_end: 497
sigma: 0.9900000000000001
gamma: 0.04
rmse: 12.30170442031158
mae: 11.7627875060904
