fips: 8105
T_interval_start: 589
T_interval_end: 619
sigma: 0.9900000000000001
gamma: 0.04
rmse: 13.796742401179264
mae: 13.183576013781352
