fips: 8105
T_interval_start: 346
T_interval_end: 377
sigma: 0.9400000000000001
gamma: 0.04
rmse: 37.500128045970584
mae: 36.79216318336508
