fips: 8105
T_interval_start: 558
T_interval_end: 589
sigma: 0.9
gamma: 0.04
rmse: 3.7300466617849652
mae: 2.6832420349945942
