fips: 8105
T_interval_start: 589
T_interval_end: 619
sigma: 0.9
gamma: 0.04
rmse: 16.237222132669967
mae: 15.122381654233182
