fips: 8105
T_interval_start: 436
T_interval_end: 466
sigma: 0.9900000000000001
gamma: 0.04
rmse: 6.516365368560473
mae: 6.307672167795574
