fips: 8105
T_interval_start: 862
T_interval_end: 892
sigma: 0.9900000000000001
gamma: 0.03
rmse: 13.295208673708641
mae: 12.124797353618378
