fips: 8105
T_interval_start: 527
T_interval_end: 558
sigma: 0.9900000000000001
gamma: 0.04
rmse: 1.4195469376648417
mae: 1.0918006530581834
