fips: 8105
T_interval_start: 193
T_interval_end: 224
sigma: 0.05
gamma: 0.05
rmse: 1.0740834899552911
mae: 0.7906018510943602
