fips: 8105
T_interval_start: 801
T_interval_end: 831
sigma: 0.9
gamma: 0.04
rmse: 10.719969370971208
mae: 10.612246238782642
