fips: 8105
T_interval_start: 1045
T_interval_end: 1076
sigma: 0.9
gamma: 0.03
rmse: 13.61519740839462
mae: 13.04390274868466
