fips: 8105
T_interval_start: 315
T_interval_end: 346
sigma: 0.9
gamma: 0.04
rmse: 31.220783146071415
mae: 31.04342909800375
