fips: 8105
T_interval_start: 224
T_interval_end: 254
sigma: 0.15000000000000002
gamma: 0.15000000000000002
rmse: 0.5707079719021977
mae: 0.49460676399350606
