fips: 8105
T_interval_start: 619
T_interval_end: 650
sigma: 0.9900000000000001
gamma: 0.03
rmse: 46.894918622345635
mae: 46.71052394149463
