fips: 8105
T_interval_start: 680
T_interval_end: 711
sigma: 0.9900000000000001
gamma: 0.03
rmse: 29.726391084646856
mae: 28.34460468923706
