fips: 8105
T_interval_start: 285
T_interval_end: 315
sigma: 0.9
gamma: 0.04
rmse: 12.806935435292832
mae: 11.662358340002934
