fips: 8105
T_interval_start: 162
T_interval_end: 193
sigma: 0.9900000000000001
gamma: 0.04
rmse: 3.223955820612674
mae: 3.1905796333139045
