fips: 8105
T_interval_start: 254
T_interval_end: 285
sigma: 0.9
gamma: 0.04
rmse: 3.594129844628538
mae: 3.589441817511782
