fips: 8105
T_interval_start: 923
T_interval_end: 954
sigma: 0.9
gamma: 0.03
rmse: 9.854237413282625
mae: 8.14633753483689
