fips: 8105
T_interval_start: 892
T_interval_end: 923
sigma: 0.9
gamma: 0.03
rmse: 17.610621170648134
mae: 16.82506092429662
