fips: 8105
T_interval_start: 132
T_interval_end: 162
sigma: 0.9
gamma: 0.04
rmse: 3.6440119540803675
mae: 3.2775799868371878
