fips: 8105
T_interval_start: 770
T_interval_end: 801
sigma: 0.9
gamma: 0.04
rmse: 36.964018777803645
mae: 32.608120003152166
