fips: 8105
T_interval_start: 346
T_interval_end: 377
sigma: 0.9900000000000001
gamma: 0.04
rmse: 13.446351788394947
mae: 9.048831732610912
