fips: 8105
T_interval_start: 984
T_interval_end: 1015
sigma: 0.9
gamma: 0.03
rmse: 17.368349745159207
mae: 17.155906221416867
