fips: 8105
T_interval_start: 650
T_interval_end: 680
sigma: 0.9900000000000001
gamma: 0.03
rmse: 42.953110386082905
mae: 41.67906565514055
