fips: 8105
T_interval_start: 377
T_interval_end: 405
sigma: 0.9900000000000001
gamma: 0.04
rmse: 20.560512918750494
mae: 20.150198451379516
