fips: 8105
T_interval_start: 742
T_interval_end: 770
sigma: 0.9900000000000001
gamma: 0.03
rmse: 23.163927300037678
mae: 15.899881819880477
