fips: 8105
T_interval_start: 466
T_interval_end: 497
sigma: 0.9900000000000001
gamma: 0.04
rmse: 2.9862899011800064
mae: 2.422282961182929
