fips: 8105
T_interval_start: 831
T_interval_end: 862
sigma: 0.9
gamma: 0.04
rmse: 22.57953093881134
mae: 22.1015745740858
