fips: 8105
T_interval_start: 436
T_interval_end: 466
sigma: 0.9900000000000001
gamma: 0.04
rmse: 12.108351104874918
mae: 11.931600172696848
