fips: 8105
T_interval_start: 254
T_interval_end: 285
sigma: 0.9
gamma: 0.04
rmse: 4.25605156483338
mae: 4.250272022950152
