fips: 8105
T_interval_start: 558
T_interval_end: 589
sigma: 0.9900000000000001
gamma: 0.04
rmse: 8.345226260135956
mae: 8.16007658091388
