fips: 8105
T_interval_start: 954
T_interval_end: 984
sigma: 0.9
gamma: 0.03
rmse: 16.582786780011972
mae: 16.277424654088783
