fips: 8105
T_interval_start: 162
T_interval_end: 193
sigma: 0.9900000000000001
gamma: 0.04
rmse: 4.838829265264444
mae: 4.8306230441228015
