fips: 8105
T_interval_start: 1045
T_interval_end: 1076
sigma: 0.9
gamma: 0.03
rmse: 15.409654219522254
mae: 14.880106539004
