fips: 8105
T_interval_start: 466
T_interval_end: 497
sigma: 0.9900000000000001
gamma: 0.04
rmse: 9.889326348638212
mae: 9.807038258360093
