fips: 8105
T_interval_start: 923
T_interval_end: 954
sigma: 0.9
gamma: 0.03
rmse: 12.225023685010248
mae: 10.648709694924616
