fips: 8105
T_interval_start: 193
T_interval_end: 224
sigma: 0.05
gamma: 0.3
rmse: 0.283921598753721
mae: 0.2259132686028954
