fips: 8105
T_interval_start: 346
T_interval_end: 377
sigma: 0.9400000000000001
gamma: 0.04
rmse: 10.969472160504516
mae: 10.599796400333883
