fips: 8105
T_interval_start: 680
T_interval_end: 711
sigma: 0.9
gamma: 0.04
rmse: 56.97367228417165
mae: 52.767454121854705
