fips: 8105
T_interval_start: 101
T_interval_end: 132
sigma: 0.9500000000000001
gamma: 0.05
rmse: 0.3460779910122712
mae: 0.2537695575468483
