fips: 8105
T_interval_start: 224
T_interval_end: 254
sigma: 0.9500000000000001
gamma: 0.05
rmse: 0.19085502141260033
mae: 0.15477418449177527
