fips: 8105
T_interval_start: 71
T_interval_end: 101
sigma: 0.9500000000000001
gamma: 0.1
rmse: 0.28494657677811974
mae: 0.20702952703531743
