fips: 8105
T_interval_start: 285
T_interval_end: 315
sigma: 0.9
gamma: 0.04
rmse: 7.516474915134097
mae: 7.083221013354187
