fips: 8105
T_interval_start: 711
T_interval_end: 742
sigma: 0.9900000000000001
gamma: 0.03
rmse: 65.00372402542578
mae: 64.65633149715103
