fips: 8105
T_interval_start: 132
T_interval_end: 162
sigma: 0.9
gamma: 0.04
rmse: 4.059469607459157
mae: 3.6548615566947116
