fips: 8105
T_interval_start: 650
T_interval_end: 680
sigma: 0.9
gamma: 0.04
rmse: 56.66256710867159
mae: 54.92078529753011
