fips: 8105
T_interval_start: 801
T_interval_end: 831
sigma: 0.9
gamma: 0.04
rmse: 10.345770705055426
mae: 10.255097913765262
