fips: 8105
T_interval_start: 742
T_interval_end: 770
sigma: 0.9900000000000001
gamma: 0.03
rmse: 50.32730484701185
mae: 47.761536617603475
