fips: 8105
T_interval_start: 770
T_interval_end: 801
sigma: 0.9
gamma: 0.04
rmse: 32.75610300081694
mae: 28.757426278589183
