fips: 8105
T_interval_start: 862
T_interval_end: 892
sigma: 0.9900000000000001
gamma: 0.03
rmse: 14.893293758346955
mae: 13.236440270374102
