fips: 8105
T_interval_start: 405
T_interval_end: 436
sigma: 0.9900000000000001
gamma: 0.04
rmse: 18.18250192007993
mae: 18.061551293550806
