fips: 8105
T_interval_start: 984
T_interval_end: 1015
sigma: 0.9
gamma: 0.03
rmse: 18.581093137754653
mae: 18.395979079034777
