fips: 8105
T_interval_start: 619
T_interval_end: 650
sigma: 0.9
gamma: 0.04
rmse: 46.59525061591985
mae: 44.25611176563799
