fips: 8105
T_interval_start: 1015
T_interval_end: 1045
sigma: 0.9
gamma: 0.03
rmse: 24.36883810610722
mae: 24.211828603318434
