fips: 8105
T_interval_start: 497
T_interval_end: 527
sigma: 0.9900000000000001
gamma: 0.04
rmse: 10.086270482174868
mae: 9.892465788385891
