fips: 8041
T_interval_start: 101
T_interval_end: 132
sigma: 0.9500000000000001
gamma: 0.05
rmse: 59.45603704444538
