fips: 8041
T_interval_start: 1045
T_interval_end: 1076
sigma: 0.9500000000000001
gamma: 0.15000000000000002
rmse: 339.7391271780321
