fips: 8041
T_interval_start: 954
T_interval_end: 984
sigma: 0.9500000000000001
gamma: 0.05
rmse: 115.2037044229165
