fips: 8041
T_interval_start: 405
T_interval_end: 436
sigma: 0.8500000000000001
gamma: 0.05
rmse: 250.51228178611228
