fips: 8041
T_interval_start: 436
T_interval_end: 466
sigma: 0.9000000000000001
gamma: 0.05
rmse: 378.3071492814123
