fips: 8041
T_interval_start: 346
T_interval_end: 377
sigma: 0.9000000000000001
gamma: 0.05
rmse: 252.31023634456193
