fips: 8041
T_interval_start: 527
T_interval_end: 558
sigma: 0.9000000000000001
gamma: 0.05
rmse: 46.06350060507924
