fips: 8041
T_interval_start: 315
T_interval_end: 346
sigma: 0.9900000000000001
gamma: 0.03
rmse: 317.74644654120834
mae: 281.10966337978687
