fips: 8041
T_interval_start: 801
T_interval_end: 831
sigma: 0.9900000000000001
gamma: 0.03
rmse: 283.0791180852923
mae: 231.50297258312992
