fips: 8041
T_interval_start: 71
T_interval_end: 101
sigma: 0.9
gamma: 0.04
rmse: 49.510554164984335
mae: 41.496823752224174
