fips: 8041
T_interval_start: 892
T_interval_end: 923
sigma: 0.9
gamma: 0.03
rmse: 1827.8622051121936
mae: 1813.3895777823616
