fips: 8041
T_interval_start: 224
T_interval_end: 254
sigma: 0.9900000000000001
gamma: 0.04
rmse: 70.4185020845477
mae: 60.63850141101342
