fips: 8041
T_interval_start: 558
T_interval_end: 589
sigma: 0.9
gamma: 0.03
rmse: 935.729307162738
mae: 907.6483016029381
