fips: 8041
T_interval_start: 346
T_interval_end: 377
sigma: 0.9
gamma: 0.04
rmse: 507.00310873479384
mae: 496.56636419584305
