fips: 8041
T_interval_start: 1015
T_interval_end: 1045
sigma: 0.9
gamma: 0.03
rmse: 1725.838706399968
mae: 1701.144044096132
