fips: 8041
T_interval_start: 954
T_interval_end: 984
sigma: 0.9
gamma: 0.03
rmse: 1055.6052506564395
mae: 1049.0780557617707
