fips: 8041
T_interval_start: 923
T_interval_end: 954
sigma: 0.9
gamma: 0.03
rmse: 1505.3226113263775
mae: 1475.2535840641533
