fips: 8041
T_interval_start: 193
T_interval_end: 224
sigma: 0.9400000000000001
gamma: 0.04
rmse: 160.23764277164227
mae: 159.26840454686086
