fips: 8041
T_interval_start: 589
T_interval_end: 619
sigma: 0.9
gamma: 0.03
rmse: 2009.8396735616145
mae: 1983.5906826112262
