fips: 8041
T_interval_start: 101
T_interval_end: 132
sigma: 0.9
gamma: 0.04
rmse: 46.338074739270674
mae: 45.44466728690368
