fips: 8041
T_interval_start: 770
T_interval_end: 801
sigma: 0.9900000000000001
gamma: 0.03
rmse: 900.6241806725321
mae: 880.6585083183248
