fips: 8041
T_interval_start: 285
T_interval_end: 315
sigma: 0.9900000000000001
gamma: 0.03
rmse: 301.94794931380926
mae: 282.21143804856985
