fips: 8041
T_interval_start: 862
T_interval_end: 892
sigma: 0.9
gamma: 0.03
rmse: 2066.5880299248815
mae: 2030.0580755405715
