fips: 8041
T_interval_start: 680
T_interval_end: 711
sigma: 0.9
gamma: 0.03
rmse: 3036.3391434508326
mae: 3021.299049961267
