fips: 8041
T_interval_start: 162
T_interval_end: 193
sigma: 0.9
gamma: 0.04
rmse: 63.969847023440536
mae: 57.27693368146973
