fips: 8041
T_interval_start: 466
T_interval_end: 497
sigma: 0.9
gamma: 0.03
rmse: 645.4734479366692
mae: 643.6827193779781
