fips: 8041
T_interval_start: 132
T_interval_end: 162
sigma: 0.9
gamma: 0.04
rmse: 67.04020887009573
mae: 65.31037623625495
