fips: 8041
T_interval_start: 831
T_interval_end: 862
sigma: 0.9
gamma: 0.03
rmse: 606.9516157136459
mae: 452.89851610733547
