fips: 8041
T_interval_start: 101
T_interval_end: 132
sigma: 0.9
gamma: 0.04
rmse: 186.17294431763563
mae: 185.62574080304225
