fips: 8041
T_interval_start: 405
T_interval_end: 436
sigma: 0.9900000000000001
gamma: 0.03
rmse: 246.19252195689694
mae: 228.45456676843847
