fips: 8041
T_interval_start: 315
T_interval_end: 346
sigma: 0.9900000000000001
gamma: 0.04
rmse: 245.9358495387839
mae: 193.35256715676897
