fips: 8041
T_interval_start: 801
T_interval_end: 831
sigma: 0.9900000000000001
gamma: 0.03
rmse: 267.5863505033736
mae: 254.89457213364307
