fips: 8041
T_interval_start: 770
T_interval_end: 801
sigma: 0.9900000000000001
gamma: 0.03
rmse: 788.9770272054571
mae: 767.8516165274627
