fips: 8041
T_interval_start: 1015
T_interval_end: 1045
sigma: 0.9
gamma: 0.03
rmse: 1847.19722677901
mae: 1819.3598937982722
