fips: 8041
T_interval_start: 1045
T_interval_end: 1076
sigma: 0.9900000000000001
gamma: 0.02
rmse: 1941.5429877254
mae: 1932.0206952237897
