fips: 8041
T_interval_start: 132
T_interval_end: 162
sigma: 0.9
gamma: 0.04
rmse: 184.23441000347574
mae: 182.41665103379808
