fips: 8041
T_interval_start: 436
T_interval_end: 466
sigma: 0.9
gamma: 0.03
rmse: 239.60631573746238
mae: 214.9529289549343
