fips: 8041
T_interval_start: 1107
T_interval_end: 1135
sigma: 0.9
gamma: 0.03
rmse: 786.043220517134
mae: 784.5085630310525
