fips: 8041
T_interval_start: 162
T_interval_end: 193
sigma: 0.9
gamma: 0.04
rmse: 217.42968208223922
mae: 206.89090472818702
