fips: 8041
T_interval_start: 892
T_interval_end: 923
sigma: 0.9
gamma: 0.03
rmse: 2118.344794109713
mae: 2109.440751140217
