fips: 8041
T_interval_start: 466
T_interval_end: 497
sigma: 0.9
gamma: 0.03
rmse: 527.7246842384384
mae: 524.8271913191944
