fips: 8041
T_interval_start: 711
T_interval_end: 742
sigma: 0.9
gamma: 0.02
rmse: 2080.4860520131083
mae: 1901.0328469040649
