fips: 8041
T_interval_start: 742
T_interval_end: 770
sigma: 0.9
gamma: 0.03
rmse: 10052.844784956476
mae: 7697.979976293728
