fips: 8041
T_interval_start: 984
T_interval_end: 1015
sigma: 0.9
gamma: 0.03
rmse: 1102.5876464579535
mae: 1099.8193414466061
