fips: 8041
T_interval_start: 193
T_interval_end: 224
sigma: 0.9800000000000001
gamma: 0.04
rmse: 394.0363603582265
mae: 392.79347692731926
