fips: 8041
T_interval_start: 71
T_interval_end: 101
sigma: 0.9
gamma: 0.04
rmse: 177.92690281755975
mae: 153.390744737902
