fips: 8041
T_interval_start: 377
T_interval_end: 405
sigma: 0.9900000000000001
gamma: 0.04
rmse: 264.414301568295
mae: 223.7008742401902
