fips: 8041
T_interval_start: 680
T_interval_end: 711
sigma: 0.9
gamma: 0.03
rmse: 2459.4819509415893
mae: 2445.2733425822344
