fips: 8041
T_interval_start: 527
T_interval_end: 558
sigma: 0.9
gamma: 0.03
rmse: 128.6035671883032
mae: 121.4634019377346
