fips: 8041
T_interval_start: 254
T_interval_end: 285
sigma: 0.9
gamma: 0.04
rmse: 277.138785017158
mae: 275.1723459762421
