fips: 8041
T_interval_start: 923
T_interval_end: 954
sigma: 0.9
gamma: 0.03
rmse: 1703.6267402162125
mae: 1684.0807478595498
