fips: 8041
T_interval_start: 770
T_interval_end: 801
sigma: 0.9900000000000001
gamma: 0.03
rmse: 709.8373712369772
mae: 692.2391336714579
