fips: 8041
T_interval_start: 405
T_interval_end: 436
sigma: 0.9900000000000001
gamma: 0.03
rmse: 447.09226447699376
mae: 440.9984030642156
