fips: 8041
T_interval_start: 831
T_interval_end: 862
sigma: 0.9
gamma: 0.03
rmse: 579.5489163157366
mae: 412.40934499416755
