fips: 8041
T_interval_start: 954
T_interval_end: 984
sigma: 0.9
gamma: 0.03
rmse: 1087.8880235113625
mae: 1081.4053021925467
