fips: 8041
T_interval_start: 619
T_interval_end: 650
sigma: 0.9
gamma: 0.03
rmse: 2160.281769464347
mae: 2142.061591118914
