fips: 8041
T_interval_start: 862
T_interval_end: 892
sigma: 0.9
gamma: 0.03
rmse: 2083.009397898476
mae: 2029.7030287885823
