fips: 8041
T_interval_start: 923
T_interval_end: 954
sigma: 0.9
gamma: 0.03
rmse: 1563.6371286587137
mae: 1537.7228835925614
