fips: 8041
T_interval_start: 193
T_interval_end: 224
sigma: 0.9400000000000001
gamma: 0.04
rmse: 147.06126553749766
mae: 146.45245778172767
