fips: 8041
T_interval_start: 346
T_interval_end: 377
sigma: 0.9
gamma: 0.04
rmse: 270.49047272260134
mae: 259.2736484913666
