fips: 8041
T_interval_start: 711
T_interval_end: 742
sigma: 0.9900000000000001
gamma: 0.02
rmse: 2984.6737523248976
mae: 2964.3214374218155
