fips: 8041
T_interval_start: 224
T_interval_end: 254
sigma: 0.9900000000000001
gamma: 0.04
rmse: 77.91625302182501
mae: 74.63914228184913
