fips: 8041
T_interval_start: 132
T_interval_end: 162
sigma: 0.9
gamma: 0.04
rmse: 58.0912263038679
mae: 56.23421912001693
