fips: 8041
T_interval_start: 680
T_interval_end: 711
sigma: 0.9
gamma: 0.03
rmse: 2739.1390192955846
mae: 2726.413845852479
