fips: 8041
T_interval_start: 497
T_interval_end: 527
sigma: 0.9
gamma: 0.03
rmse: 68.43198634301527
mae: 65.1640216065662
