fips: 8041
T_interval_start: 1045
T_interval_end: 1076
sigma: 0.9900000000000001
gamma: 0.02
rmse: 2068.5639617521238
mae: 2057.623847253793
