fips: 8041
T_interval_start: 466
T_interval_end: 497
sigma: 0.9
gamma: 0.03
rmse: 80.57355335096767
mae: 74.8783193553051
