fips: 8041
T_interval_start: 101
T_interval_end: 132
sigma: 0.9
gamma: 0.04
rmse: 45.33349165692718
mae: 44.8505634280851
