fips: 8041
T_interval_start: 589
T_interval_end: 619
sigma: 0.9
gamma: 0.03
rmse: 1389.6280965339813
mae: 1358.1548084337999
