fips: 8041
T_interval_start: 527
T_interval_end: 558
sigma: 0.9900000000000001
gamma: 0.03
rmse: 72.28051242777047
mae: 58.43907390061462
