fips: 8041
T_interval_start: 984
T_interval_end: 1015
sigma: 0.9
gamma: 0.03
rmse: 996.9189711381263
mae: 994.2027578960377
