fips: 8041
T_interval_start: 71
T_interval_end: 101
sigma: 0.9
gamma: 0.04
rmse: 46.81817161922867
mae: 39.576097344924364
