fips: 8041
T_interval_start: 285
T_interval_end: 315
sigma: 0.9900000000000001
gamma: 0.04
rmse: 266.66001136146616
mae: 238.10641811544804
