fips: 8041
T_interval_start: 558
T_interval_end: 589
sigma: 0.9
gamma: 0.03
rmse: 496.91615103008286
mae: 469.0942168919666
