fips: 8003
T_interval_start: 831
T_interval_end: 862
sigma: 0.7500000000000001
gamma: 0.05
rmse: 4.950778835741065
