fips: 8003
T_interval_start: 650
T_interval_end: 680
sigma: 0.9000000000000001
gamma: 0.05
rmse: 21.527418289103625
