fips: 8003
T_interval_start: 466
T_interval_end: 497
sigma: 0.9500000000000001
gamma: 0.05
rmse: 24.149658365159926
