fips: 8003
T_interval_start: 193
T_interval_end: 224
sigma: 0.7500000000000001
gamma: 0.05
rmse: 1.7363916380815694
