fips: 8003
T_interval_start: 1076
T_interval_end: 1107
sigma: 0.9000000000000001
gamma: 0.05
rmse: 3.431825372536398
