fips: 8003
T_interval_start: 801
T_interval_end: 831
sigma: 0.8500000000000001
gamma: 0.15000000000000002
rmse: 9.146608409785573
