fips: 8003
T_interval_start: 711
T_interval_end: 742
sigma: 0.9000000000000001
gamma: 0.05
rmse: 98.92335748206995
