fips: 8003
T_interval_start: 346
T_interval_end: 377
sigma: 0.9500000000000001
gamma: 0.05
rmse: 15.564902661655516
