fips: 8003
T_interval_start: 892
T_interval_end: 923
sigma: 0.9900000000000001
gamma: 0.03
rmse: 11.095521650619599
mae: 10.241868132665461
