fips: 8003
T_interval_start: 831
T_interval_end: 862
sigma: 0.9
gamma: 0.04
rmse: 11.05880929554734
mae: 8.855760882654756
