fips: 8003
T_interval_start: 436
T_interval_end: 466
sigma: 0.9900000000000001
gamma: 0.04
rmse: 34.458408155587165
mae: 33.31393746940596
