fips: 8003
T_interval_start: 801
T_interval_end: 831
sigma: 0.9
gamma: 0.04
rmse: 12.984349788206476
mae: 8.435561333154258
