fips: 8003
T_interval_start: 1045
T_interval_end: 1076
sigma: 0.9
gamma: 0.02
rmse: 7.8181775215416165
mae: 7.489909204566165
