fips: 8003
T_interval_start: 193
T_interval_end: 224
sigma: 0.9
gamma: 0.04
rmse: 23.968897144675854
mae: 23.939166094927188
