fips: 8003
T_interval_start: 377
T_interval_end: 405
sigma: 0.9900000000000001
gamma: 0.04
rmse: 109.29854301071927
mae: 108.06354299450791
