fips: 8003
T_interval_start: 162
T_interval_end: 193
sigma: 0.9900000000000001
gamma: 0.04
rmse: 19.76803027439546
mae: 17.37222584143146
