fips: 8003
T_interval_start: 984
T_interval_end: 1015
sigma: 0.9
gamma: 0.03
rmse: 50.193419822064904
mae: 48.93202206024516
