fips: 8003
T_interval_start: 315
T_interval_end: 346
sigma: 0.9900000000000001
gamma: 0.04
rmse: 244.0355838681251
mae: 243.18136630734276
