fips: 8003
T_interval_start: 742
T_interval_end: 770
sigma: 0.9
gamma: 0.03
rmse: 156.05459542366071
mae: 136.39983544098558
