fips: 8003
T_interval_start: 285
T_interval_end: 315
sigma: 0.9
gamma: 0.04
rmse: 147.0843135286509
mae: 143.20465326199584
