fips: 8003
T_interval_start: 466
T_interval_end: 497
sigma: 0.9900000000000001
gamma: 0.04
rmse: 18.139244551716313
mae: 15.166173780535136
