fips: 8003
T_interval_start: 346
T_interval_end: 377
sigma: 0.9900000000000001
gamma: 0.04
rmse: 150.84496928477012
mae: 149.16808879687167
