fips: 8003
T_interval_start: 254
T_interval_end: 285
sigma: 0.9
gamma: 0.04
rmse: 48.965595136391784
mae: 46.59139003491159
