fips: 8003
T_interval_start: 405
T_interval_end: 436
sigma: 0.9900000000000001
gamma: 0.04
rmse: 62.883216982602086
mae: 62.55573299839274
