fips: 8003
T_interval_start: 711
T_interval_end: 742
sigma: 0.9
gamma: 0.03
rmse: 85.9236049950233
mae: 67.47993126732628
