fips: 8003
T_interval_start: 650
T_interval_end: 680
sigma: 0.9900000000000001
gamma: 0.03
rmse: 123.13784296340499
mae: 120.82891321163748
