fips: 8003
T_interval_start: 619
T_interval_end: 650
sigma: 0.9
gamma: 0.04
rmse: 60.43496573013125
mae: 57.58524102215595
