fips: 8003
T_interval_start: 862
T_interval_end: 892
sigma: 0.9900000000000001
gamma: 0.03
rmse: 57.222840126850926
mae: 53.42240377267031
