fips: 8003
T_interval_start: 954
T_interval_end: 984
sigma: 0.9
gamma: 0.03
rmse: 9.33087475166573
mae: 7.480700141709375
