fips: 8003
T_interval_start: 923
T_interval_end: 954
sigma: 0.9900000000000001
gamma: 0.03
rmse: 2.86684581691309
mae: 2.536487341153994
