fips: 8003
T_interval_start: 101
T_interval_end: 132
sigma: 0.9900000000000001
gamma: 0.03
rmse: 1.0224714710204625
mae: 0.8560178768706598
