fips: 8003
T_interval_start: 558
T_interval_end: 589
sigma: 0.9900000000000001
gamma: 0.04
rmse: 25.225629580045766
mae: 25.033109191554566
