fips: 8003
T_interval_start: 770
T_interval_end: 801
sigma: 0.9
gamma: 0.04
rmse: 63.230347112890954
mae: 60.80624080352874
