fips: 8003
T_interval_start: 1015
T_interval_end: 1045
sigma: 0.9900000000000001
gamma: 0.02
rmse: 17.946014221022313
mae: 13.665662092728885
