fips: 8003
T_interval_start: 923
T_interval_end: 954
sigma: 0.9
gamma: 0.03
rmse: 28.289949467128835
mae: 27.7352763581584
