fips: 8003
T_interval_start: 497
T_interval_end: 527
sigma: 0.9900000000000001
gamma: 0.04
rmse: 22.357056782784426
mae: 19.35649604851191
