fips: 8003
T_interval_start: 650
T_interval_end: 680
sigma: 0.9
gamma: 0.04
rmse: 120.43331969807541
mae: 117.8613374863649
