fips: 8003
T_interval_start: 346
T_interval_end: 377
sigma: 0.9900000000000001
gamma: 0.04
rmse: 161.52258131880254
mae: 159.00898868507394
