fips: 8003
T_interval_start: 711
T_interval_end: 742
sigma: 0.9
gamma: 0.03
rmse: 90.59878623602877
mae: 72.4236647518295
