fips: 8003
T_interval_start: 527
T_interval_end: 558
sigma: 0.9900000000000001
gamma: 0.04
rmse: 25.82271429573429
mae: 25.794293750208478
