fips: 8003
T_interval_start: 892
T_interval_end: 923
sigma: 0.9
gamma: 0.03
rmse: 53.054259719173395
mae: 52.15289926109086
