fips: 8003
T_interval_start: 101
T_interval_end: 132
sigma: 0.9
gamma: 0.04
rmse: 1.4170687113076328
mae: 1.1288935862989882
