fips: 8003
T_interval_start: 680
T_interval_end: 711
sigma: 0.9900000000000001
gamma: 0.03
rmse: 93.35123300709434
mae: 93.11336150981018
