fips: 8003
T_interval_start: 254
T_interval_end: 285
sigma: 0.9
gamma: 0.04
rmse: 45.24371772717851
mae: 43.12470452372549
