fips: 8003
T_interval_start: 770
T_interval_end: 801
sigma: 0.9
gamma: 0.04
rmse: 67.09128448555782
mae: 64.71087956930894
