fips: 8003
T_interval_start: 285
T_interval_end: 315
sigma: 0.9
gamma: 0.04
rmse: 154.10383328757896
mae: 147.03170542315485
