fips: 8003
T_interval_start: 862
T_interval_end: 892
sigma: 0.9
gamma: 0.03
rmse: 32.7984790816068
mae: 28.662292371522692
