fips: 8003
T_interval_start: 315
T_interval_end: 346
sigma: 0.9900000000000001
gamma: 0.04
rmse: 273.0215031144092
mae: 272.3605859931235
