fips: 8003
T_interval_start: 132
T_interval_end: 162
sigma: 0.9
gamma: 0.04
rmse: 4.9044602701306
mae: 4.7101766294345
