fips: 8003
T_interval_start: 193
T_interval_end: 224
sigma: 0.9
gamma: 0.04
rmse: 25.057708695848277
mae: 25.041886515215026
