fips: 8003
T_interval_start: 984
T_interval_end: 1015
sigma: 0.9900000000000001
gamma: 0.02
rmse: 27.30240290968318
mae: 21.57829591822831
