fips: 8003
T_interval_start: 801
T_interval_end: 831
sigma: 0.9
gamma: 0.04
rmse: 14.010168672522086
mae: 9.038464305488718
