fips: 8003
T_interval_start: 254
T_interval_end: 285
sigma: 0.9
gamma: 0.04
rmse: 39.33220201682773
mae: 37.73474682972728
