fips: 8003
T_interval_start: 1045
T_interval_end: 1076
sigma: 0.9
gamma: 0.02
rmse: 29.984349736081285
mae: 29.76678988628173
