fips: 8003
T_interval_start: 132
T_interval_end: 162
sigma: 0.9900000000000001
gamma: 0.04
rmse: 1.0605560862557661
mae: 0.7925292343491745
