fips: 8003
T_interval_start: 711
T_interval_end: 742
sigma: 0.9
gamma: 0.03
rmse: 82.7089292172144
mae: 75.84219701409323
