fips: 8003
T_interval_start: 650
T_interval_end: 680
sigma: 0.9
gamma: 0.04
rmse: 74.79470075972817
mae: 70.4159602408051
