fips: 8003
T_interval_start: 558
T_interval_end: 589
sigma: 0.9900000000000001
gamma: 0.04
rmse: 55.38008282507644
mae: 55.27099932752643
