fips: 8003
T_interval_start: 984
T_interval_end: 1015
sigma: 0.9900000000000001
gamma: 0.02
rmse: 30.941094375966642
mae: 26.152198446789942
