fips: 8003
T_interval_start: 954
T_interval_end: 984
sigma: 0.9
gamma: 0.03
rmse: 14.736878755562845
mae: 13.179014707680427
