fips: 8003
T_interval_start: 680
T_interval_end: 711
sigma: 0.9
gamma: 0.04
rmse: 68.01279019858038
mae: 62.57207846182519
