fips: 8003
T_interval_start: 742
T_interval_end: 770
sigma: 0.9
gamma: 0.03
rmse: 125.51330413664849
mae: 113.653217049812
