fips: 8003
T_interval_start: 1015
T_interval_end: 1045
sigma: 0.9
gamma: 0.02
rmse: 23.882740928304454
mae: 20.295286252677453
