fips: 8003
T_interval_start: 770
T_interval_end: 801
sigma: 0.9
gamma: 0.04
rmse: 49.86341111627543
mae: 47.95089305222611
