fips: 8003
T_interval_start: 831
T_interval_end: 862
sigma: 0.9
gamma: 0.04
rmse: 8.12276902946772
mae: 4.858049658284029
