fips: 8003
T_interval_start: 71
T_interval_end: 101
sigma: 0.9500000000000001
gamma: 0.15000000000000002
rmse: 0.23484852392312983
mae: 0.20954458468004689
