fips: 8003
T_interval_start: 619
T_interval_end: 650
sigma: 0.9
gamma: 0.04
rmse: 15.540816625416284
mae: 13.81267106013338
