fips: 8003
T_interval_start: 224
T_interval_end: 254
sigma: 0.9000000000000001
gamma: 0.05
rmse: 0.31986231989172076
mae: 0.28686743947825366
