fips: 8003
T_interval_start: 193
T_interval_end: 224
sigma: 0.9
gamma: 0.04
rmse: 22.254313171233342
mae: 22.242669489992572
