fips: 8003
T_interval_start: 801
T_interval_end: 831
sigma: 0.9
gamma: 0.04
rmse: 10.290359356807786
mae: 7.744572224440037
